0.444444
0
0.222222
0.020202
0
0.242424
0.0909091
0.121212
0.383838
0.878788
0.69697
0
0.222222
0
0.40404
0
0
0
0
0
0
1
0.767677
0
0.656566
0.040404
0
0.0606061
0.30303
0.020202
0.0606061
0.313131
0.707071
0.020202
0.59596
0
0.131313
0.111111
0
0
0
0
0
1
0.40404
0.232323
0.575758
0.020202
0
0
0.353535
0.121212
0.383838
0.414141
0.646465
0
0.222222
0
0.515152
0.0707071
0.363636
0.020202
0.0808081
0.414141
0.818182
1
0.757576
0.131313
0.434343
0.373737
0.585859
0.10101
0.282828
0.020202
0.0909091
0.676768
0.565657
0.131313
0.434343
0.373737
0.707071
0
0.232323
0.030303
0
0
0.111111
1
0.69697
1
0.373737
0
0.0909091
0
0.272727
0
0.232323
0.282828
0.757576
0.212121
0
0
0
0
0
0
0
0
0
1
0.848485
0.232323
0.383838
0.020202
0
0
0.0909091
0.121212
0.383838
0.414141
0.787879
0
0.222222
0
0.151515
0.0707071
0
0
0.676768
0.414141
0.818182
1
0.757576
0.030303
0.373737
0.20202
0.747475
0.282828
0.151515
0.282828
0.323232
0.969697
0.646465
0.40404
1
0.656566
0.0606061
0.40404
0.474747
0.828283
0.515152
0.747475
0.212121
1
0.89899
0.131313
0.454545
0.373737
0
0.10101
0.282828
0.020202
0.0909091
0
0.333333
0.131313
0.656566
0.373737
0.707071
0
0.232323
0.030303
0.555556
0
0.111111
1
0
0
0
0
0
0
0
0
0
0
0
0
0
0
0
0
0
0
0
0
0
0
0
0
0
0
0
0
0
0
0
0
0
0
0
0
0
0
0
0
0
0
0
0
