HTTP/1.1 200 OK
Date: Thu, 28 May 2015 12:25:23 GMT
Server: Apache
Last-Modified: Wed, 27 May 2015 19:27:52 GMT
Accept-Ranges: bytes
Content-Length: 32132
Vary: Accept-Encoding
Connection: close
Content-Type: text/plain

chdh_egregore_live_data;
egregore_data 0 0 127 0 0 127 0 0 0 0 0 0 0 0 0 127 38 0 127 0 0 0
0 0 0 0 0 0 0 100 0 0 127 127 78 0 93 90 127 0 19 127 127 0 0 0 70
0 0 0 127 127 34 0 80.6566 66.5602 55.5904 71.1506 117.629 21.6205
102.512 24.9639 41.7349 116.108 16.3277 0 9.13855 39.1988 3.06024 127
81.8066 1 0 0 0 0 0 0 0 16 16 0 0 0 0 0 0 127 51 0;
egregore_data 0 0 127 0 0 127 0 0 0 0 0 0 0 0 0 127 38 0 127 0 0 0
0 0 0 0 0 0 0 100 0 0 127 127 78 0 93 90 127 0 19 127 127 0 0 0 70
0 0 0 127 127 34 0 80.8303 66.9636 55.8303 70.8121 117.7 21.1636 102.988
24.4364 41.9879 116.297 16.0631 0 8.94545 39.1818 3.07879 127 81.8066
1 0 0 0 0 0 0 0 16 16 0 0 0 0 0 0 127 51 0;
egregore_data 0 0 127 0 0 127 0 0 0 0 0 0 0 0 0 127 38 0 127 0 0 0
0 0 0 0 0 0 0 100 0 0 127 127 78 0 93 90 127 0 19 127 127 0 0 0 70
0 0 0 127 127 34 0 80.8303 66.9636 55.8303 70.8121 117.7 21.1636 102.988
24.4364 41.9879 116.297 16.0631 0 8.94545 39.1818 3.07879 127 81.8066
1 0 0 0 0 0 0 0 16 16 0 0 0 0 0 0 127 51 0;
egregore_data 0 0 127 0 0 127 0 0 0 0 0 0 0 0 0 127 38 0 127 0 0 0
0 0 0 0 0 0 0 100 0 0 127 127 78 0 93 90 127 0 19 127 127 0 0 0 70
0 0 0 127 127 34 0 81.0061 67.3719 56.0732 70.4695 117.771 20.7012
103.47 23.9024 42.2439 116.488 15.7952 0 8.75 39.1646 3.09756 127 81.8066
1 0 0 0 0 0 0 0 16 16 0 0 0 0 0 0 127 51 0;
egregore_data 0 0 127 0 0 127 0 0 0 0 0 0 0 0 0 127 38 0 127 0 0 0
0 0 0 0 0 0 0 100 0 0 127 127 78 0 93 90 127 0 19 127 127 0 0 0 70
0 0 0 127 127 34 0 81.1841 67.7853 56.319 70.1227 117.843 20.2331 103.957
23.362 42.5031 116.681 15.524 0 8.55215 39.1472 3.11656 127 81.8066
1 0 0 0 0 0 0 0 16 16 0 0 0 0 0 0 127 51 0;
egregore_data 0 0 127 0 0 127 0 0 0 0 0 0 0 0 0 127 38 0 127 0 0 0
0 0 0 0 0 0 0 100 0 0 127 127 78 0 93 90 127 0 19 127 127 0 0 0 70
0 0 0 127 127 34 0 81.1841 67.7853 56.319 70.1227 117.843 20.2331 103.957
23.362 42.5031 116.681 15.524 0 8.55215 39.1472 3.11656 127 81.8066
1 0 0 0 0 0 0 0 16 16 0 0 0 0 0 0 127 51 0;
egregore_data 0 0 127 0 0 127 0 0 0 0 0 0 0 0 0 127 38 0 127 0 0 0
0 0 0 0 0 0 0 100 0 0 127 127 78 0 93 90 127 0 19 127 127 0 0 0 70
0 0 0 127 127 34 0 81.1841 67.7853 56.319 70.1227 117.843 20.2331 103.957
23.362 42.5031 116.681 15.524 0 8.55215 39.1472 3.11656 127 81.8066
1 0 0 0 0 0 0 0 16 16 0 0 0 0 0 0 127 51 0;
egregore_data 0 0 127 0 0 127 0 0 0 0 0 0 0 0 0 127 38 0 127 0 0 0
0 0 0 0 0 0 0 100 0 0 127 127 78 0 93 90 127 0 19 127 127 0 0 0 70
0 0 0 127 127 34 0 81.1841 67.7853 56.319 70.1227 117.843 20.2331 103.957
23.362 42.5031 116.681 15.524 0 8.55215 39.1472 3.11656 127 81.8066
1 0 0 0 0 0 0 0 16 16 0 0 0 0 0 0 127 51 0;
egregore_data 0 0 127 0 0 127 0 0 0 0 0 0 0 0 0 127 38 0 127 0 0 0
0 0 0 0 0 0 0 100 0 0 127 127 78 0 93 90 127 0 19 127 127 0 0 0 70
0 0 0 127 127 34 0 81.1841 67.7853 56.319 70.1227 117.843 20.2331 103.957
23.362 42.5031 116.681 15.524 0 8.55215 39.1472 3.11656 127 81.8066
1 0 0 0 0 0 0 0 16 16 0 0 0 0 0 0 127 51 0;
egregore_data 0 0 127 0 0 127 0 0 0 0 0 0 0 0 0 127 38 0 127 0 0 0
0 0 0 0 0 0 0 100 0 0 127 127 78 0 93 90 127 0 19 127 127 0 0 0 70
0 0 0 127 127 34 0 81.1841 67.7853 56.319 70.1227 117.843 20.2331 103.957
23.362 42.5031 116.681 15.524 0 8.55215 39.1472 3.11656 127 81.8066
1 0 0 0 0 0 0 0 16 16 0 0 0 0 0 0 127 51 0;
egregore_data 0 0 127 0 0 127 0 0 0 0 0 0 0 0 0 127 38 0 127 0 0 0
0 0 0 0 0 0 0 100 0 0 127 127 78 0 93 90 127 0 19 127 127 0 0 0 70
0 0 0 127 127 34 0 81.1841 67.7853 56.319 70.1227 117.843 20.2331 103.957
23.362 42.5031 116.681 15.524 0 8.55215 39.1472 3.11656 127 81.8066
1 0 0 0 0 0 0 0 16 16 0 0 0 0 0 0 127 51 0;
egregore_data 0 0 127 0 0 127 0 0 0 0 0 0 0 0 0 127 38 0 127 0 0 0
0 0 0 0 0 0 0 100 0 0 127 127 78 0 93 90 127 0 19 127 127 0 0 0 70
0 0 0 127 127 34 0 81.3642 68.2037 56.5679 69.7716 117.917 19.7593
104.451 22.8148 42.7654 116.877 15.2494 0 8.35185 39.1296 3.1358 127
81.8066 1 0 0 0 0 0 0 0 16 16 0 0 0 0 0 0 127 51 0;
egregore_data 0 0 127 0 0 127 0 0 0 0 0 0 0 0 0 127 38 0 127 0 0 0
0 0 0 0 0 0 0 100 0 0 127 127 78 0 93 90 127 0 19 127 127 0 0 0 70
0 0 0 127 127 34 0 81.3642 68.2037 56.5679 69.7716 117.917 19.7593
104.451 22.8148 42.7654 116.877 15.2494 0 8.35185 39.1296 3.1358 127
81.8066 1 0 0 0 0 0 0 0 16 16 0 0 0 0 0 0 127 51 0;
egregore_data 0 0 127 0 0 127 0 0 0 0 0 0 0 0 0 127 38 0 127 0 0 0
0 0 0 0 0 0 0 100 0 0 127 127 78 0 93 90 127 0 19 127 127 0 0 0 70
0 0 0 127 127 34 0 81.3642 68.2037 56.5679 69.7716 117.917 19.7593
104.451 22.8148 42.7654 116.877 15.2494 0 8.35185 39.1296 3.1358 127
81.8066 1 0 0 0 0 0 0 0 16 16 0 0 0 0 0 0 127 51 0;
egregore_data 0 0 127 0 0 127 0 0 0 0 0 0 0 0 0 127 38 0 127 0 0 0
0 0 0 0 0 0 0 100 0 0 127 127 78 0 93 90 127 0 19 127 127 0 0 0 70
0 0 0 127 127 34 0 81.5466 68.6273 56.8199 69.4162 117.991 19.2795
104.95 22.2609 43.0311 117.075 14.9715 0 8.14907 39.1118 3.15528 127
81.8066 1 0 0 0 0 0 0 0 16 16 0 0 0 0 0 0 127 51 0;
egregore_data 0 0 127 0 0 127 0 0 0 0 0 0 0 0 0 127 38 0 127 0 0 0
0 0 0 0 0 0 0 100 0 0 127 127 78 0 93 90 127 0 19 127 127 0 0 0 70
0 0 0 127 127 34 0 81.5466 68.6273 56.8199 69.4162 117.991 19.2795
104.95 22.2609 43.0311 117.075 14.9715 0 8.14907 39.1118 3.15528 127
81.8066 1 0 0 0 0 0 0 0 16 16 0 0 0 0 0 0 127 51 0;
egregore_data 0 0 127 0 0 127 0 0 0 0 0 0 0 0 0 127 38 0 127 0 0 0
0 0 0 0 0 0 0 100 0 0 127 127 78 0 93 90 127 0 19 127 127 0 0 0 70
0 0 0 127 127 34 0 81.9182 69.4906 57.3333 68.6918 118.141 18.3019
105.969 21.1321 43.5723 117.478 14.4051 0 7.73585 39.0755 3.19497 127
81.8066 1 0 0 0 0 0 0 0 16 16 0 0 0 0 0 0 127 51 0;
egregore_data 0 0 127 0 0 127 0 0 0 0 0 0 0 0 0 127 38 0 127 0 0 0
0 0 0 0 0 0 0 100 0 0 127 127 78 0 93 90 127 0 19 127 127 0 0 0 70
0 0 0 127 127 34 0 81.9182 69.4906 57.3333 68.6918 118.141 18.3019
105.969 21.1321 43.5723 117.478 14.4051 0 7.73585 39.0755 3.19497 127
81.8066 1 0 0 0 0 0 0 0 16 16 0 0 0 0 0 0 127 51 0;
egregore_data 0 0 127 0 0 127 0 0 0 0 0 0 0 0 0 127 38 0 127 0 0 0
0 0 0 0 0 0 0 100 0 0 127 127 78 0 93 90 127 0 19 127 127 0 0 0 70
0 0 0 127 127 34 0 81.9182 69.4906 57.3333 68.6918 118.141 18.3019
105.969 21.1321 43.5723 117.478 14.4051 0 7.73585 39.0755 3.19497 127
81.8066 1 0 0 0 0 0 0 0 16 16 0 0 0 0 0 0 127 51 0;
egregore_data 0 0 127 0 0 127 0 0 0 0 0 0 0 0 0 127 38 0 127 0 0 0
0 0 0 0 0 0 0 100 0 0 127 127 78 0 93 90 127 0 19 127 127 0 0 0 70
0 0 0 127 127 34 0 82.1076 69.9304 57.5949 68.3228 118.218 17.8038
106.487 20.557 43.8481 117.684 14.1165 0 7.52532 39.057 3.21519 127
81.8066 1 0 0 0 0 0 0 0 16 16 0 0 0 0 0 0 127 51 0;
egregore_data 0 0 127 0 0 127 0 0 0 0 0 0 0 0 0 127 38 0 127 0 0 0
0 0 0 0 0 0 0 100 0 0 127 127 78 0 93 90 127 0 19 127 127 0 0 0 70
0 0 0 127 127 34 0 82.2994 70.3758 57.8599 67.9491 118.296 17.2994
107.013 19.9745 44.1274 117.892 13.8242 0 7.3121 39.0382 3.23567 127
81.8066 1 0 0 0 0 0 0 0 16 16 0 0 0 0 0 0 127 51 0;
egregore_data 0 0 127 0 0 127 0 0 0 0 0 0 0 0 0 127 38 0 127 0 0 0
0 0 0 0 0 0 0 100 0 0 127 127 78 0 93 90 127 0 19 127 127 0 0 0 70
0 0 0 127 127 34 0 82.2994 70.3758 57.8599 67.9491 118.296 17.2994
107.013 19.9745 44.1274 117.892 13.8242 0 7.3121 39.0382 3.23567 127
81.8066 1 0 0 0 0 0 0 0 16 16 0 0 0 0 0 0 127 51 0;
egregore_data 0 0 127 0 0 127 0 0 0 0 0 0 0 0 0 127 38 0 127 0 0 0
0 0 0 0 0 0 0 100 0 0 127 127 78 0 93 90 127 0 19 127 127 0 0 0 70
0 0 0 127 127 34 0 82.2994 70.3758 57.8599 67.9491 118.296 17.2994
107.013 19.9745 44.1274 117.892 13.8242 0 7.3121 39.0382 3.23567 127
81.8066 1 0 0 0 0 0 0 0 16 16 0 0 0 0 0 0 127 51 0;
egregore_data 0 0 127 0 0 127 0 0 0 0 0 0 0 0 0 127 38 0 127 0 0 0
0 0 0 0 0 0 0 100 0 0 127 127 78 0 93 90 127 0 19 127 127 0 0 0 70
0 0 0 127 127 34 0 82.2994 70.3758 57.8599 67.9491 118.296 17.2994
107.013 19.9745 44.1274 117.892 13.8242 0 7.3121 39.0382 3.23567 127
81.8066 1 0 0 0 0 0 0 0 16 16 0 0 0 0 0 0 127 51 0;
egregore_data 0 0 127 0 0 127 0 0 0 0 0 0 0 0 0 127 38 0 127 0 0 0
0 0 0 0 0 0 0 100 0 0 127 127 78 0 93 90 127 0 19 127 127 0 0 0 70
0 0 0 127 127 34 0 82.2994 70.3758 57.8599 67.9491 118.296 17.2994
107.013 19.9745 44.1274 117.892 13.8242 0 7.3121 39.0382 3.23567 127
81.8066 1 0 0 0 0 0 0 0 16 16 0 0 0 0 0 0 127 51 0;
egregore_data 0 0 127 0 0 127 0 0 0 0 0 0 0 0 0 127 38 0 127 0 0 0
0 0 0 0 0 0 0 100 0 0 127 127 78 0 93 90 127 0 19 127 127 0 0 0 70
0 0 0 127 127 34 0 82.2994 70.3758 57.8599 67.9491 118.296 17.2994
107.013 19.9745 44.1274 117.892 13.8242 0 7.3121 39.0382 3.23567 127
81.8066 1 0 0 0 0 0 0 0 16 16 0 0 0 0 0 0 127 51 0;
egregore_data 0 0 127 0 0 127 0 0 0 0 0 0 0 0 0 127 38 0 127 0 0 0
0 0 0 0 0 0 0 100 0 0 127 127 78 0 93 90 127 0 19 127 127 0 0 0 70
0 0 0 127 127 34 0 82.4936 70.8269 58.1282 67.5705 118.375 16.7885
107.545 19.3846 44.4103 118.103 13.5282 0 7.09615 39.0192 3.25641 127
81.8066 1 0 0 0 0 0 0 0 16 16 0 0 0 0 0 0 127 51 0;
egregore_data 0 0 127 0 0 127 0 0 0 0 0 0 0 0 0 127 38 0 127 0 0 0
0 0 0 0 0 0 0 100 0 0 127 127 78 0 93 90 127 0 19 127 127 0 0 0 70
0 0 0 127 127 34 0 82.6903 71.2839 58.4 67.1871 118.455 16.271 108.084
18.7871 44.6968 118.316 13.2284 0 6.87742 39 3.27742 127 81.8066 1
0 0 0 0 0 0 0 16 16 0 0 0 0 0 0 127 51 0;
egregore_data 0 0 127 0 0 127 0 0 0 0 0 0 0 0 0 127 38 0 127 0 0 0
0 0 0 0 0 0 0 100 0 0 127 127 78 0 93 90 127 0 19 127 127 0 0 0 70
0 0 0 127 127 34 0 83.0915 72.2157 58.9543 66.4052 118.618 15.2157
109.183 17.5686 45.281 118.752 12.617 0 6.43137 38.9608 3.32026 127
81.8066 1 0 0 0 0 0 0 0 16 16 0 0 0 0 0 0 127 51 0;
egregore_data 0 0 127 0 0 127 0 0 0 0 0 0 0 0 0 127 38 0 127 0 0 0
0 0 0 0 0 0 0 100 0 0 127 127 78 0 93 90 127 0 19 127 127 0 0 0 70
0 0 0 127 127 34 0 83.0915 72.2157 58.9543 66.4052 118.618 15.2157
109.183 17.5686 45.281 118.752 12.617 0 6.43137 38.9608 3.32026 127
81.8066 1 0 0 0 0 0 0 0 16 16 0 0 0 0 0 0 127 51 0;
egregore_data 0 0 127 0 0 127 0 0 0 0 0 0 0 0 0 127 38 0 127 0 0 0
0 0 0 0 0 0 0 100 0 0 127 127 78 0 93 90 127 0 19 127 127 0 0 0 70
0 0 0 127 127 34 0 83.0915 72.2157 58.9543 66.4052 118.618 15.2157
109.183 17.5686 45.281 118.752 12.617 0 6.43137 38.9608 3.32026 127
81.8066 1 0 0 0 0 0 0 0 16 16 0 0 0 0 0 0 127 51 0;
egregore_data 0 0 127 0 0 127 0 0 0 0 0 0 0 0 0 127 38 0 127 0 0 0
0 0 0 0 0 0 0 100 0 0 127 127 78 0 93 90 127 0 19 127 127 0 0 0 70
0 0 0 127 127 34 0 83.2961 72.6908 59.2368 66.0066 118.701 14.6776
109.743 16.9474 45.5789 118.974 12.3053 0 6.20395 38.9408 3.34211 127
81.8066 1 0 0 0 0 0 0 0 16 16 0 0 0 0 0 0 127 51 0;
egregore_data 0 0 127 0 0 127 0 0 0 0 0 0 0 0 0 127 38 0 127 0 0 0
0 0 0 0 0 0 0 100 0 0 127 127 78 0 93 90 127 0 19 127 127 0 0 0 70
0 0 0 127 127 34 0 83.2961 72.6908 59.2368 66.0066 118.701 14.6776
109.743 16.9474 45.5789 118.974 12.3053 0 6.20395 38.9408 3.34211 127
81.8066 1 0 0 0 0 0 0 0 16 16 0 0 0 0 0 0 127 51 0;
egregore_data 0 0 127 0 0 127 0 0 0 0 0 0 0 0 0 127 38 0 127 0 0 0
0 0 0 0 0 0 0 100 0 0 127 127 78 0 93 90 127 0 19 127 127 0 0 0 70
0 0 0 127 127 34 0 83.2961 72.6908 59.2368 66.0066 118.701 14.6776
109.743 16.9474 45.5789 118.974 12.3053 0 6.20395 38.9408 3.34211 127
81.8066 1 0 0 0 0 0 0 0 16 16 0 0 0 0 0 0 127 51 0;
egregore_data 0 0 127 0 0 127 0 0 0 0 0 0 0 0 0 127 38 0 127 0 0 0
0 0 0 0 0 0 0 100 0 0 127 127 78 0 93 90 127 0 19 127 127 0 0 0 70
0 0 0 127 127 34 0 83.2961 72.6908 59.2368 66.0066 118.701 14.6776
109.743 16.9474 45.5789 118.974 12.3053 0 6.20395 38.9408 3.34211 127
81.8066 1 0 0 0 0 0 0 0 16 16 0 0 0 0 0 0 127 51 0;
egregore_data 0 0 127 0 0 127 0 0 0 0 0 0 0 0 0 127 38 0 127 0 0 0
0 0 0 0 0 0 0 100 0 0 127 127 78 0 93 90 127 0 19 127 127 0 0 0 70
0 0 0 127 127 34 0 83.2961 72.6908 59.2368 66.0066 118.701 14.6776
109.743 16.9474 45.5789 118.974 12.3053 0 6.20395 38.9408 3.34211 127
81.8066 1 0 0 0 0 0 0 0 16 16 0 0 0 0 0 0 127 51 0;
egregore_data 0 0 127 0 0 127 0 0 0 0 0 0 0 0 0 127 38 0 127 0 0 0
0 0 0 0 0 0 0 100 0 0 127 127 78 0 93 90 127 0 19 127 127 0 0 0 70
0 0 0 127 127 34 0 83.2961 72.6908 59.2368 66.0066 118.701 14.6776
109.743 16.9474 45.5789 118.974 12.3053 0 6.20395 38.9408 3.34211 127
81.8066 1 0 0 0 0 0 0 0 16 16 0 0 0 0 0 0 127 51 0;
egregore_data 0 0 127 0 0 127 0 0 0 0 0 0 0 0 0 127 38 0 127 0 0 0
0 0 0 0 0 0 0 100 0 0 127 127 78 0 93 90 127 0 19 127 127 0 0 0 70
0 0 0 127 127 34 0 83.2961 72.6908 59.2368 66.0066 118.701 14.6776
109.743 16.9474 45.5789 118.974 12.3053 0 6.20395 38.9408 3.34211 127
81.8066 1 0 0 0 0 0 0 0 16 16 0 0 0 0 0 0 127 51 0;
egregore_data 0 0 127 0 0 127 0 0 0 0 0 0 0 0 0 127 38 0 127 0 0 0
0 0 0 0 0 0 0 100 0 0 127 127 78 0 93 90 127 0 19 127 127 0 0 0 70
0 0 0 127 127 34 0 83.2961 72.6908 59.2368 66.0066 118.701 14.6776
109.743 16.9474 45.5789 118.974 12.3053 0 6.20395 38.9408 3.34211 127
81.8066 1 0 0 0 0 0 0 0 16 16 0 0 0 0 0 0 127 51 0;
egregore_data 0 0 127 0 0 127 0 0 0 0 0 0 0 0 0 127 38 0 127 0 0 0
0 0 0 0 0 0 0 100 0 0 127 127 78 0 93 90 127 0 19 127 127 0 0 0 70
0 0 0 127 127 34 0 83.5033 73.1722 59.5232 65.6026 118.785 14.1325
110.311 16.3179 45.8808 119.199 11.9894 0 5.97351 38.9205 3.36424 127
81.8066 1 0 0 0 0 0 0 0 16 16 0 0 0 0 0 0 127 51 0;
egregore_data 0 0 127 0 0 127 0 0 0 0 0 0 0 0 0 127 38 0 127 0 0 0
0 0 0 0 0 0 0 100 0 0 127 127 78 0 93 90 127 0 19 127 127 0 0 0 70
0 0 0 127 127 34 0 83.5033 73.1722 59.5232 65.6026 118.785 14.1325
110.311 16.3179 45.8808 119.199 11.9894 0 5.97351 38.9205 3.36424 127
81.8066 1 0 0 0 0 0 0 0 16 16 0 0 0 0 0 0 127 51 0;
egregore_data 0 0 127 0 0 127 0 0 0 0 0 0 0 0 0 127 38 0 127 0 0 0
0 0 0 0 0 0 0 100 0 0 127 127 78 0 93 90 127 0 19 127 127 0 0 0 70
0 0 0 127 127 34 0 83.5033 73.1722 59.5232 65.6026 118.785 14.1325
110.311 16.3179 45.8808 119.199 11.9894 0 5.97351 38.9205 3.36424 127
81.8066 1 0 0 0 0 0 0 0 16 16 0 0 0 0 0 0 127 51 0;
egregore_data 0 0 127 0 0 127 0 0 0 0 0 0 0 0 0 127 38 0 127 0 0 0
0 0 0 0 0 0 0 100 0 0 127 127 78 0 93 90 127 0 19 127 127 0 0 0 70
0 0 0 127 127 34 0 83.5033 73.1722 59.5232 65.6026 118.785 14.1325
110.311 16.3179 45.8808 119.199 11.9894 0 5.97351 38.9205 3.36424 127
81.8066 1 0 0 0 0 0 0 0 16 16 0 0 0 0 0 0 127 51 0;
egregore_data 0 0 127 0 0 127 0 0 0 0 0 0 0 0 0 127 38 0 127 0 0 0
0 0 0 0 0 0 0 100 0 0 127 127 78 0 93 90 127 0 19 127 127 0 0 0 70
0 0 0 127 127 34 0 83.5033 73.1722 59.5232 65.6026 118.785 14.1325
110.311 16.3179 45.8808 119.199 11.9894 0 5.97351 38.9205 3.36424 127
81.8066 1 0 0 0 0 0 0 0 16 16 0 0 0 0 0 0 127 51 0;
egregore_data 0 0 127 0 0 127 0 0 0 0 0 0 0 0 0 127 38 0 127 0 0 0
0 0 0 0 0 0 0 100 0 0 127 127 78 0 93 90 127 0 19 127 127 0 0 0 70
0 0 0 127 127 34 0 83.5033 73.1722 59.5232 65.6026 118.785 14.1325
110.311 16.3179 45.8808 119.199 11.9894 0 5.97351 38.9205 3.36424 127
81.8066 1 0 0 0 0 0 0 0 16 16 0 0 0 0 0 0 127 51 0;
egregore_data 0 0 127 0 0 127 0 0 0 0 0 0 0 0 0 127 38 0 127 0 0 0
0 0 0 0 0 0 0 100 0 0 127 127 78 0 93 90 127 0 19 127 127 0 0 0 70
0 0 0 127 127 34 0 83.5033 73.1722 59.5232 65.6026 118.785 14.1325
110.311 16.3179 45.8808 119.199 11.9894 0 5.97351 38.9205 3.36424 127
81.8066 1 0 0 0 0 0 0 0 16 16 0 0 0 0 0 0 127 51 0;
egregore_data 0 0 127 0 0 127 0 0 0 0 0 0 0 0 0 127 38 0 127 0 0 0
0 0 0 0 0 0 0 100 0 0 127 127 78 0 93 90 127 0 19 127 127 0 0 0 70
0 0 0 127 127 34 0 83.5033 73.1722 59.5232 65.6026 118.785 14.1325
110.311 16.3179 45.8808 119.199 11.9894 0 5.97351 38.9205 3.36424 127
81.8066 1 0 0 0 0 0 0 0 16 16 0 0 0 0 0 0 127 51 0;
egregore_data 0 0 127 0 0 127 0 0 0 0 0 0 0 0 0 127 38 0 127 0 0 0
0 0 0 0 0 0 0 100 0 0 127 127 78 0 93 90 127 0 19 127 127 0 0 0 70
0 0 0 127 127 34 0 83.5033 73.1722 59.5232 65.6026 118.785 14.1325
110.311 16.3179 45.8808 119.199 11.9894 0 5.97351 38.9205 3.36424 127
81.8066 1 0 0 0 0 0 0 0 16 16 0 0 0 0 0 0 127 51 0;
egregore_data 0 0 127 0 0 127 0 0 0 0 0 0 0 0 0 127 38 0 127 0 0 0
0 0 0 0 0 0 0 100 0 0 127 127 78 0 93 90 127 0 19 127 127 0 0 0 70
0 0 0 127 127 34 0 83.5033 73.1722 59.5232 65.6026 118.785 14.1325
110.311 16.3179 45.8808 119.199 11.9894 0 5.97351 38.9205 3.36424 127
81.8066 1 0 0 0 0 0 0 0 16 16 0 0 0 0 0 0 127 51 0;
egregore_data 0 0 127 0 0 127 0 0 0 0 0 0 0 0 0 127 38 0 127 0 0 0
0 0 0 0 0 0 0 100 0 0 127 127 78 0 93 90 127 0 19 127 127 0 0 0 70
0 0 0 127 127 34 0 83.7133 73.66 59.8133 65.1933 118.87 13.58 110.887
15.68 46.1867 119.427 11.6694 0 5.74 38.9 3.38667 127 81.8066 1 0 0
0 0 0 0 0 16 16 0 0 0 0 0 0 127 51 0;
egregore_data 0 0 127 0 0 127 0 0 0 0 0 0 0 0 0 127 38 0 127 0 0 0
0 0 0 0 0 0 0 100 0 0 127 127 78 0 93 90 127 0 19 127 127 0 0 0 70
0 0 0 127 127 34 0 83.7133 73.66 59.8133 65.1933 118.87 13.58 110.887
15.68 46.1867 119.427 11.6694 0 5.74 38.9 3.38667 127 81.8066 1 0 0
0 0 0 0 0 16 16 0 0 0 0 0 0 127 51 0;
egregore_data 0 0 127 0 0 127 0 0 0 0 0 0 0 0 0 127 38 0 127 0 0 0
0 0 0 0 0 0 0 100 0 0 127 127 78 0 93 90 127 0 19 127 127 0 0 0 70
0 0 0 127 127 34 0 83.7133 73.66 59.8133 65.1933 118.87 13.58 110.887
15.68 46.1867 119.427 11.6694 0 5.74 38.9 3.38667 127 81.8066 1 0 0
0 0 0 0 0 16 16 0 0 0 0 0 0 127 51 0;
egregore_data 0 0 127 0 0 127 0 0 0 0 0 0 0 0 0 127 38 0 127 0 0 0
0 0 0 0 0 0 0 100 0 0 127 127 78 0 93 90 127 0 19 127 127 0 0 0 70
0 0 0 127 127 34 0 83.7133 73.66 59.8133 65.1933 118.87 13.58 110.887
15.68 46.1867 119.427 11.6694 0 5.74 38.9 3.38667 127 81.8066 1 0 0
0 0 0 0 0 16 16 0 0 0 0 0 0 127 51 0;
egregore_data 0 0 127 0 0 127 0 0 0 0 0 0 0 0 0 127 38 0 127 0 0 0
0 0 0 0 0 0 0 100 0 0 127 127 78 0 93 90 127 0 19 127 127 0 0 0 70
0 0 0 127 127 34 0 83.9262 74.1544 60.1074 64.7785 118.956 13.0201
111.47 15.0336 46.4966 119.658 11.345 0 5.50336 38.8792 3.4094 127
81.8066 1 0 0 0 0 0 0 0 16 16 0 0 0 0 0 0 127 51 0;
egregore_data 0 0 127 0 0 127 0 0 0 0 0 0 0 0 0 127 38 0 127 0 0 0
0 0 0 0 0 0 0 100 0 0 127 127 78 0 93 90 127 0 19 127 127 0 0 0 70
0 0 0 127 127 34 0 83.9262 74.1544 60.1074 64.7785 118.956 13.0201
111.47 15.0336 46.4966 119.658 11.345 0 5.50336 38.8792 3.4094 127
81.8066 1 0 0 0 0 0 0 0 16 16 0 0 0 0 0 0 127 51 0;
egregore_data 0 0 127 0 0 127 0 0 0 0 0 0 0 0 0 127 38 0 127 0 0 0
0 0 0 0 0 0 0 100 0 0 127 127 78 0 93 90 127 0 19 127 127 0 0 0 70
0 0 0 127 127 34 0 83.9262 74.1544 60.1074 64.7785 118.956 13.0201
111.47 15.0336 46.4966 119.658 11.345 0 5.50336 38.8792 3.4094 127
81.8066 1 0 0 0 0 0 0 0 16 16 0 0 0 0 0 0 127 51 0;
egregore_data 0 0 127 0 0 127 0 0 0 0 0 0 0 0 0 127 38 0 127 0 0 0
0 0 0 0 0 0 0 100 0 0 127 127 78 0 93 90 127 0 19 127 127 0 0 0 70
0 0 0 127 127 34 0 84.3605 75.1633 60.7075 63.932 119.133 11.8776 112.66
13.7143 47.1292 120.129 10.683 0 5.02041 38.8367 3.45578 127 81.8066
1 0 0 0 0 0 0 0 16 16 0 0 0 0 0 0 127 51 0;
egregore_data 0 0 127 0 0 127 0 0 0 0 0 0 0 0 0 127 38 0 127 0 0 0
0 0 0 0 0 0 0 100 0 0 127 127 78 0 93 90 127 0 19 127 127 0 0 0 70
0 0 0 127 127 34 0 84.3605 75.1633 60.7075 63.932 119.133 11.8776 112.66
13.7143 47.1292 120.129 10.683 0 5.02041 38.8367 3.45578 127 81.8066
1 0 0 0 0 0 0 0 16 16 0 0 0 0 0 0 127 51 0;
egregore_data 0 0 127 0 0 127 0 0 0 0 0 0 0 0 0 127 38 0 127 0 0 0
0 0 0 0 0 0 0 100 0 0 127 127 78 0 93 90 127 0 19 127 127 0 0 0 70
0 0 0 127 127 34 0 84.3605 75.1633 60.7075 63.932 119.133 11.8776 112.66
13.7143 47.1292 120.129 10.683 0 5.02041 38.8367 3.45578 127 81.8066
1 0 0 0 0 0 0 0 16 16 0 0 0 0 0 0 127 51 0;
egregore_data 0 0 127 0 0 127 0 0 0 0 0 0 0 0 0 127 38 0 127 0 0 0
0 0 0 0 0 0 0 100 0 0 127 127 78 0 93 90 127 0 19 127 127 0 0 0 70
0 0 0 127 127 34 0 84.3605 75.1633 60.7075 63.932 119.133 11.8776 112.66
13.7143 47.1292 120.129 10.683 0 5.02041 38.8367 3.45578 127 81.8066
1 0 0 0 0 0 0 0 16 16 0 0 0 0 0 0 127 51 0;
egregore_data 0 0 127 0 0 127 0 0 0 0 0 0 0 0 0 127 38 0 127 0 0 0
0 0 0 0 0 0 0 100 0 0 127 127 78 0 93 90 127 0 19 127 127 0 0 0 70
0 0 0 127 127 34 0 84.3605 75.1633 60.7075 63.932 119.133 11.8776 112.66
13.7143 47.1292 120.129 10.683 0 5.02041 38.8367 3.45578 127 81.8066
1 0 0 0 0 0 0 0 16 16 0 0 0 0 0 0 127 51 0;
egregore_data 0 0 127 0 0 127 0 0 0 0 0 0 0 0 0 127 38 0 127 0 0 0
0 0 0 0 0 0 0 100 0 0 127 127 78 0 93 90 127 0 19 127 127 0 0 0 70
0 0 0 127 127 34 0 84.3605 75.1633 60.7075 63.932 119.133 11.8776 112.66
13.7143 47.1292 120.129 10.683 0 5.02041 38.8367 3.45578 127 81.8066
1 0 0 0 0 0 0 0 16 16 0 0 0 0 0 0 127 51 0;
egregore_data 0 0 127 0 0 127 0 0 0 0 0 0 0 0 0 127 38 0 127 0 0 0
0 0 0 0 0 0 0 100 0 0 127 127 78 0 93 90 127 0 19 127 127 0 0 0 70
0 0 0 127 127 34 0 84.3605 75.1633 60.7075 63.932 119.133 11.8776 112.66
13.7143 47.1292 120.129 10.683 0 5.02041 38.8367 3.45578 127 81.8066
1 0 0 0 0 0 0 0 16 16 0 0 0 0 0 0 127 51 0;
egregore_data 0 0 127 0 0 127 0 0 0 0 0 0 0 0 0 127 38 0 127 0 0 0
0 0 0 0 0 0 0 100 0 0 127 127 78 0 93 90 127 0 19 127 127 0 0 0 70
0 0 0 127 127 34 0 84.3605 75.1633 60.7075 63.932 119.133 11.8776 112.66
13.7143 47.1292 120.129 10.683 0 5.02041 38.8367 3.45578 127 81.8066
1 0 0 0 0 0 0 0 16 16 0 0 0 0 0 0 127 51 0;
egregore_data 0 0 127 0 0 127 0 0 0 0 0 0 0 0 0 127 38 0 127 0 0 0
0 0 0 0 0 0 0 100 0 0 127 127 78 0 93 90 127 0 19 127 127 0 0 0 70
0 0 0 127 127 34 0 84.3605 75.1633 60.7075 63.932 119.133 11.8776 112.66
13.7143 47.1292 120.129 10.683 0 5.02041 38.8367 3.45578 127 81.8066
1 0 0 0 0 0 0 0 16 16 0 0 0 0 0 0 127 51 0;
egregore_data 0 0 127 0 0 127 0 0 0 0 0 0 0 0 0 127 38 0 127 0 0 0
0 0 0 0 0 0 0 100 0 0 127 127 78 0 93 90 127 0 19 127 127 0 0 0 70
0 0 0 127 127 34 0 84.3605 75.1633 60.7075 63.932 119.133 11.8776 112.66
13.7143 47.1292 120.129 10.683 0 5.02041 38.8367 3.45578 127 81.8066
1 0 0 0 0 0 0 0 16 16 0 0 0 0 0 0 127 51 0;
egregore_data 0 0 127 0 0 127 0 0 0 0 0 0 0 0 0 127 38 0 127 0 0 0
0 0 0 0 0 0 0 100 0 0 127 127 78 0 93 90 127 0 19 127 127 0 0 0 70
0 0 0 127 127 34 0 84.3605 75.1633 60.7075 63.932 119.133 11.8776 112.66
13.7143 47.1292 120.129 10.683 0 5.02041 38.8367 3.45578 127 81.8066
1 0 0 0 0 0 0 0 16 16 0 0 0 0 0 0 127 51 0;
egregore_data 0 0 127 0 0 127 0 0 0 0 0 0 0 0 0 127 38 0 127 0 0 0
0 0 0 0 0 0 0 100 0 0 127 127 78 0 93 90 127 0 19 127 127 0 0 0 70
0 0 0 127 127 34 0 84.3605 75.1633 60.7075 63.932 119.133 11.8776 112.66
13.7143 47.1292 120.129 10.683 0 5.02041 38.8367 3.45578 127 81.8066
1 0 0 0 0 0 0 0 16 16 0 0 0 0 0 0 127 51 0;
egregore_data 0 0 127 0 0 127 0 0 0 0 0 0 0 0 0 127 38 0 127 0 0 0
0 0 0 0 0 0 0 100 0 0 127 127 78 0 93 90 127 0 19 127 127 0 0 0 70
0 0 0 127 127 34 0 84.3605 75.1633 60.7075 63.932 119.133 11.8776 112.66
13.7143 47.1292 120.129 10.683 0 5.02041 38.8367 3.45578 127 81.8066
1 0 0 0 0 0 0 0 16 16 0 0 0 0 0 0 127 51 0;
egregore_data 0 0 127 0 0 127 0 0 0 0 0 0 0 0 0 127 38 0 127 0 0 0
0 0 0 0 0 0 0 100 0 0 127 127 78 0 93 90 127 0 19 127 127 0 0 0 70
0 0 0 127 127 34 0 84.3605 75.1633 60.7075 63.932 119.133 11.8776 112.66
13.7143 47.1292 120.129 10.683 0 5.02041 38.8367 3.45578 127 81.8066
1 0 0 0 0 0 0 0 16 16 0 0 0 0 0 0 127 51 0;
egregore_data 0 0 127 0 0 127 0 0 0 0 0 0 0 0 0 127 38 0 127 0 0 0
0 0 0 0 0 0 0 100 0 0 127 127 78 0 93 90 127 0 19 127 127 0 0 0 70
0 0 0 127 127 34 0 84.3378 74.6554 60.2973 63.5 118.328 11.7973 111.899
13.6216 47.0473 119.318 11.1514 0 4.98649 38.5743 3.43243 127 81.8066
1 0 0 0 0 0 0 0 16 16 0 0 0 0 0 0 127 51 0;
egregore_data 0 0 127 0 0 127 0 0 0 0 0 0 0 0 0 127 38 0 127 0 0 0
0 0 0 0 0 0 0 100 0 0 127 127 78 0 93 90 127 0 19 127 127 0 0 0 70
0 0 0 127 127 34 0 84.3154 74.1544 59.8926 63.0738 117.533 11.7181
111.148 13.5302 46.9664 118.517 11.6135 0 4.95302 38.3154 3.4094 127
81.8066 1 0 0 0 0 0 0 0 16 16 0 0 0 0 0 0 127 51 0;
egregore_data 0 0 127 0 0 127 0 0 0 0 0 0 0 0 0 127 38 0 127 0 0 0
0 0 0 0 0 0 0 100 0 0 127 127 78 0 93 90 127 0 19 127 127 0 0 0 70
0 0 0 127 127 34 0 84.3154 74.1544 59.8926 63.0738 117.533 11.7181
111.148 13.5302 46.9664 118.517 11.6135 0 4.95302 38.3154 3.4094 127
81.8066 1 0 0 0 0 0 0 0 16 16 0 0 0 0 0 0 127 51 0;
egregore_data 0 0 127 0 0 127 0 0 0 0 0 0 0 0 0 127 38 0 127 0 0 0
0 0 0 0 0 0 0 100 0 0 127 127 78 0 93 90 127 0 19 127 127 0 0 0 70
0 0 0 127 127 34 0 84.3154 74.1544 59.8926 63.0738 117.533 11.7181
111.148 13.5302 46.9664 118.517 11.6135 0 4.95302 38.3154 3.4094 127
81.8066 1 0 0 0 0 0 0 0 16 16 0 0 0 0 0 0 127 51 0;
egregore_data 0 0 127 0 0 127 0 0 0 0 0 0 0 0 0 127 38 0 127 0 0 0
0 0 0 0 0 0 0 100 0 0 127 127 78 0 93 90 127 0 19 127 127 0 0 0 70
0 0 0 127 127 34 0 84.3154 74.1544 59.8926 63.0738 117.533 11.7181
111.148 13.5302 46.9664 118.517 11.6135 0 4.95302 38.3154 3.4094 127
81.8066 1 0 0 0 0 0 0 0 16 16 0 0 0 0 0 0 127 51 0;
egregore_data 0 0 127 0 0 127 0 0 0 0 0 0 0 0 0 127 38 0 127 0 0 0
0 0 0 0 0 0 0 100 0 0 127 127 78 0 93 90 127 0 19 127 127 0 0 0 70
0 0 0 127 127 34 0 84.3154 74.1544 59.8926 63.0738 117.533 11.7181
111.148 13.5302 46.9664 118.517 11.6135 0 4.95302 38.3154 3.4094 127
81.8066 1 0 0 0 0 0 0 0 16 16 0 0 0 0 0 0 127 51 0;
egregore_data 0 0 127 0 0 127 0 0 0 0 0 0 0 0 0 127 38 0 127 0 0 0
0 0 0 0 0 0 0 100 0 0 127 127 78 0 93 90 127 0 19 127 127 0 0 0 70
0 0 0 127 127 34 0 84.3154 74.1544 59.8926 63.0738 117.533 11.7181
111.148 13.5302 46.9664 118.517 11.6135 0 4.95302 38.3154 3.4094 127
81.8066 1 0 0 0 0 0 0 0 16 16 0 0 0 0 0 0 127 51 0;
egregore_data 0 0 127 0 0 127 0 0 0 0 0 0 0 0 0 127 38 0 127 0 0 0
0 0 0 0 0 0 0 100 0 0 127 127 78 0 93 90 127 0 19 127 127 0 0 0 70
0 0 0 127 127 34 0 84.3154 74.1544 59.8926 63.0738 117.533 11.7181
111.148 13.5302 46.9664 118.517 11.6135 0 4.95302 38.3154 3.4094 127
81.8066 1 0 0 0 0 0 0 0 16 16 0 0 0 0 0 0 127 51 0;
egregore_data 0 0 127 0 0 127 0 0 0 0 0 0 0 0 0 127 38 0 127 0 0 0
0 0 0 0 0 0 0 100 0 0 127 127 78 0 93 90 127 0 19 127 127 0 0 0 70
0 0 0 127 127 34 0 84.3154 74.1544 59.8926 63.0738 117.533 11.7181
111.148 13.5302 46.9664 118.517 11.6135 0 4.95302 38.3154 3.4094 127
81.8066 1 0 0 0 0 0 0 0 16 16 0 0 0 0 0 0 127 51 0;
egregore_data 0 0 127 0 0 127 0 0 0 0 0 0 0 0 0 127 38 0 127 0 0 0
0 0 0 0 0 0 0 100 0 0 127 127 78 0 93 90 127 0 19 127 127 0 0 0 70
0 0 0 127 127 34 0 84.3154 74.1544 59.8926 63.0738 117.533 11.7181
111.148 13.5302 46.9664 118.517 11.6135 0 4.95302 38.3154 3.4094 127
81.8066 1 0 0 0 0 0 0 0 16 16 0 0 0 0 0 0 127 51 0;
egregore_data 0 0 127 0 0 127 0 0 0 0 0 0 0 0 0 127 38 0 127 0 0 0
0 0 0 0 0 0 0 100 0 0 127 127 78 0 93 90 127 0 19 127 127 0 0 0 70
0 0 0 127 127 34 0 84.3154 74.1544 59.8926 63.0738 117.533 11.7181
111.148 13.5302 46.9664 118.517 11.6135 0 4.95302 38.3154 3.4094 127
81.8066 1 0 0 0 0 0 0 0 16 16 0 0 0 0 0 0 127 51 0;
egregore_data 0 0 127 0 0 127 0 0 0 0 0 0 0 0 0 127 38 0 127 0 0 0
0 0 0 0 0 0 0 100 0 0 127 127 78 0 93 90 127 0 19 127 127 0 0 0 70
0 0 0 127 127 34 0 84.3154 74.1544 59.8926 63.0738 117.533 11.7181
111.148 13.5302 46.9664 118.517 11.6135 0 4.95302 38.3154 3.4094 127
81.8066 1 0 0 0 0 0 0 0 16 16 0 0 0 0 0 0 127 51 0;
egregore_data 0 0 127 0 0 127 0 0 0 0 0 0 0 0 0 127 38 0 127 0 0 0
0 0 0 0 0 0 0 100 0 0 127 127 78 0 93 90 127 0 19 127 127 0 0 0 70
0 0 0 127 127 34 0 84.3154 74.1544 59.8926 63.0738 117.533 11.7181
111.148 13.5302 46.9664 118.517 11.6135 0 4.95302 38.3154 3.4094 127
81.8066 1 0 0 0 0 0 0 0 16 16 0 0 0 0 0 0 127 51 0;
egregore_data 0 0 127 0 0 127 0 0 0 0 0 0 0 0 0 127 38 0 127 0 0 0
0 0 0 0 0 0 0 100 0 0 127 127 78 0 93 90 127 0 19 127 127 0 0 0 70
0 0 0 127 127 34 0 84.3154 74.1544 59.8926 63.0738 117.533 11.7181
111.148 13.5302 46.9664 118.517 11.6135 0 4.95302 38.3154 3.4094 127
81.8066 1 0 0 0 0 0 0 0 16 16 0 0 0 0 0 0 127 51 0;
egregore_data 0 0 127 0 0 127 0 0 0 0 0 0 0 0 0 127 38 0 127 0 0 0
0 0 0 0 0 0 0 100 0 0 127 127 78 0 93 90 127 0 19 127 127 0 0 0 70
0 0 0 127 127 34 0 84.7551 75.1633 60.4898 62.2041 117.69 10.5578 112.333
12.1905 47.6054 118.973 10.9551 0 4.46258 38.2653 3.45578 127 81.8066
1 0 0 0 0 0 0 0 16 16 0 0 0 0 0 0 127 51 0;
egregore_data 0 0 127 0 0 127 0 0 0 0 0 0 0 0 0 127 38 0 127 0 0 0
0 0 0 0 0 0 0 100 0 0 127 127 78 0 93 90 127 0 19 127 127 0 0 0 70
0 0 0 127 127 34 0 84.7551 75.1633 60.4898 62.2041 117.69 10.5578 112.333
12.1905 47.6054 118.973 10.9551 0 4.46258 38.2653 3.45578 127 81.8066
1 0 0 0 0 0 0 0 16 16 0 0 0 0 0 0 127 51 0;
egregore_data 0 0 127 0 0 127 0 0 0 0 0 0 0 0 0 127 38 0 127 0 0 0
0 0 0 0 0 0 0 100 0 0 127 127 78 0 93 90 127 0 19 127 127 0 0 0 70
0 0 0 127 127 34 0 84.9795 75.6781 60.7945 61.7603 117.77 9.96575 112.938
11.5068 47.9315 119.205 10.6192 0 4.21233 38.2397 3.47945 127 81.8066
1 0 0 0 0 0 0 0 16 16 0 0 0 0 0 0 127 51 0;
egregore_data 0 0 127 0 0 127 0 0 0 0 0 0 0 0 0 127 38 0 127 0 0 0
0 0 0 0 0 0 0 100 0 0 127 127 78 0 93 90 127 0 19 127 127 0 0 0 70
0 0 0 127 127 34 0 85.2069 76.2 61.1034 61.3103 117.852 9.36552 113.552
10.8138 48.2621 119.441 10.2787 0 3.95862 38.2138 3.50345 127 81.8066
1 0 0 0 0 0 0 0 16 16 0 0 0 0 0 0 127 51 0;
egregore_data 0 0 127 0 0 127 0 0 0 0 0 0 0 0 0 127 38 0 127 0 0 0
0 0 0 0 0 0 0 100 0 0 127 127 78 0 93 90 127 0 19 127 127 0 0 0 70
0 0 0 127 127 34 0 85.4375 76.7292 61.4167 60.8542 117.934 8.75694
114.174 10.1111 48.5972 119.681 9.93337 0 3.70139 38.1875 3.52778 127
81.8066 1 0 0 0 0 0 0 0 16 16 0 0 0 0 0 0 127 51 0;
egregore_data 0 0 127 0 0 127 0 0 0 0 0 0 0 0 0 127 38 0 127 0 0 0
0 0 0 0 0 0 0 100 0 0 127 127 78 0 93 90 127 0 19 127 127 0 0 0 70
0 0 0 127 127 34 0 85.9085 77.8099 62.0563 59.9225 118.102 7.51408
115.444 8.67606 49.2817 120.169 9.22821 0 3.17606 38.1338 3.57746 127
81.8066 1 0 0 0 0 0 0 0 16 16 0 0 0 0 0 0 127 51 0;
egregore_data 0 0 127 0 0 127 0 0 0 0 0 0 0 0 0 127 38 0 127 0 0 0
0 0 0 0 0 0 0 100 0 0 127 127 78 0 93 90 127 0 19 127 127 0 0 0 70
0 0 0 127 127 34 0 85.9085 77.8099 62.0563 59.9225 118.102 7.51408
115.444 8.67606 49.2817 120.169 9.22821 0 3.17606 38.1338 3.57746 127
81.8066 1 0 0 0 0 0 0 0 16 16 0 0 0 0 0 0 127 51 0;
egregore_data 0 0 127 0 0 127 0 0 0 0 0 0 0 0 0 127 38 0 127 0 0 0
0 0 0 0 0 0 0 100 0 0 127 127 78 0 93 90 127 0 19 127 127 0 0 0 70
0 0 0 127 127 34 0 86.1489 78.3617 62.383 59.4468 118.188 6.87943 116.092
7.94326 49.6312 120.418 8.86813 0 2.9078 38.1064 3.60284 127 81.8066
1 0 0 0 0 0 0 0 16 16 0 0 0 0 0 0 127 51 0;
egregore_data 0 0 127 0 0 127 0 0 0 0 0 0 0 0 0 127 38 0 127 0 0 0
0 0 0 0 0 0 0 100 0 0 127 127 78 0 93 90 127 0 19 127 127 0 0 0 70
0 0 0 127 127 34 0 86.1489 78.3617 62.383 59.4468 118.188 6.87943 116.092
7.94326 49.6312 120.418 8.86813 0 2.9078 38.1064 3.60284 127 81.8066
1 0 0 0 0 0 0 0 16 16 0 0 0 0 0 0 127 51 0;
egregore_data 0 0 127 0 0 127 0 0 0 0 0 0 0 0 0 127 38 0 127 0 0 0
0 0 0 0 0 0 0 100 0 0 127 127 78 0 93 90 127 0 19 127 127 0 0 0 70
0 0 0 127 127 34 0 86.3929 78.9214 62.7143 58.9643 118.275 6.23571
116.75 7.2 49.9857 120.671 8.5029 0 2.63571 38.0786 3.62857 127 81.8066
1 0 0 0 0 0 0 0 16 16 0 0 0 0 0 0 127 51 0;
egregore_data 0 0 127 0 0 127 0 0 0 0 0 0 0 0 0 127 38 0 127 0 0 0
0 0 0 0 0 0 0 100 0 0 127 127 78 0 93 90 127 0 19 127 127 0 0 0 70
0 0 0 127 127 34 0 86.3929 78.9214 62.7143 58.9643 118.275 6.23571
116.75 7.2 49.9857 120.671 8.5029 0 2.63571 38.0786 3.62857 127 81.8066
1 0 0 0 0 0 0 0 16 16 0 0 0 0 0 0 127 51 0;
egregore_data 0 0 127 0 0 127 0 0 0 0 0 0 0 0 0 127 38 0 127 0 0 0
0 0 0 0 0 0 0 100 0 0 127 127 78 0 93 90 127 0 19 127 127 0 0 0 70
0 0 0 127 127 34 0 86.6403 79.4892 63.0504 58.4748 118.363 5.58273
117.417 6.44604 50.3453 120.928 8.13242 0 2.35971 38.0504 3.65468 127
81.8066 1 0 0 0 0 0 0 0 16 16 0 0 0 0 0 0 127 51 0;
egregore_data 0 0 127 0 0 127 0 0 0 0 0 0 0 0 0 127 38 0 127 0 0 0
0 0 0 0 0 0 0 100 0 0 127 127 78 0 93 90 127 0 19 127 127 0 0 0 70
0 0 0 127 127 34 0 86.6403 79.4892 63.0504 58.4748 118.363 5.58273
117.417 6.44604 50.3453 120.928 8.13242 0 2.35971 38.0504 3.65468 127
81.8066 1 0 0 0 0 0 0 0 16 16 0 0 0 0 0 0 127 51 0;
egregore_data 0 0 127 0 0 127 0 0 0 0 0 0 0 0 0 127 38 0 127 0 0 0
0 0 0 0 0 0 0 100 0 0 127 127 78 0 93 90 127 0 19 127 127 0 0 0 70
0 0 0 127 127 34 0 87.4044 81.2426 64.0882 56.9632 118.636 3.56618
119.478 4.11765 51.4559 121.721 6.98828 0 1.50735 37.9632 3.73529 127
81.8066 1 0 0 0 0 0 0 0 16 16 0 0 0 0 0 0 127 51 0;
egregore_data 0 0 127 0 0 127 0 0 0 0 0 0 0 0 0 127 38 0 127 0 0 0
0 0 0 0 0 0 0 100 0 0 127 127 78 0 93 90 127 0 19 127 127 0 0 0 70
0 0 0 127 127 34 0 87.4044 81.2426 64.0882 56.9632 118.636 3.56618
119.478 4.11765 51.4559 121.721 6.98828 0 1.50735 37.9632 3.73529 127
81.8066 1 0 0 0 0 0 0 0 16 16 0 0 0 0 0 0 127 51 0;
egregore_data 0 0 127 0 0 127 0 0 0 0 0 0 0 0 0 127 38 0 127 0 0 0
0 0 0 0 0 0 0 100 0 0 127 127 78 0 93 90 127 0 19 127 127 0 0 0 70
0 0 0 127 127 34 0 87.4044 81.2426 64.0882 56.9632 118.636 3.56618
119.478 4.11765 51.4559 121.721 6.98828 0 1.50735 37.9632 3.73529 127
81.8066 1 0 0 0 0 0 0 0 16 16 0 0 0 0 0 0 127 51 0;
END;
