HTTP/1.1 200 OK
Date: Thu, 28 May 2015 12:25:15 GMT
Server: Apache
Last-Modified: Wed, 27 May 2015 19:25:12 GMT
Accept-Ranges: bytes
Content-Length: 29803
Vary: Accept-Encoding
Connection: close
Content-Type: text/plain

chdh_egregore_live_data;
egregore_data 0 0 127 0 0 127 0 0 0 0 0 0 0 0 0 127 38 0 127 0 0 0
0 0 0 0 0 0 0 100 0 0 127 127 78 0 93 90 127 0 19 127 127 0 0 0 70
0 0 0 127 127 34 0 71.8952 38.2969 37.2009 55.6376 47.435 41.9345 12.0393
48.4192 34.5371 38.4105 48.7109 0 17.7249 18.6681 0.0524017 127 81.8066
1 0 0 0 0 0 0 0 16 16 0 0 0 0 0 0 127 51 0;
egregore_data 0 0 127 0 0 127 0 0 0 0 0 0 0 0 0 127 38 0 127 0 0 0
0 0 0 0 0 0 0 100 0 0 127 127 78 0 93 90 127 0 19 127 127 0 0 0 70
0 0 0 127 127 34 0 71.8952 38.2969 37.2009 55.6376 47.435 41.9345 12.0393
48.4192 34.5371 38.4105 48.7109 0 17.7249 18.6681 0.0524017 127 81.8066
1 0 0 0 0 0 0 0 16 16 0 0 0 0 0 0 127 51 0;
egregore_data 0 0 127 0 0 127 0 0 0 0 0 0 0 0 0 127 38 0 127 0 0 0
0 0 0 0 0 0 0 100 0 0 127 127 78 0 93 90 127 0 19 127 127 0 0 0 70
0 0 0 127 127 34 0 71.8952 38.2969 37.2009 55.6376 47.435 41.9345 12.0393
48.4192 34.5371 38.4105 48.7109 0 17.7249 18.6681 0.0524017 127 81.8066
1 0 0 0 0 0 0 0 16 16 0 0 0 0 0 0 127 51 0;
egregore_data 0 0 127 0 0 127 0 0 0 0 0 0 0 0 0 127 38 0 127 0 0 0
0 0 0 0 0 0 0 100 0 0 127 127 78 0 93 90 127 0 19 127 127 0 0 0 70
0 0 0 127 127 34 0 71.8952 38.2969 37.2009 55.6376 47.435 41.9345 12.0393
48.4192 34.5371 38.4105 48.7109 0 17.7249 18.6681 0.0524017 127 81.8066
1 0 0 0 0 0 0 0 16 16 0 0 0 0 0 0 127 51 0;
egregore_data 0 0 127 0 0 127 0 0 0 0 0 0 0 0 0 127 38 0 127 0 0 0
0 0 0 0 0 0 0 100 0 0 127 127 78 0 93 90 127 0 19 127 127 0 0 0 70
0 0 0 127 127 34 0 71.8087 38.1304 37.1087 55.9478 47.6896 42.1739
12.0913 48.6957 34.387 38.613 48.76 0 17.8261 18.7696 0.0521739 127
81.8066 1 0 0 0 0 0 0 0 16 16 0 0 0 0 0 0 127 51 0;
egregore_data 0 0 127 0 0 127 0 0 0 0 0 0 0 0 0 127 38 0 127 0 0 0
0 0 0 0 0 0 0 100 0 0 127 127 78 0 93 90 127 0 19 127 127 0 0 0 70
0 0 0 127 127 34 0 71.8087 38.1304 37.1087 55.9478 47.6896 42.1739
12.0913 48.6957 34.387 38.613 48.76 0 17.8261 18.7696 0.0521739 127
81.8066 1 0 0 0 0 0 0 0 16 16 0 0 0 0 0 0 127 51 0;
egregore_data 0 0 127 0 0 127 0 0 0 0 0 0 0 0 0 127 38 0 127 0 0 0
0 0 0 0 0 0 0 100 0 0 127 127 78 0 93 90 127 0 19 127 127 0 0 0 70
0 0 0 127 127 34 0 71.8087 38.1304 37.1087 55.9478 47.6896 42.1739
12.0913 48.6957 34.387 38.613 48.76 0 17.8261 18.7696 0.0521739 127
81.8066 1 0 0 0 0 0 0 0 16 16 0 0 0 0 0 0 127 51 0;
egregore_data 0 0 127 0 0 127 0 0 0 0 0 0 0 0 0 127 38 0 127 0 0 0
0 0 0 0 0 0 0 100 0 0 127 127 78 0 93 90 127 0 19 127 127 0 0 0 70
0 0 0 127 127 34 0 71.8087 38.1304 37.1087 55.9478 47.6896 42.1739
12.0913 48.6957 34.387 38.613 48.76 0 17.8261 18.7696 0.0521739 127
81.8066 1 0 0 0 0 0 0 0 16 16 0 0 0 0 0 0 127 51 0;
egregore_data 0 0 127 0 0 127 0 0 0 0 0 0 0 0 0 127 38 0 127 0 0 0
0 0 0 0 0 0 0 100 0 0 127 127 78 0 93 90 127 0 19 127 127 0 0 0 70
0 0 0 127 127 34 0 71.8087 38.1304 37.1087 55.9478 47.6896 42.1739
12.0913 48.6957 34.387 38.613 48.76 0 17.8261 18.7696 0.0521739 127
81.8066 1 0 0 0 0 0 0 0 16 16 0 0 0 0 0 0 127 51 0;
egregore_data 0 0 127 0 0 127 0 0 0 0 0 0 0 0 0 127 38 0 127 0 0 0
0 0 0 0 0 0 0 100 0 0 127 127 78 0 93 90 127 0 19 127 127 0 0 0 70
0 0 0 127 127 34 0 71.6379 37.8017 36.9267 56.5603 48.1923 42.6466
12.194 49.2414 34.0905 39.0129 48.8569 0 18.0259 18.9698 0.0517241
127 81.8066 1 0 0 0 0 0 0 0 16 16 0 0 0 0 0 0 127 51 0;
egregore_data 0 0 127 0 0 127 0 0 0 0 0 0 0 0 0 127 38 0 127 0 0 0
0 0 0 0 0 0 0 100 0 0 127 127 78 0 93 90 127 0 19 127 127 0 0 0 70
0 0 0 127 127 34 0 71.5536 37.6395 36.8369 56.8627 48.4404 42.8798
12.2446 49.5107 33.9442 39.2103 48.9047 0 18.1245 19.0687 0.0515021
127 81.8066 1 0 0 0 0 0 0 0 16 16 0 0 0 0 0 0 127 51 0;
egregore_data 0 0 127 0 0 127 0 0 0 0 0 0 0 0 0 127 38 0 127 0 0 0
0 0 0 0 0 0 0 100 0 0 127 127 78 0 93 90 127 0 19 127 127 0 0 0 70
0 0 0 127 127 34 0 71.5536 37.6395 36.8369 56.8627 48.4404 42.8798
12.2446 49.5107 33.9442 39.2103 48.9047 0 18.1245 19.0687 0.0515021
127 81.8066 1 0 0 0 0 0 0 0 16 16 0 0 0 0 0 0 127 51 0;
egregore_data 0 0 127 0 0 127 0 0 0 0 0 0 0 0 0 127 38 0 127 0 0 0
0 0 0 0 0 0 0 100 0 0 127 127 78 0 93 90 127 0 19 127 127 0 0 0 70
0 0 0 127 127 34 0 71.4701 37.4786 36.7479 57.1624 48.6864 43.1111
12.2949 49.7778 33.7991 39.406 48.9522 0 18.2222 19.1667 0.0512821
127 81.8066 1 0 0 0 0 0 0 0 16 16 0 0 0 0 0 0 127 51 0;
egregore_data 0 0 127 0 0 127 0 0 0 0 0 0 0 0 0 127 38 0 127 0 0 0
0 0 0 0 0 0 0 100 0 0 127 127 78 0 93 90 127 0 19 127 127 0 0 0 70
0 0 0 127 127 34 0 71.4701 37.4786 36.7479 57.1624 48.6864 43.1111
12.2949 49.7778 33.7991 39.406 48.9522 0 18.2222 19.1667 0.0512821
127 81.8066 1 0 0 0 0 0 0 0 16 16 0 0 0 0 0 0 127 51 0;
egregore_data 0 0 127 0 0 127 0 0 0 0 0 0 0 0 0 127 38 0 127 0 0 0
0 0 0 0 0 0 0 100 0 0 127 127 78 0 93 90 127 0 19 127 127 0 0 0 70
0 0 0 127 127 34 0 71.3872 37.3191 36.6596 57.4596 48.9303 43.3404
12.3447 50.0426 33.6553 39.6 48.9992 0 18.3191 19.2638 0.0510638 127
81.8066 1 0 0 0 0 0 0 0 16 16 0 0 0 0 0 0 127 51 0;
egregore_data 0 0 127 0 0 127 0 0 0 0 0 0 0 0 0 127 38 0 127 0 0 0
0 0 0 0 0 0 0 100 0 0 127 127 78 0 93 90 127 0 19 127 127 0 0 0 70
0 0 0 127 127 34 0 71.3051 37.161 36.572 57.7542 49.1721 43.5678 12.3941
50.3051 33.5127 39.7924 49.0458 0 18.4153 19.3602 0.0508475 127 81.8066
1 0 0 0 0 0 0 0 16 16 0 0 0 0 0 0 127 51 0;
egregore_data 0 0 127 0 0 127 0 0 0 0 0 0 0 0 0 127 38 0 127 0 0 0
0 0 0 0 0 0 0 100 0 0 127 127 78 0 93 90 127 0 19 127 127 0 0 0 70
0 0 0 127 127 34 0 71.3051 37.161 36.572 57.7542 49.1721 43.5678 12.3941
50.3051 33.5127 39.7924 49.0458 0 18.4153 19.3602 0.0508475 127 81.8066
1 0 0 0 0 0 0 0 16 16 0 0 0 0 0 0 127 51 0;
egregore_data 0 0 127 0 0 127 0 0 0 0 0 0 0 0 0 127 38 0 127 0 0 0
0 0 0 0 0 0 0 100 0 0 127 127 78 0 93 90 127 0 19 127 127 0 0 0 70
0 0 0 127 127 34 0 71.3051 37.161 36.572 57.7542 49.1721 43.5678 12.3941
50.3051 33.5127 39.7924 49.0458 0 18.4153 19.3602 0.0508475 127 81.8066
1 0 0 0 0 0 0 0 16 16 0 0 0 0 0 0 127 51 0;
egregore_data 0 0 127 0 0 127 0 0 0 0 0 0 0 0 0 127 38 0 127 0 0 0
0 0 0 0 0 0 0 100 0 0 127 127 78 0 93 90 127 0 19 127 127 0 0 0 70
0 0 0 127 127 34 0 71.3051 37.161 36.572 57.7542 49.1721 43.5678 12.3941
50.3051 33.5127 39.7924 49.0458 0 18.4153 19.3602 0.0508475 127 81.8066
1 0 0 0 0 0 0 0 16 16 0 0 0 0 0 0 127 51 0;
egregore_data 0 0 127 0 0 127 0 0 0 0 0 0 0 0 0 127 38 0 127 0 0 0
0 0 0 0 0 0 0 100 0 0 127 127 78 0 93 90 127 0 19 127 127 0 0 0 70
0 0 0 127 127 34 0 71.3051 37.161 36.572 57.7542 49.1721 43.5678 12.3941
50.3051 33.5127 39.7924 49.0458 0 18.4153 19.3602 0.0508475 127 81.8066
1 0 0 0 0 0 0 0 16 16 0 0 0 0 0 0 127 51 0;
egregore_data 0 0 127 0 0 127 0 0 0 0 0 0 0 0 0 127 38 0 127 0 0 0
0 0 0 0 0 0 0 100 0 0 127 127 78 0 93 90 127 0 19 127 127 0 0 0 70
0 0 0 127 127 34 0 71.1429 36.8487 36.3992 58.3361 49.6496 44.0168
12.4916 50.8235 33.2311 40.1723 49.1378 0 18.605 19.5504 0.0504202
127 81.8066 1 0 0 0 0 0 0 0 16 16 0 0 0 0 0 0 127 51 0;
egregore_data 0 0 127 0 0 127 0 0 0 0 0 0 0 0 0 127 38 0 127 0 0 0
0 0 0 0 0 0 0 100 0 0 127 127 78 0 93 90 127 0 19 127 127 0 0 0 70
0 0 0 127 127 34 0 71.1429 36.8487 36.3992 58.3361 49.6496 44.0168
12.4916 50.8235 33.2311 40.1723 49.1378 0 18.605 19.5504 0.0504202
127 81.8066 1 0 0 0 0 0 0 0 16 16 0 0 0 0 0 0 127 51 0;
egregore_data 0 0 127 0 0 127 0 0 0 0 0 0 0 0 0 127 38 0 127 0 0 0
0 0 0 0 0 0 0 100 0 0 127 127 78 0 93 90 127 0 19 127 127 0 0 0 70
0 0 0 127 127 34 0 71.1429 36.8487 36.3992 58.3361 49.6496 44.0168
12.4916 50.8235 33.2311 40.1723 49.1378 0 18.605 19.5504 0.0504202
127 81.8066 1 0 0 0 0 0 0 0 16 16 0 0 0 0 0 0 127 51 0;
egregore_data 0 0 127 0 0 127 0 0 0 0 0 0 0 0 0 127 38 0 127 0 0 0
0 0 0 0 0 0 0 100 0 0 127 127 78 0 93 90 127 0 19 127 127 0 0 0 70
0 0 0 127 127 34 0 71.1429 36.8487 36.3992 58.3361 49.6496 44.0168
12.4916 50.8235 33.2311 40.1723 49.1378 0 18.605 19.5504 0.0504202
127 81.8066 1 0 0 0 0 0 0 0 16 16 0 0 0 0 0 0 127 51 0;
egregore_data 0 0 127 0 0 127 0 0 0 0 0 0 0 0 0 127 38 0 127 0 0 0
0 0 0 0 0 0 0 100 0 0 127 127 78 0 93 90 127 0 19 127 127 0 0 0 70
0 0 0 127 127 34 0 71.1429 36.8487 36.3992 58.3361 49.6496 44.0168
12.4916 50.8235 33.2311 40.1723 49.1378 0 18.605 19.5504 0.0504202
127 81.8066 1 0 0 0 0 0 0 0 16 16 0 0 0 0 0 0 127 51 0;
egregore_data 0 0 127 0 0 127 0 0 0 0 0 0 0 0 0 127 38 0 127 0 0 0
0 0 0 0 0 0 0 100 0 0 127 127 78 0 93 90 127 0 19 127 127 0 0 0 70
0 0 0 127 127 34 0 70.9915 36.4237 36.1314 58.3559 49.0291 44.3898
11.5212 51.2542 33.0551 39.4364 49.5322 0 18.7627 19.3856 0.0169492
127 81.8066 1 0 0 0 0 0 0 0 16 16 0 0 0 0 0 0 127 51 0;
egregore_data 0 0 127 0 0 127 0 0 0 0 0 0 0 0 0 127 38 0 127 0 0 0
0 0 0 0 0 0 0 100 0 0 127 127 78 0 93 90 127 0 19 127 127 0 0 0 70
0 0 0 127 127 34 0 70.9915 36.4237 36.1314 58.3559 49.0291 44.3898
11.5212 51.2542 33.0551 39.4364 49.5322 0 18.7627 19.3856 0.0169492
127 81.8066 1 0 0 0 0 0 0 0 16 16 0 0 0 0 0 0 127 51 0;
egregore_data 0 0 127 0 0 127 0 0 0 0 0 0 0 0 0 127 38 0 127 0 0 0
0 0 0 0 0 0 0 100 0 0 127 127 78 0 93 90 127 0 19 127 127 0 0 0 70
0 0 0 127 127 34 0 70.9149 36.2085 35.9957 58.366 48.7149 44.5787 11.0298
51.4723 32.966 39.0638 49.7319 0 18.8426 19.3021 0 127 81.8066 1 0
0 0 0 0 0 0 16 16 0 0 0 0 0 0 127 51 0;
egregore_data 0 0 127 0 0 127 0 0 0 0 0 0 0 0 0 127 38 0 127 0 0 0
0 0 0 0 0 0 0 100 0 0 127 127 78 0 93 90 127 0 19 127 127 0 0 0 70
0 0 0 127 127 34 0 70.9149 36.2085 35.9957 58.366 48.7149 44.5787 11.0298
51.4723 32.966 39.0638 49.7319 0 18.8426 19.3021 0 127 81.8066 1 0
0 0 0 0 0 0 16 16 0 0 0 0 0 0 127 51 0;
egregore_data 0 0 127 0 0 127 0 0 0 0 0 0 0 0 0 127 38 0 127 0 0 0
0 0 0 0 0 0 0 100 0 0 127 127 78 0 93 90 127 0 19 127 127 0 0 0 70
0 0 0 127 127 34 0 70.9149 36.2085 35.9957 58.366 48.7149 44.5787 11.0298
51.4723 32.966 39.0638 49.7319 0 18.8426 19.3021 0 127 81.8066 1 0
0 0 0 0 0 0 16 16 0 0 0 0 0 0 127 51 0;
egregore_data 0 0 127 0 0 127 0 0 0 0 0 0 0 0 0 127 38 0 127 0 0 0
0 0 0 0 0 0 0 100 0 0 127 127 78 0 93 90 127 0 19 127 127 0 0 0 70
0 0 0 127 127 34 0 70.9149 36.2085 35.9957 58.366 48.7149 44.5787 11.0298
51.4723 32.966 39.0638 49.7319 0 18.8426 19.3021 0 127 81.8066 1 0
0 0 0 0 0 0 16 16 0 0 0 0 0 0 127 51 0;
egregore_data 0 0 127 0 0 127 0 0 0 0 0 0 0 0 0 127 38 0 127 0 0 0
0 0 0 0 0 0 0 100 0 0 127 127 78 0 93 90 127 0 19 127 127 0 0 0 70
0 0 0 127 127 34 0 70.8347 36.0551 35.911 58.6568 48.9576 44.8008 11.0847
51.7288 32.8263 39.2585 49.7754 0 18.9364 19.3983 0 127 81.8066 1 0
0 0 0 0 0 0 16 16 0 0 0 0 0 0 127 51 0;
egregore_data 0 0 127 0 0 127 0 0 0 0 0 0 0 0 0 127 38 0 127 0 0 0
0 0 0 0 0 0 0 100 0 0 127 127 78 0 93 90 127 0 19 127 127 0 0 0 70
0 0 0 127 127 34 0 70.8347 36.0551 35.911 58.6568 48.9576 44.8008 11.0847
51.7288 32.8263 39.2585 49.7754 0 18.9364 19.3983 0 127 81.8066 1 0
0 0 0 0 0 0 16 16 0 0 0 0 0 0 127 51 0;
egregore_data 0 0 127 0 0 127 0 0 0 0 0 0 0 0 0 127 38 0 127 0 0 0
0 0 0 0 0 0 0 100 0 0 127 127 78 0 93 90 127 0 19 127 127 0 0 0 70
0 0 0 127 127 34 0 70.8347 36.0551 35.911 58.6568 48.9576 44.8008 11.0847
51.7288 32.8263 39.2585 49.7754 0 18.9364 19.3983 0 127 81.8066 1 0
0 0 0 0 0 0 16 16 0 0 0 0 0 0 127 51 0;
egregore_data 0 0 127 0 0 127 0 0 0 0 0 0 0 0 0 127 38 0 127 0 0 0
0 0 0 0 0 0 0 100 0 0 127 127 78 0 93 90 127 0 19 127 127 0 0 0 70
0 0 0 127 127 34 0 70.8347 36.0551 35.911 58.6568 48.9576 44.8008 11.0847
51.7288 32.8263 39.2585 49.7754 0 18.9364 19.3983 0 127 81.8066 1 0
0 0 0 0 0 0 16 16 0 0 0 0 0 0 127 51 0;
egregore_data 0 0 127 0 0 127 0 0 0 0 0 0 0 0 0 127 38 0 127 0 0 0
0 0 0 0 0 0 0 100 0 0 127 127 78 0 93 90 127 0 19 127 127 0 0 0 70
0 0 0 127 127 34 0 70.7553 35.903 35.827 58.9451 49.1983 45.0211 11.1392
51.9831 32.6878 39.4515 49.8186 0 19.0295 19.4937 0 127 81.8066 1 0
0 0 0 0 0 0 16 16 0 0 0 0 0 0 127 51 0;
egregore_data 0 0 127 0 0 127 0 0 0 0 0 0 0 0 0 127 38 0 127 0 0 0
0 0 0 0 0 0 0 100 0 0 127 127 78 0 93 90 127 0 19 127 127 0 0 0 70
0 0 0 127 127 34 0 70.7553 35.903 35.827 58.9451 49.1983 45.0211 11.1392
51.9831 32.6878 39.4515 49.8186 0 19.0295 19.4937 0 127 81.8066 1 0
0 0 0 0 0 0 16 16 0 0 0 0 0 0 127 51 0;
egregore_data 0 0 127 0 0 127 0 0 0 0 0 0 0 0 0 127 38 0 127 0 0 0
0 0 0 0 0 0 0 100 0 0 127 127 78 0 93 90 127 0 19 127 127 0 0 0 70
0 0 0 127 127 34 0 70.6765 35.7521 35.7437 59.2311 49.437 45.2395 11.1933
52.2353 32.5504 39.6429 49.8613 0 19.1218 19.5882 0 127 81.8066 1 0
0 0 0 0 0 0 16 16 0 0 0 0 0 0 127 51 0;
egregore_data 0 0 127 0 0 127 0 0 0 0 0 0 0 0 0 127 38 0 127 0 0 0
0 0 0 0 0 0 0 100 0 0 127 127 78 0 93 90 127 0 19 127 127 0 0 0 70
0 0 0 127 127 34 0 70.6765 35.7521 35.7437 59.2311 49.437 45.2395 11.1933
52.2353 32.5504 39.6429 49.8613 0 19.1218 19.5882 0 127 81.8066 1 0
0 0 0 0 0 0 16 16 0 0 0 0 0 0 127 51 0;
egregore_data 0 0 127 0 0 127 0 0 0 0 0 0 0 0 0 127 38 0 127 0 0 0
0 0 0 0 0 0 0 100 0 0 127 127 78 0 93 90 127 0 19 127 127 0 0 0 70
0 0 0 127 127 34 0 70.5208 35.4542 35.5792 59.7958 49.9083 45.6708
11.3 52.7333 32.2792 40.0208 49.9458 0 19.3042 19.775 0 127 81.8066
1 0 0 0 0 0 0 0 16 16 0 0 0 0 0 0 127 51 0;
egregore_data 0 0 127 0 0 127 0 0 0 0 0 0 0 0 0 127 38 0 127 0 0 0
0 0 0 0 0 0 0 100 0 0 127 127 78 0 93 90 127 0 19 127 127 0 0 0 70
0 0 0 127 127 34 0 70.5208 35.4542 35.5792 59.7958 49.9083 45.6708
11.3 52.7333 32.2792 40.0208 49.9458 0 19.3042 19.775 0 127 81.8066
1 0 0 0 0 0 0 0 16 16 0 0 0 0 0 0 127 51 0;
egregore_data 0 0 127 0 0 127 0 0 0 0 0 0 0 0 0 127 38 0 127 0 0 0
0 0 0 0 0 0 0 100 0 0 127 127 78 0 93 90 127 0 19 127 127 0 0 0 70
0 0 0 127 127 34 0 70.5208 35.4542 35.5792 59.7958 49.9083 45.6708
11.3 52.7333 32.2792 40.0208 49.9458 0 19.3042 19.775 0 127 81.8066
1 0 0 0 0 0 0 0 16 16 0 0 0 0 0 0 127 51 0;
egregore_data 0 0 127 0 0 127 0 0 0 0 0 0 0 0 0 127 38 0 127 0 0 0
0 0 0 0 0 0 0 100 0 0 127 127 78 0 93 90 127 0 19 127 127 0 0 0 70
0 0 0 127 127 34 0 70.3678 35.1612 35.4174 60.3512 50.3719 46.095 11.405
53.2231 32.0124 40.3926 50.0289 0 19.4835 19.9587 0 127 81.8066 1 0
0 0 0 0 0 0 16 16 0 0 0 0 0 0 127 51 0;
egregore_data 0 0 127 0 0 127 0 0 0 0 0 0 0 0 0 127 38 0 127 0 0 0
0 0 0 0 0 0 0 100 0 0 127 127 78 0 93 90 127 0 19 127 127 0 0 0 70
0 0 0 127 127 34 0 70.3678 35.1612 35.4174 60.3512 50.3719 46.095 11.405
53.2231 32.0124 40.3926 50.0289 0 19.4835 19.9587 0 127 81.8066 1 0
0 0 0 0 0 0 16 16 0 0 0 0 0 0 127 51 0;
egregore_data 0 0 127 0 0 127 0 0 0 0 0 0 0 0 0 127 38 0 127 0 0 0
0 0 0 0 0 0 0 100 0 0 127 127 78 0 93 90 127 0 19 127 127 0 0 0 70
0 0 0 127 127 34 0 70.2922 35.0165 35.3374 60.6255 50.6008 46.3045
11.4568 53.465 31.8807 40.5761 50.07 0 19.572 20.0494 0 127 81.8066
1 0 0 0 0 0 0 0 16 16 0 0 0 0 0 0 127 51 0;
egregore_data 0 0 127 0 0 127 0 0 0 0 0 0 0 0 0 127 38 0 127 0 0 0
0 0 0 0 0 0 0 100 0 0 127 127 78 0 93 90 127 0 19 127 127 0 0 0 70
0 0 0 127 127 34 0 70.2922 35.0165 35.3374 60.6255 50.6008 46.3045
11.4568 53.465 31.8807 40.5761 50.07 0 19.572 20.0494 0 127 81.8066
1 0 0 0 0 0 0 0 16 16 0 0 0 0 0 0 127 51 0;
egregore_data 0 0 127 0 0 127 0 0 0 0 0 0 0 0 0 127 38 0 127 0 0 0
0 0 0 0 0 0 0 100 0 0 127 127 78 0 93 90 127 0 19 127 127 0 0 0 70
0 0 0 127 127 34 0 70.2172 34.8729 35.2582 60.8975 50.8279 46.5123
11.5082 53.7049 31.75 40.7582 50.1107 0 19.6598 20.1393 0 127 81.8066
1 0 0 0 0 0 0 0 16 16 0 0 0 0 0 0 127 51 0;
egregore_data 0 0 127 0 0 127 0 0 0 0 0 0 0 0 0 127 38 0 127 0 0 0
0 0 0 0 0 0 0 100 0 0 127 127 78 0 93 90 127 0 19 127 127 0 0 0 70
0 0 0 127 127 34 0 70.2172 34.8729 35.2582 60.8975 50.8279 46.5123
11.5082 53.7049 31.75 40.7582 50.1107 0 19.6598 20.1393 0 127 81.8066
1 0 0 0 0 0 0 0 16 16 0 0 0 0 0 0 127 51 0;
egregore_data 0 0 127 0 0 127 0 0 0 0 0 0 0 0 0 127 38 0 127 0 0 0
0 0 0 0 0 0 0 100 0 0 127 127 78 0 93 90 127 0 19 127 127 0 0 0 70
0 0 0 127 127 34 0 70.1429 34.7306 35.1796 61.1673 51.0531 46.7184
11.5592 53.9429 31.6204 40.9388 50.151 0 19.7469 20.2286 0 127 81.8066
1 0 0 0 0 0 0 0 16 16 0 0 0 0 0 0 127 51 0;
egregore_data 0 0 127 0 0 127 0 0 0 0 0 0 0 0 0 127 38 0 127 0 0 0
0 0 0 0 0 0 0 100 0 0 127 127 78 0 93 90 127 0 19 127 127 0 0 0 70
0 0 0 127 127 34 0 70.0691 34.5894 35.1016 61.435 51.2764 46.9228 11.6098
54.1789 31.4919 41.1179 50.1911 0 19.8333 20.3171 0 127 81.8066 1 0
0 0 0 0 0 0 16 16 0 0 0 0 0 0 127 51 0;
egregore_data 0 0 127 0 0 127 0 0 0 0 0 0 0 0 0 127 38 0 127 0 0 0
0 0 0 0 0 0 0 100 0 0 127 127 78 0 93 90 127 0 19 127 127 0 0 0 70
0 0 0 127 127 34 0 69.9234 34.3105 34.9476 61.9637 51.7177 47.3266
11.7097 54.6452 31.2379 41.4718 50.2702 0 20.004 20.4919 0 127 81.8066
1 0 0 0 0 0 0 0 16 16 0 0 0 0 0 0 127 51 0;
egregore_data 0 0 127 0 0 127 0 0 0 0 0 0 0 0 0 127 38 0 127 0 0 0
0 0 0 0 0 0 0 100 0 0 127 127 78 0 93 90 127 0 19 127 127 0 0 0 70
0 0 0 127 127 34 0 69.8514 34.1727 34.8715 62.2249 51.9357 47.5261
11.759 54.8755 31.1124 41.6466 50.3092 0 20.0884 20.5783 0 127 81.8066
1 0 0 0 0 0 0 0 16 16 0 0 0 0 0 0 127 51 0;
egregore_data 0 0 127 0 0 127 0 0 0 0 0 0 0 0 0 127 38 0 127 0 0 0
0 0 0 0 0 0 0 100 0 0 127 127 78 0 93 90 127 0 19 127 127 0 0 0 70
0 0 0 127 127 34 0 69.8514 34.1727 34.8715 62.2249 51.9357 47.5261
11.759 54.8755 31.1124 41.6466 50.3092 0 20.0884 20.5783 0 127 81.8066
1 0 0 0 0 0 0 0 16 16 0 0 0 0 0 0 127 51 0;
egregore_data 0 0 127 0 0 127 0 0 0 0 0 0 0 0 0 127 38 0 127 0 0 0
0 0 0 0 0 0 0 100 0 0 127 127 78 0 93 90 127 0 19 127 127 0 0 0 70
0 0 0 127 127 34 0 69.78 34.036 34.796 62.484 52.152 47.724 11.808
55.104 30.988 41.82 50.348 0 20.172 20.664 0 127 81.8066 1 0 0 0 0
0 0 0 16 16 0 0 0 0 0 0 127 51 0;
egregore_data 0 0 127 0 0 127 0 0 0 0 0 0 0 0 0 127 38 0 127 0 0 0
0 0 0 0 0 0 0 100 0 0 127 127 78 0 93 90 127 0 19 127 127 0 0 0 70
0 0 0 127 127 34 0 69.7092 33.9004 34.7211 62.741 52.3665 47.9203 11.8566
55.3307 30.8645 41.992 50.3865 0 20.255 20.749 0 127 81.8066 1 0 0
0 0 0 0 0 16 16 0 0 0 0 0 0 127 51 0;
egregore_data 0 0 127 0 0 127 0 0 0 0 0 0 0 0 0 127 38 0 127 0 0 0
0 0 0 0 0 0 0 100 0 0 127 127 78 0 93 90 127 0 19 127 127 0 0 0 70
0 0 0 127 127 34 0 69.7092 33.9004 34.7211 62.741 52.3665 47.9203 11.8566
55.3307 30.8645 41.992 50.3865 0 20.255 20.749 0 127 81.8066 1 0 0
0 0 0 0 0 16 16 0 0 0 0 0 0 127 51 0;
egregore_data 0 0 127 0 0 127 0 0 0 0 0 0 0 0 0 127 38 0 127 0 0 0
0 0 0 0 0 0 0 100 0 0 127 127 78 0 93 90 127 0 19 127 127 0 0 0 70
0 0 0 127 127 34 0 69.5 33.5 34.5 63.5 53 48.5 12 56 30.5 42.5 50.5
0 20.5 21 0 127 81.8066 1 0 0 0 0 0 0 0 16 16 0 0 0 0 0 0 127 51 0
;
egregore_data 0 0 127 0 0 127 0 0 0 0 0 0 0 0 0 127 38 0 127 0 0 0
0 0 0 0 0 0 0 100 0 0 127 127 78 0 93 90 127 0 19 127 127 0 0 0 70
0 0 0 127 127 34 0 69.5 33.5 34.5 63.5 53 48.5 12 56 30.5 42.5 50.5
0 20.5 21 0 127 81.8066 1 0 0 0 0 0 0 0 16 16 0 0 0 0 0 0 127 51 0
;
egregore_data 0 0 127 0 0 127 0 0 0 0 0 0 0 0 0 127 38 0 127 0 0 0
0 0 0 0 0 0 0 100 0 0 127 127 78 0 93 90 127 0 19 127 127 0 0 0 70
0 0 0 127 127 34 0 69.5 33.5 34.5 63.5 53 48.5 12 56 30.5 42.5 50.5
0 20.5 21 0 127 81.8066 1 0 0 0 0 0 0 0 16 16 0 0 0 0 0 0 127 51 0
;
egregore_data 0 0 127 0 0 127 0 0 0 0 0 0 0 0 0 127 38 0 127 0 0 0
0 0 0 0 0 0 0 100 0 0 127 127 78 0 93 90 127 0 19 127 127 0 0 0 70
0 0 0 127 127 34 0 69.5 33.5 34.5 63.5 53 48.5 12 56 30.5 42.5 50.5
0 20.5 21 0 127 81.8066 1 0 0 0 0 0 0 0 16 16 0 0 0 0 0 0 127 51 0
;
egregore_data 0 0 127 0 0 127 0 0 0 0 0 0 0 0 0 127 38 0 127 0 0 0
0 0 0 0 0 0 0 100 0 0 127 127 78 0 93 90 127 0 19 127 127 0 0 0 70
0 0 0 127 127 34 0 69.5 33.5 34.5 63.5 53 48.5 12 56 30.5 42.5 50.5
0 20.5 21 0 127 81.8066 1 0 0 0 0 0 0 0 16 16 0 0 0 0 0 0 127 51 0
;
egregore_data 0 0 127 0 0 127 0 0 0 0 0 0 0 0 0 127 38 0 127 0 0 0
0 0 0 0 0 0 0 100 0 0 127 127 78 0 93 90 127 0 19 127 127 0 0 0 70
0 0 0 127 127 34 0 69.5 33.5 34.5 63.5 53 48.5 12 56 30.5 42.5 50.5
0 20.5 21 0 127 81.8066 1 0 0 0 0 0 0 0 16 16 0 0 0 0 0 0 127 51 0
;
egregore_data 0 0 127 0 0 127 0 0 0 0 0 0 0 0 0 127 38 0 127 0 0 0
0 0 0 0 0 0 0 100 0 0 127 127 78 0 93 90 127 0 19 127 127 0 0 0 70
0 0 0 127 127 34 0 69.5 33.5 34.5 63.5 53 48.5 12 56 30.5 42.5 50.5
0 20.5 21 0 127 81.8066 1 0 0 0 0 0 0 0 16 16 0 0 0 0 0 0 127 51 0
;
egregore_data 0 0 127 0 0 127 0 0 0 0 0 0 0 0 0 127 38 0 127 0 0 0
0 0 0 0 0 0 0 100 0 0 127 127 78 0 93 90 127 0 19 127 127 0 0 0 70
0 0 0 127 127 34 0 69.5 33.5 34.5 63.5 53 48.5 12 56 30.5 42.5 50.5
0 20.5 21 0 127 81.8066 1 0 0 0 0 0 0 0 16 16 0 0 0 0 0 0 127 51 0
;
egregore_data 0 0 127 0 0 127 0 0 0 0 0 0 0 0 0 127 38 0 127 0 0 0
0 0 0 0 0 0 0 100 0 0 127 127 78 0 93 90 127 0 19 127 127 0 0 0 70
0 0 0 127 127 34 0 69.5 33.5 34.5 63.5 53 48.5 12 56 30.5 42.5 50.5
0 20.5 21 0 127 81.8066 1 0 0 0 0 0 0 0 16 16 0 0 0 0 0 0 127 51 0
;
egregore_data 0 0 127 0 0 127 0 0 0 0 0 0 0 0 0 127 38 0 127 0 0 0
0 0 0 0 0 0 0 100 0 0 127 127 78 0 93 90 127 0 19 127 127 0 0 0 70
0 0 0 127 127 34 0 69.5 33.5 34.5 63.5 53 48.5 12 56 30.5 42.5 50.5
0 20.5 21 0 127 81.8066 1 0 0 0 0 0 0 0 16 16 0 0 0 0 0 0 127 51 0
;
egregore_data 0 0 127 0 0 127 0 0 0 0 0 0 0 0 0 127 38 0 127 0 0 0
0 0 0 0 0 0 0 100 0 0 127 127 78 0 93 90 127 0 19 127 127 0 0 0 70
0 0 0 127 127 34 0 69.5 33.5 34.5 63.5 53 48.5 12 56 30.5 42.5 50.5
0 20.5 21 0 127 81.8066 1 0 0 0 0 0 0 0 16 16 0 0 0 0 0 0 127 51 0
;
egregore_data 0 0 127 0 0 127 0 0 0 0 0 0 0 0 0 127 38 0 127 0 0 0
0 0 0 0 0 0 0 100 0 0 127 127 78 0 93 90 127 0 19 127 127 0 0 0 70
0 0 0 127 127 34 0 69.5 33.5 34.5 63.5 53 48.5 12 56 30.5 42.5 50.5
0 20.5 21 0 127 81.8066 1 0 0 0 0 0 0 0 16 16 0 0 0 0 0 0 127 51 0
;
egregore_data 0 0 127 0 0 127 0 0 0 0 0 0 0 0 0 127 38 0 127 0 0 0
0 0 0 0 0 0 0 100 0 0 127 127 78 0 93 90 127 0 19 127 127 0 0 0 70
0 0 0 127 127 34 0 69.5 33.5 34.5 63.5 53 48.5 12 56 30.5 42.5 50.5
0 20.5 21 0 127 81.8066 1 0 0 0 0 0 0 0 16 16 0 0 0 0 0 0 127 51 0
;
egregore_data 0 0 127 0 0 127 0 0 0 0 0 0 0 0 0 127 38 0 127 0 0 0
0 0 0 0 0 0 0 100 0 0 127 127 78 0 93 90 127 0 19 127 127 0 0 0 70
0 0 0 127 127 34 0 69.5 33.5 34.5 63.5 53 48.5 12 56 30.5 42.5 50.5
0 20.5 21 0 127 81.8066 1 0 0 0 0 0 0 0 16 16 0 0 0 0 0 0 127 51 0
;
egregore_data 0 0 127 0 0 127 0 0 0 0 0 0 0 0 0 127 38 0 127 0 0 0
0 0 0 0 0 0 0 100 0 0 127 127 78 0 93 90 127 0 19 127 127 0 0 0 70
0 0 0 127 127 34 0 69.5 33.5 34.5 63.5 53 48.5 12 56 30.5 42.5 50.5
0 20.5 21 0 127 81.8066 1 0 0 0 0 0 0 0 16 16 0 0 0 0 0 0 127 51 0
;
egregore_data 0 0 127 0 0 127 0 0 0 0 0 0 0 0 0 127 38 0 127 0 0 0
0 0 0 0 0 0 0 100 0 0 127 127 78 0 93 90 127 0 19 127 127 0 0 0 70
0 0 0 127 127 34 0 69.5 33.5 34.5 63.5 53 48.5 12 56 30.5 42.5 50.5
0 20.5 21 0 127 81.8066 1 0 0 0 0 0 0 0 16 16 0 0 0 0 0 0 127 51 0
;
egregore_data 0 0 127 0 0 127 0 0 0 0 0 0 0 0 0 127 38 0 127 0 0 0
0 0 0 0 0 0 0 100 0 0 127 127 78 0 93 90 127 0 19 127 127 0 0 0 70
0 0 0 127 127 34 0 69.5 33.5 34.5 63.5 53 48.5 12 56 30.5 42.5 50.5
0 20.5 21 0 127 81.8066 1 0 0 0 0 0 0 0 16 16 0 0 0 0 0 0 127 51 0
;
egregore_data 0 0 127 0 0 127 0 0 0 0 0 0 0 0 0 127 38 0 127 0 0 0
0 0 0 0 0 0 0 100 0 0 127 127 78 0 93 90 127 0 19 127 127 0 0 0 70
0 0 0 127 127 34 0 69.5 33.5 34.5 63.5 53 48.5 12 56 30.5 42.5 50.5
0 20.5 21 0 127 81.8066 1 0 0 0 0 0 0 0 16 16 0 0 0 0 0 0 127 51 0
;
egregore_data 0 0 127 0 0 127 0 0 0 0 0 0 0 0 0 127 38 0 127 0 0 0
0 0 0 0 0 0 0 100 0 0 127 127 78 0 93 90 127 0 19 127 127 0 0 0 70
0 0 0 127 127 34 0 69.5 33.5 34.5 63.5 53 48.5 12 56 30.5 42.5 50.5
0 20.5 21 0 127 81.8066 1 0 0 0 0 0 0 0 16 16 0 0 0 0 0 0 127 51 0
;
egregore_data 0 0 127 0 0 127 0 0 0 0 0 0 0 0 0 127 38 0 127 0 0 0
0 0 0 0 0 0 0 100 0 0 127 127 78 0 93 90 127 0 19 127 127 0 0 0 70
0 0 0 127 127 34 0 69.5 33.5 34.5 63.5 53 48.5 12 56 30.5 42.5 50.5
0 20.5 21 0 127 81.8066 1 0 0 0 0 0 0 0 16 16 0 0 0 0 0 0 127 51 0
;
egregore_data 0 0 127 0 0 127 0 0 0 0 0 0 0 0 0 127 38 0 127 0 0 0
0 0 0 0 0 0 0 100 0 0 127 127 78 0 93 90 127 0 19 127 127 0 0 0 70
0 0 0 127 127 34 0 69.5 33.5 34.5 63.5 53 48.5 12 56 30.5 42.5 50.5
0 20.5 21 0 127 81.8066 1 0 0 0 0 0 0 0 16 16 0 0 0 0 0 0 127 51 0
;
egregore_data 0 0 127 0 0 127 0 0 0 0 0 0 0 0 0 127 38 0 127 0 0 0
0 0 0 0 0 0 0 100 0 0 127 127 78 0 93 90 127 0 19 127 127 0 0 0 70
0 0 0 127 127 34 0 69.5 33.5 34.5 63.5 53 48.5 12 56 30.5 42.5 50.5
0 20.5 21 0 127 81.8066 1 0 0 0 0 0 0 0 16 16 0 0 0 0 0 0 127 51 0
;
egregore_data 0 0 127 0 0 127 0 0 0 0 0 0 0 0 0 127 38 0 127 0 0 0
0 0 0 0 0 0 0 100 0 0 127 127 78 0 93 90 127 0 19 127 127 0 0 0 70
0 0 0 127 127 34 0 69.5 33.5 34.5 63.5 53 48.5 12 56 30.5 42.5 50.5
0 20.5 21 0 127 81.8066 1 0 0 0 0 0 0 0 16 16 0 0 0 0 0 0 127 51 0
;
egregore_data 0 0 127 0 0 127 0 0 0 0 0 0 0 0 0 127 38 0 127 0 0 0
0 0 0 0 0 0 0 100 0 0 127 127 78 0 93 90 127 0 19 127 127 0 0 0 70
0 0 0 127 127 34 0 69.5 33.5 34.5 63.5 53 48.5 12 56 30.5 42.5 50.5
0 20.5 21 0 127 81.8066 1 0 0 0 0 0 0 0 16 16 0 0 0 0 0 0 127 51 0
;
egregore_data 0 0 127 0 0 127 0 0 0 0 0 0 0 0 0 127 38 0 127 0 0 0
0 0 0 0 0 0 0 100 0 0 127 127 78 0 93 90 127 0 19 127 127 0 0 0 70
0 0 0 127 127 34 0 69.5 33.5 34.5 63.5 53 48.5 12 56 30.5 42.5 50.5
0 20.5 21 0 127 81.8066 1 0 0 0 0 0 0 0 16 16 0 0 0 0 0 0 127 51 0
;
egregore_data 0 0 127 0 0 127 0 0 0 0 0 0 0 0 0 127 38 0 127 0 0 0
0 0 0 0 0 0 0 100 0 0 127 127 78 0 93 90 127 0 19 127 127 0 0 0 70
0 0 0 127 127 34 0 69.5 33.5 34.5 63.5 53 48.5 12 56 30.5 42.5 50.5
0 20.5 21 0 127 81.8066 1 0 0 0 0 0 0 0 16 16 0 0 0 0 0 0 127 51 0
;
egregore_data 0 0 127 0 0 127 0 0 0 0 0 0 0 0 0 127 38 0 127 0 0 0
0 0 0 0 0 0 0 100 0 0 127 127 78 0 93 90 127 0 19 127 127 0 0 0 70
0 0 0 127 127 34 0 69.5 33.5 34.5 63.5 53 48.5 12 56 30.5 42.5 50.5
0 20.5 21 0 127 81.8066 1 0 0 0 0 0 0 0 16 16 0 0 0 0 0 0 127 51 0
;
egregore_data 0 0 127 0 0 127 0 0 0 0 0 0 0 0 0 127 38 0 127 0 0 0
0 0 0 0 0 0 0 100 0 0 127 127 78 0 93 90 127 0 19 127 127 0 0 0 70
0 0 0 127 127 34 0 69.5 33.5 34.5 63.5 53 48.5 12 56 30.5 42.5 50.5
0 20.5 21 0 127 81.8066 1 0 0 0 0 0 0 0 16 16 0 0 0 0 0 0 127 51 0
;
egregore_data 0 0 127 0 0 127 0 0 0 0 0 0 0 0 0 127 38 0 127 0 0 0
0 0 0 0 0 0 0 100 0 0 127 127 78 0 93 90 127 0 19 127 127 0 0 0 70
0 0 0 127 127 34 0 69.5 33.5 34.5 63.5 53 48.5 12 56 30.5 42.5 50.5
0 20.5 21 0 127 81.8066 1 0 0 0 0 0 0 0 16 16 0 0 0 0 0 0 127 51 0
;
egregore_data 0 0 127 0 0 127 0 0 0 0 0 0 0 0 0 127 38 0 127 0 0 0
0 0 0 0 0 0 0 100 0 0 127 127 78 0 93 90 127 0 19 127 127 0 0 0 70
0 0 0 127 127 34 0 69.5 33.5 34.5 63.5 53 48.5 12 56 30.5 42.5 50.5
0 20.5 21 0 127 81.8066 1 0 0 0 0 0 0 0 16 16 0 0 0 0 0 0 127 51 0
;
egregore_data 0 0 127 0 0 127 0 0 0 0 0 0 0 0 0 127 38 0 127 0 0 0
0 0 0 0 0 0 0 100 0 0 127 127 78 0 93 90 127 0 19 127 127 0 0 0 70
0 0 0 127 127 34 0 69.5 33.5 34.5 63.5 53 48.5 12 56 30.5 42.5 50.5
0 20.5 21 0 127 81.8066 1 0 0 0 0 0 0 0 16 16 0 0 0 0 0 0 127 51 0
;
egregore_data 0 0 127 0 0 127 0 0 0 0 0 0 0 0 0 127 38 0 127 0 0 0
0 0 0 0 0 0 0 100 0 0 127 127 78 0 93 90 127 0 19 127 127 0 0 0 70
0 0 0 127 127 34 0 69.5 33.5 34.5 63.5 53 48.5 12 56 30.5 42.5 50.5
0 20.5 21 0 127 81.8066 1 0 0 0 0 0 0 0 16 16 0 0 0 0 0 0 127 51 0
;
egregore_data 0 0 127 0 0 127 0 0 0 0 0 0 0 0 0 127 38 0 127 0 0 0
0 0 0 0 0 0 0 100 0 0 127 127 78 0 93 90 127 0 19 127 127 0 0 0 70
0 0 0 127 127 34 0 69.5 33.5 34.5 63.5 53 48.5 12 56 30.5 42.5 50.5
0 20.5 21 0 127 81.8066 1 0 0 0 0 0 0 0 16 16 0 0 0 0 0 0 127 51 0
;
egregore_data 0 0 127 0 0 127 0 0 0 0 0 0 0 0 0 127 38 0 127 0 0 0
0 0 0 0 0 0 0 100 0 0 127 127 78 0 93 90 127 0 19 127 127 0 0 0 70
0 0 0 127 127 34 0 69.5 33.5 34.5 63.5 53 48.5 12 56 30.5 42.5 50.5
0 20.5 21 0 127 81.8066 1 0 0 0 0 0 0 0 16 16 0 0 0 0 0 0 127 51 0
;
egregore_data 0 0 127 0 0 127 0 0 0 0 0 0 0 0 0 127 38 0 127 0 0 0
0 0 0 0 0 0 0 100 0 0 127 127 78 0 93 90 127 0 19 127 127 0 0 0 70
0 0 0 127 127 34 0 69.5 33.5 34.5 63.5 53 48.5 12 56 30.5 42.5 50.5
0 20.5 21 0 127 81.8066 1 0 0 0 0 0 0 0 16 16 0 0 0 0 0 0 127 51 0
;
egregore_data 0 0 127 0 0 127 0 0 0 0 0 0 0 0 0 127 38 0 127 0 0 0
0 0 0 0 0 0 0 100 0 0 127 127 78 0 93 90 127 0 19 127 127 0 0 0 70
0 0 0 127 127 34 0 69.5 33.5 34.5 63.5 53 48.5 12 56 30.5 42.5 50.5
0 20.5 21 0 127 81.8066 1 0 0 0 0 0 0 0 16 16 0 0 0 0 0 0 127 51 0
;
egregore_data 0 0 127 0 0 127 0 0 0 0 0 0 0 0 0 127 38 0 127 0 0 0
0 0 0 0 0 0 0 100 0 0 127 127 78 0 93 90 127 0 19 127 127 0 0 0 70
0 0 0 127 127 34 0 69.5 33.5 34.5 63.5 53 48.5 12 56 30.5 42.5 50.5
0 20.5 21 0 127 81.8066 1 0 0 0 0 0 0 0 16 16 0 0 0 0 0 0 127 51 0
;
egregore_data 0 0 127 0 0 127 0 0 0 0 0 0 0 0 0 127 38 0 127 0 0 0
0 0 0 0 0 0 0 100 0 0 127 127 78 0 93 90 127 0 19 127 127 0 0 0 70
0 0 0 127 127 34 0 69.5 33.5 34.5 63.5 53 48.5 12 56 30.5 42.5 50.5
0 20.5 21 0 127 81.8066 1 0 0 0 0 0 0 0 16 16 0 0 0 0 0 0 127 51 0
;
egregore_data 0 0 127 0 0 127 0 0 0 0 0 0 0 0 0 127 38 0 127 0 0 0
0 0 0 0 0 0 0 100 0 0 127 127 78 0 93 90 127 0 19 127 127 0 0 0 70
0 0 0 127 127 34 0 69.5 33.5 34.5 63.5 53 48.5 12 56 30.5 42.5 50.5
0 20.5 21 0 127 81.8066 1 0 0 0 0 0 0 0 16 16 0 0 0 0 0 0 127 51 0
;
egregore_data 0 0 127 0 0 127 0 0 0 0 0 0 0 0 0 127 38 0 127 0 0 0
0 0 0 0 0 0 0 100 0 0 127 127 78 0 93 90 127 0 19 127 127 0 0 0 70
0 0 0 127 127 34 0 69.5 33.5 34.5 63.5 53 48.5 12 56 30.5 42.5 50.5
0 20.5 21 0 127 81.8066 1 0 0 0 0 0 0 0 16 16 0 0 0 0 0 0 127 51 0
;
egregore_data 0 0 127 0 0 127 0 0 0 0 0 0 0 0 0 127 38 0 127 0 0 0
0 0 0 0 0 0 0 100 0 0 127 127 78 0 93 90 127 0 19 127 127 0 0 0 70
0 0 0 127 127 34 0 69.5 33.5 34.5 63.5 53 48.5 12 56 30.5 42.5 50.5
0 20.5 21 0 127 81.8066 1 0 0 0 0 0 0 0 16 16 0 0 0 0 0 0 127 51 0
;
egregore_data 0 0 127 0 0 127 0 0 0 0 0 0 0 0 0 127 38 0 127 0 0 0
0 0 0 0 0 0 0 100 0 0 127 127 78 0 93 90 127 0 19 127 127 0 0 0 70
0 0 0 127 127 34 0 69.5 33.5 34.5 63.5 53 48.5 12 56 30.5 42.5 50.5
0 20.5 21 0 127 81.8066 1 0 0 0 0 0 0 0 16 16 0 0 0 0 0 0 127 51 0
;
egregore_data 0 0 127 0 0 127 0 0 0 0 0 0 0 0 0 127 38 0 127 0 0 0
0 0 0 0 0 0 0 100 0 0 127 127 78 0 93 90 127 0 19 127 127 0 0 0 70
0 0 0 127 127 34 0 69.5 33.5 34.5 63.5 53 48.5 12 56 30.5 42.5 50.5
0 20.5 21 0 127 81.8066 1 0 0 0 0 0 0 0 16 16 0 0 0 0 0 0 127 51 0
;
egregore_data 0 0 127 0 0 127 0 0 0 0 0 0 0 0 0 127 38 0 127 0 0 0
0 0 0 0 0 0 0 100 0 0 127 127 78 0 93 90 127 0 19 127 127 0 0 0 70
0 0 0 127 127 34 0 69.5 33.5 34.5 63.5 53 48.5 12 56 30.5 42.5 50.5
0 20.5 21 0 127 81.8066 1 0 0 0 0 0 0 0 16 16 0 0 0 0 0 0 127 51 0
;
END;
