HTTP/1.1 200 OK
Date: Thu, 28 May 2015 12:31:09 GMT
Server: Apache
Last-Modified: Wed, 27 May 2015 19:06:12 GMT
Accept-Ranges: bytes
Content-Length: 24673
Vary: Accept-Encoding
Connection: close
Content-Type: text/plain

chdh_egregore_live_data;
egregore_data 62 42 0 0 0 71 0 0 0 0 0 0 0 0 0 127 38 1 0 59.4488 0
0 0 0 0 0 0 0 17.0079 111 0 0 52.126 127 78 1 0 0 127 0 0 30 127 0
0 0 70 0 0 0 0 127 34 0 53 99 83 0 0 0 0 32 0 0 21 0 40 0 0 127 88
0 0 0 0 0 0 0 0 16 16 0 0 0 0 0 0 127 51 0;
egregore_data 61 42 0 0 0 71 0 0 0 0 0 0 0 0 0 127 38 1 0 59.4488 0
0 0 0 0 0 0 0 17.0079 111 0 0 52.126 127 78 1 0 0 127 0 0 30 127 0
0 0 70 0 0 0 0 127 34 0 53 99 83 0 0 0 0 32 0 0 21 0 40 0 0 127 88
0 0 0 0 0 0 0 0 16 16 0 0 0 0 0 0 127 51 0;
egregore_data 60 42 0 0 0 71 0 0 0 0 0 0 0 0 0 127 38 1 0 59.4488 0
0 0 0 0 0 0 0 17.0079 111 0 0 52.126 127 78 1 0 0 127 0 0 30 127 0
0 0 70 0 0 0 0 127 34 0 53 99 83 0 0 0 0 32 0 0 21 0 40 0 0 127 88
0 0 0 0 0 0 0 0 16 16 0 0 0 0 0 0 127 51 0;
egregore_data 60 42 0 0 0 71 0 0 0 0 0 0 0 0 0 127 38 1 0 59.4488 0
0 0 0 0 0 0 0 17.0079 111 0 0 52.126 127 78 1 0 0 127 0 0 30 127 0
0 0 70 0 0 0 0 127 34 0 53 99 83 0 0 0 0 32 0 0 21 0 40 0 0 127 88
0 0 0 0 0 0 0 0 16 16 0 0 0 0 0 0 127 51 0;
egregore_data 60 42 0 0 0 71 0 0 0 0 0 0 0 0 0 127 38 1 0 59.4488 0
0 0 0 0 0 0 0 17.0079 111 0 0 52.126 127 78 1 0 0 127 0 0 30 127 0
0 0 70 0 0 0 0 127 34 0 53 99 83 0 0 0 0 32 0 0 21 0 40 0 0 127 88
0 0 0 0 0 0 0 0 16 16 0 0 0 0 0 0 127 51 0;
egregore_data 59 42 0 0 0 71 0 0 0 0 0 0 0 0 0 127 38 1 0 59.248 0
0 0 0 0 0 0 0 18.3465 111 0 0 52.2933 127 78 1 0 0 127 0 0 30 127 0
0 0 70 0 0 0 0 127 34 0 53 99 83 0 0 0 0 32 0 0 21 0 40 0 0 127 88
0 0 0 0 0 0 0 0 16 16 0 0 0 0 0 0 127 51 0;
egregore_data 59 42 0 0 0 71 0 0 0 0 0 0 0 0 0 127 38 1 0 59.248 0
0 0 0 0 0 0 0 18.3465 111 0 0 52.2933 127 78 1 0 0 127 0 0 30 127 0
0 0 70 0 0 0 0 127 34 0 53 99 83 0 0 0 0 32 0 0 21 0 40 0 0 127 88
0 0 0 0 0 0 0 0 16 16 0 0 0 0 0 0 127 51 0;
egregore_data 59 42 0 0 0 71 0 0 0 0 0 0 0 0 0 127 38 1 0 59.248 0
0 0 0 0 0 0 0 18.3465 111 0 0 52.2933 127 78 1 0 0 127 0 0 30 127 0
0 0 70 0 0 0 0 127 34 0 53 99 83 0 0 0 0 32 0 0 21 0 40 0 0 127 88
0 0 0 0 0 0 0 0 16 16 0 0 0 0 0 0 127 51 0;
egregore_data 59 42 0 0 0 71 0 0 0 0 0 0 0 0 0 127 38 1 0 59.248 0
0 0 0 0 0 0 0 18.3465 111 0 0 52.2933 127 78 1 0 0 127 0 0 30 127 0
0 0 70 0 0 0 0 127 34 0 53 99 83 0 0 0 0 32 0 0 21 0 40 0 0 127 88
0 0 0 0 0 0 0 0 16 16 0 0 0 0 0 0 127 51 0;
egregore_data 59 42 0 0 0 71 0 0 0 0 0 0 0 0 0 127 38 1 0 59.248 0
0 0 0 0 0 0 0 18.3465 111 0 0 52.2933 127 78 1 0 0 127 0 0 30 127 0
0 0 70 0 0 0 0 127 34 0 53 99 83 0 0 0 0 32 0 0 21 0 40 0 0 127 88
0 0 0 0 0 0 0 0 16 16 0 0 0 0 0 0 127 51 0;
egregore_data 59 42 0 0 0 71 0 0 0 0 0 0 0 0 0 127 38 1 0 59.248 0
0 0 0 0 0 0 0 18.3465 111 0 0 52.2933 127 78 1 0 0 127 0 0 30 127 0
0 0 70 0 0 0 0 127 34 0 53 99 83 0 0 0 0 32 0 0 21 0 40 0 0 127 88
0 0 0 0 0 0 0 0 16 16 0 0 0 0 0 0 127 51 0;
egregore_data 59 42 0 0 0 72 0 0 0 0 0 0 0 0 0 127 38 1 0 59.248 0
0 0 0 0 0 0 0 18.3465 111 0 0 52.2933 127 78 1 0 0 127 0 0 30 127 0
0 0 70 0 0 0 0 127 34 0 53 99 83 0 0 0 0 32 0 0 21 0 40 0 0 127 88
0 0 0 0 0 0 0 0 16 16 0 0 0 0 0 0 127 51 0;
egregore_data 59 42 0 0 0 72 0 0 0 0 0 0 0 0 0 127 38 1 0 59.248 0
0 0 0 0 0 0 0 18.3465 111 0 0 52.2933 127 78 1 0 0 127 0 0 30 127 0
0 0 70 0 0 0 0 127 34 0 53 99 83 0 0 0 0 32 0 0 21 0 40 0 0 127 88
0 0 0 0 0 0 0 0 16 16 0 0 0 0 0 0 127 51 0;
egregore_data 59 42 0 0 0 72 0 0 0 0 0 0 0 0 0 127 38 1 0 59.0472 0
0 0 0 0 0 0 0 19.685 111 0 0 52.4606 127 78 1 0 0 127 0 0 30 127 0
0 0 70 0 0 0 0 127 34 0 53 99 83 0 0 0 0 32 0 0 21 0 40 0 0 127 88
0 0 0 0 0 0 0 0 16 16 0 0 0 0 0 0 127 51 0;
egregore_data 59 42 0 0 0 72 0 0 0 0 0 0 0 0 0 127 38 1 0 59.0472 0
0 0 0 0 0 0 0 19.685 111 0 0 52.4606 127 78 1 0 0 127 0 0 30 127 0
0 0 70 0 0 0 0 127 34 0 53 99 83 0 0 0 0 32 0 0 21 0 40 0 0 127 88
0 0 0 0 0 0 0 0 16 16 0 0 0 0 0 0 127 51 0;
egregore_data 59 42 0 0 0 72 0 0 0 0 0 0 0 0 0 127 38 1 0 59.0472 0
0 0 0 0 0 0 0 19.685 111 0 0 52.4606 127 78 1 0 0 127 0 0 30 127 0
0 0 70 0 0 0 0 127 34 0 53 99 83 0 0 0 0 32 0 0 21 0 40 0 0 127 88
0 0 0 0 0 0 0 0 16 16 0 0 0 0 0 0 127 51 0;
egregore_data 59 42 0 0 0 73 0 0 0 0 0 0 0 0 0 127 38 1 0 59.0472 0
0 0 0 0 0 0 0 19.685 111 0 0 52.4606 127 78 1 0 0 127 0 0 30 127 0
0 0 70 0 0 0 0 127 34 0 53 99 83 0 0 0 0 32 0 0 21 0 40 0 0 127 88
0 0 0 0 0 0 0 0 16 16 0 0 0 0 0 0 127 51 0;
egregore_data 59 42 0 0 0 73 0 0 0 0 0 0 0 0 0 127 38 1 0 59.0472 0
0 0 0 0 0 0 0 19.685 111 0 0 52.4606 127 78 1 0 0 127 0 0 30 127 0
0 0 70 0 0 0 0 127 34 0 53 99 83 0 0 0 0 32 0 0 21 0 40 0 0 127 88
0 0 0 0 0 0 0 0 16 16 0 0 0 0 0 0 127 51 0;
egregore_data 59 42 0 0 0 73 0 0 0 0 0 0 0 0 0 127 38 1 0 59.0472 0
0 0 0 0 0 0 0 19.685 111 0 0 52.4606 127 78 1 0 0 127 0 0 30 127 0
0 0 70 0 0 0 0 127 34 0 53 99 83 0 0 0 0 32 0 0 21 0 40 0 0 127 88
0 0 0 0 0 0 0 0 16 16 0 0 0 0 0 0 127 51 0;
egregore_data 59 42 0 0 0 73 0 0 0 0 0 0 0 0 0 127 38 1 0 59.0472 0
0 0 0 0 0 0 0 19.685 111 0 0 52.4606 127 78 1 0 0 127 0 0 30 127 0
0 0 70 0 0 0 0 127 34 0 53 99 83 0 0 0 0 32 0 0 21 0 40 0 0 127 88
0 0 0 0 0 0 0 0 16 16 0 0 0 0 0 0 127 51 0;
egregore_data 59 42 0 0 0 73 0 0 0 0 0 0 0 0 0 127 38 1 0 59.0472 0
0 0 0 0 0 0 0 19.685 111 0 0 52.4606 127 78 1 0 0 127 0 0 30 127 0
0 0 70 0 0 0 0 127 34 0 53 99 83 0 0 0 0 32 0 0 21 0 40 0 0 127 88
0 0 0 0 0 0 0 0 16 16 0 0 0 0 0 0 127 51 0;
egregore_data 59 42 0 0 0 73 0 0 0 0 0 0 0 0 0 127 38 1 0 59.0472 0
0 0 0 0 0 0 0 19.685 111 0 0 52.4606 127 78 1 0 0 127 0 0 30 127 0
0 0 70 0 0 0 0 127 34 0 53 99 83 0 0 0 0 32 0 0 21 0 40 0 0 127 88
0 0 0 0 0 0 0 0 16 16 0 0 0 0 0 0 127 51 0;
egregore_data 59 42 0 0 0 73 0 0 0 0 0 0 0 0 0 127 38 1 0 59.0472 0
0 0 0 0 0 0 0 19.685 111 0 0 52.4606 127 78 1 0 0 127 0 0 30 127 0
0 0 70 0 0 0 0 127 34 0 53 99 83 0 0 0 0 32 0 0 21 0 40 0 0 127 88
0 0 0 0 0 0 0 0 16 16 0 0 0 0 0 0 127 51 0;
egregore_data 59 42 0 0 0 73 0 0 0 0 0 0 0 0 0 127 38 1 0 59.0472 0
0 0 0 0 0 0 0 19.685 111 0 0 52.4606 127 78 1 0 0 127 0 0 30 127 0
0 0 70 0 0 0 0 127 34 0 53 99 83 0 0 0 0 32 0 0 21 0 40 0 0 127 88
0 0 0 0 0 0 0 0 16 16 0 0 0 0 0 0 127 51 0;
egregore_data 59 42 0 0 0 73 0 0 0 0 0 0 0 0 0 127 38 1 0 59.0472 0
0 0 0 0 0 0 0 19.685 111 0 0 52.4606 127 78 1 0 0 127 0 0 30 127 0
0 0 70 0 0 0 0 127 34 0 53 99 83 0 0 0 0 32 0 0 21 0 40 0 0 127 88
0 0 0 0 0 0 0 0 16 16 0 0 0 0 0 0 127 51 0;
egregore_data 59 42 0 0 0 73 0 0 0 0 0 0 0 0 0 127 38 1 0 59.0472 0
0 0 0 0 0 0 0 19.685 111 0 0 52.4606 127 78 1 0 0 127 0 0 30 127 0
0 0 70 0 0 0 0 127 34 0 53 99 83 0 0 0 0 32 0 0 21 0 40 0 0 127 88
0 0 0 0 0 0 0 0 16 16 0 0 0 0 0 0 127 51 0;
egregore_data 59 42 0 0 0 73 0 0 0 0 0 0 0 0 0 127 38 1 0 59.0472 0
0 0 0 0 0 0 0 19.685 111 0 0 52.4606 127 78 1 0 0 127 0 0 30 127 0
0 0 70 0 0 0 0 127 34 0 53 99 83 0 0 0 0 32 0 0 21 0 40 0 0 127 88
0 0 0 0 0 0 0 0 16 16 0 0 0 0 0 0 127 51 0;
egregore_data 59 41 0 0 0 73 0 0 0 0 0 0 0 0 0 127 38 1 0 58.8465 0
0 0 0 0 0 0 0 21.0236 111 0 0 52.628 127 78 1 0 0 127 0 0 30 127 0
0 0 70 0 0 0 0 127 34 0 53 99 83 0 0 0 0 32 0 0 21 0 40 0 0 127 88
0 0 0 0 0 0 0 0 16 16 0 0 0 0 0 0 127 51 0;
egregore_data 59 41 0 0 0 73 0 0 0 0 0 0 0 0 0 127 38 1 0 58.8465 0
0 0 0 0 0 0 0 21.0236 111 0 0 52.628 127 78 1 0 0 127 0 0 30 127 0
0 0 70 0 0 0 0 127 34 0 53 99 83 0 0 0 0 32 0 0 21 0 40 0 0 127 88
0 0 0 0 0 0 0 0 16 16 0 0 0 0 0 0 127 51 0;
egregore_data 59 41 0 0 0 73 0 0 0 0 0 0 0 0 0 127 38 1 0 58.8465 0
0 0 0 0 0 0 0 21.0236 111 0 0 52.628 127 78 1 0 0 127 0 0 30 127 0
0 0 70 0 0 0 0 127 34 0 53 99 83 0 0 0 0 32 0 0 21 0 40 0 0 127 88
0 0 0 0 0 0 0 0 16 16 0 0 0 0 0 0 127 51 0;
egregore_data 59 41 0 0 0 73 0 0 0 0 0 0 0 0 0 127 38 1 0 58.8465 0
0 0 0 0 0 0 0 21.0236 111 0 0 52.628 127 78 1 0 0 127 0 0 30 127 0
0 0 70 0 0 0 0 127 34 0 53 99 83 0 0 0 0 32 0 0 21 0 40 0 0 127 88
0 0 0 0 0 0 0 0 16 16 0 0 0 0 0 0 127 51 0;
egregore_data 59 41 0 0 0 73 0 0 0 0 0 0 0 0 0 127 38 1 0 58.8465 0
0 0 0 0 0 0 0 21.0236 111 0 0 52.628 127 78 1 0 0 127 0 0 30 127 0
0 0 70 0 0 0 0 127 34 0 53 99 83 0 0 0 0 32 0 0 21 0 40 0 0 127 88
0 0 0 0 0 0 0 0 16 16 0 0 0 0 0 0 127 51 0;
egregore_data 59 41 0 0 0 73 0 0 0 0 0 0 0 0 0 127 38 1 0 58.8465 0
0 0 0 0 0 0 0 21.0236 111 0 0 52.628 127 78 1 0 0 127 0 0 30 127 0
0 0 70 0 0 0 0 127 34 0 53 99 83 0 0 0 0 32 0 0 21 0 40 0 0 127 88
0 0 0 0 0 0 0 0 16 16 0 0 0 0 0 0 127 51 0;
egregore_data 59 41 0 0 0 73 0 0 0 0 0 0 0 0 0 127 38 1 0 58.8465 0
0 0 0 0 0 0 0 21.0236 111 0 0 52.628 127 78 1 0 0 127 0 0 30 127 0
0 0 70 0 0 0 0 127 34 0 53 99 83 0 0 0 0 32 0 0 21 0 40 0 0 127 88
0 0 0 0 0 0 0 0 16 16 0 0 0 0 0 0 127 51 0;
egregore_data 59 41 0 0 0 73 0 0 0 0 0 0 0 0 0 127 38 1 0 58.8465 0
0 0 0 0 0 0 0 21.0236 111 0 0 52.628 127 78 1 0 0 127 0 0 30 127 0
0 0 70 0 0 0 0 127 34 0 53 99 83 0 0 0 0 32 0 0 21 0 40 0 0 127 88
0 0 0 0 0 0 0 0 16 16 0 0 0 0 0 0 127 51 0;
egregore_data 59 41 0 0 0 74 0 0 0 0 0 0 0 0 0 127 38 1 0 58.8465 0
0 0 0 0 0 0 0 21.0236 111 0 0 52.628 127 78 1 0 0 127 0 0 30 127 0
0 0 70 0 0 0 0 127 34 0 53 99 83 0 0 0 0 32 0 0 21 0 40 0 0 127 88
0 0 0 0 0 0 0 0 16 16 0 0 0 0 0 0 127 51 0;
egregore_data 59 41 0 0 0 74 0 0 0 0 0 0 0 0 0 127 38 1 0 58.8465 0
0 0 0 0 0 0 0 21.0236 111 0 0 52.628 127 78 1 0 0 127 0 0 30 127 0
0 0 70 0 0 0 0 127 34 0 53 99 83 0 0 0 0 32 0 0 21 0 40 0 0 127 88
0 0 0 0 0 0 0 0 16 16 0 0 0 0 0 0 127 51 0;
egregore_data 59 41 0 0 0 74 0 0 0 0 0 0 0 0 0 127 38 1 0 58.8465 0
0 0 0 0 0 0 0 21.0236 111 0 0 52.628 127 78 1 0 0 127 0 0 30 127 0
0 0 70 0 0 0 0 127 34 0 53 99 83 0 0 0 0 32 0 0 21 0 40 0 0 127 88
0 0 0 0 0 0 0 0 16 16 0 0 0 0 0 0 127 51 0;
egregore_data 59 41 0 0 0 74 0 0 0 0 0 0 0 0 0 127 38 1 0 58.8465 0
0 0 0 0 0 0 0 21.0236 111 0 0 52.628 127 78 1 0 0 127 0 0 30 127 0
0 0 70 0 0 0 0 127 34 0 53 99 83 0 0 0 0 32 0 0 21 0 40 0 0 127 88
0 0 0 0 0 0 0 0 16 16 0 0 0 0 0 0 127 51 0;
egregore_data 59 41 0 0 0 74 0 0 0 0 0 0 0 0 0 127 38 1 0 58.8465 0
0 0 0 0 0 0 0 21.0236 111 0 0 52.628 127 78 1 0 0 127 0 0 30 127 0
0 0 70 0 0 0 0 127 34 0 53 99 83 0 0 0 0 32 0 0 21 0 40 0 0 127 88
0 0 0 0 0 0 0 0 16 16 0 0 0 0 0 0 127 51 0;
egregore_data 59 41 0 0 0 74 0 0 0 0 0 0 0 0 0 127 38 1 0 58.8465 0
0 0 0 0 0 0 0 21.0236 111 0 0 52.628 127 78 1 0 0 127 0 0 30 127 0
0 0 70 0 0 0 0 127 34 0 53 99 83 0 0 0 0 32 0 0 21 0 40 0 0 127 88
0 0 0 0 0 0 0 0 16 16 0 0 0 0 0 0 127 51 0;
egregore_data 59 41 0 0 0 74 0 0 0 0 0 0 0 0 0 127 38 1 0 58.8465 0
0 0 0 0 0 0 0 21.0236 111 0 0 52.628 127 78 1 0 0 127 0 0 30 127 0
0 0 70 0 0 0 0 127 34 0 53 99 83 0 0 0 0 32 0 0 21 0 40 0 0 127 88
0 0 0 0 0 0 0 0 16 16 0 0 0 0 0 0 127 51 0;
egregore_data 59 41 0 0 0 74 0 0 0 0 0 0 0 0 0 127 38 1 0 58.8465 0
0 0 0 0 0 0 0 21.0236 111 0 0 52.628 127 78 1 0 0 127 0 0 30 127 0
0 0 70 0 0 0 0 127 34 0 53 99 83 0 0 0 0 32 0 0 21 0 40 0 0 127 88
0 0 0 0 0 0 0 0 16 16 0 0 0 0 0 0 127 51 0;
egregore_data 59 41 0 0 0 74 0 0 0 0 0 0 0 0 0 127 38 1 0 58.8465 0
0 0 0 0 0 0 0 21.0236 111 0 0 52.628 127 78 1 0 0 127 0 0 30 127 0
0 0 70 0 0 0 0 127 34 0 53 99 83 0 0 0 0 32 0 0 21 0 40 0 0 127 88
0 0 0 0 0 0 0 0 16 16 0 0 0 0 0 0 127 51 0;
egregore_data 59 41 0 0 0 74 0 0 0 0 0 0 0 0 0 127 38 1 0 58.8465 0
0 0 0 0 0 0 0 21.0236 111 0 0 52.628 127 78 1 0 0 127 0 0 30 127 0
0 0 70 0 0 0 0 127 34 0 53 99 83 0 0 0 0 32 0 0 21 0 40 0 0 127 88
0 0 0 0 0 0 0 0 16 16 0 0 0 0 0 0 127 51 0;
egregore_data 59 41 0 0 0 74 0 0 0 0 0 0 0 0 0 127 38 1 0 58.8465 0
0 0 0 0 0 0 0 21.0236 111 0 0 52.628 127 78 1 0 0 127 0 0 30 127 0
0 0 70 0 0 0 0 127 34 0 53 99 83 0 0 0 0 32 0 0 21 0 40 0 0 127 88
0 0 0 0 0 0 0 0 16 16 0 0 0 0 0 0 127 51 0;
egregore_data 59 41 0 0 0 74 0 0 0 0 0 0 0 0 0 127 38 1 0 58.8465 0
0 0 0 0 0 0 0 21.0236 111 0 0 52.628 127 78 1 0 0 127 0 0 30 127 0
0 0 70 0 0 0 0 127 34 0 53 99 83 0 0 0 0 32 0 0 21 0 40 0 0 127 88
0 0 0 0 0 0 0 0 16 16 0 0 0 0 0 0 127 51 0;
egregore_data 59 41 0 0 0 74 0 0 0 0 0 0 0 0 0 127 38 1 0 58.8465 0
0 0 0 0 0 0 0 21.0236 111 0 0 52.628 127 78 1 0 0 127 0 0 30 127 0
0 0 70 0 0 0 0 127 34 0 53 99 83 0 0 0 0 32 0 0 21 0 40 0 0 127 88
0 0 0 0 0 0 0 0 16 16 0 0 0 0 0 0 127 51 0;
egregore_data 59 41 0 0 0 74 0 0 0 0 0 0 0 0 0 127 38 1 0 58.8465 0
0 0 0 0 0 0 0 21.0236 111 0 0 52.628 127 78 1 0 0 127 0 0 30 127 0
0 0 70 0 0 0 0 127 34 0 53 99 83 0 0 0 0 32 0 0 21 0 40 0 0 127 88
0 0 0 0 0 0 0 0 16 16 0 0 0 0 0 0 127 51 0;
egregore_data 59 41 0 0 0 75 0 0 0 0 0 0 0 0 0 127 38 1 0 58.8465 0
0 0 0 0 0 0 0 21.0236 111 0 0 52.628 127 78 1 0 0 127 0 0 30 127 0
0 0 70 0 0 0 0 127 34 0 53 99 83 0 0 0 0 32 0 0 21 0 40 0 0 127 88
0 0 0 0 0 0 0 0 16 16 0 0 0 0 0 0 127 51 0;
egregore_data 59 41 0 0 0 75 0 0 0 0 0 0 0 0 0 127 38 1 0 58.8465 0
0 0 0 0 0 0 0 21.0236 111 0 0 52.628 127 78 1 0 0 127 0 0 30 127 0
0 0 70 0 0 0 0 127 34 0 53 99 83 0 0 0 0 32 0 0 21 0 40 0 0 127 88
0 0 0 0 0 0 0 0 16 16 0 0 0 0 0 0 127 51 0;
egregore_data 59 41 0 0 0 77 0 0 0 0 0 0 0 0 0 127 38 1 0 58.8465 0
0 0 0 0 0 0 0 21.0236 111 0 0 52.628 127 78 1 0 0 127 0 0 30 127 0
0 0 70 0 0 0 0 127 34 0 53 99 83 0 0 0 0 32 0 0 21 0 40 0 0 127 88
0 0 0 0 0 0 0 0 16 16 0 0 0 0 0 0 127 51 0;
egregore_data 59 41 0 0 0 77 0 0 0 0 0 0 0 0 0 127 38 1 0 58.4449 0
0 0 0 0 0 0 0 23.7008 111 0 0 52.9626 127 78 1 0 0 127 0 0 30 127 0
0 0 70 0 0 0 0 127 34 0 53 99 83 0 0 0 0 32 0 0 21 0 40 0 0 127 88
0 0 0 0 0 0 0 0 16 16 0 0 0 0 0 0 127 51 0;
egregore_data 59 41 0 0 0 77 0 0 0 0 0 0 0 0 0 127 38 1 0 58.4449 0
0 0 0 0 0 0 0 23.7008 111 0 0 52.9626 127 78 1 0 0 127 0 0 30 127 0
0 0 70 0 0 0 0 127 34 0 53 99 83 0 0 0 0 32 0 0 21 0 40 0 0 127 88
0 0 0 0 0 0 0 0 16 16 0 0 0 0 0 0 127 51 0;
egregore_data 59 41 0 0 0 77 0 0 0 0 0 0 0 0 0 127 38 1 0 58.4449 0
0 0 0 0 0 0 0 23.7008 111 0 0 52.9626 127 78 1 0 0 127 0 0 30 127 0
0 0 70 0 0 0 0 127 34 0 53 99 83 0 0 0 0 32 0 0 21 0 40 0 0 127 88
0 0 0 0 0 0 0 0 16 16 0 0 0 0 0 0 127 51 0;
egregore_data 59 41 0 0 0 77 0 0 0 0 0 0 0 0 0 127 38 1 0 58.4449 0
0 0 0 0 0 0 0 23.7008 111 0 0 52.9626 127 78 1 0 0 127 0 0 30 127 0
0 0 70 0 0 0 0 127 34 0 53 99 83 0 0 0 0 32 0 0 21 0 40 0 0 127 88
0 0 0 0 0 0 0 0 16 16 0 0 0 0 0 0 127 51 0;
egregore_data 59 41 0 0 0 77 0 0 0 0 0 0 0 0 0 127 38 1 0 58.4449 0
0 0 0 0 0 0 0 23.7008 111 0 0 52.9626 127 78 1 0 0 127 0 0 30 127 0
0 0 70 0 0 0 0 127 34 0 53 99 83 0 0 0 0 32 0 0 21 0 40 0 0 127 88
0 0 0 0 0 0 0 0 16 16 0 0 0 0 0 0 127 51 0;
egregore_data 59 41 0 0 0 77 0 0 0 0 0 0 0 0 0 127 38 1 0 58.2441 0
0 0 0 0 0 0 0 25.0394 111 0 0 53.1299 127 78 1 0 0 127 0 0 30 127 0
0 0 70 0 0 0 0 127 34 0 53 99 83 0 0 0 0 32 0 0 21 0 40 0 0 127 88
0 0 0 0 0 0 0 0 16 16 0 0 0 0 0 0 127 51 0;
egregore_data 59 41 0 0 0 77 0 0 0 0 0 0 0 0 0 127 38 1 0 58.0433 0
0 0 0 0 0 0 0 26.3779 111 0 0 53.2972 127 78 1 0 0 127 0 0 30 127 0
0 0 70 0 0 0 0 127 34 0 53 99 83 0 0 0 0 32 0 0 21 0 40 0 0 127 88
0 0 0 0 0 0 0 0 16 16 0 0 0 0 0 0 127 51 0;
egregore_data 59 41 0 0 0 77 0 0 0 0 0 0 0 0 0 127 38 1 0 58.0433 0
0 0 0 0 0 0 0 26.3779 111 0 0 53.2972 127 78 1 0 0 127 0 0 30 127 0
0 0 70 0 0 0 0 127 34 0 53 99 83 0 0 0 0 32 0 0 21 0 40 0 0 127 88
0 0 0 0 0 0 0 0 16 16 0 0 0 0 0 0 127 51 0;
egregore_data 59 41 0 0 0 77 0 0 0 0 0 0 0 0 0 127 38 1 0 58.0433 0
0 0 0 0 0 0 0 26.3779 111 0 0 53.2972 127 78 1 0 0 127 0 0 30 127 0
0 0 70 0 0 0 0 127 34 0 53 99 83 0 0 0 0 32 0 0 21 0 40 0 0 127 88
0 0 0 0 0 0 0 0 16 16 0 0 0 0 0 0 127 51 0;
egregore_data 59 41 0 0 0 77 0 0 0 0 0 0 0 0 0 127 38 1 0 57.8425 0
0 0 0 0 0 0 0 27.7165 111 0 0 53.4646 127 78 1 0 0 127 0 0 30 127 0
0 0 70 0 0 0 0 127 34 0 53 99 83 0 0 0 0 32 0 0 21 0 40 0 0 127 88
0 0 0 0 0 0 0 0 16 16 0 0 0 0 0 0 127 51 0;
egregore_data 59 41 0 0 0 77 0 0 0 0 0 0 0 0 0 127 38 1 0 57.8425 0
0 0 0 0 0 0 0 27.7165 111 0 0 53.4646 127 78 1 0 0 127 0 0 30 127 0
0 0 70 0 0 0 0 127 34 0 53 99 83 0 0 0 0 32 0 0 21 0 40 0 0 127 88
0 0 0 0 0 0 0 0 16 16 0 0 0 0 0 0 127 51 0;
egregore_data 59 41 0 0 0 79 0 0 0 0 0 0 0 0 0 127 38 1 0 57.8425 0
0 0 0 0 0 0 0 27.7165 111 0 0 53.4646 127 78 1 0 0 127 0 0 30 127 0
0 0 70 0 0 0 0 127 34 0 53 99 83 0 0 0 0 32 0 0 21 0 40 0 0 127 88
0 0 0 0 0 0 0 0 16 16 0 0 0 0 0 0 127 51 0;
egregore_data 59 41 0 0 0 79 0 0 0 0 0 0 0 0 0 127 38 1 0 57.6417 0
0 0 0 0 0 0 0 29.0551 111 0 0 53.6319 127 78 1 0 0 127 0 0 30 127 0
0 0 70 0 0 0 0 127 34 0 53 99 83 0 0 0 0 32 0 0 21 0 40 0 0 127 88
0 0 0 0 0 0 0 0 16 16 0 0 0 0 0 0 127 51 0;
egregore_data 59 41 0 0 0 79 0 0 0 0 0 0 0 0 0 127 38 1 0 57.6417 0
0 0 0 0 0 0 0 29.0551 111 0 0 53.6319 127 78 1 0 0 127 0 0 30 127 0
0 0 70 0 0 0 0 127 34 0 53 99 83 0 0 0 0 32 0 0 21 0 40 0 0 127 88
0 0 0 0 0 0 0 0 16 16 0 0 0 0 0 0 127 51 0;
egregore_data 59 41 0 0 0 80 0 0 0 0 0 0 0 0 0 127 38 1 0 57.4409 0
0 0 0 0 0 0 0 30.3937 111 0 0 53.7992 127 78 1 0 0 127 0 0 30 127 0
0 0 70 0 0 0 0 127 34 0 53 99 83 0 0 0 0 32 0 0 21 0 40 0 0 127 88
0 0 0 0 0 0 0 0 16 16 0 0 0 0 0 0 127 51 0;
egregore_data 59 41 0 0 0 80 0 0 0 0 0 0 0 0 0 127 38 1 0 57.4409 0
0 0 0 0 0 0 0 30.3937 111 0 0 53.7992 127 78 1 0 0 127 0 0 30 127 0
0 0 70 0 0 0 0 127 34 0 53 99 83 0 0 0 0 32 0 0 21 0 40 0 0 127 88
0 0 0 0 0 0 0 0 16 16 0 0 0 0 0 0 127 51 0;
egregore_data 59 41 0 0 0 80 0 0 0 0 0 0 0 0 0 127 38 1 0 57.0394 0
0 0 0 0 0 0 0 33.0709 111 0 0 54.1339 127 78 1 0 0 127 0 0 30 127 0
0 0 70 0 0 0 0 127 34 0 53 99 83 0 0 0 0 32 0 0 21 0 40 0 0 127 88
0 0 0 0 0 0 0 0 16 16 0 0 0 0 0 0 127 51 0;
egregore_data 59 41 0 0 0 80 0 0 0 0 0 0 0 0 0 127 38 1 0 57.0394 0
0 0 0 0 0 0 0 33.0709 111 0 0 54.1339 127 78 1 0 0 127 0 0 30 127 0
0 0 70 0 0 0 0 127 34 0 53 99 83 0 0 0 0 32 0 0 21 0 40 0 0 127 88
0 0 0 0 0 0 0 0 16 16 0 0 0 0 0 0 127 51 0;
egregore_data 59 41 0 0 0 80 0 0 0 0 0 0 0 0 0 127 38 1 0 57.0394 0
0 0 0 0 0 0 0 33.0709 111 0 0 54.1339 127 78 1 0 0 127 0 0 30 127 0
0 0 70 0 0 0 0 127 34 0 53 99 83 0 0 0 0 32 0 0 21 0 40 0 0 127 88
0 0 0 0 0 0 0 0 16 16 0 0 0 0 0 0 127 51 0;
egregore_data 59 41 0 0 0 80 0 0 0 0 0 0 0 0 0 127 38 1 0 57.0394 0
0 0 0 0 0 0 0 33.0709 111 0 0 54.1339 127 78 1 0 0 127 0 0 30 127 0
0 0 70 0 0 0 0 127 34 0 53 99 83 0 0 0 0 32 0 0 21 0 40 0 0 127 88
0 0 0 0 0 0 0 0 16 16 0 0 0 0 0 0 127 51 0;
egregore_data 58 41 0 0 0 84 0 0 0 0 0 0 0 0 0 127 38 1 0 57.0394 0
0 0 0 0 0 0 0 33.0709 111 0 0 54.1339 127 78 1 0 0 127 0 0 30 127 0
0 0 70 0 0 0 0 127 34 0 53 99 83 0 0 0 0 32 0 0 21 0 40 0 0 127 88
0 0 0 0 0 0 0 0 16 16 0 0 0 0 0 0 127 51 0;
egregore_data 58 41 0 0 0 84 0 0 0 0 0 0 0 0 0 127 38 1 0 57.0394 0
0 0 0 0 0 0 0 33.0709 111 0 0 54.1339 127 78 1 0 0 127 0 0 30 127 0
0 0 70 0 0 0 0 127 34 0 53 99 83 0 0 0 0 32 0 0 21 0 40 0 0 127 88
0 0 0 0 0 0 0 0 16 16 0 0 0 0 0 0 127 51 0;
egregore_data 58 41 0 0 0 85 0 0 0 0 0 0 0 0 0 127 38 1 0 57.0394 0
0 0 0 0 0 0 0 33.0709 111 0 0 54.1339 127 78 1 0 0 127 0 0 30 127 0
0 0 70 0 0 0 0 127 34 0 53 99 83 0 0 0 0 32 0 0 21 0 40 0 0 127 88
0 0 0 0 0 0 0 0 16 16 0 0 0 0 0 0 127 51 0;
egregore_data 58 41 0 0 0 86 0 0 0 0 0 0 0 0 0 127 38 1 0 57.0394 0
0 0 0 0 0 0 0 33.0709 111 0 0 54.1339 127 78 1 0 0 127 0 0 30 127 0
0 0 70 0 0 0 0 127 34 0 53 99 83 0 0 0 0 32 0 0 21 0 40 0 0 127 88
0 0 0 0 0 0 0 0 16 16 0 0 0 0 0 0 127 51 0;
egregore_data 58 41 0 0 0 86 0 0 0 0 0 0 0 0 0 127 38 1 0 56.8386 0
0 0 0 0 0 0 0 34.4094 111 0 0 54.3012 127 78 1 0 0 127 0 0 30 127 0
0 0 70 0 0 0 0 127 34 0 53 99 83 0 0 0 0 32 0 0 21 0 40 0 0 127 88
0 0 0 0 0 0 0 0 16 16 0 0 0 0 0 0 127 51 0;
egregore_data 58 41 0 0 0 86 0 0 0 0 0 0 0 0 0 127 38 1 0 56.6378 0
0 0 0 0 0 0 0 35.748 111 0 0 54.4685 127 78 1 0 0 127 0 0 30 127 0
0 0 70 0 0 0 0 127 34 0 53 99 83 0 0 0 0 32 0 0 21 0 40 0 0 127 88
0 0 0 0 0 0 0 0 16 16 0 0 0 0 0 0 127 51 0;
egregore_data 58 41 0 0 0 86 0 0 0 0 0 0 0 0 0 127 38 1 0 56.6378 0
0 0 0 0 0 0 0 35.748 111 0 0 54.4685 127 78 1 0 0 127 0 0 30 127 0
0 0 70 0 0 0 0 127 34 0 53 99 83 0 0 0 0 32 0 0 21 0 40 0 0 127 88
0 0 0 0 0 0 0 0 16 16 0 0 0 0 0 0 127 51 0;
egregore_data 58 41 0 0 0 86 0 0 0 0 0 0 0 0 0 127 38 1 0 56.437 0
0 0 0 0 0 0 0 37.0866 111 0 0 54.6358 127 78 1 0 0 127 0 0 30 127 0
0 0 70 0 0 0 0 127 34 0 53 99 83 0 0 0 0 32 0 0 21 0 40 0 0 127 88
0 0 0 0 0 0 0 0 16 16 0 0 0 0 0 0 127 51 0;
egregore_data 58 41 0 0 0 86 0 0 0 0 0 0 0 0 0 127 38 1 0 56.437 0
0 0 0 0 0 0 0 37.0866 111 0 0 54.6358 127 78 1 0 0 127 0 0 30 127 0
0 0 70 0 0 0 0 127 34 0 53 99 83 0 0 0 0 32 0 0 21 0 40 0 0 127 88
0 0 0 0 0 0 0 0 16 16 0 0 0 0 0 0 127 51 0;
egregore_data 58 41 0 0 0 86 0 0 0 0 0 0 0 0 0 127 38 1 0 56.437 0
0 0 0 0 0 0 0 37.0866 111 0 0 54.6358 127 78 1 0 0 127 0 0 30 127 0
0 0 70 0 0 0 0 127 34 0 53 99 83 0 0 0 0 32 0 0 21 0 40 0 0 127 88
0 0 0 0 0 0 0 0 16 16 0 0 0 0 0 0 127 51 0;
egregore_data 58 41 0 0 0 86 0 0 0 0 0 0 0 0 0 127 38 1 0 56.2362 0
0 0 0 0 0 0 0 38.4252 111 0 0 54.8031 127 78 1 0 0 127 0 0 30 127 0
0 0 70 0 0 0 0 127 34 0 53 99 83 0 0 0 0 32 0 0 21 0 40 0 0 127 88
0 0 0 0 0 0 0 0 16 16 0 0 0 0 0 0 127 51 0;
egregore_data 58 41 0 0 0 86 0 0 0 0 0 0 0 0 0 127 38 1 0 56.2362 0
0 0 0 0 0 0 0 38.4252 111 0 0 54.8031 127 78 1 0 0 127 0 0 30 127 0
0 0 70 0 0 0 0 127 34 0 53 99 83 0 0 0 0 32 0 0 21 0 40 0 0 127 88
0 0 0 0 0 0 0 0 16 16 0 0 0 0 0 0 127 51 0;
egregore_data 58 41 0 0 0 86 0 0 0 0 0 0 0 0 0 127 38 1 0 56.2362 0
0 0 0 0 0 0 0 38.4252 111 0 0 54.8031 127 78 1 0 0 127 0 0 30 127 0
0 0 70 0 0 0 0 127 34 0 53 99 83 0 0 0 0 32 0 0 21 0 40 0 0 127 88
0 0 0 0 0 0 0 0 16 16 0 0 0 0 0 0 127 51 0;
egregore_data 58 41 0 0 0 86 0 0 0 0 0 0 0 0 0 127 38 1 0 56.2362 0
0 0 0 0 0 0 0 38.4252 111 0 0 54.8031 127 78 1 0 0 127 0 0 30 127 0
0 0 70 0 0 0 0 127 34 0 53 99 83 0 0 0 0 32 0 0 21 0 40 0 0 127 88
0 0 0 0 0 0 0 0 16 16 0 0 0 0 0 0 127 51 0;
egregore_data 58 41 0 0 0 86 0 0 0 0 0 0 0 0 0 127 38 1 0 56.2362 0
0 0 0 0 0 0 0 38.4252 111 0 0 54.8031 127 78 1 0 0 127 0 0 30 127 0
0 0 70 0 0 0 0 127 34 0 53 99 83 0 0 0 0 32 0 0 21 0 40 0 0 127 88
0 0 0 0 0 0 0 0 16 16 0 0 0 0 0 0 127 51 0;
egregore_data 58 41 0 0 0 86 0 0 0 0 0 0 0 0 0 127 38 1 0 55.8346 0
0 0 0 0 0 0 0 41.1024 111 0 0 55.1378 127 78 1 0 0 127 0 0 30 127 0
0 0 70 0 0 0 0 127 34 0 53 99 83 0 0 0 0 32 0 0 21 0 40 0 0 127 88
0 0 0 0 0 0 0 0 16 16 0 0 0 0 0 0 127 51 0;
egregore_data 58 41 0 0 0 87 0 0 0 0 0 0 0 0 0 127 38 1 0 55.8346 0
0 0 0 0 0 0 0 41.1024 111 0 0 55.1378 127 78 1 0 0 127 0 0 30 127 0
0 0 70 0 0 0 0 127 34 0 53 99 83 0 0 0 0 32 0 0 21 0 40 0 0 127 88
0 0 0 0 0 0 0 0 16 16 0 0 0 0 0 0 127 51 0;
egregore_data 58 41 0 0 0 87 0 0 0 0 0 0 0 0 0 127 38 1 0 55.8346 0
0 0 0 0 0 0 0 41.1024 111 0 0 55.1378 127 78 1 0 0 127 0 0 30 127 0
0 0 70 0 0 0 0 127 34 0 53 99 83 0 0 0 0 32 0 0 21 0 40 0 0 127 88
0 0 0 0 0 0 0 0 16 16 0 0 0 0 0 0 127 51 0;
egregore_data 58 41 0 0 0 90 0 0 0 0 0 0 0 0 0 127 38 1 0 55.6339 0
0 0 0 0 0 0 0 42.4409 111 0 0 55.3051 127 78 1 0 0 127 0 0 30 127 0
0 0 70 0 0 0 0 127 34 0 53 99 83 0 0 0 0 32 0 0 21 0 40 0 0 127 88
0 0 0 0 0 0 0 0 16 16 0 0 0 0 0 0 127 51 0;
egregore_data 58 41 0 0 0 91 0 0 0 0 0 0 0 0 0 127 38 1 0 55.6339 0
0 0 0 0 0 0 0 42.4409 111 0 0 55.3051 127 78 1 0 0 127 0 0 30 127 0
0 0 70 0 0 0 0 127 34 0 53 99 83 0 0 0 0 32 0 0 21 0 40 0 0 127 88
0 0 0 0 0 0 0 0 16 16 0 0 0 0 0 0 127 51 0;
egregore_data 58 41 0 0 0 91 0 0 0 0 0 0 0 0 0 127 38 1 0 55.6339 0
0 0 0 0 0 0 0 42.4409 111 0 0 55.3051 127 78 1 0 0 127 0 0 30 127 0
0 0 70 0 0 0 0 127 34 0 53 99 83 0 0 0 0 32 0 0 21 0 40 0 0 127 88
0 0 0 0 0 0 0 0 16 16 0 0 0 0 0 0 127 51 0;
egregore_data 58 41 0 0 0 92 0 0 0 0 0 0 0 0 0 127 38 1 0 55.6339 0
0 0 0 0 0 0 0 42.4409 111 0 0 55.3051 127 78 1 0 0 127 0 0 30 127 0
0 0 70 0 0 0 0 127 34 0 53 99 83 0 0 0 0 32 0 0 21 0 40 0 0 127 88
0 0 0 0 0 0 0 0 16 16 0 0 0 0 0 0 127 51 0;
egregore_data 58 41 0 0 0 92 0 0 0 0 0 0 0 0 0 127 38 1 0 55.6339 0
0 0 0 0 0 0 0 42.4409 111 0 0 55.3051 127 78 1 0 0 127 0 0 30 127 0
0 0 70 0 0 0 0 127 34 0 53 99 83 0 0 0 0 32 0 0 21 0 40 0 0 127 88
0 0 0 0 0 0 0 0 16 16 0 0 0 0 0 0 127 51 0;
egregore_data 58 41 0 0 0 92 0 0 0 0 0 0 0 0 0 127 38 1 0 55.6339 0
0 0 0 0 0 0 0 42.4409 111 0 0 55.3051 127 78 1 0 0 127 0 0 30 127 0
0 0 70 0 0 0 0 127 34 0 53 99 83 0 0 0 0 32 0 0 21 0 40 0 0 127 88
0 0 0 0 0 0 0 0 16 16 0 0 0 0 0 0 127 51 0;
egregore_data 58 41 0 0 0 92 0 0 0 0 0 0 0 0 0 127 38 1 0 55.4331 0
0 0 0 0 0 0 0 43.7795 111 0 0 55.4724 127 78 1 0 0 127 0 0 30 127 0
0 0 70 0 0 0 0 127 34 0 53 99 83 0 0 0 0 32 0 0 21 0 40 0 0 127 88
0 0 0 0 0 0 0 0 16 16 0 0 0 0 0 0 127 51 0;
egregore_data 58 41 0 0 0 92 0 0 0 0 0 0 0 0 0 127 38 1 0 55.4331 0
0 0 0 0 0 0 0 43.7795 111 0 0 55.4724 127 78 1 0 0 127 0 0 30 127 0
0 0 70 0 0 0 0 127 34 0 53 99 83 0 0 0 0 32 0 0 21 0 40 0 0 127 88
0 0 0 0 0 0 0 0 16 16 0 0 0 0 0 0 127 51 0;
egregore_data 58 41 0 0 0 92 0 0 0 0 0 0 0 0 0 127 38 1 0 55.4331 0
0 0 0 0 0 0 0 43.7795 111 0 0 55.4724 127 78 1 0 0 127 0 0 30 127 0
0 0 70 0 0 0 0 127 34 0 53 99 83 0 0 0 0 32 0 0 21 0 40 0 0 127 88
0 0 0 0 0 0 0 0 16 16 0 0 0 0 0 0 127 51 0;
egregore_data 58 41 0 0 0 92 0 0 0 0 0 0 0 0 0 127 38 1 0 55.2323 0
0 0 0 0 0 0 0 45.1181 111 0 0 55.6398 127 78 1 0 0 127 0 0 30 127 0
0 0 70 0 0 0 0 127 34 0 53 99 83 0 0 0 0 32 0 0 21 0 40 0 0 127 88
0 0 0 0 0 0 0 0 16 16 0 0 0 0 0 0 127 51 0;
END;
