HTTP/1.1 200 OK
Date: Thu, 28 May 2015 12:25:47 GMT
Server: Apache
Last-Modified: Wed, 27 May 2015 19:35:52 GMT
Accept-Ranges: bytes
Content-Length: 31142
Vary: Accept-Encoding
Connection: close
Content-Type: text/plain

chdh_egregore_live_data;
egregore_data 0 0 127 0 0 127 0 0 0 0 0 0 0 0 0 127 38 0 127 0 0 0
0 0 0 0 0 0 0 100 0 0 127 127 78 0 93 90 127 0 19 127 127 0 0 0 70
0 0 0 127 127 34 0 123.164 67.6885 18.082 0 93.3975 21.3402 0 100.933
13.9057 65.4385 75.3443 5.20492 3.12295 37.8484 0 127 43.9337 1 54
0 0 0 0 0 7 16 16 0 0 0 0 0 0 127 51 1;
egregore_data 0 0 127 0 0 127 0 0 0 0 0 0 0 0 0 127 38 0 127 0 0 0
0 0 0 0 0 0 0 100 0 0 127 127 78 0 93 90 127 0 19 127 127 0 0 0 70
0 0 0 127 127 34 0 123.181 67.5514 18.0905 0 93.3868 21.428 0 100.9
13.8436 65.4321 75.2757 5.22634 3.1358 37.8848 0 127 43.9337 1 54 0
0 0 0 0 7 16 16 0 0 0 0 0 0 127 51 1;
egregore_data 0 0 127 0 0 127 0 0 0 0 0 0 0 0 0 127 38 0 127 0 0 0
0 0 0 0 0 0 0 100 0 0 127 127 78 0 93 90 127 0 19 127 127 0 0 0 70
0 0 0 127 127 34 0 123.198 67.4132 18.0992 0 93.376 21.5165 0 100.867
13.781 65.4256 75.2066 5.24793 3.14876 37.9215 0 127 43.9337 1 54 0
0 0 0 0 7 16 16 0 0 0 0 0 0 127 51 1;
egregore_data 0 0 127 0 0 127 0 0 0 0 0 0 0 0 0 127 38 0 127 0 0 0
0 0 0 0 0 0 0 100 0 0 127 127 78 0 93 90 127 0 19 127 127 0 0 0 70
0 0 0 127 127 34 0 123.198 67.4132 18.0992 0 93.376 21.5165 0 100.867
13.781 65.4256 75.2066 5.24793 3.14876 37.9215 0 127 43.9337 1 54 0
0 0 0 0 7 16 16 0 0 0 0 0 0 127 51 1;
egregore_data 0 0 127 0 0 127 0 0 0 0 0 0 0 0 0 127 38 0 127 0 0 0
0 0 0 0 0 0 0 100 0 0 127 127 78 0 93 90 127 0 19 127 127 0 0 0 70
0 0 0 127 127 34 0 123.198 67.4132 18.0992 0 93.376 21.5165 0 100.867
13.781 65.4256 75.2066 5.24793 3.14876 37.9215 0 127 43.9337 1 54 0
0 0 0 0 7 16 16 0 0 0 0 0 0 127 51 1;
egregore_data 0 0 127 0 0 127 0 0 0 0 0 0 0 0 0 127 38 0 127 0 0 0
0 0 0 0 0 0 0 100 0 0 127 127 78 0 93 90 127 0 19 127 127 0 0 0 70
0 0 0 127 127 34 0 123.233 67.1333 18.1167 0 93.3542 21.6958 0 100.799
13.6542 65.4125 75.0667 5.29167 3.175 37.9958 0 127 43.9337 1 54 0
0 0 0 0 7 16 16 0 0 0 0 0 0 127 51 1;
egregore_data 0 0 127 0 0 127 0 0 0 0 0 0 0 0 0 127 38 0 127 0 0 0
0 0 0 0 0 0 0 100 0 0 127 127 78 0 93 90 127 0 19 127 127 0 0 0 70
0 0 0 127 127 34 0 123.251 66.9916 18.1255 0 93.3431 21.7866 0 100.765
13.59 65.4059 74.9958 5.31381 3.18828 38.0335 0 127 43.9337 1 54 0
0 0 0 0 7 16 16 0 0 0 0 0 0 127 51 1;
egregore_data 0 0 127 0 0 127 0 0 0 0 0 0 0 0 0 127 38 0 127 0 0 0
0 0 0 0 0 0 0 100 0 0 127 127 78 0 93 90 127 0 19 127 127 0 0 0 70
0 0 0 127 127 34 0 123.251 66.9916 18.1255 0 93.3431 21.7866 0 100.765
13.59 65.4059 74.9958 5.31381 3.18828 38.0335 0 127 43.9337 1 54 0
0 0 0 0 7 16 16 0 0 0 0 0 0 127 51 1;
egregore_data 0 0 127 0 0 127 0 0 0 0 0 0 0 0 0 127 38 0 127 0 0 0
0 0 0 0 0 0 0 100 0 0 127 127 78 0 93 90 127 0 19 127 127 0 0 0 70
0 0 0 127 127 34 0 123.251 66.9916 18.1255 0 93.3431 21.7866 0 100.765
13.59 65.4059 74.9958 5.31381 3.18828 38.0335 0 127 43.9337 1 54 0
0 0 0 0 7 16 16 0 0 0 0 0 0 127 51 1;
egregore_data 0 0 127 0 0 127 0 0 0 0 0 0 0 0 0 127 38 0 127 0 0 0
0 0 0 0 0 0 0 100 0 0 127 127 78 0 93 90 127 0 19 127 127 0 0 0 70
0 0 0 127 127 34 0 123.251 66.9916 18.1255 0 93.3431 21.7866 0 100.765
13.59 65.4059 74.9958 5.31381 3.18828 38.0335 0 127 43.9337 1 54 0
0 0 0 0 7 16 16 0 0 0 0 0 0 127 51 1;
egregore_data 0 0 127 0 0 127 0 0 0 0 0 0 0 0 0 127 38 0 127 0 0 0
0 0 0 0 0 0 0 100 0 0 127 127 78 0 93 90 127 0 19 127 127 0 0 0 70
0 0 0 127 127 34 0 123.251 66.9916 18.1255 0 93.3431 21.7866 0 100.765
13.59 65.4059 74.9958 5.31381 3.18828 38.0335 0 127 43.9337 1 54 0
0 0 0 0 7 16 16 0 0 0 0 0 0 127 51 1;
egregore_data 0 0 127 0 0 127 0 0 0 0 0 0 0 0 0 127 38 0 127 0 0 0
0 0 0 0 0 0 0 100 0 0 127 127 78 0 93 90 127 0 19 127 127 0 0 0 70
0 0 0 127 127 34 0 123.269 66.8487 18.1345 0 93.3319 21.8782 0 100.73
13.5252 65.3992 74.9244 5.33613 3.20168 38.0714 0 127 43.9337 1 54
0 0 0 0 0 7 16 16 0 0 0 0 0 0 127 51 1;
egregore_data 0 0 127 0 0 127 0 0 0 0 0 0 0 0 0 127 38 0 127 0 0 0
0 0 0 0 0 0 0 100 0 0 127 127 78 0 93 90 127 0 19 127 127 0 0 0 70
0 0 0 127 127 34 0 123.269 66.8487 18.1345 0 93.3319 21.8782 0 100.73
13.5252 65.3992 74.9244 5.33613 3.20168 38.0714 0 127 43.9337 1 54
0 0 0 0 0 7 16 16 0 0 0 0 0 0 127 51 1;
egregore_data 0 0 127 0 0 127 0 0 0 0 0 0 0 0 0 127 38 0 127 0 0 0
0 0 0 0 0 0 0 100 0 0 127 127 78 0 93 90 127 0 19 127 127 0 0 0 70
0 0 0 127 127 34 0 123.287 66.7046 18.1435 0 93.3207 21.9705 0 100.695
13.4599 65.3924 74.8523 5.35865 3.21519 38.1097 0 127 43.9337 1 54
0 0 0 0 0 7 16 16 0 0 0 0 0 0 127 51 1;
egregore_data 0 0 127 0 0 127 0 0 0 0 0 0 0 0 0 127 38 0 127 0 0 0
0 0 0 0 0 0 0 100 0 0 127 127 78 0 93 90 127 0 19 127 127 0 0 0 70
0 0 0 127 127 34 0 123.287 66.7046 18.1435 0 93.3207 21.9705 0 100.695
13.4599 65.3924 74.8523 5.35865 3.21519 38.1097 0 127 43.9337 1 54
0 0 0 0 0 7 16 16 0 0 0 0 0 0 127 51 1;
egregore_data 0 0 127 0 0 127 0 0 0 0 0 0 0 0 0 127 38 0 127 0 0 0
0 0 0 0 0 0 0 100 0 0 127 127 78 0 93 90 127 0 19 127 127 0 0 0 70
0 0 0 127 127 34 0 123.287 66.7046 18.1435 0 93.3207 21.9705 0 100.695
13.4599 65.3924 74.8523 5.35865 3.21519 38.1097 0 127 43.9337 1 54
0 0 0 0 0 7 16 16 0 0 0 0 0 0 127 51 1;
egregore_data 0 0 127 0 0 127 0 0 0 0 0 0 0 0 0 127 38 0 127 0 0 0
0 0 0 0 0 0 0 100 0 0 127 127 78 0 93 90 127 0 19 127 127 0 0 0 70
0 0 0 127 127 34 0 123.287 66.7046 18.1435 0 93.3207 21.9705 0 100.695
13.4599 65.3924 74.8523 5.35865 3.21519 38.1097 0 127 43.9337 1 54
0 0 0 0 0 7 16 16 0 0 0 0 0 0 127 51 1;
egregore_data 0 0 127 0 0 127 0 0 0 0 0 0 0 0 0 127 38 0 127 0 0 0
0 0 0 0 0 0 0 100 0 0 127 127 78 0 93 90 127 0 19 127 127 0 0 0 70
0 0 0 127 127 34 0 123.287 66.7046 18.1435 0 93.3207 21.9705 0 100.695
13.4599 65.3924 74.8523 5.35865 3.21519 38.1097 0 127 43.9337 1 55
0 0 0 0 0 7 16 16 0 0 0 0 0 0 127 51 1;
egregore_data 0 0 127 0 0 127 0 0 0 0 0 0 0 0 0 127 38 0 127 0 0 0
0 0 0 0 0 0 0 100 0 0 127 127 78 0 93 90 127 0 19 127 127 0 0 0 70
0 0 0 127 127 34 0 123.287 66.7046 18.1435 0 93.3207 21.9705 0 100.695
13.4599 65.3924 74.8523 5.35865 3.21519 38.1097 0 127 43.9337 1 55
0 0 0 0 0 7 16 16 0 0 0 0 0 0 127 51 1;
egregore_data 0 0 127 0 0 127 0 0 0 0 0 0 0 0 0 127 38 0 127 0 0 0
0 0 0 0 0 0 0 100 0 0 127 127 78 0 93 90 127 0 19 127 127 0 0 0 70
0 0 0 127 127 34 0 123.305 66.5593 18.1525 0 93.3093 22.0636 0 100.66
13.3941 65.3856 74.7797 5.38136 3.22881 38.1483 0 127 43.9337 1 55
0 0 0 0 0 7 16 16 0 0 0 0 0 0 127 51 1;
egregore_data 0 0 127 0 0 127 0 0 0 0 0 0 0 0 0 127 38 0 127 0 0 0
0 0 0 0 0 0 0 100 0 0 127 127 78 0 93 90 127 0 19 127 127 0 0 0 70
0 0 0 127 127 34 0 123.305 66.5593 18.1525 0 93.3093 22.0636 0 100.66
13.3941 65.3856 74.7797 5.38136 3.22881 38.1483 0 127 43.9337 1 55
0 0 0 0 0 7 16 16 0 0 0 0 0 0 127 51 1;
egregore_data 0 0 127 0 0 127 0 0 0 0 0 0 0 0 0 127 38 0 127 0 0 0
0 0 0 0 0 0 0 100 0 0 127 127 78 0 93 90 127 0 19 127 127 0 0 0 70
0 0 0 127 127 34 0 123.305 66.5593 18.1525 0 93.3093 22.0636 0 100.66
13.3941 65.3856 74.7797 5.38136 3.22881 38.1483 0 127 43.9337 1 55
0 0 0 0 0 7 16 16 0 0 0 0 0 0 127 51 1;
egregore_data 0 0 127 0 0 127 0 0 0 0 0 0 0 0 0 127 38 0 127 0 0 0
0 0 0 0 0 0 0 100 0 0 127 127 78 0 93 90 127 0 19 127 127 0 0 0 70
0 0 0 127 127 34 0 123.305 66.5593 18.1525 0 93.3093 22.0636 0 100.66
13.3941 65.3856 74.7797 5.38136 3.22881 38.1483 0 127 43.9337 1 55
0 0 0 0 0 7 16 16 0 0 0 0 0 0 127 51 1;
egregore_data 0 0 127 0 0 127 0 0 0 0 0 0 0 0 0 127 38 0 127 0 0 0
0 0 0 0 0 0 0 100 0 0 127 127 78 0 93 90 127 0 19 127 127 0 0 0 70
0 0 0 127 127 34 0 123.305 66.5593 18.1525 0 93.3093 22.0636 0 100.66
13.3941 65.3856 74.7797 5.38136 3.22881 38.1483 0 127 43.9337 1 55
0 0 0 0 0 7 16 16 0 0 0 0 0 0 127 51 1;
egregore_data 0 0 127 0 0 127 0 0 0 0 0 0 0 0 0 127 38 0 127 0 0 0
0 0 0 0 0 0 0 100 0 0 127 127 78 0 93 90 127 0 19 127 127 0 0 0 70
0 0 0 127 127 34 0 123.305 66.5593 18.1525 0 93.3093 22.0636 0 100.66
13.3941 65.3856 74.7797 5.38136 3.22881 38.1483 0 127 43.9337 1 55
0 0 0 0 0 7 16 16 0 0 0 0 0 0 127 51 1;
egregore_data 0 0 127 0 0 127 0 0 0 0 0 0 0 0 0 127 38 0 127 0 0 0
0 0 0 0 0 0 0 100 0 0 127 127 78 0 93 90 127 0 19 127 127 0 0 0 70
0 0 0 127 127 34 0 123.305 66.5593 18.1525 0 93.3093 22.0636 0 100.66
13.3941 65.3856 74.7797 5.38136 3.22881 38.1483 0 127 43.9337 1 55
0 0 0 0 0 7 16 16 0 0 0 0 0 0 127 51 1;
egregore_data 0 0 127 0 0 127 0 0 0 0 0 0 0 0 0 127 38 0 127 0 0 0
0 0 0 0 0 0 0 100 0 0 127 127 78 0 93 90 127 0 19 127 127 0 0 0 70
0 0 0 127 127 34 0 123.305 66.5593 18.1525 0 93.3093 22.0636 0 100.66
13.3941 65.3856 74.7797 5.38136 3.22881 38.1483 0 127 43.9337 1 55
0 0 0 0 0 7 16 16 0 0 0 0 0 0 127 51 1;
egregore_data 0 0 127 0 0 127 0 0 0 0 0 0 0 0 0 127 38 0 127 0 0 0
0 0 0 0 0 0 0 100 0 0 127 127 78 0 93 90 127 0 19 127 127 0 0 0 70
0 0 0 127 127 34 0 123.305 66.5593 18.1525 0 93.3093 22.0636 0 100.66
13.3941 65.3856 74.7797 5.38136 3.22881 38.1483 0 127 43.9337 1 56
0 0 0 0 0 7 16 16 0 0 0 0 0 0 127 51 1;
egregore_data 0 0 127 0 0 127 0 0 0 0 0 0 0 0 0 127 38 0 127 0 0 0
0 0 0 0 0 0 0 100 0 0 127 127 78 0 93 90 127 0 19 127 127 0 0 0 70
0 0 0 127 127 34 0 123.305 66.5593 18.1525 0 93.3093 22.0636 0 100.66
13.3941 65.3856 74.7797 5.38136 3.22881 38.1483 0 127 43.9337 1 56
0 0 0 0 0 7 16 16 0 0 0 0 0 0 127 51 1;
egregore_data 0 0 127 0 0 127 0 0 0 0 0 0 0 0 0 127 38 0 127 0 0 0
0 0 0 0 0 0 0 100 0 0 127 127 78 0 93 90 127 0 19 127 127 0 0 0 70
0 0 0 127 127 34 0 123.323 66.4128 18.1617 0 93.2979 22.1574 0 100.624
13.3277 65.3787 74.7064 5.40426 3.24255 38.1872 0 127 43.9337 1 56
0 0 0 0 0 7 16 16 0 0 0 0 0 0 127 51 1;
egregore_data 0 0 127 0 0 127 0 0 0 0 0 0 0 0 0 127 38 0 127 0 0 0
0 0 0 0 0 0 0 100 0 0 127 127 78 0 93 90 127 0 19 127 127 0 0 0 70
0 0 0 127 127 34 0 123.361 66.1159 18.1803 0 93.2747 22.3476 0 100.553
13.1931 65.3648 74.5579 5.45064 3.27039 38.2661 0 127 43.9337 1 56
0 0 0 0 0 8 16 16 0 0 0 0 0 0 127 51 1;
egregore_data 0 0 127 0 0 127 0 0 0 0 0 0 0 0 0 127 38 0 127 0 0 0
0 0 0 0 0 0 0 100 0 0 127 127 78 0 93 90 127 0 19 127 127 0 0 0 70
0 0 0 127 127 34 0 123.361 66.1159 18.1803 0 93.2747 22.3476 0 100.553
13.1931 65.3648 74.5579 5.45064 3.27039 38.2661 0 127 43.9337 1 56
0 0 0 0 0 8 16 16 0 0 0 0 0 0 127 51 1;
egregore_data 0 0 127 0 0 127 0 0 0 0 0 0 0 0 0 127 38 0 127 0 0 0
0 0 0 0 0 0 0 100 0 0 127 127 78 0 93 90 127 0 19 127 127 0 0 0 70
0 0 0 127 127 34 0 123.379 65.9655 18.1897 0 93.2629 22.444 0 100.516
13.125 65.3578 74.4828 5.47414 3.28448 38.306 0 127 43.9337 1 56 0
0 0 0 0 8 16 16 0 0 0 0 0 0 127 51 1;
egregore_data 0 0 127 0 0 127 0 0 0 0 0 0 0 0 0 127 38 0 127 0 0 0
0 0 0 0 0 0 0 100 0 0 127 127 78 0 93 90 127 0 19 127 127 0 0 0 70
0 0 0 127 127 34 0 123.398 65.8139 18.1991 0 93.2511 22.5411 0 100.479
13.0563 65.3506 74.4069 5.49784 3.2987 38.3463 0 127 43.9337 1 56 0
0 0 0 0 8 16 16 0 0 0 0 0 0 127 51 1;
egregore_data 0 0 127 0 0 127 0 0 0 0 0 0 0 0 0 127 38 0 127 0 0 0
0 0 0 0 0 0 0 100 0 0 127 127 78 0 93 90 127 0 19 127 127 0 0 0 70
0 0 0 127 127 34 0 123.398 65.8139 18.1991 0 93.2511 22.5411 0 100.479
13.0563 65.3506 74.4069 5.49784 3.2987 38.3463 0 127 43.9337 1 56 0
0 0 0 0 8 16 16 0 0 0 0 0 0 127 51 1;
egregore_data 0 0 127 0 0 127 0 0 0 0 0 0 0 0 0 127 38 0 127 0 0 0
0 0 0 0 0 0 0 100 0 0 127 127 78 0 93 90 127 0 19 127 127 0 0 0 70
0 0 0 127 127 34 0 123.398 65.8139 18.1991 0 93.2511 22.5411 0 100.479
13.0563 65.3506 74.4069 5.49784 3.2987 38.3463 0 127 43.9337 1 56 0
0 0 0 0 8 16 16 0 0 0 0 0 0 127 51 1;
egregore_data 0 0 127 0 0 127 0 0 0 0 0 0 0 0 0 127 38 0 127 0 0 0
0 0 0 0 0 0 0 100 0 0 127 127 78 0 93 90 127 0 19 127 127 0 0 0 70
0 0 0 127 127 34 0 123.417 65.6609 18.2087 0 93.2391 22.6391 0 100.442
12.987 65.3435 74.3304 5.52174 3.31304 38.387 0 127 43.9337 1 56 0
0 0 0 0 8 16 16 0 0 0 0 0 0 127 51 1;
egregore_data 0 0 127 0 0 127 0 0 0 0 0 0 0 0 0 127 38 0 127 0 0 0
0 0 0 0 0 0 0 100 0 0 127 127 78 0 93 90 127 0 19 127 127 0 0 0 70
0 0 0 127 127 34 0 123.417 65.6609 18.2087 0 93.2391 22.6391 0 100.442
12.987 65.3435 74.3304 5.52174 3.31304 38.387 0 127 43.9337 1 56 0
0 0 0 0 8 16 16 0 0 0 0 0 0 127 51 1;
egregore_data 0 0 127 0 0 127 0 0 0 0 0 0 0 0 0 127 38 0 127 0 0 0
0 0 0 0 0 0 0 100 0 0 127 127 78 0 93 90 127 0 19 127 127 0 0 0 70
0 0 0 127 127 34 0 123.417 65.6609 18.2087 0 93.2391 22.6391 0 100.442
12.987 65.3435 74.3304 5.52174 3.31304 38.387 0 127 43.9337 1 56 0
0 0 0 0 8 16 16 0 0 0 0 0 0 127 51 1;
egregore_data 0 0 127 0 0 127 0 0 0 0 0 0 0 0 0 127 38 0 127 0 0 0
0 0 0 0 0 0 0 100 0 0 127 127 78 0 93 90 127 0 19 127 127 0 0 0 70
0 0 0 127 127 34 0 123.417 65.6609 18.2087 0 93.2391 22.6391 0 100.442
12.987 65.3435 74.3304 5.52174 3.31304 38.387 0 127 43.9337 1 56 0
0 0 0 0 8 16 16 0 0 0 0 0 0 127 51 1;
egregore_data 0 0 127 0 0 127 0 0 0 0 0 0 0 0 0 127 38 0 127 0 0 0
0 0 0 0 0 0 0 100 0 0 127 127 78 0 93 90 127 0 19 127 127 0 0 0 70
0 0 0 127 127 34 0 123.417 65.6609 18.2087 0 93.2391 22.6391 0 100.442
12.987 65.3435 74.3304 5.52174 3.31304 38.387 0 127 43.9337 1 56 0
0 0 0 0 8 16 16 0 0 0 0 0 0 127 51 1;
egregore_data 0 0 127 0 0 127 0 0 0 0 0 0 0 0 0 127 38 0 127 0 0 0
0 0 0 0 0 0 0 100 0 0 127 127 78 0 93 90 127 0 19 127 127 0 0 0 70
0 0 0 127 127 34 0 123.417 65.6609 18.2087 0 93.2391 22.6391 0 100.442
12.987 65.3435 74.3304 5.52174 3.31304 38.387 0 127 43.9337 1 56 0
0 0 0 0 8 16 16 0 0 0 0 0 0 127 51 1;
egregore_data 0 0 127 0 0 127 0 0 0 0 0 0 0 0 0 127 38 0 127 0 0 0
0 0 0 0 0 0 0 100 0 0 127 127 78 0 93 90 127 0 19 127 127 0 0 0 70
0 0 0 127 127 34 0 123.417 65.6609 18.2087 0 93.2391 22.6391 0 100.442
12.987 65.3435 74.3304 5.52174 3.31304 38.387 0 127 43.9337 1 56 0
0 0 0 0 8 16 16 0 0 0 0 0 0 127 51 1;
egregore_data 0 0 127 0 0 127 0 0 0 0 0 0 0 0 0 127 38 0 127 0 0 0
0 0 0 0 0 0 0 100 0 0 127 127 78 0 93 90 127 0 19 127 127 0 0 0 70
0 0 0 127 127 34 0 123.437 65.5066 18.2183 0 93.2271 22.738 0 100.405
12.917 65.3362 74.2533 5.54585 3.32751 38.4279 0 127 43.9337 1 56 0
0 0 0 0 8 16 16 0 0 0 0 0 0 127 51 1;
egregore_data 0 0 127 0 0 127 0 0 0 0 0 0 0 0 0 127 38 0 127 0 0 0
0 0 0 0 0 0 0 100 0 0 127 127 78 0 93 90 127 0 19 127 127 0 0 0 70
0 0 0 127 127 34 0 123.437 65.5066 18.2183 0 93.2271 22.738 0 100.405
12.917 65.3362 74.2533 5.54585 3.32751 38.4279 0 127 43.9337 1 56 0
0 0 0 0 8 16 16 0 0 0 0 0 0 127 51 1;
egregore_data 0 0 127 0 0 127 0 0 0 0 0 0 0 0 0 127 38 0 127 0 0 0
0 0 0 0 0 0 0 100 0 0 127 127 78 0 93 90 127 0 19 127 127 0 0 0 70
0 0 0 127 127 34 0 123.437 65.5066 18.2183 0 93.2271 22.738 0 100.405
12.917 65.3362 74.2533 5.54585 3.32751 38.4279 0 127 43.9337 1 56 0
0 0 0 0 8 16 16 0 0 0 0 0 0 127 51 1;
egregore_data 0 0 127 0 0 127 0 0 0 0 0 0 0 0 0 127 38 0 127 0 0 0
0 0 0 0 0 0 0 100 0 0 127 127 78 0 93 90 127 0 19 127 127 0 0 0 70
0 0 0 127 127 34 0 123.437 65.5066 18.2183 0 93.2271 22.738 0 100.405
12.917 65.3362 74.2533 5.54585 3.32751 38.4279 0 127 43.9337 1 56 0
0 0 0 0 8 16 16 0 0 0 0 0 0 127 51 1;
egregore_data 0 0 127 0 0 127 0 0 0 0 0 0 0 0 0 127 38 0 127 0 0 0
0 0 0 0 0 0 0 100 0 0 127 127 78 0 93 90 127 0 19 127 127 0 0 0 70
0 0 0 127 127 34 0 123.476 65.1938 18.2379 0 93.2026 22.9383 0 100.329
12.7753 65.3216 74.0969 5.59471 3.35683 38.511 0 127 43.9337 1 56 0
0 0 0 0 8 16 16 0 0 0 0 0 0 127 51 1;
egregore_data 0 0 127 0 0 127 0 0 0 0 0 0 0 0 0 127 38 0 127 0 0 0
0 0 0 0 0 0 0 100 0 0 127 127 78 0 93 90 127 0 19 127 127 0 0 0 70
0 0 0 127 127 34 0 123.476 65.1938 18.2379 0 93.2026 22.9383 0 100.329
12.7753 65.3216 74.0969 5.59471 3.35683 38.511 0 127 43.9337 1 56 0
0 0 0 0 8 16 16 0 0 0 0 0 0 127 51 1;
egregore_data 0 0 127 0 0 127 0 0 0 0 0 0 0 0 0 127 38 0 127 0 0 0
0 0 0 0 0 0 0 100 0 0 127 127 78 0 93 90 127 0 19 127 127 0 0 0 70
0 0 0 127 127 34 0 123.476 65.1938 18.2379 0 93.2026 22.9383 0 100.329
12.7753 65.3216 74.0969 5.59471 3.35683 38.511 0 127 43.9337 1 56 0
0 0 0 0 8 16 16 0 0 0 0 0 0 127 51 1;
egregore_data 0 0 127 0 0 127 0 0 0 0 0 0 0 0 0 127 38 0 127 0 0 0
0 0 0 0 0 0 0 100 0 0 127 127 78 0 93 90 127 0 19 127 127 0 0 0 70
0 0 0 127 127 34 0 123.476 65.1938 18.2379 0 93.2026 22.9383 0 100.329
12.7753 65.3216 74.0969 5.59471 3.35683 38.511 0 127 43.9337 1 56 0
0 0 0 0 8 16 16 0 0 0 0 0 0 127 51 1;
egregore_data 0 0 127 0 0 127 0 0 0 0 0 0 0 0 0 127 38 0 127 0 0 0
0 0 0 0 0 0 0 100 0 0 127 127 78 0 93 90 127 0 19 127 127 0 0 0 70
0 0 0 127 127 34 0 123.496 65.0354 18.2478 0 93.1903 23.0398 0 100.291
12.7035 65.3142 74.0177 5.61947 3.37168 38.5531 0 127 43.9337 1 56
0 0 0 0 0 8 16 16 0 0 0 0 0 0 127 51 1;
egregore_data 0 0 127 0 0 127 0 0 0 0 0 0 0 0 0 127 38 0 127 0 0 0
0 0 0 0 0 0 0 100 0 0 127 127 78 0 93 90 127 0 19 127 127 0 0 0 70
0 0 0 127 127 34 0 123.516 64.8756 18.2578 0 93.1778 23.1422 0 100.252
12.6311 65.3067 73.9378 5.64444 3.38667 38.5956 0 127 43.9337 1 56
0 0 0 0 0 8 16 16 0 0 0 0 0 0 127 51 1;
egregore_data 0 0 127 0 0 127 0 0 0 0 0 0 0 0 0 127 38 0 127 0 0 0
0 0 0 0 0 0 0 100 0 0 127 127 78 0 93 90 127 0 19 127 127 0 0 0 70
0 0 0 127 127 34 0 123.516 64.8756 18.2578 0 93.1778 23.1422 0 100.252
12.6311 65.3067 73.9378 5.64444 3.38667 38.5956 0 127 43.9337 1 56
0 0 0 0 0 8 16 16 0 0 0 0 0 0 127 51 1;
egregore_data 0 0 127 0 0 127 0 0 0 0 0 0 0 0 0 127 38 0 127 0 0 0
0 0 0 0 0 0 0 100 0 0 127 127 78 0 93 90 127 0 19 127 127 0 0 0 70
0 0 0 127 127 34 0 123.516 64.8756 18.2578 0 93.1778 23.1422 0 100.252
12.6311 65.3067 73.9378 5.64444 3.38667 38.5956 0 127 43.9337 1 56
0 0 0 0 0 8 16 16 0 0 0 0 0 0 127 51 1;
egregore_data 0 0 127 0 0 127 0 0 0 0 0 0 0 0 0 127 38 0 127 0 0 0
0 0 0 0 0 0 0 100 0 0 127 127 78 0 93 90 127 0 19 127 127 0 0 0 70
0 0 0 127 127 34 0 123.536 64.7143 18.2679 0 93.1652 23.2455 0 100.213
12.558 65.2991 73.8571 5.66964 3.40179 38.6384 0 127 43.9337 1 56 0
0 0 0 0 8 16 16 0 0 0 0 0 0 127 51 1;
egregore_data 0 0 127 0 0 127 0 0 0 0 0 0 0 0 0 127 38 0 127 0 0 0
0 0 0 0 0 0 0 100 0 0 127 127 78 0 93 90 127 0 19 127 127 0 0 0 70
0 0 0 127 127 34 0 123.536 64.7143 18.2679 0 93.1652 23.2455 0 100.213
12.558 65.2991 73.8571 5.66964 3.40179 38.6384 0 127 43.9337 1 56 0
0 0 0 0 8 16 16 0 0 0 0 0 0 127 51 1;
egregore_data 0 0 127 0 0 127 0 0 0 0 0 0 0 0 0 127 38 0 127 0 0 0
0 0 0 0 0 0 0 100 0 0 127 127 78 0 93 90 127 0 19 127 127 0 0 0 70
0 0 0 127 127 34 0 123.556 64.5516 18.278 0 93.1525 23.3498 0 100.174
12.4843 65.2915 73.7758 5.69507 3.41704 38.6816 0 127 43.9337 1 56
0 0 0 0 0 8 16 16 0 0 0 0 0 0 127 51 1;
egregore_data 0 0 127 0 0 127 0 0 0 0 0 0 0 0 0 127 38 0 127 0 0 0
0 0 0 0 0 0 0 100 0 0 127 127 78 0 93 90 127 0 19 127 127 0 0 0 70
0 0 0 127 127 34 0 123.556 64.5516 18.278 0 93.1525 23.3498 0 100.174
12.4843 65.2915 73.7758 5.69507 3.41704 38.6816 0 127 43.9337 1 56
0 0 0 0 0 8 16 16 0 0 0 0 0 0 127 51 1;
egregore_data 0 0 127 0 0 127 0 0 0 0 0 0 0 0 0 127 38 0 127 0 0 0
0 0 0 0 0 0 0 100 0 0 127 127 78 0 93 90 127 0 19 127 127 0 0 0 70
0 0 0 127 127 34 0 123.556 64.5516 18.278 0 93.1525 23.3498 0 100.174
12.4843 65.2915 73.7758 5.69507 3.41704 38.6816 0 127 43.9337 1 56
0 0 0 0 0 8 16 16 0 0 0 0 0 0 127 51 1;
egregore_data 0 0 127 0 0 127 0 0 0 0 0 0 0 0 0 127 38 0 127 0 0 0
0 0 0 0 0 0 0 100 0 0 127 127 78 0 93 90 127 0 19 127 127 0 0 0 70
0 0 0 127 127 34 0 123.556 64.5516 18.278 0 93.1525 23.3498 0 100.174
12.4843 65.2915 73.7758 5.69507 3.41704 38.6816 0 127 43.9337 1 56
0 0 0 0 0 8 16 16 0 0 0 0 0 0 127 51 1;
egregore_data 0 0 127 0 0 127 0 0 0 0 0 0 0 0 0 127 38 0 127 0 0 0
0 0 0 0 0 0 0 100 0 0 127 127 78 0 93 90 127 0 19 127 127 0 0 0 70
0 0 0 127 127 34 0 123.556 64.5516 18.278 0 93.1525 23.3498 0 100.174
12.4843 65.2915 73.7758 5.69507 3.41704 38.6816 0 127 43.9337 1 56
0 0 0 0 0 8 16 16 0 0 0 0 0 0 127 51 1;
egregore_data 0 0 127 0 0 127 0 0 0 0 0 0 0 0 0 127 38 0 127 0 0 0
0 0 0 0 0 0 0 100 0 0 127 127 78 0 93 90 127 0 19 127 127 0 0 0 70
0 0 0 127 127 34 0 123.597 64.2217 18.2986 0 93.1267 23.5611 0 100.094
12.3348 65.276 73.6109 5.74661 3.44796 38.7692 0 127 43.9337 1 56 0
0 0 0 0 8 16 16 0 0 0 0 0 0 127 51 1;
egregore_data 0 0 127 0 0 127 0 0 0 0 0 0 0 0 0 127 38 0 127 0 0 0
0 0 0 0 0 0 0 100 0 0 127 127 78 0 93 90 127 0 19 127 127 0 0 0 70
0 0 0 127 127 34 0 123.597 64.2217 18.2986 0 93.1267 23.5611 0 100.094
12.3348 65.276 73.6109 5.74661 3.44796 38.7692 0 127 43.9337 1 56 0
0 0 0 0 8 16 16 0 0 0 0 0 0 127 51 1;
egregore_data 0 0 127 0 0 127 0 0 0 0 0 0 0 0 0 127 38 0 127 0 0 0
0 0 0 0 0 0 0 100 0 0 127 127 78 0 93 90 127 0 19 127 127 0 0 0 70
0 0 0 127 127 34 0 123.618 64.0546 18.3091 0 93.1136 23.6682 0 100.053
12.2591 65.2682 73.5273 5.77273 3.46364 38.8136 0 127 43.9337 1 56
0 0 0 0 0 8 16 16 0 0 0 0 0 0 127 51 1;
egregore_data 0 0 127 0 0 127 0 0 0 0 0 0 0 0 0 127 38 0 127 0 0 0
0 0 0 0 0 0 0 100 0 0 127 127 78 0 93 90 127 0 19 127 127 0 0 0 70
0 0 0 127 127 34 0 123.618 64.0546 18.3091 0 93.1136 23.6682 0 100.053
12.2591 65.2682 73.5273 5.77273 3.46364 38.8136 0 127 43.9337 1 56
0 0 0 0 0 8 16 16 0 0 0 0 0 0 127 51 1;
egregore_data 0 0 127 0 0 127 0 0 0 0 0 0 0 0 0 127 38 0 127 0 0 0
0 0 0 0 0 0 0 100 0 0 127 127 78 0 93 90 127 0 19 127 127 0 0 0 70
0 0 0 127 127 34 0 123.639 63.8858 18.3196 0 93.1005 23.7763 0 100.013
12.1826 65.2603 73.4429 5.79909 3.47945 38.8584 0 127 43.9337 1 56
0 0 0 0 0 8 16 16 0 0 0 0 0 0 127 51 1;
egregore_data 0 0 127 0 0 127 0 0 0 0 0 0 0 0 0 127 38 0 127 0 0 0
0 0 0 0 0 0 0 100 0 0 127 127 78 0 93 90 127 0 19 127 127 0 0 0 70
0 0 0 127 127 34 0 123.639 63.8858 18.3196 0 93.1005 23.7763 0 100.013
12.1826 65.2603 73.4429 5.79909 3.47945 38.8584 0 127 43.9337 1 56
0 0 0 0 0 8 16 16 0 0 0 0 0 0 127 51 1;
egregore_data 0 0 127 0 0 127 0 0 0 0 0 0 0 0 0 127 38 0 127 0 0 0
0 0 0 0 0 0 0 100 0 0 127 127 78 0 93 90 127 0 19 127 127 0 0 0 70
0 0 0 127 127 34 0 123.639 63.8858 18.3196 0 93.1005 23.7763 0 100.013
12.1826 65.2603 73.4429 5.79909 3.47945 38.8584 0 127 43.9337 1 56
0 0 0 0 0 8 16 16 0 0 0 0 0 0 127 51 1;
egregore_data 0 0 127 0 0 127 0 0 0 0 0 0 0 0 0 127 38 0 127 0 0 0
0 0 0 0 0 0 0 100 0 0 127 127 78 0 93 90 127 0 19 127 127 0 0 0 70
0 0 0 127 127 34 0 123.639 63.8858 18.3196 0 93.1005 23.7763 0 100.013
12.1826 65.2603 73.4429 5.79909 3.47945 38.8584 0 127 43.9337 1 56
0 0 0 0 0 8 16 16 0 0 0 0 0 0 127 51 1;
egregore_data 0 0 127 0 0 127 0 0 0 0 0 0 0 0 0 127 38 0 127 0 0 0
0 0 0 0 0 0 0 100 0 0 127 127 78 0 93 90 127 0 19 127 127 0 0 0 70
0 0 0 127 127 34 0 123.639 63.8858 18.3196 0 93.1005 23.7763 0 100.013
12.1826 65.2603 73.4429 5.79909 3.47945 38.8584 0 127 43.9337 1 56
0 0 0 0 0 9 16 16 0 0 0 0 0 0 127 51 1;
egregore_data 0 0 127 0 0 127 0 0 0 0 0 0 0 0 0 127 38 0 127 0 0 0
0 0 0 0 0 0 0 100 0 0 127 127 78 0 93 90 127 0 19 127 127 0 0 0 70
0 0 0 127 127 34 0 123.639 63.8858 18.3196 0 93.1005 23.7763 0 100.013
12.1826 65.2603 73.4429 5.79909 3.47945 38.8584 0 127 43.9337 1 56
0 0 0 0 0 9 16 16 0 0 0 0 0 0 127 51 1;
egregore_data 0 0 127 0 0 127 0 0 0 0 0 0 0 0 0 127 38 0 127 0 0 0
0 0 0 0 0 0 0 100 0 0 127 127 78 0 93 90 127 0 19 127 127 0 0 0 70
0 0 0 127 127 34 0 123.661 63.7156 18.3303 0 93.0872 23.8853 0 99.9713
12.1055 65.2523 73.3578 5.82569 3.49541 38.9037 0 127 43.9337 1 56
0 0 0 0 0 9 16 16 0 0 0 0 0 0 127 51 1;
egregore_data 0 0 127 0 0 127 0 0 0 0 0 0 0 0 0 127 38 0 127 0 0 0
0 0 0 0 0 0 0 100 0 0 127 127 78 0 93 90 127 0 19 127 127 0 0 0 70
0 0 0 127 127 34 0 123.682 63.5438 18.341 0 93.0737 23.9954 0 99.9297
12.0276 65.2442 73.2719 5.85253 3.51152 38.9493 0 127 43.9337 1 56
0 0 0 0 0 10 16 16 0 0 0 0 0 0 127 51 1;
egregore_data 0 0 127 0 0 127 0 0 0 0 0 0 0 0 0 127 38 0 127 0 0 0
0 0 0 0 0 0 0 100 0 0 127 127 78 0 93 90 127 0 19 127 127 0 0 0 70
0 0 0 127 127 34 0 123.682 63.5438 18.341 0 93.0737 23.9954 0 99.9297
12.0276 65.2442 73.2719 5.85253 3.51152 38.9493 0 127 43.9337 1 56
0 0 0 0 0 10 16 16 0 0 0 0 0 0 127 51 1;
egregore_data 0 0 127 0 0 127 0 0 0 0 0 0 0 0 0 127 38 0 127 0 0 0
0 0 0 0 0 0 0 100 0 0 127 127 78 0 93 90 127 0 19 127 127 0 0 0 70
0 0 0 127 127 34 0 123.682 63.5438 18.341 0 93.0737 23.9954 0 99.9297
12.0276 65.2442 73.2719 5.85253 3.51152 38.9493 0 127 43.9337 1 56
0 0 0 0 0 10 16 16 0 0 0 0 0 0 127 51 1;
egregore_data 0 0 127 0 0 127 0 0 0 0 0 0 0 0 0 127 38 0 127 0 0 0
0 0 0 0 0 0 0 100 0 0 127 127 78 0 93 90 127 0 19 127 127 0 0 0 70
0 0 0 127 127 34 0 123.704 63.3704 18.3519 0 93.0602 24.1065 0 99.8878
11.9491 65.2361 73.1852 5.87963 3.52778 38.9954 0 127 43.9337 1 56
0 0 0 0 0 10 16 16 0 0 0 0 0 0 127 51 1;
egregore_data 0 0 127 0 0 127 0 0 0 0 0 0 0 0 0 127 38 0 127 0 0 0
0 0 0 0 0 0 0 100 0 0 127 127 78 0 93 90 127 0 19 127 127 0 0 0 70
0 0 0 127 127 34 0 123.704 63.3704 18.3519 0 93.0602 24.1065 0 99.8878
11.9491 65.2361 73.1852 5.87963 3.52778 38.9954 0 127 43.9337 1 56
0 0 0 0 0 10 16 16 0 0 0 0 0 0 127 51 1 ;
egregore_data 0 0 127 0 0 127 0 0 0 0 0 0 0 0 0 127 38 0 127 0 0 0
0 0 0 0 0 0 0 100 0 0 127 127 78 0 93 90 127 0 19 127 127 0 0 0 70
0 0 0 127 127 34 0 123.704 63.3704 18.3519 0 93.0602 24.1065 0 99.8878
11.9491 65.2361 73.1852 5.87963 3.52778 38.9954 0 127 43.9337 1 56
0 0 0 0 0 10 16 16 0 0 0 0 0 0 127 51 1;
egregore_data 0 0 127 0 0 127 0 0 0 0 0 0 0 0 0 127 38 0 127 0 0 0
0 0 0 0 0 0 0 100 0 0 127 127 78 0 93 90 127 0 19 127 127 0 0 0 70
0 0 0 127 127 34 0 123.748 63.0187 18.3738 0 93.0327 24.3318 0 99.8026
11.7897 65.2196 73.0093 5.93458 3.56075 39.0888 0 127 43.9337 1 56
0 0 0 0 0 10 16 16 0 0 0 0 0 0 127 51 1;
egregore_data 0 0 127 0 0 127 0 0 0 0 0 0 0 0 0 127 38 0 127 0 0 0
0 0 0 0 0 0 0 100 0 0 127 127 78 0 93 90 127 0 19 127 127 0 0 0 70
0 0 0 127 127 34 0 123.77 62.8404 18.385 0 93.0188 24.446 0 99.7594
11.7089 65.2113 72.9202 5.96244 3.57747 39.1362 0 127 43.9337 1 56
0 0 0 0 0 10 16 16 0 0 0 0 0 0 127 51 1;
egregore_data 0 0 127 0 0 127 0 0 0 0 0 0 0 0 0 127 38 0 127 0 0 0
0 0 0 0 0 0 0 100 0 0 127 127 78 0 93 90 127 0 19 127 127 0 0 0 70
0 0 0 127 127 34 0 123.77 62.8404 18.385 0 93.0188 24.446 0 99.7594
11.7089 65.2113 72.9202 5.96244 3.57747 39.1362 0 127 43.9337 1 56
0 0 0 0 0 10 16 16 0 0 0 0 0 0 127 51 1;
egregore_data 0 0 127 0 0 127 0 0 0 0 0 0 0 0 0 127 38 0 127 0 0 0
0 0 0 0 0 0 0 100 0 0 127 127 78 0 93 90 127 0 19 127 127 0 0 0 70
0 0 0 127 127 34 0 123.77 62.8404 18.385 0 93.0188 24.446 0 99.7594
11.7089 65.2113 72.9202 5.96244 3.57747 39.1362 0 127 43.9337 1 56
0 0 0 0 0 10 16 16 0 0 0 0 0 0 127 51 1;
egregore_data 0 0 127 0 0 127 0 0 0 0 0 0 0 0 0 127 38 0 127 0 0 0
0 0 0 0 0 0 0 100 0 0 127 127 78 0 93 90 127 0 19 127 127 0 0 0 70
0 0 0 127 127 34 0 123.77 62.8404 18.385 0 93.0188 24.446 0 99.7594
11.7089 65.2113 72.9202 5.96244 3.57747 39.1362 0 127 43.9337 1 56
0 0 0 0 0 10 16 16 0 0 0 0 0 0 127 51 1;
egregore_data 0 0 127 0 0 127 0 0 0 0 0 0 0 0 0 127 38 0 127 0 0 0
0 0 0 0 0 0 0 100 0 0 127 127 78 0 93 90 127 0 19 127 127 0 0 0 70
0 0 0 127 127 34 0 123.77 62.8404 18.385 0 93.0188 24.446 0 99.7594
11.7089 65.2113 72.9202 5.96244 3.57747 39.1362 0 127 43.9337 1 56
0 0 0 0 0 10 16 16 0 0 0 0 0 0 127 51 1;
egregore_data 0 0 127 0 0 127 0 0 0 0 0 0 0 0 0 127 38 0 127 0 0 0
0 0 0 0 0 0 0 100 0 0 127 127 78 0 93 90 127 0 19 127 127 0 0 0 70
0 0 0 127 127 34 0 123.77 62.8404 18.385 0 93.0188 24.446 0 99.7594
11.7089 65.2113 72.9202 5.96244 3.57747 39.1362 0 127 43.9337 1 56
0 0 0 0 0 10 16 16 0 0 0 0 0 0 127 51 1;
egregore_data 0 0 127 0 0 127 0 0 0 0 0 0 0 0 0 127 38 0 127 0 0 0
0 0 0 0 0 0 0 100 0 0 127 127 78 0 93 90 127 0 19 127 127 0 0 0 70
0 0 0 127 127 34 0 123.77 62.8404 18.385 0 93.0188 24.446 0 99.7594
11.7089 65.2113 72.9202 5.96244 3.57747 39.1362 0 127 43.9337 1 56
0 0 0 0 0 10 16 16 0 0 0 0 0 0 127 51 1;
egregore_data 0 0 127 0 0 127 0 0 0 0 0 0 0 0 0 127 38 0 127 0 0 0
0 0 0 0 0 0 0 100 0 0 127 127 78 0 93 90 127 0 19 127 127 0 0 0 70
0 0 0 127 127 34 0 123.77 62.8404 18.385 0 93.0188 24.446 0 99.7594
11.7089 65.2113 72.9202 5.96244 3.57747 39.1362 0 127 43.9337 1 56
0 0 0 0 0 10 16 16 0 0 0 0 0 0 127 51 1;
egregore_data 0 0 127 0 0 127 0 0 0 0 0 0 0 0 0 127 38 0 127 0 0 0
0 0 0 0 0 0 0 100 0 0 127 127 78 0 93 90 127 0 19 127 127 0 0 0 70
0 0 0 127 127 34 0 123.792 62.6604 18.3962 0 93.0047 24.5613 0 99.7158
11.6274 65.2028 72.8302 5.99057 3.59434 39.184 0 127 43.9337 1 56 0
0 0 0 0 10 16 16 0 0 0 0 0 0 127 51 1;
egregore_data 0 0 127 0 0 127 0 0 0 0 0 0 0 0 0 127 38 0 127 0 0 0
0 0 0 0 0 0 0 100 0 0 127 127 78 0 93 90 127 0 19 127 127 0 0 0 70
0 0 0 127 127 34 0 123.815 62.4787 18.4076 0 92.9905 24.6777 0 99.6718
11.545 65.1943 72.7393 6.01896 3.61137 39.2322 0 127 43.9337 1 56 0
0 0 0 0 10 16 16 0 0 0 0 0 0 127 51 1;
egregore_data 0 0 127 0 0 127 0 0 0 0 0 0 0 0 0 127 38 0 127 0 0 0
0 0 0 0 0 0 0 100 0 0 127 127 78 0 93 90 127 0 19 127 127 0 0 0 70
0 0 0 127 127 34 0 123.838 62.2952 18.419 0 92.9762 24.7952 0 99.6274
11.4619 65.1857 72.6476 6.04762 3.62857 39.281 0 127 43.9337 1 56 0
0 0 0 0 10 16 16 0 0 0 0 0 0 127 51 1;
egregore_data 0 0 127 0 0 127 0 0 0 0 0 0 0 0 0 127 38 0 127 0 0 0
0 0 0 0 0 0 0 100 0 0 127 127 78 0 93 90 127 0 19 127 127 0 0 0 70
0 0 0 127 127 34 0 123.838 62.2952 18.419 0 92.9762 24.7952 0 99.6274
11.4619 65.1857 72.6476 6.04762 3.62857 39.281 0 127 43.9337 1 56 0
0 0 0 0 10 16 16 0 0 0 0 0 0 127 51 1;
egregore_data 0 0 127 0 0 127 0 0 0 0 0 0 0 0 0 127 38 0 127 0 0 0
0 0 0 0 0 0 0 100 0 0 127 127 78 0 93 90 127 0 19 127 127 0 0 0 70
0 0 0 127 127 34 0 123.838 62.2952 18.419 0 92.9762 24.7952 0 99.6274
11.4619 65.1857 72.6476 6.04762 3.62857 39.281 0 127 43.9337 1 56 0
0 0 0 0 10 16 16 0 0 0 0 0 0 127 51 1;
egregore_data 0 0 127 0 0 127 0 0 0 0 0 0 0 0 0 127 38 0 127 0 0 0
0 0 0 0 0 0 0 100 0 0 127 127 78 0 93 90 127 0 19 127 127 0 0 0 70
0 0 0 127 127 34 0 123.838 62.2952 18.419 0 92.9762 24.7952 0 99.6274
11.4619 65.1857 72.6476 6.04762 3.62857 39.281 0 127 43.9337 1 56 0
0 0 0 0 10 16 16 0 0 0 0 0 0 127 51 1;
egregore_data 0 0 127 0 0 127 0 0 0 0 0 0 0 0 0 127 38 0 127 0 0 0
0 0 0 0 0 0 0 100 0 0 127 127 78 0 93 90 127 0 19 127 127 0 0 0 70
0 0 0 127 127 34 0 123.885 61.9231 18.4423 0 92.9471 25.0337 0 99.5373
11.2933 65.1683 72.4615 6.10577 3.66346 39.3798 0 127 43.9337 1 56
0 0 0 0 0 10 16 16 0 0 0 0 0 0 127 51 1;
egregore_data 0 0 127 0 0 127 0 0 0 0 0 0 0 0 0 127 38 0 127 0 0 0
0 0 0 0 0 0 0 100 0 0 127 127 78 0 93 90 127 0 19 127 127 0 0 0 70
0 0 0 127 127 34 0 123.885 61.9231 18.4423 0 92.9471 25.0337 0 99.5373
11.2933 65.1683 72.4615 6.10577 3.66346 39.3798 0 127 43.9337 1 56
0 0 0 0 0 11 16 16 0 0 0 0 0 0 127 51 1;
egregore_data 0 0 127 0 0 127 0 0 0 0 0 0 0 0 0 127 38 0 127 0 0 0
0 0 0 0 0 0 0 100 0 0 127 127 78 0 93 90 127 0 19 127 127 0 0 0 70
0 0 0 127 127 34 0 123.885 61.9231 18.4423 0 92.9471 25.0337 0 99.5373
11.2933 65.1683 72.4615 6.10577 3.66346 39.3798 0 127 43.9337 1 56
0 0 0 0 0 11 16 16 0 0 0 0 0 0 127 51 1;
egregore_data 0 0 127 0 0 127 0 0 0 0 0 0 0 0 0 127 38 0 127 0 0 0
0 0 0 0 0 0 0 100 0 0 127 127 78 0 93 90 127 0 19 127 127 0 0 0 70
0 0 0 127 127 34 0 123.885 61.9231 18.4423 0 92.9471 25.0337 0 99.5373
11.2933 65.1683 72.4615 6.10577 3.66346 39.3798 0 127 43.9337 1 56
0 0 0 0 0 11 16 16 0 0 0 0 0 0 127 51 1;
egregore_data 0 0 127 0 0 127 0 0 0 0 0 0 0 0 0 127 38 0 127 0 0 0
0 0 0 0 0 0 0 100 0 0 127 127 78 0 93 90 127 0 19 127 127 0 0 0 70
0 0 0 127 127 34 0 123.908 61.7343 18.4541 0 92.9324 25.1546 0 99.4916
11.2077 65.1594 72.3671 6.13527 3.68116 39.43 0 127 43.9337 1 56 0
0 0 0 0 11 16 16 0 0 0 0 0 0 127 51 1;
egregore_data 0 0 127 0 0 127 0 0 0 0 0 0 0 0 0 127 38 0 127 0 0 0
0 0 0 0 0 0 0 100 0 0 127 127 78 0 93 90 127 0 19 127 127 0 0 0 70
0 0 0 127 127 34 0 123.932 61.5437 18.466 0 92.9175 25.2767 0 99.4454
11.1214 65.1505 72.2719 6.16505 3.69903 39.4806 0 127 43.9337 1 56
0 0 0 0 0 13 16 16 0 0 0 0 0 0 127 51 1;
END;
