HTTP/1.1 200 OK
Date: Thu, 28 May 2015 12:31:07 GMT
Server: Apache
Last-Modified: Wed, 27 May 2015 19:05:32 GMT
Accept-Ranges: bytes
Content-Length: 25932
Vary: Accept-Encoding
Connection: close
Content-Type: text/plain

chdh_egregore_live_data;
egregore_data 92 79 0 47 43 0 52 0 0 0 0 0 0 0 0 127 38 1 39.8425 25.0551
0 0 0 0 0 0 0 4.34646 0 122.591 0 0 44.2047 127 78 1 0 0 127 0 0 30
127 0 0 0 70 0 0 0 0 127 34 0 53 99 83 0 0 0 0 32 0 0 21 0 40 0 0 127
88 0 0 0 0 0 0 0 0 16 16 0 0 0 0 0 0 127 51 0;
egregore_data 92 79 0 47 43 0 52 0 0 0 0 0 0 0 0 127 38 1 39.8425 25.0551
0 0 0 0 0 0 0 4.34646 0 122.591 0 0 44.2047 127 78 1 0 0 127 0 0 30
127 0 0 0 70 0 0 0 0 127 34 0 53 99 83 0 0 0 0 32 0 0 21 0 40 0 0 127
88 0 0 0 0 0 0 0 0 16 16 0 0 0 0 0 0 127 51 0;
egregore_data 92 79 0 47 43 0 52 0 0 0 0 0 0 0 0 127 38 1 38.9223 25.9085
0 0 0 0 0 0 0 4.24606 0 122.323 0 0 44.3386 127 78 1 0 0 127 0 0 30
127 0 0 0 70 0 0 0 0 127 34 0 53 99 83 0 0 0 0 32 0 0 21 0 40 0 0 127
88 0 0 0 0 0 0 0 0 16 16 0 0 0 0 0 0 127 51 0;
egregore_data 92 79 0 47 43 0 52 0 0 0 0 0 0 0 0 127 38 1 38.9223 25.9085
0 0 0 0 0 0 0 4.24606 0 122.323 0 0 44.3386 127 78 1 0 0 127 0 0 30
127 0 0 0 70 0 0 0 0 127 34 0 53 99 83 0 0 0 0 32 0 0 21 0 40 0 0 127
88 0 0 0 0 0 0 0 0 16 16 0 0 0 0 0 0 127 51 0;
egregore_data 92 79 0 47 43 0 52 0 0 0 0 0 0 0 0 127 38 1 38.002 26.7618
0 0 0 0 0 0 0 4.14567 0 122.055 0 0 44.4724 127 78 1 0 0 127 0 0 30
127 0 0 0 70 0 0 0 0 127 34 0 53 99 83 0 0 0 0 32 0 0 21 0 40 0 0 127
88 0 0 0 0 0 0 0 0 16 16 0 0 0 0 0 0 127 51 0;
egregore_data 92 79 0 47 43 0 52 0 0 0 0 0 0 0 0 127 38 1 38.002 26.7618
0 0 0 0 0 0 0 4.14567 0 122.055 0 0 44.4724 127 78 1 0 0 127 0 0 30
127 0 0 0 70 0 0 0 0 127 34 0 53 99 83 0 0 0 0 32 0 0 21 0 40 0 0 127
88 0 0 0 0 0 0 0 0 16 16 0 0 0 0 0 0 127 51 0;
egregore_data 92 79 0 47 43 0 52 0 0 0 0 0 0 0 0 127 38 1 36.1614 28.4685
0 0 0 0 0 0 0 3.94488 0 121.52 0 0 44.7402 127 78 1 0 0 127 0 0 30
127 0 0 0 70 0 0 0 0 127 34 0 53 99 83 0 0 0 0 32 0 0 21 0 40 0 0 127
88 0 0 0 0 0 0 0 0 16 16 0 0 0 0 0 0 127 51 0;
egregore_data 92 79 0 47 43 0 52 0 0 0 0 0 0 0 0 127 38 1 35.2411 29.3218
0 0 0 0 0 0 0 3.84449 0 121.252 0 0 44.874 127 78 1 0 0 127 0 0 30
127 0 0 0 70 0 0 0 0 127 34 0 53 99 83 0 0 0 0 32 0 0 21 0 40 0 0 127
88 0 0 0 0 0 0 0 0 16 16 0 0 0 0 0 0 127 51 0;
egregore_data 92 79 0 47 43 0 51 0 0 0 0 0 0 0 0 127 38 1 35.2411 29.3218
0 0 0 0 0 0 0 3.84449 0 121.252 0 0 44.874 127 78 1 0 0 127 0 0 30
127 0 0 0 70 0 0 0 0 127 34 0 53 99 83 0 0 0 0 32 0 0 21 0 40 0 0 127
88 0 0 0 0 0 0 0 0 16 16 0 0 0 0 0 0 127 51 0;
egregore_data 92 79 0 47 42 0 51 0 0 0 0 0 0 0 0 127 38 1 34.3209 30.1752
0 0 0 0 0 0 0 3.74409 0 120.984 0 0 45.0079 127 78 1 0 0 127 0 0 30
127 0 0 0 70 0 0 0 0 127 34 0 53 99 83 0 0 0 0 32 0 0 21 0 40 0 0 127
88 0 0 0 0 0 0 0 0 16 16 0 0 0 0 0 0 127 51 0;
egregore_data 92 79 0 46 42 0 51 0 0 0 0 0 0 0 0 127 38 1 33.4006 31.0285
0 0 0 0 0 0 0 3.6437 0 120.717 0 0 45.1417 127 78 1 0 0 127 0 0 30
127 0 0 0 70 0 0 0 0 127 34 0 53 99 83 0 0 0 0 32 0 0 21 0 40 0 0 127
88 0 0 0 0 0 0 0 0 16 16 0 0 0 0 0 0 127 51 0;
egregore_data 92 79 0 46 42 0 51 0 0 0 0 0 0 0 0 127 38 1 33.4006 31.0285
0 0 0 0 0 0 0 3.6437 0 120.717 0 0 45.1417 127 78 1 0 0 127 0 0 30
127 0 0 0 70 0 0 0 0 127 34 0 53 99 83 0 0 0 0 32 0 0 21 0 40 0 0 127
88 0 0 0 0 0 0 0 0 16 16 0 0 0 0 0 0 127 51 0;
egregore_data 92 79 0 46 42 0 49 0 0 0 0 0 0 0 0 127 38 1 33.4006 31.0285
0 0 0 0 0 0 0 3.6437 0 120.717 0 0 45.1417 127 78 1 0 0 127 0 0 30
127 0 0 0 70 0 0 0 0 127 34 0 53 99 83 0 0 0 0 32 0 0 21 0 40 0 0 127
88 0 0 0 0 0 0 0 0 16 16 0 0 0 0 0 0 127 51 0;
egregore_data 92 79 0 46 42 0 49 0 0 0 0 0 0 0 0 127 38 1 32.4803 31.8819
0 0 0 0 0 0 0 3.54331 0 120.449 0 0 45.2756 127 78 1 0 0 127 0 0 30
127 0 0 0 70 0 0 0 0 127 34 0 53 99 83 0 0 0 0 32 0 0 21 0 40 0 0 127
88 0 0 0 0 0 0 0 0 16 16 0 0 0 0 0 0 127 51 0;
egregore_data 92 79 0 46 42 0 49 0 0 0 0 0 0 0 0 127 38 1 31.56 32.7352
0 0 0 0 0 0 0 3.44291 0 120.181 0 0 45.4095 127 78 1 0 0 127 0 0 30
127 0 0 0 70 0 0 0 0 127 34 0 53 99 83 0 0 0 0 32 0 0 21 0 40 0 0 127
88 0 0 0 0 0 0 0 0 16 16 0 0 0 0 0 0 127 51 0;
egregore_data 92 79 0 46 42 0 49 0 0 0 0 0 0 0 0 127 38 1 29.7195 34.4419
0 0 0 0 0 0 0 3.24213 0 119.646 0 0 45.6772 127 78 1 0 0 127 0 0 30
127 0 0 0 70 0 0 0 0 127 34 0 53 99 83 0 0 0 0 32 0 0 21 0 40 0 0 127
88 0 0 0 0 0 0 0 0 16 16 0 0 0 0 0 0 127 51 0;
egregore_data 92 79 0 46 42 0 49 0 0 0 0 0 0 0 0 127 38 1 29.7195 34.4419
0 0 0 0 0 0 0 3.24213 0 119.646 0 0 45.6772 127 78 1 0 0 127 0 0 30
127 0 0 0 70 0 0 0 0 127 34 0 53 99 83 0 0 0 0 32 0 0 21 0 40 0 0 127
88 0 0 0 0 0 0 0 0 16 16 0 0 0 0 0 0 127 51 0;
egregore_data 92 79 0 46 41 0 49 0 0 0 0 0 0 0 0 127 38 1 28.7992 35.2953
0 0 0 0 0 0 0 3.14173 0 119.378 0 0 45.811 127 78 1 0 0 127 0 0 30
127 0 0 0 70 0 0 0 0 127 34 0 53 99 83 0 0 0 0 32 0 0 21 0 40 0 0 127
88 0 0 0 0 0 0 0 0 16 16 0 0 0 0 0 0 127 51 0;
egregore_data 92 79 0 46 41 0 49 0 0 0 0 0 0 0 0 127 38 1 28.7992 35.2953
0 0 0 0 0 0 0 3.14173 0 119.378 0 0 45.811 127 78 1 0 0 127 0 0 30
127 0 0 0 70 0 0 0 0 127 34 0 53 99 83 0 0 0 0 32 0 0 21 0 40 0 0 127
88 0 0 0 0 0 0 0 0 16 16 0 0 0 0 0 0 127 51 0;
egregore_data 92 79 0 46 41 0 48 0 0 0 0 0 0 0 0 127 38 1 27.8789 36.1486
0 0 0 0 0 0 0 3.04134 0 119.11 0 0 45.9449 127 78 1 0 0 127 0 0 30
127 0 0 0 70 0 0 0 0 127 34 0 53 99 83 0 0 0 0 32 0 0 21 0 40 0 0 127
88 0 0 0 0 0 0 0 0 16 16 0 0 0 0 0 0 127 51 0;
egregore_data 92 79 0 46 41 0 48 0 0 0 0 0 0 0 0 127 38 1 27.8789 36.1486
0 0 0 0 0 0 0 3.04134 0 119.11 0 0 45.9449 127 78 1 0 0 127 0 0 30
127 0 0 0 70 0 0 0 0 127 34 0 53 99 83 0 0 0 0 32 0 0 21 0 40 0 0 127
88 0 0 0 0 0 0 0 0 16 16 0 0 0 0 0 0 127 51 0;
egregore_data 92 79 0 46 41 0 48 0 0 0 0 0 0 0 0 127 38 1 26.9587 37.002
0 0 0 0 0 0 0 2.94094 0 118.843 0 0 46.0787 127 78 1 0 0 127 0 0 30
127 0 0 0 70 0 0 0 0 127 34 0 53 99 83 0 0 0 0 32 0 0 21 0 40 0 0 127
88 0 0 0 0 0 0 0 0 16 16 0 0 0 0 0 0 127 51 0;
egregore_data 92 79 0 46 41 0 48 0 0 0 0 0 0 0 0 127 38 1 26.9587 37.002
0 0 0 0 0 0 0 2.94094 0 118.843 0 0 46.0787 127 78 1 0 0 127 0 0 30
127 0 0 0 70 0 0 0 0 127 34 0 53 99 83 0 0 0 0 32 0 0 21 0 40 0 0 127
88 0 0 0 0 0 0 0 0 16 16 0 0 0 0 0 0 127 51 0;
egregore_data 92 79 0 46 41 0 48 0 0 0 0 0 0 0 0 127 38 1 26.9587 37.002
0 0 0 0 0 0 0 2.94094 0 118.843 0 0 46.0787 127 78 1 0 0 127 0 0 30
127 0 0 0 70 0 0 0 0 127 34 0 53 99 83 0 0 0 0 32 0 0 21 0 40 0 0 127
88 0 0 0 0 0 0 0 0 16 16 0 0 0 0 0 0 127 51 0;
egregore_data 92 79 0 46 41 0 48 0 0 0 0 0 0 0 0 127 38 1 26.0384 37.8553
0 0 0 0 0 0 0 2.84055 0 118.575 0 0 46.2126 127 78 1 0 0 127 0 0 30
127 0 0 0 70 0 0 0 0 127 34 0 53 99 83 0 0 0 0 32 0 0 21 0 40 0 0 127
88 0 0 0 0 0 0 0 0 16 16 0 0 0 0 0 0 127 51 0;
egregore_data 92 79 0 45 41 0 47 0 0 0 0 0 0 0 0 127 38 1 24.1978 39.562
0 0 0 0 0 0 0 2.63976 0 118.039 0 0 46.4803 127 78 1 0 0 127 0 0 30
127 0 0 0 70 0 0 0 0 127 34 0 53 99 83 0 0 0 0 32 0 0 21 0 40 0 0 127
88 0 0 0 0 0 0 0 0 16 16 0 0 0 0 0 0 127 51 0;
egregore_data 92 79 0 45 41 0 47 0 0 0 0 0 0 0 0 127 38 1 24.1978 39.562
0 0 0 0 0 0 0 2.63976 0 118.039 0 0 46.4803 127 78 1 0 0 127 0 0 30
127 0 0 0 70 0 0 0 0 127 34 0 53 99 83 0 0 0 0 32 0 0 21 0 40 0 0 127
88 0 0 0 0 0 0 0 0 16 16 0 0 0 0 0 0 127 51 0;
egregore_data 92 79 0 45 41 0 47 0 0 0 0 0 0 0 0 127 38 1 24.1978 39.562
0 0 0 0 0 0 0 2.63976 0 118.039 0 0 46.4803 127 78 1 0 0 127 0 0 30
127 0 0 0 70 0 0 0 0 127 34 0 53 99 83 0 0 0 0 32 0 0 21 0 40 0 0 127
88 0 0 0 0 0 0 0 0 16 16 0 0 0 0 0 0 127 51 0;
egregore_data 92 79 0 43 41 0 47 0 0 0 0 0 0 0 0 127 38 1 23.2776 40.4154
0 0 0 0 0 0 0 2.53937 0 117.772 0 0 46.6142 127 78 1 0 0 127 0 0 30
127 0 0 0 70 0 0 0 0 127 34 0 53 99 83 0 0 0 0 32 0 0 21 0 40 0 0 127
88 0 0 0 0 0 0 0 0 16 16 0 0 0 0 0 0 127 51 0;
egregore_data 92 79 0 43 40 0 47 0 0 0 0 0 0 0 0 127 38 1 23.2776 40.4154
0 0 0 0 0 0 0 2.53937 0 117.772 0 0 46.6142 127 78 1 0 0 127 0 0 30
127 0 0 0 70 0 0 0 0 127 34 0 53 99 83 0 0 0 0 32 0 0 21 0 40 0 0 127
88 0 0 0 0 0 0 0 0 16 16 0 0 0 0 0 0 127 51 0;
egregore_data 92 79 0 43 40 0 46 0 0 0 0 0 0 0 0 127 38 1 23.2776 40.4154
0 0 0 0 0 0 0 2.53937 0 117.772 0 0 46.6142 127 78 1 0 0 127 0 0 30
127 0 0 0 70 0 0 0 0 127 34 0 53 99 83 0 0 0 0 32 0 0 21 0 40 0 0 127
88 0 0 0 0 0 0 0 0 16 16 0 0 0 0 0 0 127 51 0;
egregore_data 92 79 0 42 39 0 46 0 0 0 0 0 0 0 0 127 38 1 23.2776 40.4154
0 0 0 0 0 0 0 2.53937 0 117.772 0 0 46.6142 127 78 1 0 0 127 0 0 30
127 0 0 0 70 0 0 0 0 127 34 0 53 99 83 0 0 0 0 32 0 0 21 0 40 0 0 127
88 0 0 0 0 0 0 0 0 16 16 0 0 0 0 0 0 127 51 0;
egregore_data 92 79 0 42 39 0 46 0 0 0 0 0 0 0 0 127 38 1 23.2776 40.4154
0 0 0 0 0 0 0 2.53937 0 117.772 0 0 46.6142 127 78 1 0 0 127 0 0 30
127 0 0 0 70 0 0 0 0 127 34 0 53 99 83 0 0 0 0 32 0 0 21 0 40 0 0 127
88 0 0 0 0 0 0 0 0 16 16 0 0 0 0 0 0 127 51 0;
egregore_data 92 79 0 42 39 0 46 0 0 0 0 0 0 0 0 127 38 1 23.2776 40.4154
0 0 0 0 0 0 0 2.53937 0 117.772 0 0 46.6142 127 78 1 0 0 127 0 0 30
127 0 0 0 70 0 0 0 0 127 34 0 53 99 83 0 0 0 0 32 0 0 21 0 40 0 0 127
88 0 0 0 0 0 0 0 0 16 16 0 0 0 0 0 0 127 51 0;
egregore_data 92 79 0 42 39 0 46 0 0 0 0 0 0 0 0 127 38 1 23.2776 40.4154
0 0 0 0 0 0 0 2.53937 0 117.772 0 0 46.6142 127 78 1 0 0 127 0 0 30
127 0 0 0 70 0 0 0 0 127 34 0 53 99 83 0 0 0 0 32 0 0 21 0 40 0 0 127
88 0 0 0 0 0 0 0 0 16 16 0 0 0 0 0 0 127 51 0;
egregore_data 92 79 0 42 37 0 46 0 0 0 0 0 0 0 0 127 38 1 23.2776 40.4154
0 0 0 0 0 0 0 2.53937 0 117.772 0 0 46.6142 127 78 1 0 0 127 0 0 30
127 0 0 0 70 0 0 0 0 127 34 0 53 99 83 0 0 0 0 32 0 0 21 0 40 0 0 127
88 0 0 0 0 0 0 0 0 16 16 0 0 0 0 0 0 127 51 0;
egregore_data 92 79 0 41 37 0 45 0 0 0 0 0 0 0 0 127 38 1 23.2776 40.4154
0 0 0 0 0 0 0 2.53937 0 117.772 0 0 46.6142 127 78 1 0 0 127 0 0 30
127 0 0 0 70 0 0 0 0 127 34 0 53 99 83 0 0 0 0 32 0 0 21 0 40 0 0 127
88 0 0 0 0 0 0 0 0 16 16 0 0 0 0 0 0 127 51 0;
egregore_data 92 79 0 41 37 0 43 0 0 0 0 0 0 0 0 127 38 1 23.2776 40.4154
0 0 0 0 0 0 0 2.53937 0 117.772 0 0 46.6142 127 78 1 0 0 127 0 0 30
127 0 0 0 70 0 0 0 0 127 34 0 53 99 83 0 0 0 0 32 0 0 21 0 40 0 0 127
88 0 0 0 0 0 0 0 0 16 16 0 0 0 0 0 0 127 51 0;
egregore_data 92 79 0 41 37 0 43 0 0 0 0 0 0 0 0 127 38 1 23.2776 40.4154
0 0 0 0 0 0 0 2.53937 0 117.772 0 0 46.6142 127 78 1 0 0 127 0 0 30
127 0 0 0 70 0 0 0 0 127 34 0 53 99 83 0 0 0 0 32 0 0 21 0 40 0 0 127
88 0 0 0 0 0 0 0 0 16 16 0 0 0 0 0 0 127 51 0;
egregore_data 92 79 0 41 36 0 43 0 0 0 0 0 0 0 0 127 38 1 23.2776 40.4154
0 0 0 0 0 0 0 2.53937 0 117.772 0 0 46.6142 127 78 1 0 0 127 0 0 30
127 0 0 0 70 0 0 0 0 127 34 0 53 99 83 0 0 0 0 32 0 0 21 0 40 0 0 127
88 0 0 0 0 0 0 0 0 16 16 0 0 0 0 0 0 127 51 0;
egregore_data 92 79 0 39 35 0 43 0 0 0 0 0 0 0 0 127 38 1 23.2776 40.4154
0 0 0 0 0 0 0 2.53937 0 117.772 0 0 46.6142 127 78 1 0 0 127 0 0 30
127 0 0 0 70 0 0 0 0 127 34 0 53 99 83 0 0 0 0 32 0 0 21 0 40 0 0 127
88 0 0 0 0 0 0 0 0 16 16 0 0 0 0 0 0 127 51 0;
egregore_data 92 79 0 39 35 0 42 0 0 0 0 0 0 0 0 127 38 1 23.2776 40.4154
0 0 0 0 0 0 0 2.53937 0 117.772 0 0 46.6142 127 78 1 0 0 127 0 0 30
127 0 0 0 70 0 0 0 0 127 34 0 53 99 83 0 0 0 0 32 0 0 21 0 40 0 0 127
88 0 0 0 0 0 0 0 0 16 16 0 0 0 0 0 0 127 51 0;
egregore_data 92 79 0 39 35 0 42 0 0 0 0 0 0 0 0 127 38 1 22.3573 41.2687
0 0 0 0 0 0 0 2.43898 0 117.504 0 0 46.748 127 78 1 0 0 127 0 0 30
127 0 0 0 70 0 0 0 0 127 34 0 53 99 83 0 0 0 0 32 0 0 21 0 40 0 0 127
88 0 0 0 0 0 0 0 0 16 16 0 0 0 0 0 0 127 51 0;
egregore_data 92 79 0 39 35 0 41 0 0 0 0 0 0 0 0 127 38 1 22.3573 41.2687
0 0 0 0 0 0 0 2.43898 0 117.504 0 0 46.748 127 78 1 0 0 127 0 0 30
127 0 0 0 70 0 0 0 0 127 34 0 53 99 83 0 0 0 0 32 0 0 21 0 40 0 0 127
88 0 0 0 0 0 0 0 0 16 16 0 0 0 0 0 0 127 51 0;
egregore_data 92 79 0 39 35 0 41 0 0 0 0 0 0 0 0 127 38 1 22.3573 41.2687
0 0 0 0 0 0 0 2.43898 0 117.504 0 0 46.748 127 78 1 0 0 127 0 0 30
127 0 0 0 70 0 0 0 0 127 34 0 53 99 83 0 0 0 0 32 0 0 21 0 40 0 0 127
88 0 0 0 0 0 0 0 0 16 16 0 0 0 0 0 0 127 51 0;
egregore_data 92 79 0 39 35 0 41 0 0 0 0 0 0 0 0 127 38 1 22.3573 41.2687
0 0 0 0 0 0 0 2.43898 0 117.504 0 0 46.748 127 78 1 0 0 127 0 0 30
127 0 0 0 70 0 0 0 0 127 34 0 53 99 83 0 0 0 0 32 0 0 21 0 40 0 0 127
88 0 0 0 0 0 0 0 0 16 16 0 0 0 0 0 0 127 51 0;
egregore_data 92 79 0 39 35 0 41 0 0 0 0 0 0 0 0 127 38 1 22.3573 41.2687
0 0 0 0 0 0 0 2.43898 0 117.504 0 0 46.748 127 78 1 0 0 127 0 0 30
127 0 0 0 70 0 0 0 0 127 34 0 53 99 83 0 0 0 0 32 0 0 21 0 40 0 0 127
88 0 0 0 0 0 0 0 0 16 16 0 0 0 0 0 0 127 51 0 ;
egregore_data 92 79 0 39 35 0 41 0 0 0 0 0 0 0 0 127 38 1 22.3573 41.2687
0 0 0 0 0 0 0 2.43898 0 117.504 0 0 46.748 127 78 1 0 0 127 0 0 30
127 0 0 0 70 0 0 0 0 127 34 0 53 99 83 0 0 0 0 32 0 0 21 0 40 0 0 127
88 0 0 0 0 0 0 0 0 16 16 0 0 0 0 0 0 127 51 0;
egregore_data 92 79 0 39 35 0 41 0 0 0 0 0 0 0 0 127 38 1 22.3573 41.2687
0 0 0 0 0 0 0 2.43898 0 117.504 0 0 46.748 127 78 1 0 0 127 0 0 30
127 0 0 0 70 0 0 0 0 127 34 0 53 99 83 0 0 0 0 32 0 0 21 0 40 0 0 127
88 0 0 0 0 0 0 0 0 16 16 0 0 0 0 0 0 127 51 0;
egregore_data 92 79 0 39 35 0 41 0 0 0 0 0 0 0 0 127 38 1 21.437 42.122
0 0 0 0 0 0 0 2.33858 0 117.236 0 0 46.8819 127 78 1 0 0 127 0 0 30
127 0 0 0 70 0 0 0 0 127 34 0 53 99 83 0 0 0 0 32 0 0 21 0 40 0 0 127
88 0 0 0 0 0 0 0 0 16 16 0 0 0 0 0 0 127 51 0;
egregore_data 92 79 0 39 35 0 41 0 0 0 0 0 0 0 0 127 38 1 20.5167 42.9754
0 0 0 0 0 0 0 2.23819 0 116.968 0 0 47.0157 127 78 1 0 0 127 0 0 30
127 0 0 0 70 0 0 0 0 127 34 0 53 99 83 0 0 0 0 32 0 0 21 0 40 0 0 127
88 0 0 0 0 0 0 0 0 16 16 0 0 0 0 0 0 127 51 0;
egregore_data 92 79 0 39 35 0 41 0 0 0 0 0 0 0 0 127 38 1 20.5167 42.9754
0 0 0 0 0 0 0 2.23819 0 116.968 0 0 47.0157 127 78 1 0 0 127 0 0 30
127 0 0 0 70 0 0 0 0 127 34 0 53 99 83 0 0 0 0 32 0 0 21 0 40 0 0 127
88 0 0 0 0 0 0 0 0 16 16 0 0 0 0 0 0 127 51 0;
egregore_data 92 79 0 39 35 0 41 0 0 0 0 0 0 0 0 127 38 1 20.5167 42.9754
0 0 0 0 0 0 0 2.23819 0 116.968 0 0 47.0157 127 78 1 0 0 127 0 0 30
127 0 0 0 70 0 0 0 0 127 34 0 53 99 83 0 0 0 0 32 0 0 21 0 40 0 0 127
88 0 0 0 0 0 0 0 0 16 16 0 0 0 0 0 0 127 51 0;
egregore_data 92 79 0 39 35 0 41 0 0 0 0 0 0 0 0 127 38 1 20.5167 42.9754
0 0 0 0 0 0 0 2.23819 0 116.968 0 0 47.0157 127 78 1 0 0 127 0 0 30
127 0 0 0 70 0 0 0 0 127 34 0 53 99 83 0 0 0 0 32 0 0 21 0 40 0 0 127
88 0 0 0 0 0 0 0 0 16 16 0 0 0 0 0 0 127 51 0;
egregore_data 92 79 0 39 35 0 41 0 0 0 0 0 0 0 0 127 38 1 20.5167 42.9754
0 0 0 0 0 0 0 2.23819 0 116.968 0 0 47.0157 127 78 1 0 0 127 0 0 30
127 0 0 0 70 0 0 0 0 127 34 0 53 99 83 0 0 0 0 32 0 0 21 0 40 0 0 127
88 0 0 0 0 0 0 0 0 16 16 0 0 0 0 0 0 127 51 0;
egregore_data 92 79 0 39 34 0 41 0 0 0 0 0 0 0 0 127 38 1 20.5167 42.9754
0 0 0 0 0 0 0 2.23819 0 116.968 0 0 47.0157 127 78 1 0 0 127 0 0 30
127 0 0 0 70 0 0 0 0 127 34 0 53 99 83 0 0 0 0 32 0 0 21 0 40 0 0 127
88 0 0 0 0 0 0 0 0 16 16 0 0 0 0 0 0 127 51 0;
egregore_data 92 79 0 39 34 0 41 0 0 0 0 0 0 0 0 127 38 1 20.5167 42.9754
0 0 0 0 0 0 0 2.23819 0 116.968 0 0 47.0157 127 78 1 0 0 127 0 0 30
127 0 0 0 70 0 0 0 0 127 34 0 53 99 83 0 0 0 0 32 0 0 21 0 40 0 0 127
88 0 0 0 0 0 0 0 0 16 16 0 0 0 0 0 0 127 51 0;
egregore_data 92 79 0 37 33 0 41 0 0 0 0 0 0 0 0 127 38 1 20.5167 42.9754
0 0 0 0 0 0 0 2.23819 0 116.968 0 0 47.0157 127 78 1 0 0 127 0 0 30
127 0 0 0 70 0 0 0 0 127 34 0 53 99 83 0 0 0 0 32 0 0 21 0 40 0 0 127
88 0 0 0 0 0 0 0 0 16 16 0 0 0 0 0 0 127 51 0;
egregore_data 92 79 0 37 33 1 41 0 0 0 0 0 0 0 0 127 38 1 20.5167 42.9754
0 0 0 0 0 0 0 2.23819 0 116.968 0 0 47.0157 127 78 1 0 0 127 0 0 30
127 0 0 0 70 0 0 0 0 127 34 0 53 99 83 0 0 0 0 32 0 0 21 0 40 0 0 127
88 0 0 0 0 0 0 0 0 16 16 0 0 0 0 0 0 127 51 0;
egregore_data 92 79 0 37 33 1 41 0 0 0 0 0 0 0 0 127 38 1 20.5167 42.9754
0 0 0 0 0 0 0 2.23819 0 116.968 0 0 47.0157 127 78 1 0 0 127 0 0 30
127 0 0 0 70 0 0 0 0 127 34 0 53 99 83 0 0 0 0 32 0 0 21 0 40 0 0 127
88 0 0 0 0 0 0 0 0 16 16 0 0 0 0 0 0 127 51 0;
egregore_data 92 79 0 36 32 2 41 0 0 0 0 0 0 0 0 127 38 1 18.6762 44.6821
0 0 0 0 0 0 0 2.0374 0 116.433 0 0 47.2835 127 78 1 0 0 127 0 0 30
127 0 0 0 70 0 0 0 0 127 34 0 53 99 83 0 0 0 0 32 0 0 21 0 40 0 0 127
88 0 0 0 0 0 0 0 0 16 16 0 0 0 0 0 0 127 51 0;
egregore_data 92 79 0 36 32 4 41 0 0 0 0 0 0 0 0 127 38 1 15.9154 47.2421
0 0 0 0 0 0 0 1.73622 0 115.63 0 0 47.685 127 78 1 0 0 127 0 0 30 127
0 0 0 70 0 0 0 0 127 34 0 53 99 83 0 0 0 0 32 0 0 21 0 40 0 0 127 88
0 0 0 0 0 0 0 0 16 16 0 0 0 0 0 0 127 51 0;
egregore_data 92 79 0 36 32 4 41 0 0 0 0 0 0 0 0 127 38 1 14.9951 48.0955
0 0 0 0 0 0 0 1.63583 0 115.362 0 0 47.8189 127 78 1 0 0 127 0 0 30
127 0 0 0 70 0 0 0 0 127 34 0 53 99 83 0 0 0 0 32 0 0 21 0 40 0 0 127
88 0 0 0 0 0 0 0 0 16 16 0 0 0 0 0 0 127 51 0;
egregore_data 92 79 0 35 30 4 41 0 0 0 0 0 0 0 0 127 38 1 14.9951 48.0955
0 0 0 0 0 0 0 1.63583 0 115.362 0 0 47.8189 127 78 1 0 0 127 0 0 30
127 0 0 0 70 0 0 0 0 127 34 0 53 99 83 0 0 0 0 32 0 0 21 0 40 0 0 127
88 0 0 0 0 0 0 0 0 16 16 0 0 0 0 0 0 127 51 0;
egregore_data 92 79 0 35 30 5 41 0 0 0 0 0 0 0 0 127 38 1 14.9951 48.0955
0 0 0 0 0 0 0 1.63583 0 115.362 0 0 47.8189 127 78 1 0 0 127 0 0 30
127 0 0 0 70 0 0 0 0 127 34 0 53 99 83 0 0 0 0 32 0 0 21 0 40 0 0 127
88 0 0 0 0 0 0 0 0 16 16 0 0 0 0 0 0 127 51 0;
egregore_data 92 79 0 35 30 7 41 0 0 0 0 0 0 0 0 127 38 1 14.9951 48.0955
0 0 0 0 0 0 0 1.63583 0 115.362 0 0 47.8189 127 78 1 0 0 127 0 0 30
127 0 0 0 70 0 0 0 0 127 34 0 53 99 83 0 0 0 0 32 0 0 21 0 40 0 0 127
88 0 0 0 0 0 0 0 0 16 16 0 0 0 0 0 0 127 51 0;
egregore_data 92 79 0 34 29 7 41 0 0 0 0 0 0 0 0 127 38 1 14.9951 48.0955
0 0 0 0 0 0 0 1.63583 0 115.362 0 0 47.8189 127 78 1 0 0 127 0 0 30
127 0 0 0 70 0 0 0 0 127 34 0 53 99 83 0 0 0 0 32 0 0 21 0 40 0 0 127
88 0 0 0 0 0 0 0 0 16 16 0 0 0 0 0 0 127 51 0;
egregore_data 92 79 0 33 28 10 41 0 0 0 0 0 0 0 0 127 38 1 14.9951
48.0955 0 0 0 0 0 0 0 1.63583 0 115.362 0 0 47.8189 127 78 1 0 0 127
0 0 30 127 0 0 0 70 0 0 0 0 127 34 0 53 99 83 0 0 0 0 32 0 0 21 0 40
0 0 127 88 0 0 0 0 0 0 0 0 16 16 0 0 0 0 0 0 127 51 0;
egregore_data 92 79 0 33 28 10 41 0 0 0 0 0 0 0 0 127 38 1 14.9951
48.0955 0 0 0 0 0 0 0 1.63583 0 115.362 0 0 47.8189 127 78 1 0 0 127
0 0 30 127 0 0 0 70 0 0 0 0 127 34 0 53 99 83 0 0 0 0 32 0 0 21 0 40
0 0 127 88 0 0 0 0 0 0 0 0 16 16 0 0 0 0 0 0 127 51 0;
egregore_data 92 79 0 32 28 10 41 0 0 0 0 0 0 0 0 127 38 1 14.9951
48.0955 0 0 0 0 0 0 0 1.63583 0 115.362 0 0 47.8189 127 78 1 0 0 127
0 0 30 127 0 0 0 70 0 0 0 0 127 34 0 53 99 83 0 0 0 0 32 0 0 21 0 40
0 0 127 88 0 0 0 0 0 0 0 0 16 16 0 0 0 0 0 0 127 51 0;
egregore_data 92 79 0 32 28 10 41 0 0 0 0 0 0 0 0 127 38 1 14.9951
48.0955 0 0 0 0 0 0 0 1.63583 0 115.362 0 0 47.8189 127 78 1 0 0 127
0 0 30 127 0 0 0 70 0 0 0 0 127 34 0 53 99 83 0 0 0 0 32 0 0 21 0 40
0 0 127 88 0 0 0 0 0 0 0 0 16 16 0 0 0 0 0 0 127 51 0;
egregore_data 92 79 0 32 28 10 41 0 0 0 0 0 0 0 0 127 38 1 14.9951
48.0955 0 0 0 0 0 0 0 1.63583 0 115.362 0 0 47.8189 127 78 1 0 0 127
0 0 30 127 0 0 0 70 0 0 0 0 127 34 0 53 99 83 0 0 0 0 32 0 0 21 0 40
0 0 127 88 0 0 0 0 0 0 0 0 16 16 0 0 0 0 0 0 127 51 0;
egregore_data 92 79 0 32 27 10 40 0 0 0 0 0 0 0 0 127 38 1 14.9951
48.0955 0 0 0 0 0 0 0 1.63583 0 115.362 0 0 47.8189 127 78 1 0 0 127
0 0 30 127 0 0 0 70 0 0 0 0 127 34 0 53 99 83 0 0 0 0 32 0 0 21 0 40
0 0 127 88 0 0 0 0 0 0 0 0 16 16 0 0 0 0 0 0 127 51 0;
egregore_data 92 79 0 30 27 11 40 0 0 0 0 0 0 0 0 127 38 1 14.9951
48.0955 0 0 0 0 0 0 0 1.63583 0 115.362 0 0 47.8189 127 78 1 0 0 127
0 0 30 127 0 0 0 70 0 0 0 0 127 34 0 53 99 83 0 0 0 0 32 0 0 21 0 40
0 0 127 88 0 0 0 0 0 0 0 0 16 16 0 0 0 0 0 0 127 51 0;
egregore_data 92 79 0 30 26 11 40 0 0 0 0 0 0 0 0 127 38 1 14.9951
48.0955 0 0 0 0 0 0 0 1.63583 0 115.362 0 0 47.8189 127 78 1 0 0 127
0 0 30 127 0 0 0 70 0 0 0 0 127 34 0 53 99 83 0 0 0 0 32 0 0 21 0 40
0 0 127 88 0 0 0 0 0 0 0 0 16 16 0 0 0 0 0 0 127 51 0;
egregore_data 92 79 0 30 26 13 40 0 0 0 0 0 0 0 0 127 38 1 14.9951
48.0955 0 0 0 0 0 0 0 1.63583 0 115.362 0 0 47.8189 127 78 1 0 0 127
0 0 30 127 0 0 0 70 0 0 0 0 127 34 0 53 99 83 0 0 0 0 32 0 0 21 0 40
0 0 127 88 0 0 0 0 0 0 0 0 16 16 0 0 0 0 0 0 127 51 0;
egregore_data 92 79 0 29 26 13 39 0 0 0 0 0 0 0 0 127 38 1 14.9951
48.0955 0 0 0 0 0 0 0 1.63583 0 115.362 0 0 47.8189 127 78 1 0 0 127
0 0 30 127 0 0 0 70 0 0 0 0 127 34 0 53 99 83 0 0 0 0 32 0 0 21 0 40
0 0 127 88 0 0 0 0 0 0 0 0 16 16 0 0 0 0 0 0 127 51 0;
egregore_data 92 79 0 29 24 13 39 0 0 0 0 0 0 0 0 127 38 1 14.9951
48.0955 0 0 0 0 0 0 0 1.63583 0 115.362 0 0 47.8189 127 78 1 0 0 127
0 0 30 127 0 0 0 70 0 0 0 0 127 34 0 53 99 83 0 0 0 0 32 0 0 21 0 40
0 0 127 88 0 0 0 0 0 0 0 0 16 16 0 0 0 0 0 0 127 51 0;
egregore_data 92 79 0 27 22 13 37 0 0 0 0 0 0 0 0 127 38 1 14.9951
48.0955 0 0 0 0 0 0 0 1.63583 0 115.362 0 0 47.8189 127 78 1 0 0 127
0 0 30 127 0 0 0 70 0 0 0 0 127 34 0 53 99 83 0 0 0 0 32 0 0 21 0 40
0 0 127 88 0 0 0 0 0 0 0 0 16 16 0 0 0 0 0 0 127 51 0;
egregore_data 92 79 0 27 22 13 36 0 0 0 0 0 0 0 0 127 38 1 14.9951
48.0955 0 0 0 0 0 0 0 1.63583 0 115.362 0 0 47.8189 127 78 1 0 0 127
0 0 30 127 0 0 0 70 0 0 0 0 127 34 0 53 99 83 0 0 0 0 32 0 0 21 0 40
0 0 127 88 0 0 0 0 0 0 0 0 16 16 0 0 0 0 0 0 127 51 0;
egregore_data 92 79 0 27 22 13 35 0 0 0 0 0 0 0 0 127 38 1 14.9951
48.0955 0 0 0 0 0 0 0 1.63583 0 115.362 0 0 47.8189 127 78 1 0 0 127
0 0 30 127 0 0 0 70 0 0 0 0 127 34 0 53 99 83 0 0 0 0 32 0 0 21 0 40
0 0 127 88 0 0 0 0 0 0 0 0 16 16 0 0 0 0 0 0 127 51 0;
egregore_data 92 79 0 26 21 13 35 0 0 0 0 0 0 0 0 127 38 1 14.9951
48.0955 0 0 0 0 0 0 0 1.63583 0 115.362 0 0 47.8189 127 78 1 0 0 127
0 0 30 127 0 0 0 70 0 0 0 0 127 34 0 53 99 83 0 0 0 0 32 0 0 21 0 40
0 0 127 88 0 0 0 0 0 0 0 0 16 16 0 0 0 0 0 0 127 51 0;
egregore_data 92 79 0 26 20 13 34 0 0 0 0 0 0 0 0 127 38 1 14.9951
48.0955 0 0 0 0 0 0 0 1.63583 0 115.362 0 0 47.8189 127 78 1 0 0 127
0 0 30 127 0 0 0 70 0 0 0 0 127 34 0 53 99 83 0 0 0 0 32 0 0 21 0 40
0 0 127 88 0 0 0 0 0 0 0 0 16 16 0 0 0 0 0 0 127 51 0;
egregore_data 92 79 0 24 20 13 34 0 0 0 0 0 0 0 0 127 38 1 14.9951
48.0955 0 0 0 0 0 0 0 1.63583 0 115.362 0 0 47.8189 127 78 1 0 0 127
0 0 30 127 0 0 0 70 0 0 0 0 127 34 0 53 99 83 0 0 0 0 32 0 0 21 0 40
0 0 127 88 0 0 0 0 0 0 0 0 16 16 0 0 0 0 0 0 127 51 0;
egregore_data 92 79 0 24 20 13 34 0 0 0 0 0 0 0 0 127 38 1 14.9951
48.0955 0 0 0 0 0 0 0 1.63583 0 115.362 0 0 47.8189 127 78 1 0 0 127
0 0 30 127 0 0 0 70 0 0 0 0 127 34 0 53 99 83 0 0 0 0 32 0 0 21 0 40
0 0 127 88 0 0 0 0 0 0 0 0 16 16 0 0 0 0 0 0 127 51 0;
egregore_data 92 79 0 24 20 13 34 0 0 0 0 0 0 0 0 127 38 1 14.9951
48.0955 0 0 0 0 0 0 0 1.63583 0 115.362 0 0 47.8189 127 78 1 0 0 127
0 0 30 127 0 0 0 70 0 0 0 0 127 34 0 53 99 83 0 0 0 0 32 0 0 21 0 40
0 0 127 88 0 0 0 0 0 0 0 0 16 16 0 0 0 0 0 0 127 51 0;
egregore_data 92 79 0 24 20 13 34 0 0 0 0 0 0 0 0 127 38 1 14.9951
48.0955 0 0 0 0 0 0 0 1.63583 0 115.362 0 0 47.8189 127 78 1 0 0 127
0 0 30 127 0 0 0 70 0 0 0 0 127 34 0 53 99 83 0 0 0 0 32 0 0 21 0 40
0 0 127 88 0 0 0 0 0 0 0 0 16 16 0 0 0 0 0 0 127 51 0;
egregore_data 92 79 0 24 20 13 34 0 0 0 0 0 0 0 0 127 38 1 14.9951
48.0955 0 0 0 0 0 0 0 1.63583 0 115.362 0 0 47.8189 127 78 1 0 0 127
0 0 30 127 0 0 0 70 0 0 0 0 127 34 0 53 99 83 0 0 0 0 32 0 0 21 0 40
0 0 127 88 0 0 0 0 0 0 0 0 16 16 0 0 0 0 0 0 127 51 0;
egregore_data 92 79 0 24 20 13 33 0 0 0 0 0 0 0 0 127 38 1 14.9951
48.0955 0 0 0 0 0 0 0 1.63583 0 115.362 0 0 47.8189 127 78 1 0 0 127
0 0 30 127 0 0 0 70 0 0 0 0 127 34 0 53 99 83 0 0 0 0 32 0 0 21 0 40
0 0 127 88 0 0 0 0 0 0 0 0 16 16 0 0 0 0 0 0 127 51 0;
egregore_data 92 79 0 24 20 13 33 0 0 0 0 0 0 0 0 127 38 1 14.9951
48.0955 0 0 0 0 0 0 0 1.63583 0 115.362 0 0 47.8189 127 78 1 0 0 127
0 0 30 127 0 0 0 70 0 0 0 0 127 34 0 53 99 83 0 0 0 0 32 0 0 21 0 40
0 0 127 88 0 0 0 0 0 0 0 0 16 16 0 0 0 0 0 0 127 51 0;
egregore_data 92 79 0 24 20 13 33 0 0 0 0 0 0 0 0 127 38 1 14.9951
48.0955 0 0 0 0 0 0 0 1.63583 0 115.362 0 0 47.8189 127 78 1 0 0 127
0 0 30 127 0 0 0 70 0 0 0 0 127 34 0 53 99 83 0 0 0 0 32 0 0 21 0 40
0 0 127 88 0 0 0 0 0 0 0 0 16 16 0 0 0 0 0 0 127 51 0;
egregore_data 92 79 0 24 20 13 33 0 0 0 0 0 0 0 0 127 38 1 14.9951
48.0955 0 0 0 0 0 0 0 1.63583 0 115.362 0 0 47.8189 127 78 1 0 0 127
0 0 30 127 0 0 0 70 0 0 0 0 127 34 0 53 99 83 0 0 0 0 32 0 0 21 0 40
0 0 127 88 0 0 0 0 0 0 0 0 16 16 0 0 0 0 0 0 127 51 0;
egregore_data 92 79 0 24 20 13 33 0 0 0 0 0 0 0 0 127 38 1 14.9951
48.0955 0 0 0 0 0 0 0 1.63583 0 115.362 0 0 47.8189 127 78 1 0 0 127
0 0 30 127 0 0 0 70 0 0 0 0 127 34 0 53 99 83 0 0 0 0 32 0 0 21 0 40
0 0 127 88 0 0 0 0 0 0 0 0 16 16 0 0 0 0 0 0 127 51 0;
egregore_data 92 79 0 24 20 13 33 0 0 0 0 0 0 0 0 127 38 1 14.9951
48.0955 0 0 0 0 0 0 0 1.63583 0 115.362 0 0 47.8189 127 78 1 0 0 127
0 0 30 127 0 0 0 70 0 0 0 0 127 34 0 53 99 83 0 0 0 0 32 0 0 21 0 40
0 0 127 88 0 0 0 0 0 0 0 0 16 16 0 0 0 0 0 0 127 51 0;
egregore_data 92 79 0 24 20 13 33 0 0 0 0 0 0 0 0 127 38 1 14.9951
48.0955 0 0 0 0 0 0 0 1.63583 0 115.362 0 0 47.8189 127 78 1 0 0 127
0 0 30 127 0 0 0 70 0 0 0 0 127 34 0 53 99 83 0 0 0 0 32 0 0 21 0 40
0 0 127 88 0 0 0 0 0 0 0 0 16 16 0 0 0 0 0 0 127 51 0;
egregore_data 92 79 0 24 20 13 33 0 0 0 0 0 0 0 0 127 38 1 14.9951
48.0955 0 0 0 0 0 0 0 1.63583 0 115.362 0 0 47.8189 127 78 1 0 0 127
0 0 30 127 0 0 0 70 0 0 0 0 127 34 0 53 99 83 0 0 0 0 32 0 0 21 0 40
0 0 127 88 0 0 0 0 0 0 0 0 16 16 0 0 0 0 0 0 127 51 0;
egregore_data 91 79 0 24 20 13 32 0 0 0 0 0 0 0 0 127 38 1 14.9951
48.0955 0 0 0 0 0 0 0 1.63583 0 115.362 0 0 47.8189 127 78 1 0 0 127
0 0 30 127 0 0 0 70 0 0 0 0 127 34 0 53 99 83 0 0 0 0 32 0 0 21 0 40
0 0 127 88 0 0 0 0 0 0 0 0 16 16 0 0 0 0 0 0 127 51 0;
egregore_data 90 79 0 24 20 13 32 0 0 0 0 0 0 0 0 127 38 1 14.9951
48.0955 0 0 0 0 0 0 0 1.63583 0 115.362 0 0 47.8189 127 78 1 0 0 127
0 0 30 127 0 0 0 70 0 0 0 0 127 34 0 53 99 83 0 0 0 0 32 0 0 21 0 40
0 0 127 88 0 0 0 0 0 0 0 0 16 16 0 0 0 0 0 0 127 51 0;
egregore_data 90 79 0 24 20 13 32 0 0 0 0 0 0 0 0 127 38 1 14.9951
48.0955 0 0 0 0 0 0 0 1.63583 0 115.362 0 0 47.8189 127 78 1 0 0 127
0 0 30 127 0 0 0 70 0 0 0 0 127 34 0 53 99 83 0 0 0 0 32 0 0 21 0 40
0 0 127 88 0 0 0 0 0 0 0 0 16 16 0 0 0 0 0 0 127 51 0;
egregore_data 87 77 0 24 20 13 30 0 0 0 0 0 0 0 0 127 38 1 14.9951
48.0955 0 0 0 0 0 0 0 1.63583 0 115.362 0 0 47.8189 127 78 1 0 0 127
0 0 30 127 0 0 0 70 0 0 0 0 127 34 0 53 99 83 0 0 0 0 32 0 0 21 0 40
0 0 127 88 0 0 0 0 0 0 0 0 16 16 0 0 0 0 0 0 127 51 0;
END;
