HTTP/1.1 200 OK
Date: Thu, 28 May 2015 12:25:22 GMT
Server: Apache
Last-Modified: Wed, 27 May 2015 19:27:22 GMT
Accept-Ranges: bytes
Content-Length: 32057
Vary: Accept-Encoding
Connection: close
Content-Type: text/plain

chdh_egregore_live_data;
egregore_data 0 0 127 0 0 127 0 0 0 0 0 0 0 0 0 127 38 0 127 0 0 0
0 0 0 0 0 0 0 100 0 0 127 127 78 0 93 90 127 0 19 127 127 0 0 0 70
0 0 0 127 127 34 0 72.0717 46.6203 43.73 87.8819 114.146 44.2025 78.9916
51.038 29.2321 106.789 29.411 0 18.6835 40.038 2.14346 127 81.8066
1 0 0 0 0 0 0 0 16 16 0 0 0 0 0 0 127 51 0;
egregore_data 0 0 127 0 0 127 0 0 0 0 0 0 0 0 0 127 38 0 127 0 0 0
0 0 0 0 0 0 0 100 0 0 127 127 78 0 93 90 127 0 19 127 127 0 0 0 70
0 0 0 127 127 34 0 72.0717 46.6203 43.73 87.8819 114.146 44.2025 78.9916
51.038 29.2321 106.789 29.411 0 18.6835 40.038 2.14346 127 81.8066
1 0 0 0 0 0 0 0 16 16 0 0 0 0 0 0 127 51 0;
egregore_data 0 0 127 0 0 127 0 0 0 0 0 0 0 0 0 127 38 0 127 0 0 0
0 0 0 0 0 0 0 100 0 0 127 127 78 0 93 90 127 0 19 127 127 0 0 0 70
0 0 0 127 127 34 0 72.0717 46.6203 43.73 87.8819 114.146 44.2025 78.9916
51.038 29.2321 106.789 29.411 0 18.6835 40.038 2.14346 127 81.8066
1 0 0 0 0 0 0 0 16 16 0 0 0 0 0 0 127 51 0;
egregore_data 0 0 127 0 0 127 0 0 0 0 0 0 0 0 0 127 38 0 127 0 0 0
0 0 0 0 0 0 0 100 0 0 127 127 78 0 93 90 127 0 19 127 127 0 0 0 70
0 0 0 127 127 34 0 72.0717 46.6203 43.73 87.8819 114.146 44.2025 78.9916
51.038 29.2321 106.789 29.411 0 18.6835 40.038 2.14346 127 81.8066
1 0 0 0 0 0 0 0 16 16 0 0 0 0 0 0 127 51 0;
egregore_data 0 0 127 0 0 127 0 0 0 0 0 0 0 0 0 127 38 0 127 0 0 0
0 0 0 0 0 0 0 100 0 0 127 127 78 0 93 90 127 0 19 127 127 0 0 0 70
0 0 0 127 127 34 0 72.0717 46.6203 43.73 87.8819 114.146 44.2025 78.9916
51.038 29.2321 106.789 29.411 0 18.6835 40.038 2.14346 127 81.8066
1 0 0 0 0 0 0 0 16 16 0 0 0 0 0 0 127 51 0;
egregore_data 0 0 127 0 0 127 0 0 0 0 0 0 0 0 0 127 38 0 127 0 0 0
0 0 0 0 0 0 0 100 0 0 127 127 78 0 93 90 127 0 19 127 127 0 0 0 70
0 0 0 127 127 34 0 72.0717 46.6203 43.73 87.8819 114.146 44.2025 78.9916
51.038 29.2321 106.789 29.411 0 18.6835 40.038 2.14346 127 81.8066
1 0 0 0 0 0 0 0 16 16 0 0 0 0 0 0 127 51 0;
egregore_data 0 0 127 0 0 127 0 0 0 0 0 0 0 0 0 127 38 0 127 0 0 0
0 0 0 0 0 0 0 100 0 0 127 127 78 0 93 90 127 0 19 127 127 0 0 0 70
0 0 0 127 127 34 0 72.0717 46.6203 43.73 87.8819 114.146 44.2025 78.9916
51.038 29.2321 106.789 29.411 0 18.6835 40.038 2.14346 127 81.8066
1 0 0 0 0 0 0 0 16 16 0 0 0 0 0 0 127 51 0;
egregore_data 0 0 127 0 0 127 0 0 0 0 0 0 0 0 0 127 38 0 127 0 0 0
0 0 0 0 0 0 0 100 0 0 127 127 78 0 93 90 127 0 19 127 127 0 0 0 70
0 0 0 127 127 34 0 72.0717 46.6203 43.73 87.8819 114.146 44.2025 78.9916
51.038 29.2321 106.789 29.411 0 18.6835 40.038 2.14346 127 81.8066
1 0 0 0 0 0 0 0 16 16 0 0 0 0 0 0 127 51 0;
egregore_data 0 0 127 0 0 127 0 0 0 0 0 0 0 0 0 127 38 0 127 0 0 0
0 0 0 0 0 0 0 100 0 0 127 127 78 0 93 90 127 0 19 127 127 0 0 0 70
0 0 0 127 127 34 0 72.2426 47.017 43.966 87.5489 114.215 43.7532 79.4596
50.5191 29.4809 106.974 29.1507 0 18.4936 40.0213 2.1617 127 81.8066
1 0 0 0 0 0 0 0 16 16 0 0 0 0 0 0 127 51 0;
egregore_data 0 0 127 0 0 127 0 0 0 0 0 0 0 0 0 127 38 0 127 0 0 0
0 0 0 0 0 0 0 100 0 0 127 127 78 0 93 90 127 0 19 127 127 0 0 0 70
0 0 0 127 127 34 0 72.2426 47.017 43.966 87.5489 114.215 43.7532 79.4596
50.5191 29.4809 106.974 29.1507 0 18.4936 40.0213 2.1617 127 81.8066
1 0 0 0 0 0 0 0 16 16 0 0 0 0 0 0 127 51 0;
egregore_data 0 0 127 0 0 127 0 0 0 0 0 0 0 0 0 127 38 0 127 0 0 0
0 0 0 0 0 0 0 100 0 0 127 127 78 0 93 90 127 0 19 127 127 0 0 0 70
0 0 0 127 127 34 0 72.2426 47.017 43.966 87.5489 114.215 43.7532 79.4596
50.5191 29.4809 106.974 29.1507 0 18.4936 40.0213 2.1617 127 81.8066
1 0 0 0 0 0 0 0 16 16 0 0 0 0 0 0 127 51 0;
egregore_data 0 0 127 0 0 127 0 0 0 0 0 0 0 0 0 127 38 0 127 0 0 0
0 0 0 0 0 0 0 100 0 0 127 127 78 0 93 90 127 0 19 127 127 0 0 0 70
0 0 0 127 127 34 0 72.2426 47.017 43.966 87.5489 114.215 43.7532 79.4596
50.5191 29.4809 106.974 29.1507 0 18.4936 40.0213 2.1617 127 81.8066
1 0 0 0 0 0 0 0 16 16 0 0 0 0 0 0 127 51 0;
egregore_data 0 0 127 0 0 127 0 0 0 0 0 0 0 0 0 127 38 0 127 0 0 0
0 0 0 0 0 0 0 100 0 0 127 127 78 0 93 90 127 0 19 127 127 0 0 0 70
0 0 0 127 127 34 0 72.2426 47.017 43.966 87.5489 114.215 43.7532 79.4596
50.5191 29.4809 106.974 29.1507 0 18.4936 40.0213 2.1617 127 81.8066
1 0 0 0 0 0 0 0 16 16 0 0 0 0 0 0 127 51 0;
egregore_data 0 0 127 0 0 127 0 0 0 0 0 0 0 0 0 127 38 0 127 0 0 0
0 0 0 0 0 0 0 100 0 0 127 127 78 0 93 90 127 0 19 127 127 0 0 0 70
0 0 0 127 127 34 0 72.2426 47.017 43.966 87.5489 114.215 43.7532 79.4596
50.5191 29.4809 106.974 29.1507 0 18.4936 40.0213 2.1617 127 81.8066
1 0 0 0 0 0 0 0 16 16 0 0 0 0 0 0 127 51 0;
egregore_data 0 0 127 0 0 127 0 0 0 0 0 0 0 0 0 127 38 0 127 0 0 0
0 0 0 0 0 0 0 100 0 0 127 127 78 0 93 90 127 0 19 127 127 0 0 0 70
0 0 0 127 127 34 0 72.2426 47.017 43.966 87.5489 114.215 43.7532 79.4596
50.5191 29.4809 106.974 29.1507 0 18.4936 40.0213 2.1617 127 81.8066
1 0 0 0 0 0 0 0 16 16 0 0 0 0 0 0 127 51 0;
egregore_data 0 0 127 0 0 127 0 0 0 0 0 0 0 0 0 127 38 0 127 0 0 0
0 0 0 0 0 0 0 100 0 0 127 127 78 0 93 90 127 0 19 127 127 0 0 0 70
0 0 0 127 127 34 0 72.2426 47.017 43.966 87.5489 114.215 43.7532 79.4596
50.5191 29.4809 106.974 29.1507 0 18.4936 40.0213 2.1617 127 81.8066
1 0 0 0 0 0 0 0 16 16 0 0 0 0 0 0 127 51 0;
egregore_data 0 0 127 0 0 127 0 0 0 0 0 0 0 0 0 127 38 0 127 0 0 0
0 0 0 0 0 0 0 100 0 0 127 127 78 0 93 90 127 0 19 127 127 0 0 0 70
0 0 0 127 127 34 0 72.2426 47.017 43.966 87.5489 114.215 43.7532 79.4596
50.5191 29.4809 106.974 29.1507 0 18.4936 40.0213 2.1617 127 81.8066
1 0 0 0 0 0 0 0 16 16 0 0 0 0 0 0 127 51 0;
egregore_data 0 0 127 0 0 127 0 0 0 0 0 0 0 0 0 127 38 0 127 0 0 0
0 0 0 0 0 0 0 100 0 0 127 127 78 0 93 90 127 0 19 127 127 0 0 0 70
0 0 0 127 127 34 0 72.2426 47.017 43.966 87.5489 114.215 43.7532 79.4596
50.5191 29.4809 106.974 29.1507 0 18.4936 40.0213 2.1617 127 81.8066
1 0 0 0 0 0 0 0 16 16 0 0 0 0 0 0 127 51 0;
egregore_data 0 0 127 0 0 127 0 0 0 0 0 0 0 0 0 127 38 0 127 0 0 0
0 0 0 0 0 0 0 100 0 0 127 127 78 0 93 90 127 0 19 127 127 0 0 0 70
0 0 0 127 127 34 0 72.2426 47.017 43.966 87.5489 114.215 43.7532 79.4596
50.5191 29.4809 106.974 29.1507 0 18.4936 40.0213 2.1617 127 81.8066
1 0 0 0 0 0 0 0 16 16 0 0 0 0 0 0 127 51 0;
egregore_data 0 0 127 0 0 127 0 0 0 0 0 0 0 0 0 127 38 0 127 0 0 0
0 0 0 0 0 0 0 100 0 0 127 127 78 0 93 90 127 0 19 127 127 0 0 0 70
0 0 0 127 127 34 0 72.2426 47.017 43.966 87.5489 114.215 43.7532 79.4596
50.5191 29.4809 106.974 29.1507 0 18.4936 40.0213 2.1617 127 81.8066
1 0 0 0 0 0 0 0 16 16 0 0 0 0 0 0 127 51 0;
egregore_data 0 0 127 0 0 127 0 0 0 0 0 0 0 0 0 127 38 0 127 0 0 0
0 0 0 0 0 0 0 100 0 0 127 127 78 0 93 90 127 0 19 127 127 0 0 0 70
0 0 0 127 127 34 0 72.2426 47.017 43.966 87.5489 114.215 43.7532 79.4596
50.5191 29.4809 106.974 29.1507 0 18.4936 40.0213 2.1617 127 81.8066
1 0 0 0 0 0 0 0 16 16 0 0 0 0 0 0 127 51 0;
egregore_data 0 0 127 0 0 127 0 0 0 0 0 0 0 0 0 127 38 0 127 0 0 0
0 0 0 0 0 0 0 100 0 0 127 127 78 0 93 90 127 0 19 127 127 0 0 0 70
0 0 0 127 127 34 0 72.2426 47.017 43.966 87.5489 114.215 43.7532 79.4596
50.5191 29.4809 106.974 29.1507 0 18.4936 40.0213 2.1617 127 81.8066
1 0 0 0 0 0 0 0 16 16 0 0 0 0 0 0 127 51 0;
egregore_data 0 0 127 0 0 127 0 0 0 0 0 0 0 0 0 127 38 0 127 0 0 0
0 0 0 0 0 0 0 100 0 0 127 127 78 0 93 90 127 0 19 127 127 0 0 0 70
0 0 0 127 127 34 0 72.3291 47.2179 44.0855 87.3803 114.25 43.5256 79.6966
50.2564 29.6068 107.068 29.0188 0 18.3974 40.0128 2.17094 127 81.8066
1 0 0 0 0 0 0 0 16 16 0 0 0 0 0 0 127 51 0;
egregore_data 0 0 127 0 0 127 0 0 0 0 0 0 0 0 0 127 38 0 127 0 0 0
0 0 0 0 0 0 0 100 0 0 127 127 78 0 93 90 127 0 19 127 127 0 0 0 70
0 0 0 127 127 34 0 72.3291 47.2179 44.0855 87.3803 114.25 43.5256 79.6966
50.2564 29.6068 107.068 29.0188 0 18.3974 40.0128 2.17094 127 81.8066
1 0 0 0 0 0 0 0 16 16 0 0 0 0 0 0 127 51 0;
egregore_data 0 0 127 0 0 127 0 0 0 0 0 0 0 0 0 127 38 0 127 0 0 0
0 0 0 0 0 0 0 100 0 0 127 127 78 0 93 90 127 0 19 127 127 0 0 0 70
0 0 0 127 127 34 0 72.3291 47.2179 44.0855 87.3803 114.25 43.5256 79.6966
50.2564 29.6068 107.068 29.0188 0 18.3974 40.0128 2.17094 127 81.8066
1 0 0 0 0 0 0 0 16 16 0 0 0 0 0 0 127 51 0;
egregore_data 0 0 127 0 0 127 0 0 0 0 0 0 0 0 0 127 38 0 127 0 0 0
0 0 0 0 0 0 0 100 0 0 127 127 78 0 93 90 127 0 19 127 127 0 0 0 70
0 0 0 127 127 34 0 72.4163 47.4206 44.206 87.2103 114.285 43.2961 79.9356
49.9914 29.7339 107.163 28.8859 0 18.3004 40.0043 2.18026 127 81.8066
1 0 0 0 0 0 0 0 16 16 0 0 0 0 0 0 127 51 0;
egregore_data 0 0 127 0 0 127 0 0 0 0 0 0 0 0 0 127 38 0 127 0 0 0
0 0 0 0 0 0 0 100 0 0 127 127 78 0 93 90 127 0 19 127 127 0 0 0 70
0 0 0 127 127 34 0 72.4163 47.4206 44.206 87.2103 114.285 43.2961 79.9356
49.9914 29.7339 107.163 28.8859 0 18.3004 40.0043 2.18026 127 81.8066
1 0 0 0 0 0 0 0 16 16 0 0 0 0 0 0 127 51 0;
egregore_data 0 0 127 0 0 127 0 0 0 0 0 0 0 0 0 127 38 0 127 0 0 0
0 0 0 0 0 0 0 100 0 0 127 127 78 0 93 90 127 0 19 127 127 0 0 0 70
0 0 0 127 127 34 0 72.5043 47.625 44.3276 87.0388 114.321 43.0647 80.1767
49.7241 29.8621 107.259 28.7517 0 18.2026 39.9957 2.18966 127 81.8066
1 0 0 0 0 0 0 0 16 16 0 0 0 0 0 0 127 51 0;
egregore_data 0 0 127 0 0 127 0 0 0 0 0 0 0 0 0 127 38 0 127 0 0 0
0 0 0 0 0 0 0 100 0 0 127 127 78 0 93 90 127 0 19 127 127 0 0 0 70
0 0 0 127 127 34 0 72.5043 47.625 44.3276 87.0388 114.321 43.0647 80.1767
49.7241 29.8621 107.259 28.7517 0 18.2026 39.9957 2.18966 127 81.8066
1 0 0 0 0 0 0 0 16 16 0 0 0 0 0 0 127 51 0;
egregore_data 0 0 127 0 0 127 0 0 0 0 0 0 0 0 0 127 38 0 127 0 0 0
0 0 0 0 0 0 0 100 0 0 127 127 78 0 93 90 127 0 19 127 127 0 0 0 70
0 0 0 127 127 34 0 72.5931 47.8312 44.4502 86.8658 114.357 42.8312
80.4199 49.4545 29.9913 107.355 28.6165 0 18.1039 39.987 2.19913 127
81.8066 1 0 0 0 0 0 0 0 16 16 0 0 0 0 0 0 127 51 0;
egregore_data 0 0 127 0 0 127 0 0 0 0 0 0 0 0 0 127 38 0 127 0 0 0
0 0 0 0 0 0 0 100 0 0 127 127 78 0 93 90 127 0 19 127 127 0 0 0 70
0 0 0 127 127 34 0 72.5931 47.8312 44.4502 86.8658 114.357 42.8312
80.4199 49.4545 29.9913 107.355 28.6165 0 18.1039 39.987 2.19913 127
81.8066 1 0 0 0 0 0 0 0 16 16 0 0 0 0 0 0 127 51 0;
egregore_data 0 0 127 0 0 127 0 0 0 0 0 0 0 0 0 127 38 0 127 0 0 0
0 0 0 0 0 0 0 100 0 0 127 127 78 0 93 90 127 0 19 127 127 0 0 0 70
0 0 0 127 127 34 0 72.5931 47.8312 44.4502 86.8658 114.357 42.8312
80.4199 49.4545 29.9913 107.355 28.6165 0 18.1039 39.987 2.19913 127
81.8066 1 0 0 0 0 0 0 0 16 16 0 0 0 0 0 0 127 51 0;
egregore_data 0 0 127 0 0 127 0 0 0 0 0 0 0 0 0 127 38 0 127 0 0 0
0 0 0 0 0 0 0 100 0 0 127 127 78 0 93 90 127 0 19 127 127 0 0 0 70
0 0 0 127 127 34 0 72.7729 48.2489 44.6987 86.5153 114.43 42.3581 80.9127
48.9083 30.2533 107.55 28.3424 0 17.9039 39.9694 2.21834 127 81.8066
1 0 0 0 0 0 0 0 16 16 0 0 0 0 0 0 127 51 0;
egregore_data 0 0 127 0 0 127 0 0 0 0 0 0 0 0 0 127 38 0 127 0 0 0
0 0 0 0 0 0 0 100 0 0 127 127 78 0 93 90 127 0 19 127 127 0 0 0 70
0 0 0 127 127 34 0 72.7729 48.2489 44.6987 86.5153 114.43 42.3581 80.9127
48.9083 30.2533 107.55 28.3424 0 17.9039 39.9694 2.21834 127 81.8066
1 0 0 0 0 0 0 0 16 16 0 0 0 0 0 0 127 51 0;
egregore_data 0 0 127 0 0 127 0 0 0 0 0 0 0 0 0 127 38 0 127 0 0 0
0 0 0 0 0 0 0 100 0 0 127 127 78 0 93 90 127 0 19 127 127 0 0 0 70
0 0 0 127 127 34 0 72.7729 48.2489 44.6987 86.5153 114.43 42.3581 80.9127
48.9083 30.2533 107.55 28.3424 0 17.9039 39.9694 2.21834 127 81.8066
1 0 0 0 0 0 0 0 16 16 0 0 0 0 0 0 127 51 0;
egregore_data 0 0 127 0 0 127 0 0 0 0 0 0 0 0 0 127 38 0 127 0 0 0
0 0 0 0 0 0 0 100 0 0 127 127 78 0 93 90 127 0 19 127 127 0 0 0 70
0 0 0 127 127 34 0 72.864 48.4605 44.8246 86.3377 114.467 42.1184 81.1623
48.6316 30.386 107.649 28.2035 0 17.8026 39.9605 2.22807 127 81.8066
1 0 0 0 0 0 0 0 16 16 0 0 0 0 0 0 127 51 0;
egregore_data 0 0 127 0 0 127 0 0 0 0 0 0 0 0 0 127 38 0 127 0 0 0
0 0 0 0 0 0 0 100 0 0 127 127 78 0 93 90 127 0 19 127 127 0 0 0 70
0 0 0 127 127 34 0 72.864 48.4605 44.8246 86.3377 114.467 42.1184 81.1623
48.6316 30.386 107.649 28.2035 0 17.8026 39.9605 2.22807 127 81.8066
1 0 0 0 0 0 0 0 16 16 0 0 0 0 0 0 127 51 0;
egregore_data 0 0 127 0 0 127 0 0 0 0 0 0 0 0 0 127 38 0 127 0 0 0
0 0 0 0 0 0 0 100 0 0 127 127 78 0 93 90 127 0 19 127 127 0 0 0 70
0 0 0 127 127 34 0 72.864 48.4605 44.8246 86.3377 114.467 42.1184 81.1623
48.6316 30.386 107.649 28.2035 0 17.8026 39.9605 2.22807 127 81.8066
1 0 0 0 0 0 0 0 16 16 0 0 0 0 0 0 127 51 0;
egregore_data 0 0 127 0 0 127 0 0 0 0 0 0 0 0 0 127 38 0 127 0 0 0
0 0 0 0 0 0 0 100 0 0 127 127 78 0 93 90 127 0 19 127 127 0 0 0 70
0 0 0 127 127 34 0 72.9559 48.674 44.9515 86.1586 114.504 41.8767 81.4141
48.3524 30.5198 107.749 28.0635 0 17.7004 39.9515 2.23789 127 81.8066
1 0 0 0 0 0 0 0 16 16 0 0 0 0 0 0 127 51 0;
egregore_data 0 0 127 0 0 127 0 0 0 0 0 0 0 0 0 127 38 0 127 0 0 0
0 0 0 0 0 0 0 100 0 0 127 127 78 0 93 90 127 0 19 127 127 0 0 0 70
0 0 0 127 127 34 0 72.9559 48.674 44.9515 86.1586 114.504 41.8767 81.4141
48.3524 30.5198 107.749 28.0635 0 17.7004 39.9515 2.23789 127 81.8066
1 0 0 0 0 0 0 0 16 16 0 0 0 0 0 0 127 51 0;
egregore_data 0 0 127 0 0 127 0 0 0 0 0 0 0 0 0 127 38 0 127 0 0 0
0 0 0 0 0 0 0 100 0 0 127 127 78 0 93 90 127 0 19 127 127 0 0 0 70
0 0 0 127 127 34 0 72.9559 48.674 44.9515 86.1586 114.504 41.8767 81.4141
48.3524 30.5198 107.749 28.0635 0 17.7004 39.9515 2.23789 127 81.8066
1 0 0 0 0 0 0 0 16 16 0 0 0 0 0 0 127 51 0;
egregore_data 0 0 127 0 0 127 0 0 0 0 0 0 0 0 0 127 38 0 127 0 0 0
0 0 0 0 0 0 0 100 0 0 127 127 78 0 93 90 127 0 19 127 127 0 0 0 70
0 0 0 127 127 34 0 73.0487 48.8894 45.0796 85.9779 114.542 41.6327
81.6681 48.0708 30.6549 107.85 27.9221 0 17.5973 39.9425 2.24779 127
81.8066 1 0 0 0 0 0 0 0 16 16 0 0 0 0 0 0 127 51 0;
egregore_data 0 0 127 0 0 127 0 0 0 0 0 0 0 0 0 127 38 0 127 0 0 0
0 0 0 0 0 0 0 100 0 0 127 127 78 0 93 90 127 0 19 127 127 0 0 0 70
0 0 0 127 127 34 0 73.1422 49.1067 45.2089 85.7956 114.58 41.3867 81.9244
47.7867 30.7911 107.951 27.7796 0 17.4933 39.9333 2.25778 127 81.8066
1 0 0 0 0 0 0 0 16 16 0 0 0 0 0 0 127 51 0;
egregore_data 0 0 127 0 0 127 0 0 0 0 0 0 0 0 0 127 38 0 127 0 0 0
0 0 0 0 0 0 0 100 0 0 127 127 78 0 93 90 127 0 19 127 127 0 0 0 70
0 0 0 127 127 34 0 73.1422 49.1067 45.2089 85.7956 114.58 41.3867 81.9244
47.7867 30.7911 107.951 27.7796 0 17.4933 39.9333 2.25778 127 81.8066
1 0 0 0 0 0 0 0 16 16 0 0 0 0 0 0 127 51 0;
egregore_data 0 0 127 0 0 127 0 0 0 0 0 0 0 0 0 127 38 0 127 0 0 0
0 0 0 0 0 0 0 100 0 0 127 127 78 0 93 90 127 0 19 127 127 0 0 0 70
0 0 0 127 127 34 0 73.3318 49.5471 45.4709 85.426 114.657 40.8879 82.4439
47.2108 31.0673 108.157 27.4906 0 17.2825 39.9148 2.27803 127 81.8066
1 0 0 0 0 0 0 0 16 16 0 0 0 0 0 0 127 51 0;
egregore_data 0 0 127 0 0 127 0 0 0 0 0 0 0 0 0 127 38 0 127 0 0 0
0 0 0 0 0 0 0 100 0 0 127 127 78 0 93 90 127 0 19 127 127 0 0 0 70
0 0 0 127 127 34 0 73.3318 49.5471 45.4709 85.426 114.657 40.8879 82.4439
47.2108 31.0673 108.157 27.4906 0 17.2825 39.9148 2.27803 127 81.8066
1 0 0 0 0 0 0 0 16 16 0 0 0 0 0 0 127 51 0;
egregore_data 0 0 127 0 0 127 0 0 0 0 0 0 0 0 0 127 38 0 127 0 0 0
0 0 0 0 0 0 0 100 0 0 127 127 78 0 93 90 127 0 19 127 127 0 0 0 70
0 0 0 127 127 34 0 73.3318 49.5471 45.4709 85.426 114.657 40.8879 82.4439
47.2108 31.0673 108.157 27.4906 0 17.2825 39.9148 2.27803 127 81.8066
1 0 0 0 0 0 0 0 16 16 0 0 0 0 0 0 127 51 0;
egregore_data 0 0 127 0 0 127 0 0 0 0 0 0 0 0 0 127 38 0 127 0 0 0
0 0 0 0 0 0 0 100 0 0 127 127 78 0 93 90 127 0 19 127 127 0 0 0 70
0 0 0 127 127 34 0 73.4279 49.7703 45.6036 85.2387 114.696 40.6351
82.7072 46.9189 31.2072 108.261 27.3442 0 17.1757 39.9054 2.28829 127
81.8066 1 0 0 0 0 0 0 0 16 16 0 0 0 0 0 0 127 51 0;
egregore_data 0 0 127 0 0 127 0 0 0 0 0 0 0 0 0 127 38 0 127 0 0 0
0 0 0 0 0 0 0 100 0 0 127 127 78 0 93 90 127 0 19 127 127 0 0 0 70
0 0 0 127 127 34 0 73.4279 49.7703 45.6036 85.2387 114.696 40.6351
82.7072 46.9189 31.2072 108.261 27.3442 0 17.1757 39.9054 2.28829 127
81.8066 1 0 0 0 0 0 0 0 16 16 0 0 0 0 0 0 127 51 0;
egregore_data 0 0 127 0 0 127 0 0 0 0 0 0 0 0 0 127 38 0 127 0 0 0
0 0 0 0 0 0 0 100 0 0 127 127 78 0 93 90 127 0 19 127 127 0 0 0 70
0 0 0 127 127 34 0 73.4279 49.7703 45.6036 85.2387 114.696 40.6351
82.7072 46.9189 31.2072 108.261 27.3442 0 17.1757 39.9054 2.28829 127
81.8066 1 0 0 0 0 0 0 0 16 16 0 0 0 0 0 0 127 51 0;
egregore_data 0 0 127 0 0 127 0 0 0 0 0 0 0 0 0 127 38 0 127 0 0 0
0 0 0 0 0 0 0 100 0 0 127 127 78 0 93 90 127 0 19 127 127 0 0 0 70
0 0 0 127 127 34 0 73.4279 49.7703 45.6036 85.2387 114.696 40.6351
82.7072 46.9189 31.2072 108.261 27.3442 0 17.1757 39.9054 2.28829 127
81.8066 1 0 0 0 0 0 0 0 16 16 0 0 0 0 0 0 127 51 0;
egregore_data 0 0 127 0 0 127 0 0 0 0 0 0 0 0 0 127 38 0 127 0 0 0
0 0 0 0 0 0 0 100 0 0 127 127 78 0 93 90 127 0 19 127 127 0 0 0 70
0 0 0 127 127 34 0 73.4279 49.7703 45.6036 85.2387 114.696 40.6351
82.7072 46.9189 31.2072 108.261 27.3442 0 17.1757 39.9054 2.28829 127
81.8066 1 0 0 0 0 0 0 0 16 16 0 0 0 0 0 0 127 51 0;
egregore_data 0 0 127 0 0 127 0 0 0 0 0 0 0 0 0 127 38 0 127 0 0 0
0 0 0 0 0 0 0 100 0 0 127 127 78 0 93 90 127 0 19 127 127 0 0 0 70
0 0 0 127 127 34 0 73.5249 49.9955 45.7376 85.0498 114.735 40.3801
82.9729 46.6244 31.3484 108.367 27.1964 0 17.0679 39.8959 2.29864 127
81.8066 1 0 0 0 0 0 0 0 16 16 0 0 0 0 0 0 127 51 0;
egregore_data 0 0 127 0 0 127 0 0 0 0 0 0 0 0 0 127 38 0 127 0 0 0
0 0 0 0 0 0 0 100 0 0 127 127 78 0 93 90 127 0 19 127 127 0 0 0 70
0 0 0 127 127 34 0 73.5249 49.9955 45.7376 85.0498 114.735 40.3801
82.9729 46.6244 31.3484 108.367 27.1964 0 17.0679 39.8959 2.29864 127
81.8066 1 0 0 0 0 0 0 0 16 16 0 0 0 0 0 0 127 51 0;
egregore_data 0 0 127 0 0 127 0 0 0 0 0 0 0 0 0 127 38 0 127 0 0 0
0 0 0 0 0 0 0 100 0 0 127 127 78 0 93 90 127 0 19 127 127 0 0 0 70
0 0 0 127 127 34 0 73.6227 50.2227 45.8727 84.8591 114.775 40.1227
83.2409 46.3273 31.4909 108.473 27.0473 0 16.9591 39.8864 2.30909 127
81.8066 1 0 0 0 0 0 0 0 16 16 0 0 0 0 0 0 127 51 0;
egregore_data 0 0 127 0 0 127 0 0 0 0 0 0 0 0 0 127 38 0 127 0 0 0
0 0 0 0 0 0 0 100 0 0 127 127 78 0 93 90 127 0 19 127 127 0 0 0 70
0 0 0 127 127 34 0 73.6227 50.2227 45.8727 84.8591 114.775 40.1227
83.2409 46.3273 31.4909 108.473 27.0473 0 16.9591 39.8864 2.30909 127
81.8066 1 0 0 0 0 0 0 0 16 16 0 0 0 0 0 0 127 51 0;
egregore_data 0 0 127 0 0 127 0 0 0 0 0 0 0 0 0 127 38 0 127 0 0 0
0 0 0 0 0 0 0 100 0 0 127 127 78 0 93 90 127 0 19 127 127 0 0 0 70
0 0 0 127 127 34 0 73.6227 50.2227 45.8727 84.8591 114.775 40.1227
83.2409 46.3273 31.4909 108.473 27.0473 0 16.9591 39.8864 2.30909 127
81.8066 1 0 0 0 0 0 0 0 16 16 0 0 0 0 0 0 127 51 0;
egregore_data 0 0 127 0 0 127 0 0 0 0 0 0 0 0 0 127 38 0 127 0 0 0
0 0 0 0 0 0 0 100 0 0 127 127 78 0 93 90 127 0 19 127 127 0 0 0 70
0 0 0 127 127 34 0 73.7215 50.4521 46.0091 84.6667 114.815 39.863 83.5114
46.0274 31.6347 108.58 26.8968 0 16.8493 39.8767 2.31963 127 81.8066
1 0 0 0 0 0 0 0 16 16 0 0 0 0 0 0 127 51 0;
egregore_data 0 0 127 0 0 127 0 0 0 0 0 0 0 0 0 127 38 0 127 0 0 0
0 0 0 0 0 0 0 100 0 0 127 127 78 0 93 90 127 0 19 127 127 0 0 0 70
0 0 0 127 127 34 0 73.7215 50.4521 46.0091 84.6667 114.815 39.863 83.5114
46.0274 31.6347 108.58 26.8968 0 16.8493 39.8767 2.31963 127 81.8066
1 0 0 0 0 0 0 0 16 16 0 0 0 0 0 0 127 51 0;
egregore_data 0 0 127 0 0 127 0 0 0 0 0 0 0 0 0 127 38 0 127 0 0 0
0 0 0 0 0 0 0 100 0 0 127 127 78 0 93 90 127 0 19 127 127 0 0 0 70
0 0 0 127 127 34 0 73.7215 50.4521 46.0091 84.6667 114.815 39.863 83.5114
46.0274 31.6347 108.58 26.8968 0 16.8493 39.8767 2.31963 127 81.8066
1 0 0 0 0 0 0 0 16 16 0 0 0 0 0 0 127 51 0;
egregore_data 0 0 127 0 0 127 0 0 0 0 0 0 0 0 0 127 38 0 127 0 0 0
0 0 0 0 0 0 0 100 0 0 127 127 78 0 93 90 127 0 19 127 127 0 0 0 70
0 0 0 127 127 34 0 73.8211 50.6835 46.1468 84.4725 114.855 39.6009
83.7844 45.7248 31.7798 108.688 26.745 0 16.7385 39.867 2.33028 127
81.8066 1 0 0 0 0 0 0 0 16 16 0 0 0 0 0 0 127 51 0;
egregore_data 0 0 127 0 0 127 0 0 0 0 0 0 0 0 0 127 38 0 127 0 0 0
0 0 0 0 0 0 0 100 0 0 127 127 78 0 93 90 127 0 19 127 127 0 0 0 70
0 0 0 127 127 34 0 73.8211 50.6835 46.1468 84.4725 114.855 39.6009
83.7844 45.7248 31.7798 108.688 26.745 0 16.7385 39.867 2.33028 127
81.8066 1 0 0 0 0 0 0 0 16 16 0 0 0 0 0 0 127 51 0;
egregore_data 0 0 127 0 0 127 0 0 0 0 0 0 0 0 0 127 38 0 127 0 0 0
0 0 0 0 0 0 0 100 0 0 127 127 78 0 93 90 127 0 19 127 127 0 0 0 70
0 0 0 127 127 34 0 73.8211 50.6835 46.1468 84.4725 114.855 39.6009
83.7844 45.7248 31.7798 108.688 26.745 0 16.7385 39.867 2.33028 127
81.8066 1 0 0 0 0 0 0 0 16 16 0 0 0 0 0 0 127 51 0;
egregore_data 0 0 127 0 0 127 0 0 0 0 0 0 0 0 0 127 38 0 127 0 0 0
0 0 0 0 0 0 0 100 0 0 127 127 78 0 93 90 127 0 19 127 127 0 0 0 70
0 0 0 127 127 34 0 74.0231 51.1528 46.4259 84.0787 114.937 39.0694
84.338 45.1111 32.0741 108.907 26.4371 0 16.5139 39.8472 2.35185 127
81.8066 1 0 0 0 0 0 0 0 16 16 0 0 0 0 0 0 127 51 0;
egregore_data 0 0 127 0 0 127 0 0 0 0 0 0 0 0 0 127 38 0 127 0 0 0
0 0 0 0 0 0 0 100 0 0 127 127 78 0 93 90 127 0 19 127 127 0 0 0 70
0 0 0 127 127 34 0 74.0231 51.1528 46.4259 84.0787 114.937 39.0694
84.338 45.1111 32.0741 108.907 26.4371 0 16.5139 39.8472 2.35185 127
81.8066 1 0 0 0 0 0 0 0 16 16 0 0 0 0 0 0 127 51 0;
egregore_data 0 0 127 0 0 127 0 0 0 0 0 0 0 0 0 127 38 0 127 0 0 0
0 0 0 0 0 0 0 100 0 0 127 127 78 0 93 90 127 0 19 127 127 0 0 0 70
0 0 0 127 127 34 0 74.0231 51.1528 46.4259 84.0787 114.937 39.0694
84.338 45.1111 32.0741 108.907 26.4371 0 16.5139 39.8472 2.35185 127
81.8066 1 0 0 0 0 0 0 0 16 16 0 0 0 0 0 0 127 51 0;
egregore_data 0 0 127 0 0 127 0 0 0 0 0 0 0 0 0 127 38 0 127 0 0 0
0 0 0 0 0 0 0 100 0 0 127 127 78 0 93 90 127 0 19 127 127 0 0 0 70
0 0 0 127 127 34 0 74.1256 51.3907 46.5674 83.8791 114.979 38.8 84.6186
44.8 32.2233 109.019 26.281 0 16.4 39.8372 2.36279 127 81.8066 1 0
0 0 0 0 0 0 16 16 0 0 0 0 0 0 127 51 0;
egregore_data 0 0 127 0 0 127 0 0 0 0 0 0 0 0 0 127 38 0 127 0 0 0
0 0 0 0 0 0 0 100 0 0 127 127 78 0 93 90 127 0 19 127 127 0 0 0 70
0 0 0 127 127 34 0 74.1256 51.3907 46.5674 83.8791 114.979 38.8 84.6186
44.8 32.2233 109.019 26.281 0 16.4 39.8372 2.36279 127 81.8066 1 0
0 0 0 0 0 0 16 16 0 0 0 0 0 0 127 51 0;
egregore_data 0 0 127 0 0 127 0 0 0 0 0 0 0 0 0 127 38 0 127 0 0 0
0 0 0 0 0 0 0 100 0 0 127 127 78 0 93 90 127 0 19 127 127 0 0 0 70
0 0 0 127 127 34 0 74.229 51.6308 46.7103 83.6776 115.021 38.528 84.9019
44.486 32.3738 109.131 26.1234 0 16.285 39.8271 2.37383 127 81.8066
1 0 0 0 0 0 0 0 16 16 0 0 0 0 0 0 127 51 0;
egregore_data 0 0 127 0 0 127 0 0 0 0 0 0 0 0 0 127 38 0 127 0 0 0
0 0 0 0 0 0 0 100 0 0 127 127 78 0 93 90 127 0 19 127 127 0 0 0 70
0 0 0 127 127 34 0 74.229 51.6308 46.7103 83.6776 115.021 38.528 84.9019
44.486 32.3738 109.131 26.1234 0 16.285 39.8271 2.37383 127 81.8066
1 0 0 0 0 0 0 0 16 16 0 0 0 0 0 0 127 51 0;
egregore_data 0 0 127 0 0 127 0 0 0 0 0 0 0 0 0 127 38 0 127 0 0 0
0 0 0 0 0 0 0 100 0 0 127 127 78 0 93 90 127 0 19 127 127 0 0 0 70
0 0 0 127 127 34 0 74.3333 51.8732 46.8545 83.4742 115.063 38.2535
85.1878 44.169 32.5258 109.244 25.9643 0 16.169 39.8169 2.38498 127
81.8066 1 0 0 0 0 0 0 0 16 16 0 0 0 0 0 0 127 51 0;
egregore_data 0 0 127 0 0 127 0 0 0 0 0 0 0 0 0 127 38 0 127 0 0 0
0 0 0 0 0 0 0 100 0 0 127 127 78 0 93 90 127 0 19 127 127 0 0 0 70
0 0 0 127 127 34 0 74.3333 51.8732 46.8545 83.4742 115.063 38.2535
85.1878 44.169 32.5258 109.244 25.9643 0 16.169 39.8169 2.38498 127
81.8066 1 0 0 0 0 0 0 0 16 16 0 0 0 0 0 0 127 51 0;
egregore_data 0 0 127 0 0 127 0 0 0 0 0 0 0 0 0 127 38 0 127 0 0 0
0 0 0 0 0 0 0 100 0 0 127 127 78 0 93 90 127 0 19 127 127 0 0 0 70
0 0 0 127 127 34 0 74.229 51.6308 46.7103 83.6776 115.021 38.528 84.9019
44.486 32.3738 109.131 26.1234 0 16.285 39.8271 2.37383 127 81.8066
1 0 0 0 0 0 0 0 16 16 0 0 0 0 0 0 127 51 0;
egregore_data 0 0 127 0 0 127 0 0 0 0 0 0 0 0 0 127 38 0 127 0 0 0
0 0 0 0 0 0 0 100 0 0 127 127 78 0 93 90 127 0 19 127 127 0 0 0 70
0 0 0 127 127 34 0 74.229 51.6308 46.7103 83.6776 115.021 38.528 84.9019
44.486 32.3738 109.131 26.1234 0 16.285 39.8271 2.37383 127 81.8066
1 0 0 0 0 0 0 0 16 16 0 0 0 0 0 0 127 51 0;
egregore_data 0 0 127 0 0 127 0 0 0 0 0 0 0 0 0 127 38 0 127 0 0 0
0 0 0 0 0 0 0 100 0 0 127 127 78 0 93 90 127 0 19 127 127 0 0 0 70
0 0 0 127 127 34 0 74.229 51.6308 46.7103 83.6776 115.021 38.528 84.9019
44.486 32.3738 109.131 26.1234 0 16.285 39.8271 2.37383 127 81.8066
1 0 0 0 0 0 0 0 16 16 0 0 0 0 0 0 127 51 0;
egregore_data 0 0 127 0 0 127 0 0 0 0 0 0 0 0 0 127 38 0 127 0 0 0
0 0 0 0 0 0 0 100 0 0 127 127 78 0 93 90 127 0 19 127 127 0 0 0 70
0 0 0 127 127 34 0 74.229 51.6308 46.7103 83.6776 115.021 38.528 84.9019
44.486 32.3738 109.131 26.1234 0 16.285 39.8271 2.37383 127 81.8066
1 0 0 0 0 0 0 0 16 16 0 0 0 0 0 0 127 51 0;
egregore_data 0 0 127 0 0 127 0 0 0 0 0 0 0 0 0 127 38 0 127 0 0 0
0 0 0 0 0 0 0 100 0 0 127 127 78 0 93 90 127 0 19 127 127 0 0 0 70
0 0 0 127 127 34 0 74.229 51.6308 46.7103 83.6776 115.021 38.528 84.9019
44.486 32.3738 109.131 26.1234 0 16.285 39.8271 2.37383 127 81.8066
1 0 0 0 0 0 0 0 16 16 0 0 0 0 0 0 127 51 0;
egregore_data 0 0 127 0 0 127 0 0 0 0 0 0 0 0 0 127 38 0 127 0 0 0
0 0 0 0 0 0 0 100 0 0 127 127 78 0 93 90 127 0 19 127 127 0 0 0 70
0 0 0 127 127 34 0 74.229 51.6308 46.7103 83.6776 115.021 38.528 84.9019
44.486 32.3738 109.131 26.1234 0 16.285 39.8271 2.37383 127 81.8066
1 0 0 0 0 0 0 0 16 16 0 0 0 0 0 0 127 51 0;
egregore_data 0 0 127 0 0 127 0 0 0 0 0 0 0 0 0 127 38 0 127 0 0 0
0 0 0 0 0 0 0 100 0 0 127 127 78 0 93 90 127 0 19 127 127 0 0 0 70
0 0 0 127 127 34 0 74.229 51.6308 46.7103 83.6776 115.021 38.528 84.9019
44.486 32.3738 109.131 26.1234 0 16.285 39.8271 2.37383 127 81.8066
1 0 0 0 0 0 0 0 16 16 0 0 0 0 0 0 127 51 0;
egregore_data 0 0 127 0 0 127 0 0 0 0 0 0 0 0 0 127 38 0 127 0 0 0
0 0 0 0 0 0 0 100 0 0 127 127 78 0 93 90 127 0 19 127 127 0 0 0 70
0 0 0 127 127 34 0 74.229 51.6308 46.7103 83.6776 115.021 38.528 84.9019
44.486 32.3738 109.131 26.1234 0 16.285 39.8271 2.37383 127 81.8066
1 0 0 0 0 0 0 0 16 16 0 0 0 0 0 0 127 51 0;
egregore_data 0 0 127 0 0 127 0 0 0 0 0 0 0 0 0 127 38 0 127 0 0 0
0 0 0 0 0 0 0 100 0 0 127 127 78 0 93 90 127 0 19 127 127 0 0 0 70
0 0 0 127 127 34 0 74.229 51.6308 46.7103 83.6776 115.021 38.528 84.9019
44.486 32.3738 109.131 26.1234 0 16.285 39.8271 2.37383 127 81.8066
1 0 0 0 0 0 0 0 16 16 0 0 0 0 0 0 127 51 0;
egregore_data 0 0 127 0 0 127 0 0 0 0 0 0 0 0 0 127 38 0 127 0 0 0
0 0 0 0 0 0 0 100 0 0 127 127 78 0 93 90 127 0 19 127 127 0 0 0 70
0 0 0 127 127 34 0 74.229 51.6308 46.7103 83.6776 115.021 38.528 84.9019
44.486 32.3738 109.131 26.1234 0 16.285 39.8271 2.37383 127 81.8066
1 0 0 0 0 0 0 0 16 16 0 0 0 0 0 0 127 51 0;
egregore_data 0 0 127 0 0 127 0 0 0 0 0 0 0 0 0 127 38 0 127 0 0 0
0 0 0 0 0 0 0 100 0 0 127 127 78 0 93 90 127 0 19 127 127 0 0 0 70
0 0 0 127 127 34 0 74.229 51.6308 46.7103 83.6776 115.021 38.528 84.9019
44.486 32.3738 109.131 26.1234 0 16.285 39.8271 2.37383 127 81.8066
1 0 0 0 0 0 0 0 16 16 0 0 0 0 0 0 127 51 0;
egregore_data 0 0 127 0 0 127 0 0 0 0 0 0 0 0 0 127 38 0 127 0 0 0
0 0 0 0 0 0 0 100 0 0 127 127 78 0 93 90 127 0 19 127 127 0 0 0 70
0 0 0 127 127 34 0 74.229 51.6308 46.7103 83.6776 115.021 38.528 84.9019
44.486 32.3738 109.131 26.1234 0 16.285 39.8271 2.37383 127 81.8066
1 0 0 0 0 0 0 0 16 16 0 0 0 0 0 0 127 51 0;
egregore_data 0 0 127 0 0 127 0 0 0 0 0 0 0 0 0 127 38 0 127 0 0 0
0 0 0 0 0 0 0 100 0 0 127 127 78 0 93 90 127 0 19 127 127 0 0 0 70
0 0 0 127 127 34 0 74.229 51.6308 46.7103 83.6776 115.021 38.528 84.9019
44.486 32.3738 109.131 26.1234 0 16.285 39.8271 2.37383 127 81.8066
1 0 0 0 0 0 0 0 16 16 0 0 0 0 0 0 127 51 0;
egregore_data 0 0 127 0 0 127 0 0 0 0 0 0 0 0 0 127 38 0 127 0 0 0
0 0 0 0 0 0 0 100 0 0 127 127 78 0 93 90 127 0 19 127 127 0 0 0 70
0 0 0 127 127 34 0 74.229 51.6308 46.7103 83.6776 115.021 38.528 84.9019
44.486 32.3738 109.131 26.1234 0 16.285 39.8271 2.37383 127 81.8066
1 0 0 0 0 0 0 0 16 16 0 0 0 0 0 0 127 51 0;
egregore_data 0 0 127 0 0 127 0 0 0 0 0 0 0 0 0 127 38 0 127 0 0 0
0 0 0 0 0 0 0 100 0 0 127 127 78 0 93 90 127 0 19 127 127 0 0 0 70
0 0 0 127 127 34 0 74.229 51.6308 46.7103 83.6776 115.021 38.528 84.9019
44.486 32.3738 109.131 26.1234 0 16.285 39.8271 2.37383 127 81.8066
1 0 0 0 0 0 0 0 16 16 0 0 0 0 0 0 127 51 0;
egregore_data 0 0 127 0 0 127 0 0 0 0 0 0 0 0 0 127 38 0 127 0 0 0
0 0 0 0 0 0 0 100 0 0 127 127 78 0 93 90 127 0 19 127 127 0 0 0 70
0 0 0 127 127 34 0 74.229 51.6308 46.7103 83.6776 115.021 38.528 84.9019
44.486 32.3738 109.131 26.1234 0 16.285 39.8271 2.37383 127 81.8066
1 0 0 0 0 0 0 0 16 16 0 0 0 0 0 0 127 51 0;
egregore_data 0 0 127 0 0 127 0 0 0 0 0 0 0 0 0 127 38 0 127 0 0 0
0 0 0 0 0 0 0 100 0 0 127 127 78 0 93 90 127 0 19 127 127 0 0 0 70
0 0 0 127 127 34 0 74.229 51.6308 46.7103 83.6776 115.021 38.528 84.9019
44.486 32.3738 109.131 26.1234 0 16.285 39.8271 2.37383 127 81.8066
1 0 0 0 0 0 0 0 16 16 0 0 0 0 0 0 127 51 0;
egregore_data 0 0 127 0 0 127 0 0 0 0 0 0 0 0 0 127 38 0 127 0 0 0
0 0 0 0 0 0 0 100 0 0 127 127 78 0 93 90 127 0 19 127 127 0 0 0 70
0 0 0 127 127 34 0 74.229 51.6308 46.7103 83.6776 115.021 38.528 84.9019
44.486 32.3738 109.131 26.1234 0 16.285 39.8271 2.37383 127 81.8066
1 0 0 0 0 0 0 0 16 16 0 0 0 0 0 0 127 51 0;
egregore_data 0 0 127 0 0 127 0 0 0 0 0 0 0 0 0 127 38 0 127 0 0 0
0 0 0 0 0 0 0 100 0 0 127 127 78 0 93 90 127 0 19 127 127 0 0 0 70
0 0 0 127 127 34 0 74.229 51.6308 46.7103 83.6776 115.021 38.528 84.9019
44.486 32.3738 109.131 26.1234 0 16.285 39.8271 2.37383 127 81.8066
1 0 0 0 0 0 0 0 16 16 0 0 0 0 0 0 127 51 0;
egregore_data 0 0 127 0 0 127 0 0 0 0 0 0 0 0 0 127 38 0 127 0 0 0
0 0 0 0 0 0 0 100 0 0 127 127 78 0 93 90 127 0 19 127 127 0 0 0 70
0 0 0 127 127 34 0 74.229 51.6308 46.7103 83.6776 115.021 38.528 84.9019
44.486 32.3738 109.131 26.1234 0 16.285 39.8271 2.37383 127 81.8066
1 0 0 0 0 0 0 0 16 16 0 0 0 0 0 0 127 51 0;
egregore_data 0 0 127 0 0 127 0 0 0 0 0 0 0 0 0 127 38 0 127 0 0 0
0 0 0 0 0 0 0 100 0 0 127 127 78 0 93 90 127 0 19 127 127 0 0 0 70
0 0 0 127 127 34 0 74.229 51.6308 46.7103 83.6776 115.021 38.528 84.9019
44.486 32.3738 109.131 26.1234 0 16.285 39.8271 2.37383 127 81.8066
1 0 0 0 0 0 0 0 16 16 0 0 0 0 0 0 127 51 0;
egregore_data 0 0 127 0 0 127 0 0 0 0 0 0 0 0 0 127 38 0 127 0 0 0
0 0 0 0 0 0 0 100 0 0 127 127 78 0 93 90 127 0 19 127 127 0 0 0 70
0 0 0 127 127 34 0 74.229 51.6308 46.7103 83.6776 115.021 38.528 84.9019
44.486 32.3738 109.131 26.1234 0 16.285 39.8271 2.37383 127 81.8066
1 0 0 0 0 0 0 0 16 16 0 0 0 0 0 0 127 51 0;
egregore_data 0 0 127 0 0 127 0 0 0 0 0 0 0 0 0 127 38 0 127 0 0 0
0 0 0 0 0 0 0 100 0 0 127 127 78 0 93 90 127 0 19 127 127 0 0 0 70
0 0 0 127 127 34 0 74.229 51.6308 46.7103 83.6776 115.021 38.528 84.9019
44.486 32.3738 109.131 26.1234 0 16.285 39.8271 2.37383 127 81.8066
1 0 0 0 0 0 0 0 16 16 0 0 0 0 0 0 127 51 0;
egregore_data 0 0 127 0 0 127 0 0 0 0 0 0 0 0 0 127 38 0 127 0 0 0
0 0 0 0 0 0 0 100 0 0 127 127 78 0 93 90 127 0 19 127 127 0 0 0 70
0 0 0 127 127 34 0 74.229 51.6308 46.7103 83.6776 115.021 38.528 84.9019
44.486 32.3738 109.131 26.1234 0 16.285 39.8271 2.37383 127 81.8066
1 0 0 0 0 0 0 0 16 16 0 0 0 0 0 0 127 51 0;
egregore_data 0 0 127 0 0 127 0 0 0 0 0 0 0 0 0 127 38 0 127 0 0 0
0 0 0 0 0 0 0 100 0 0 127 127 78 0 93 90 127 0 19 127 127 0 0 0 70
0 0 0 127 127 34 0 74.3333 51.8732 46.8545 83.4742 115.063 38.2535
85.1878 44.169 32.5258 109.244 25.9643 0 16.169 39.8169 2.38498 127
81.8066 1 0 0 0 0 0 0 0 16 16 0 0 0 0 0 0 127 51 0;
egregore_data 0 0 127 0 0 127 0 0 0 0 0 0 0 0 0 127 38 0 127 0 0 0
0 0 0 0 0 0 0 100 0 0 127 127 78 0 93 90 127 0 19 127 127 0 0 0 70
0 0 0 127 127 34 0 74.4387 52.1179 47 83.2689 115.106 37.9764 85.4764
43.8491 32.6792 109.358 25.8038 0 16.0519 39.8066 2.39623 127 81.8066
1 0 0 0 0 0 0 0 16 16 0 0 0 0 0 0 127 51 0;
egregore_data 0 0 127 0 0 127 0 0 0 0 0 0 0 0 0 127 38 0 127 0 0 0
0 0 0 0 0 0 0 100 0 0 127 127 78 0 93 90 127 0 19 127 127 0 0 0 70
0 0 0 127 127 34 0 74.4387 52.1179 47 83.2689 115.106 37.9764 85.4764
43.8491 32.6792 109.358 25.8038 0 16.0519 39.8066 2.39623 127 81.8066
1 0 0 0 0 0 0 0 16 16 0 0 0 0 0 0 127 51 0;
egregore_data 0 0 127 0 0 127 0 0 0 0 0 0 0 0 0 127 38 0 127 0 0 0
0 0 0 0 0 0 0 100 0 0 127 127 78 0 93 90 127 0 19 127 127 0 0 0 70
0 0 0 127 127 34 0 74.4387 52.1179 47 83.2689 115.106 37.9764 85.4764
43.8491 32.6792 109.358 25.8038 0 16.0519 39.8066 2.39623 127 81.8066
1 0 0 0 0 0 0 0 16 16 0 0 0 0 0 0 127 51 0;
END;
