HTTP/1.1 200 OK
Date: Thu, 28 May 2015 12:25:02 GMT
Server: Apache
Last-Modified: Wed, 27 May 2015 19:20:42 GMT
Accept-Ranges: bytes
Content-Length: 27228
Vary: Accept-Encoding
Connection: close
Content-Type: text/plain

chdh_egregore_live_data;
egregore_data 0 0 127 0 0 127 0 0 0 0 0 0 0 0 0 127 38 0 127 0 0 0
0 0 0 0 0 0 0 100 0 0 127 127 78 0 93 90 106 127 19 127 10 73 0 0 70
0 0 0 100 127 34 1 53.2314 98.6033 82.9339 0 0 0 0 32.4545 0 0 20.6529
0 40.3223 0 0 127 88 1 0 0 0 0 0 0 0 16 16 0 0 0 0 0 0 127 51 0;
egregore_data 0 0 127 0 0 127 0 0 0 0 0 0 0 0 0 127 38 0 127 0 0 0
0 0 0 0 0 0 0 100 0 0 127 127 78 0 93 90 106 127 19 127 10 73 0 0 70
0 0 0 100 127 34 1 53.2314 98.6033 82.9339 0 0 0 0 32.4545 0 0 20.6529
0 40.3223 0 0 127 88 1 0 0 0 0 0 0 0 16 16 0 0 0 0 0 0 127 51 0;
egregore_data 0 0 127 0 0 127 0 0 0 0 0 0 0 0 0 127 38 0 127 0 0 0
0 0 0 0 0 0 0 100 0 0 127 127 78 0 93 90 106 127 19 127 10 73 0 0 70
0 0 0 100 127 34 1 53.2314 98.6033 82.9339 0 0 0 0 32.4545 0 0 20.6529
0 40.3223 0 0 127 88 1 0 0 0 0 0 0 0 16 16 0 0 0 0 0 0 127 51 0;
egregore_data 0 0 127 0 0 127 0 0 0 0 0 0 0 0 0 127 38 0 127 0 0 0
0 0 0 0 0 0 0 100 0 0 127 127 78 0 93 90 106 127 19 127 10 73 0 0 70
0 0 0 100 127 34 1 53.2314 98.6033 82.9339 0 0 0 0 32.4545 0 0 20.6529
0 40.3223 0 0 127 88 1 0 0 0 0 0 0 0 16 16 0 0 0 0 0 0 127 51 0;
egregore_data 0 0 127 0 0 127 0 0 0 0 0 0 0 0 0 127 38 0 127 0 0 0
0 0 0 0 0 0 0 100 0 0 127 127 78 0 93 90 106 127 19 127 10 73 0 0 70
0 0 0 100 127 34 1 53.2314 98.6033 82.9339 0 0 0 0 32.4545 0 0 20.6529
0 40.3223 0 0 127 88 1 0 0 0 0 0 0 0 16 16 0 0 0 0 0 0 127 51 0;
egregore_data 0 0 127 0 0 127 0 0 0 0 0 0 0 0 0 127 38 0 127 0 0 0
0 0 0 0 0 0 0 100 0 0 127 127 78 0 93 90 106 127 19 127 10 73 0 0 70
0 0 0 100 127 34 1 53.2314 98.6033 82.9339 0 0 0 0 32.4545 0 0 20.6529
0 40.3223 0 0 127 88 1 0 0 0 0 0 0 0 16 16 0 0 0 0 0 0 127 51 0;
egregore_data 0 0 127 0 0 127 0 0 0 0 0 0 0 0 0 127 38 0 127 0 0 0
0 0 0 0 0 0 0 100 0 0 127 127 78 0 93 90 106 127 19 127 10 73 0 0 70
0 0 0 100 127 34 1 53.2314 98.6033 82.9339 0 0 0 0 32.4545 0 0 20.6529
0 40.3223 0 0 127 88 1 0 0 0 0 0 0 0 16 16 0 0 0 0 0 0 127 51 0;
egregore_data 0 0 127 0 0 127 0 0 0 0 0 0 0 0 0 127 38 0 127 0 0 0
0 0 0 0 0 0 0 100 0 0 127 127 78 0 93 90 106 127 19 127 10 73 0 0 70
0 0 0 100 127 34 1 53.2314 98.6033 82.9339 0 0 0 0 32.4545 0 0 20.6529
0 40.3223 0 0 127 88 1 0 0 0 0 0 0 0 16 16 0 0 0 0 0 0 127 51 0;
egregore_data 0 0 127 0 0 127 0 0 0 0 0 0 0 0 0 127 38 0 127 0 0 0
0 0 0 0 0 0 0 100 0 0 127 127 78 0 93 90 106 127 19 127 10 73 0 0 70
0 0 0 100 127 34 1 53.2314 98.6033 82.9339 0 0 0 0 32.4545 0 0 20.6529
0 40.3223 0 0 127 88 1 0 0 0 0 0 0 0 16 16 0 0 0 0 0 0 127 51 0;
egregore_data 0 0 127 0 0 127 0 0 0 0 0 0 0 0 0 127 38 0 127 0 0 0
0 0 0 0 0 0 0 100 0 0 127 127 78 0 93 90 106 127 19 127 10 73 0 0 70
0 0 0 100 127 34 1 53.2314 98.6033 82.9339 0 0 0 0 32.4545 0 0 20.6529
0 40.3223 0 0 127 88 1 0 0 0 0 0 0 0 16 16 0 0 0 0 0 0 127 51 0;
egregore_data 0 0 127 0 0 127 0 0 0 0 0 0 0 0 0 127 38 0 127 0 0 0
0 0 0 0 0 0 0 100 0 0 127 127 78 0 93 90 106 127 19 127 10 73 0 0 70
0 0 0 101 127 34 1 53.2314 98.6033 82.9339 0 0 0 0 32.4545 0 0 20.6529
0 40.3223 0 0 127 88 1 0 0 0 0 0 0 0 16 16 0 0 0 0 0 0 127 51 0;
egregore_data 0 0 127 0 0 127 0 0 0 0 0 0 0 0 0 127 38 0 127 0 0 0
0 0 0 0 0 0 0 100 0 0 127 127 78 0 93 90 106 127 19 127 10 73 0 0 70
0 0 0 101 127 34 1 53.2314 98.6033 82.9339 0 0 0 0 32.4545 0 0 20.6529
0 40.3223 0 0 127 88 1 0 0 0 0 0 0 0 16 16 0 0 0 0 0 0 127 51 0;
egregore_data 0 0 127 0 0 127 0 0 0 0 0 0 0 0 0 127 38 0 127 0 0 0
0 0 0 0 0 0 0 100 0 0 127 127 78 0 93 90 106 127 19 127 10 73 0 0 70
0 0 0 101 127 34 1 53.2314 98.6033 82.9339 0 0 0 0 32.4545 0 0 20.6529
0 40.3223 0 0 127 88 1 0 0 0 0 0 0 0 16 16 0 0 0 0 0 0 127 51 0;
egregore_data 0 0 127 0 0 127 0 0 0 0 0 0 0 0 0 127 38 0 127 0 0 0
0 0 0 0 0 0 0 100 0 0 127 127 78 0 93 90 106 127 19 127 10 73 0 0 70
0 0 0 101 127 34 1 53.2314 98.6033 82.9339 0 0 0 0 32.4545 0 0 20.6529
0 40.3223 0 0 127 88 1 0 0 0 0 0 0 0 16 16 0 0 0 0 0 0 127 51 0;
egregore_data 0 0 127 0 0 127 0 0 0 0 0 0 0 0 0 127 38 0 127 0 0 0
0 0 0 0 0 0 0 100 0 0 127 127 78 0 93 90 106 127 19 127 10 73 0 0 70
0 0 0 101 127 34 1 53.2314 98.6033 82.9339 0 0 0 0 32.4545 0 0 20.6529
0 40.3223 0 0 127 88 1 0 0 0 0 0 0 0 16 16 0 0 0 0 0 0 127 51 0;
egregore_data 0 0 127 0 0 127 0 0 0 0 0 0 0 0 0 127 38 0 127 0 0 0
0 0 0 0 0 0 0 100 0 0 127 127 78 0 93 90 106 127 19 127 10 73 0 0 70
0 0 0 102 127 34 1 53.2314 98.6033 82.9339 0 0 0 0 32.4545 0 0 20.6529
0 40.3223 0 0 127 88 1 0 0 0 0 0 0 0 16 16 0 0 0 0 0 0 127 51 0;
egregore_data 0 0 127 0 0 127 0 0 0 0 0 0 0 0 0 127 38 0 127 0 0 0
0 0 0 0 0 0 0 100 0 0 127 127 78 0 93 90 106 127 19 127 10 73 0 0 70
0 0 0 102 127 34 1 53.2314 98.6033 82.9339 0 0 0 0 32.4545 0 0 20.6529
0 40.3223 0 0 127 88 1 0 0 0 0 0 0 0 16 16 0 0 0 0 0 0 127 51 0;
egregore_data 0 0 127 0 0 127 0 0 0 0 0 0 0 0 0 127 38 0 127 0 0 0
0 0 0 0 0 0 0 100 0 0 127 127 78 0 93 90 106 127 19 127 10 73 0 0 70
0 0 0 102 127 34 1 53.2314 98.6033 82.9339 0 0 0 0 32.4545 0 0 20.6529
0 40.3223 0 0 127 88 1 0 0 0 0 0 0 0 16 16 0 0 0 0 0 0 127 51 0;
egregore_data 0 0 127 0 0 127 0 0 0 0 0 0 0 0 0 127 38 0 127 0 0 0
0 0 0 0 0 0 0 100 0 0 127 127 78 0 93 90 106 127 19 127 10 73 0 0 70
0 0 0 102 127 34 1 53.2314 98.6033 82.9339 0 0 0 0 32.4545 0 0 20.6529
0 40.3223 0 0 127 88 1 0 0 0 0 0 0 0 16 16 0 0 0 0 0 0 127 51 0;
egregore_data 0 0 127 0 0 127 0 0 0 0 0 0 0 0 0 127 38 0 127 0 0 0
0 0 0 0 0 0 0 100 0 0 127 127 78 0 93 90 106 127 19 127 10 73 0 0 70
0 0 0 102 127 34 1 53.2314 98.6033 82.9339 0 0 0 0 32.4545 0 0 20.6529
0 40.3223 0 0 127 88 1 0 0 0 0 0 0 0 16 16 0 0 0 0 0 0 127 51 0;
egregore_data 0 0 127 0 0 127 0 0 0 0 0 0 0 0 0 127 38 0 127 0 0 0
0 0 0 0 0 0 0 100 0 0 127 127 78 0 93 90 106 127 19 127 10 73 0 0 70
0 0 0 102 127 34 1 53.2314 98.6033 82.9339 0 0 0 0 32.4545 0 0 20.6529
0 40.3223 0 0 127 88 1 0 0 0 0 0 0 0 16 16 0 0 0 0 0 0 127 51 0;
egregore_data 0 0 127 0 0 127 0 0 0 0 0 0 0 0 0 127 38 0 127 0 0 0
0 0 0 0 0 0 0 100 0 0 127 127 78 0 93 90 106 127 19 127 10 73 0 0 70
0 0 0 102 127 34 1 53.2314 98.6033 82.9339 0 0 0 0 32.4545 0 0 20.6529
0 40.3223 0 0 127 88 1 0 0 0 0 0 0 0 16 16 0 0 0 0 0 0 127 51 0;
egregore_data 0 0 127 0 0 127 0 0 0 0 0 0 0 0 0 127 38 0 127 0 0 0
0 0 0 0 0 0 0 100 0 0 127 127 78 0 93 90 106 127 19 127 10 73 0 0 70
0 0 0 103 127 34 1 53.2314 98.6033 82.9339 0 0 0 0 32.4545 0 0 20.6529
0 40.3223 0 0 127 88 1 0 0 0 0 0 0 0 16 16 0 0 0 0 0 0 127 51 0;
egregore_data 0 0 127 0 0 127 0 0 0 0 0 0 0 0 0 127 38 0 127 0 0 0
0 0 0 0 0 0 0 100 0 0 127 127 78 0 93 90 106 127 19 127 10 73 0 0 70
0 0 0 103 127 34 1 53.2314 98.6033 82.9339 0 0 0 0 32.4545 0 0 20.6529
0 40.3223 0 0 127 88 1 0 0 0 0 0 0 0 16 16 0 0 0 0 0 0 127 51 0;
egregore_data 0 0 127 0 0 127 0 0 0 0 0 0 0 0 0 127 38 0 127 0 0 0
0 0 0 0 0 0 0 100 0 0 127 127 78 0 93 90 106 127 19 127 10 73 0 0 70
0 0 0 103 127 34 1 53.2314 98.6033 82.9339 0 0 0 0 32.4545 0 0 20.6529
0 40.3223 0 0 127 88 1 0 0 0 0 0 0 0 16 16 0 0 0 0 0 0 127 51 0;
egregore_data 0 0 127 0 0 127 0 0 0 0 0 0 0 0 0 127 38 0 127 0 0 0
0 0 0 0 0 0 0 100 0 0 127 127 78 0 93 90 106 127 19 127 10 73 0 0 70
0 0 0 103 127 34 1 53.2314 98.6033 82.9339 0 0 0 0 32.4545 0 0 20.6529
0 40.3223 0 0 127 88 1 0 0 0 0 0 0 0 16 16 0 0 0 0 0 0 127 51 0;
egregore_data 0 0 127 0 0 127 0 0 0 0 0 0 0 0 0 127 38 0 127 0 0 0
0 0 0 0 0 0 0 100 0 0 127 127 78 0 93 90 106 127 19 127 10 73 0 0 70
0 0 0 103 127 34 1 53.2314 98.6033 82.9339 0 0 0 0 32.4545 0 0 20.6529
0 40.3223 0 0 127 88 1 0 0 0 0 0 0 0 16 16 0 0 0 0 0 0 127 51 0;
egregore_data 0 0 127 0 0 127 0 0 0 0 0 0 0 0 0 127 38 0 127 0 0 0
0 0 0 0 0 0 0 100 0 0 127 127 78 0 93 90 106 127 19 127 10 73 0 0 70
0 0 0 103 127 34 1 53.2314 98.6033 82.9339 0 0 0 0 32.4545 0 0 20.6529
0 40.3223 0 0 127 88 1 0 0 0 0 0 0 0 16 16 0 0 0 0 0 0 127 51 0;
egregore_data 0 0 127 0 0 127 0 0 0 0 0 0 0 0 0 127 38 0 127 0 0 0
0 0 0 0 0 0 0 100 0 0 127 127 78 0 93 90 106 127 19 127 10 73 0 0 70
0 0 0 103 127 34 1 53.2314 98.6033 82.9339 0 0 0 0 32.4545 0 0 20.6529
0 40.3223 0 0 127 88 1 0 0 0 0 0 0 0 16 16 0 0 0 0 0 0 127 51 0;
egregore_data 0 0 127 0 0 127 0 0 0 0 0 0 0 0 0 127 38 0 127 0 0 0
0 0 0 0 0 0 0 100 0 0 127 127 78 0 93 90 106 127 19 127 10 73 0 0 70
0 0 0 103 127 34 1 53.2314 98.6033 82.9339 0 0 0 0 32.4545 0 0 20.6529
0 40.3223 0 0 127 88 1 0 0 0 0 0 0 0 16 16 0 0 0 0 0 0 127 51 0;
egregore_data 0 0 127 0 0 127 0 0 0 0 0 0 0 0 0 127 38 0 127 0 0 0
0 0 0 0 0 0 0 100 0 0 127 127 78 0 93 90 106 127 19 127 10 73 0 0 70
0 0 0 103 127 34 1 53.2314 98.6033 82.9339 0 0 0 0 32.4545 0 0 20.6529
0 40.3223 0 0 127 88 1 0 0 0 0 0 0 0 16 16 0 0 0 0 0 0 127 51 0;
egregore_data 0 0 127 0 0 127 0 0 0 0 0 0 0 0 0 127 38 0 127 0 0 0
0 0 0 0 0 0 0 100 0 0 127 127 78 0 93 90 106 127 19 127 10 73 0 0 70
0 0 0 103 127 34 1 53.2314 98.6033 82.9339 0 0 0 0 32.4545 0 0 20.6529
0 40.3223 0 0 127 88 1 0 0 0 0 0 0 0 16 16 0 0 0 0 0 0 127 51 0;
egregore_data 0 0 127 0 0 127 0 0 0 0 0 0 0 0 0 127 38 0 127 0 0 0
0 0 0 0 0 0 0 100 0 0 127 127 78 0 93 90 106 127 19 127 10 73 0 0 70
0 0 0 103 127 34 1 53.2314 98.6033 82.9339 0 0 0 0 32.4545 0 0 20.6529
0 40.3223 0 0 127 88 1 0 0 0 0 0 0 0 16 16 0 0 0 0 0 0 127 51 0;
egregore_data 0 0 127 0 0 127 0 0 0 0 0 0 0 0 0 127 38 0 127 0 0 0
0 0 0 0 0 0 0 100 0 0 127 127 78 0 93 90 106 127 19 127 10 73 0 0 70
0 0 0 103 127 34 1 53.2314 98.6033 82.9339 0 0 0 0 32.4545 0 0 20.6529
0 40.3223 0 0 127 88 1 0 0 0 0 0 0 0 16 16 0 0 0 0 0 0 127 51 0;
egregore_data 0 0 127 0 0 127 0 0 0 0 0 0 0 0 0 127 38 0 127 0 0 0
0 0 0 0 0 0 0 100 0 0 127 127 78 0 93 90 106 127 19 127 10 73 0 0 70
0 0 0 103 127 34 1 53.2314 98.6033 82.9339 0 0 0 0 32.4545 0 0 20.6529
0 40.3223 0 0 127 88 1 0 0 0 0 0 0 0 16 16 0 0 0 0 0 0 127 51 0;
egregore_data 0 0 127 0 0 127 0 0 0 0 0 0 0 0 0 127 38 0 127 0 0 0
0 0 0 0 0 0 0 100 0 0 127 127 78 0 93 90 106 127 19 127 10 73 0 0 70
0 0 0 103 127 34 1 53.2314 98.6033 82.9339 0 0 0 0 32.4545 0 0 20.6529
0 40.3223 0 0 127 88 1 0 0 0 0 0 0 0 16 16 0 0 0 0 0 0 127 51 0;
egregore_data 0 0 127 0 0 127 0 0 0 0 0 0 0 0 0 127 38 0 127 0 0 0
0 0 0 0 0 0 0 100 0 0 127 127 78 0 93 90 106 127 19 127 10 73 0 0 70
0 0 0 103 127 34 1 53.2314 98.6033 82.9339 0 0 0 0 32.4545 0 0 20.6529
0 40.3223 0 0 127 88 1 0 0 0 0 0 0 0 16 16 0 0 0 0 0 0 127 51 0;
egregore_data 0 0 127 0 0 127 0 0 0 0 0 0 0 0 0 127 38 0 127 0 0 0
0 0 0 0 0 0 0 100 0 0 127 127 78 0 93 90 106 127 19 127 10 73 0 0 70
0 0 0 103 127 34 1 53.2314 98.6033 82.9339 0 0 0 0 32.4545 0 0 20.6529
0 40.3223 0 0 127 88 1 0 0 0 0 0 0 0 16 16 0 0 0 0 0 0 127 51 0;
egregore_data 0 0 127 0 0 127 0 0 0 0 0 0 0 0 0 127 38 0 127 0 0 0
0 0 0 0 0 0 0 100 0 0 127 127 78 0 93 90 106 127 19 127 10 73 0 0 70
0 0 0 104 127 34 1 53.2314 98.6033 82.9339 0 0 0 0 32.4545 0 0 20.6529
0 40.3223 0 0 127 88 1 0 0 0 0 0 0 0 16 16 0 0 0 0 0 0 127 51 0;
egregore_data 0 0 127 0 0 127 0 0 0 0 0 0 0 0 0 127 38 0 127 0 0 0
0 0 0 0 0 0 0 100 0 0 127 127 78 0 93 90 106 127 19 127 10 73 0 0 70
0 0 0 104 127 34 1 53.2314 98.6033 82.9339 0 0 0 0 32.4545 0 0 20.6529
0 40.3223 0 0 127 88 1 0 0 0 0 0 0 0 16 16 0 0 0 0 0 0 127 51 0;
egregore_data 0 0 127 0 0 127 0 0 0 0 0 0 0 0 0 127 38 0 127 0 0 0
0 0 0 0 0 0 0 100 0 0 127 127 78 0 93 90 106 127 19 127 10 73 0 0 70
0 0 0 105 127 34 1 53.2314 98.6033 82.9339 0 0 0 0 32.4545 0 0 20.6529
0 40.3223 0 0 127 88 1 0 0 0 0 0 0 0 16 16 0 0 0 0 0 0 127 51 0;
egregore_data 0 0 127 0 0 127 0 0 0 0 0 0 0 0 0 127 38 0 127 0 0 0
0 0 0 0 0 0 0 100 0 0 127 127 78 0 93 90 106 127 19 127 10 73 0 0 70
0 0 0 105 127 34 1 53.2314 98.6033 82.9339 0 0 0 0 32.4545 0 0 20.6529
0 40.3223 0 0 127 88 1 0 0 0 0 0 0 0 16 16 0 0 0 0 0 0 127 51 0;
egregore_data 0 0 127 0 0 127 0 0 0 0 0 0 0 0 0 127 38 0 127 0 0 0
0 0 0 0 0 0 0 100 0 0 127 127 78 0 93 90 106 127 19 127 10 73 0 0 70
0 0 0 105 127 34 1 53.2314 98.6033 82.9339 0 0 0 0 32.4545 0 0 20.6529
0 40.3223 0 0 127 88 1 0 0 0 0 0 0 0 16 16 0 0 0 0 0 0 127 51 0;
egregore_data 0 0 127 0 0 127 0 0 0 0 0 0 0 0 0 127 38 0 127 0 0 0
0 0 0 0 0 0 0 100 0 0 127 127 78 0 93 90 106 127 19 127 10 73 0 0 70
0 0 0 105 127 34 1 53.2314 98.6033 82.9339 0 0 0 0 32.4545 0 0 20.6529
0 40.3223 0 0 127 88 1 0 0 0 0 0 0 0 16 16 0 0 0 0 0 0 127 51 0;
egregore_data 0 0 127 0 0 127 0 0 0 0 0 0 0 0 0 127 38 0 127 0 0 0
0 0 0 0 0 0 0 100 0 0 127 127 78 0 93 90 106 127 19 127 10 73 0 0 70
0 0 0 105 127 34 1 53.2314 98.6033 82.9339 0 0 0 0 32.4545 0 0 20.6529
0 40.3223 0 0 127 88 1 0 0 0 0 0 0 0 16 16 0 0 0 0 0 0 127 51 0;
egregore_data 0 0 127 0 0 127 0 0 0 0 0 0 0 0 0 127 38 0 127 0 0 0
0 0 0 0 0 0 0 100 0 0 127 127 78 0 93 90 106 127 19 127 10 73 0 0 70
0 0 0 105 127 34 1 53.2314 98.6033 82.9339 0 0 0 0 32.4545 0 0 20.6529
0 40.3223 0 0 127 88 1 0 0 0 0 0 0 0 16 16 0 0 0 0 0 0 127 51 0;
egregore_data 0 0 127 0 0 127 0 0 0 0 0 0 0 0 0 127 38 0 127 0 0 0
0 0 0 0 0 0 0 100 0 0 127 127 78 0 93 90 106 127 19 127 10 73 0 0 70
0 0 0 105 127 34 1 53.2314 98.6033 82.9339 0 0 0 0 32.4545 0 0 20.6529
0 40.3223 0 0 127 88 1 0 0 0 0 0 0 0 16 16 0 0 0 0 0 0 127 51 0;
egregore_data 0 0 127 0 0 127 0 0 0 0 0 0 0 0 0 127 38 0 127 0 0 0
0 0 0 0 0 0 0 100 0 0 127 127 78 0 93 90 106 127 19 127 10 73 0 0 70
0 0 0 105 127 34 1 53.2314 98.6033 82.9339 0 0 0 0 32.4545 0 0 20.6529
0 40.3223 0 0 127 88 1 0 0 0 0 0 0 0 16 16 0 0 0 0 0 0 127 51 0;
egregore_data 0 0 127 0 0 127 0 0 0 0 0 0 0 0 0 127 38 0 127 0 0 0
0 0 0 0 0 0 0 100 0 0 127 127 78 0 93 90 106 127 19 127 10 73 0 0 70
0 0 0 105 127 34 1 53.2314 98.6033 82.9339 0 0 0 0 32.4545 0 0 20.6529
0 40.3223 0 0 127 88 1 0 0 0 0 0 0 0 16 16 0 0 0 0 0 0 127 51 0;
egregore_data 0 0 127 0 0 127 0 0 0 0 0 0 0 0 0 127 38 0 127 0 0 0
0 0 0 0 0 0 0 100 0 0 127 127 78 0 93 90 106 127 19 127 10 73 0 0 70
0 0 0 105 127 34 1 53.2314 98.6033 82.9339 0 0 0 0 32.4545 0 0 20.6529
0 40.3223 0 0 127 88 1 0 0 0 0 0 0 0 16 16 0 0 0 0 0 0 127 51 0;
egregore_data 0 0 127 0 0 127 0 0 0 0 0 0 0 0 0 127 38 0 127 0 0 0
0 0 0 0 0 0 0 100 0 0 127 127 78 0 93 90 106 127 19 127 10 73 0 0 70
0 0 0 105 127 34 1 53.2314 98.6033 82.9339 0 0 0 0 32.4545 0 0 20.6529
0 40.3223 0 0 127 88 1 0 0 0 0 0 0 0 16 16 0 0 0 0 0 0 127 51 0;
egregore_data 0 0 127 0 0 127 0 0 0 0 0 0 0 0 0 127 38 0 127 0 0 0
0 0 0 0 0 0 0 100 0 0 127 127 78 0 93 90 106 127 19 127 10 73 0 0 70
0 0 0 106 127 34 1 53.2314 98.6033 82.9339 0 0 0 0 32.4545 0 0 20.6529
0 40.3223 0 0 127 88 1 0 0 0 0 0 0 0 16 16 0 0 0 0 0 0 127 51 0;
egregore_data 0 0 127 0 0 127 0 0 0 0 0 0 0 0 0 127 38 0 127 0 0 0
0 0 0 0 0 0 0 100 0 0 127 127 78 0 93 90 106 127 19 127 10 73 0 0 70
0 0 0 107 127 34 1 53.2314 98.6033 82.9339 0 0 0 0 32.4545 0 0 20.6529
0 40.3223 0 0 127 88 1 0 0 0 0 0 0 0 16 16 0 0 0 0 0 0 127 51 0;
egregore_data 0 0 127 0 0 127 0 0 0 0 0 0 0 0 0 127 38 0 127 0 0 0
0 0 0 0 0 0 0 100 0 0 127 127 78 0 93 90 106 127 19 127 10 73 0 0 70
0 0 0 107 127 34 1 53.2314 98.6033 82.9339 0 0 0 0 32.4545 0 0 20.6529
0 40.3223 0 0 127 88 1 0 0 0 0 0 0 0 16 16 0 0 0 0 0 0 127 51 0;
egregore_data 0 0 127 0 0 127 0 0 0 0 0 0 0 0 0 127 38 0 127 0 0 0
0 0 0 0 0 0 0 100 0 0 127 127 78 0 93 90 106 127 19 127 10 73 0 0 70
0 0 0 107 127 34 1 53.2314 98.6033 82.9339 0 0 0 0 32.4545 0 0 20.6529
0 40.3223 0 0 127 88 1 0 0 0 0 0 0 0 16 16 0 0 0 0 0 0 127 51 0;
egregore_data 0 0 127 0 0 127 0 0 0 0 0 0 0 0 0 127 38 0 127 0 0 0
0 0 0 0 0 0 0 100 0 0 127 127 78 0 93 90 106 127 19 127 10 73 0 0 70
0 0 0 107 127 34 1 53.2314 98.6033 82.9339 0 0 0 0 32.4545 0 0 20.6529
0 40.3223 0 0 127 88 1 0 0 0 0 0 0 0 16 16 0 0 0 0 0 0 127 51 0;
egregore_data 0 0 127 0 0 127 0 0 0 0 0 0 0 0 0 127 38 0 127 0 0 0
0 0 0 0 0 0 0 100 0 0 127 127 78 0 93 90 106 127 19 127 10 73 0 0 70
0 0 0 107 127 34 1 53.2314 98.6033 82.9339 0 0 0 0 32.4545 0 0 20.6529
0 40.3223 0 0 127 88 1 0 0 0 0 0 0 0 16 16 0 0 0 0 0 0 127 51 0;
egregore_data 0 0 127 0 0 127 0 0 0 0 0 0 0 0 0 127 38 0 127 0 0 0
0 0 0 0 0 0 0 100 0 0 127 127 78 0 93 90 106 127 19 127 10 73 0 0 70
0 0 0 107 127 34 1 53.2314 98.6033 82.9339 0 0 0 0 32.4545 0 0 20.6529
0 40.3223 0 0 127 88 1 0 0 0 0 0 0 0 16 16 0 0 0 0 0 0 127 51 0;
egregore_data 0 0 127 0 0 127 0 0 0 0 0 0 0 0 0 127 38 0 127 0 0 0
0 0 0 0 0 0 0 100 0 0 127 127 78 0 93 90 106 127 19 127 10 73 0 0 70
0 0 0 107 127 34 1 53.2314 98.6033 82.9339 0 0 0 0 32.4545 0 0 20.6529
0 40.3223 0 0 127 88 1 0 0 0 0 0 0 0 16 16 0 0 0 0 0 0 127 51 0;
egregore_data 0 0 127 0 0 127 0 0 0 0 0 0 0 0 0 127 38 0 127 0 0 0
0 0 0 0 0 0 0 100 0 0 127 127 78 0 93 90 106 127 19 127 10 73 0 0 70
0 0 0 107 127 34 1 53.2314 98.6033 82.9339 0 0 0 0 32.4545 0 0 20.6529
0 40.3223 0 0 127 88 1 0 0 0 0 0 0 0 16 16 0 0 0 0 0 0 127 51 0;
egregore_data 0 0 127 0 0 127 0 0 0 0 0 0 0 0 0 127 38 0 127 0 0 0
0 0 0 0 0 0 0 100 0 0 127 127 78 0 93 90 106 127 19 127 10 73 0 0 70
0 0 0 107 127 34 1 53.2314 98.6033 82.9339 0 0 0 0 32.4545 0 0 20.6529
0 40.3223 0 0 127 88 1 0 0 0 0 0 0 0 16 16 0 0 0 0 0 0 127 51 0;
egregore_data 0 0 127 0 0 127 0 0 0 0 0 0 0 0 0 127 38 0 127 0 0 0
0 0 0 0 0 0 0 100 0 0 127 127 78 0 93 90 106 127 19 127 10 73 0 0 70
0 0 0 107 127 34 1 53.2314 98.6033 82.9339 0 0 0 0 32.4545 0 0 20.6529
0 40.3223 0 0 127 88 1 0 0 0 0 0 0 0 16 16 0 0 0 0 0 0 127 51 0;
egregore_data 0 0 127 0 0 127 0 0 0 0 0 0 0 0 0 127 38 0 127 0 0 0
0 0 0 0 0 0 0 100 0 0 127 127 78 0 93 90 106 127 19 127 10 73 0 0 70
0 0 0 107 127 34 1 53.2314 98.6033 82.9339 0 0 0 0 32.4545 0 0 20.6529
0 40.3223 0 0 127 88 1 0 0 0 0 0 0 0 16 16 0 0 0 0 0 0 127 51 0;
egregore_data 0 0 127 0 0 127 0 0 0 0 0 0 0 0 0 127 38 0 127 0 0 0
0 0 0 0 0 0 0 100 0 0 127 127 78 0 93 90 106 127 19 127 10 73 0 0 70
0 0 0 107 127 34 1 53.2314 98.6033 82.9339 0 0 0 0 32.4545 0 0 20.6529
0 40.3223 0 0 127 88 1 0 0 0 0 0 0 0 16 16 0 0 0 0 0 0 127 51 0;
egregore_data 0 0 127 0 0 127 0 0 0 0 0 0 0 0 0 127 38 0 127 0 0 0
0 0 0 0 0 0 0 100 0 0 127 127 78 0 93 90 106 127 19 127 10 73 0 0 70
0 0 0 107 127 34 1 53.2314 98.6033 82.9339 0 0 0 0 32.4545 0 0 20.6529
0 40.3223 0 0 127 88 1 0 0 0 0 0 0 0 16 16 0 0 0 0 0 0 127 51 0;
egregore_data 0 0 127 0 0 127 0 0 0 0 0 0 0 0 0 127 38 0 127 0 0 0
0 0 0 0 0 0 0 100 0 0 127 127 78 0 93 90 106 127 19 127 10 73 0 0 70
0 0 0 108 127 34 1 53.2314 98.6033 82.9339 0 0 0 0 32.4545 0 0 20.6529
0 40.3223 0 0 127 88 1 0 0 0 0 0 0 0 16 16 0 0 0 0 0 0 127 51 0;
egregore_data 0 0 127 0 0 127 0 0 0 0 0 0 0 0 0 127 38 0 127 0 0 0
0 0 0 0 0 0 0 100 0 0 127 127 78 0 93 90 106 127 19 127 10 73 0 0 70
0 0 0 108 127 34 1 53.2314 98.6033 82.9339 0 0 0 0 32.4545 0 0 20.6529
0 40.3223 0 0 127 88 1 0 0 0 0 0 0 0 16 16 0 0 0 0 0 0 127 51 0;
egregore_data 0 0 127 0 0 127 0 0 0 0 0 0 0 0 0 127 38 0 127 0 0 0
0 0 0 0 0 0 0 100 0 0 127 127 78 0 93 90 106 127 19 127 10 73 0 0 70
0 0 0 108 127 34 1 53.2314 98.6033 82.9339 0 0 0 0 32.4545 0 0 20.6529
0 40.3223 0 0 127 88 1 0 0 0 0 0 0 0 16 16 0 0 0 0 0 0 127 51 0;
egregore_data 0 0 127 0 0 127 0 0 0 0 0 0 0 0 0 127 38 0 127 0 0 0
0 0 0 0 0 0 0 100 0 0 127 127 78 0 93 90 106 127 19 127 11 73 0 0 70
0 0 0 108 127 34 1 53.2314 98.6033 82.9339 0 0 0 0 32.4545 0 0 20.6529
0 40.3223 0 0 127 88 1 0 0 0 0 0 0 0 16 16 0 0 0 0 0 0 127 51 0;
egregore_data 0 0 127 0 0 127 0 0 0 0 0 0 0 0 0 127 38 0 127 0 0 0
0 0 0 0 0 0 0 100 0 0 127 127 78 0 93 90 106 127 19 127 11 73 0 0 70
0 0 0 108 127 34 1 53.2314 98.6033 82.9339 0 0 0 0 32.4545 0 0 20.6529
0 40.3223 0 0 127 88 1 0 0 0 0 0 0 0 16 16 0 0 0 0 0 0 127 51 0;
egregore_data 0 0 127 0 0 127 0 0 0 0 0 0 0 0 0 127 38 0 127 0 0 0
0 0 0 0 0 0 0 100 0 0 127 127 78 0 93 90 106 127 19 127 11 73 0 0 70
0 0 0 108 127 34 1 53.2314 98.6033 82.9339 0 0 0 0 32.4545 0 0 20.6529
0 40.3223 0 0 127 88 1 0 0 0 0 0 0 0 16 16 0 0 0 0 0 0 127 51 0;
egregore_data 0 0 127 0 0 127 0 0 0 0 0 0 0 0 0 127 38 0 127 0 0 0
0 0 0 0 0 0 0 100 0 0 127 127 78 0 93 90 106 127 19 127 11 73 0 0 70
0 0 0 108 127 34 1 53.2314 98.6033 82.9339 0 0 0 0 32.4545 0 0 20.6529
0 40.3223 0 0 127 88 1 0 0 0 0 0 0 0 16 16 0 0 0 0 0 0 127 51 0;
egregore_data 0 0 127 0 0 127 0 0 0 0 0 0 0 0 0 127 38 0 127 0 0 0
0 0 0 0 0 0 0 100 0 0 127 127 78 0 93 90 106 127 19 127 11 73 0 0 70
0 0 0 108 127 34 1 53.2314 98.6033 82.9339 0 0 0 0 32.4545 0 0 20.6529
0 40.3223 0 0 127 88 1 0 0 0 0 0 0 0 16 16 0 0 0 0 0 0 127 51 0;
egregore_data 0 0 127 0 0 127 0 0 0 0 0 0 0 0 0 127 38 0 127 0 0 0
0 0 0 0 0 0 0 100 0 0 127 127 78 0 93 90 106 127 19 127 11 73 0 0 70
0 0 0 108 127 34 1 53.2314 98.6033 82.9339 0 0 0 0 32.4545 0 0 20.6529
0 40.3223 0 0 127 88 1 0 0 0 0 0 0 0 16 16 0 0 0 0 0 0 127 51 0;
egregore_data 0 0 127 0 0 127 0 0 0 0 0 0 0 0 0 127 38 0 127 0 0 0
0 0 0 0 0 0 0 100 0 0 127 127 78 0 93 90 106 127 19 127 11 73 0 0 70
0 0 0 108 127 34 1 53.2314 98.6033 82.9339 0 0 0 0 32.4545 0 0 20.6529
0 40.3223 0 0 127 88 1 0 0 0 0 0 0 0 16 16 0 0 0 0 0 0 127 51 0;
egregore_data 0 0 127 0 0 127 0 0 0 0 0 0 0 0 0 127 38 0 127 0 0 0
0 0 0 0 0 0 0 100 0 0 127 127 78 0 93 90 106 127 19 127 11 73 0 0 70
0 0 0 108 127 34 1 53.2314 98.6033 82.9339 0 0 0 0 32.4545 0 0 20.6529
0 40.3223 0 0 127 88 1 0 0 0 0 0 0 0 16 16 0 0 0 0 0 0 127 51 0;
egregore_data 0 0 127 0 0 127 0 0 0 0 0 0 0 0 0 127 38 0 127 0 0 0
0 0 0 0 0 0 0 100 0 0 127 127 78 0 93 90 106 127 19 127 11 73 0 0 70
0 0 0 108 127 34 1 53.2314 98.6033 82.9339 0 0 0 0 32.4545 0 0 20.6529
0 40.3223 0 0 127 88 1 0 0 0 0 0 0 0 16 16 0 0 0 0 0 0 127 51 0;
egregore_data 0 0 127 0 0 127 0 0 0 0 0 0 0 0 0 127 38 0 127 0 0 0
0 0 0 0 0 0 0 100 0 0 127 127 78 0 93 90 106 127 19 127 11 73 0 0 70
0 0 0 108 127 34 1 53.2314 98.6033 82.9339 0 0 0 0 32.4545 0 0 20.6529
0 40.3223 0 0 127 88 1 0 0 0 0 0 0 0 16 16 0 0 0 0 0 0 127 51 0;
egregore_data 0 0 127 0 0 127 0 0 0 0 0 0 0 0 0 127 38 0 127 0 0 0
0 0 0 0 0 0 0 100 0 0 127 127 78 0 93 90 106 127 19 127 11 73 0 0 70
0 0 0 108 127 34 1 53.2314 98.6033 82.9339 0 0 0 0 32.4545 0 0 20.6529
0 40.3223 0 0 127 88 1 0 0 0 0 0 0 0 16 16 0 0 0 0 0 0 127 51 0;
egregore_data 0 0 127 0 0 127 0 0 0 0 0 0 0 0 0 127 38 0 127 0 0 0
0 0 0 0 0 0 0 100 0 0 127 127 78 0 93 90 105 127 19 127 11 73 0 0 70
0 0 0 108 127 34 1 53.2314 98.6033 82.9339 0 0 0 0 32.4545 0 0 20.6529
0 40.3223 0 0 127 88 1 0 0 0 0 0 0 0 16 16 0 0 0 0 0 0 127 51 0;
egregore_data 0 0 127 0 0 127 0 0 0 0 0 0 0 0 0 127 38 0 127 0 0 0
0 0 0 0 0 0 0 100 0 0 127 127 78 0 93 90 105 127 19 127 11 73 0 0 70
0 0 0 108 127 34 1 53.2314 98.6033 82.9339 0 0 0 0 32.4545 0 0 20.6529
0 40.3223 0 0 127 88 1 0 0 0 0 0 0 0 16 16 0 0 0 0 0 0 127 51 0;
egregore_data 0 0 127 0 0 127 0 0 0 0 0 0 0 0 0 127 38 0 127 0 0 0
0 0 0 0 0 0 0 100 0 0 127 127 78 0 93 90 104 127 19 127 11 73 0 0 70
0 0 0 109 127 34 1 53.2314 98.6033 82.9339 0 0 0 0 32.4545 0 0 20.6529
0 40.3223 0 0 127 88 1 0 0 0 0 0 0 0 16 16 0 0 0 0 0 0 127 51 0;
egregore_data 0 0 127 0 0 127 0 0 0 0 0 0 0 0 0 127 38 0 127 0 0 0
0 0 0 0 0 0 0 100 0 0 127 127 78 0 93 90 104 127 19 127 11 73 0 0 70
0 0 0 109 127 34 1 53.2314 98.6033 82.9339 0 0 0 0 32.4545 0 0 20.6529
0 40.3223 0 0 127 88 1 0 0 0 0 0 0 0 16 16 0 0 0 0 0 0 127 51 0;
egregore_data 0 0 127 0 0 127 0 0 0 0 0 0 0 0 0 127 38 0 127 0 0 0
0 0 0 0 0 0 0 100 0 0 127 127 78 0 93 90 104 127 19 127 11 73 0 0 70
0 0 0 109 127 34 1 53.2314 98.6033 82.9339 0 0 0 0 32.4545 0 0 20.6529
0 40.3223 0 0 127 88 1 0 0 0 0 0 0 0 16 16 0 0 0 0 0 0 127 51 0;
egregore_data 0 0 127 0 0 127 0 0 0 0 0 0 0 0 0 127 38 0 127 0 0 0
0 0 0 0 0 0 0 100 0 0 127 127 78 0 93 90 103 127 19 127 11 73 0 0 70
0 0 0 109 127 34 1 53.2314 98.6033 82.9339 0 0 0 0 32.4545 0 0 20.6529
0 40.3223 0 0 127 88 1 0 0 0 0 0 0 0 16 16 0 0 0 0 0 0 127 51 0;
egregore_data 0 0 127 0 0 127 0 0 0 0 0 0 0 0 0 127 38 0 127 0 0 0
0 0 0 0 0 0 0 100 0 0 127 127 78 0 93 90 103 127 19 127 11 73 0 0 70
0 0 0 109 127 34 1 53.2314 98.6033 82.9339 0 0 0 0 32.4545 0 0 20.6529
0 40.3223 0 0 127 88 1 0 0 0 0 0 0 0 16 16 0 0 0 0 0 0 127 51 0;
egregore_data 0 0 127 0 0 127 0 0 0 0 0 0 0 0 0 127 38 0 127 0 0 0
0 0 0 0 0 0 0 100 0 0 127 127 78 0 93 90 103 127 19 127 11 73 0 0 70
0 0 0 109 127 34 1 53.2314 98.6033 82.9339 0 0 0 0 32.4545 0 0 20.6529
0 40.3223 0 0 127 88 1 0 0 0 0 0 0 0 16 16 0 0 0 0 0 0 127 51 0;
egregore_data 0 0 127 0 0 127 0 0 0 0 0 0 0 0 0 127 38 0 127 0 0 0
0 0 0 0 0 0 0 100 0 0 127 127 78 0 93 90 103 127 19 127 11 73 0 0 70
0 0 0 109 127 34 1 53.2314 98.6033 82.9339 0 0 0 0 32.4545 0 0 20.6529
0 40.3223 0 0 127 88 1 0 0 0 0 0 0 0 16 16 0 0 0 0 0 0 127 51 0;
egregore_data 0 0 127 0 0 127 0 0 0 0 0 0 0 0 0 127 38 0 127 0 0 0
0 0 0 0 0 0 0 100 0 0 127 127 78 0 93 90 102 127 19 127 11 73 0 0 70
0 0 0 109 127 34 1 53.2314 98.6033 82.9339 0 0 0 0 32.4545 0 0 20.6529
0 40.3223 0 0 127 88 1 0 0 0 0 0 0 0 16 16 0 0 0 0 0 0 127 51 0;
egregore_data 0 0 127 0 0 127 0 0 0 0 0 0 0 0 0 127 38 0 127 0 0 0
0 0 0 0 0 0 0 100 0 0 127 127 78 0 93 90 102 127 19 127 11 73 0 0 70
0 0 0 110 127 34 1 53.2314 98.6033 82.9339 0 0 0 0 32.4545 0 0 20.6529
0 40.3223 0 0 127 88 1 0 0 0 0 0 0 0 16 16 0 0 0 0 0 0 127 51 0;
egregore_data 0 0 127 0 0 127 0 0 0 0 0 0 0 0 0 127 38 0 127 0 0 0
0 0 0 0 0 0 0 100 0 0 127 127 78 0 93 90 102 127 19 127 11 73 0 0 70
0 0 0 110 127 34 1 53.2314 98.6033 82.9339 0 0 0 0 32.4545 0 0 20.6529
0 40.3223 0 0 127 88 1 0 0 0 0 0 0 0 16 16 0 0 0 0 0 0 127 51 0;
egregore_data 0 0 127 0 0 127 0 0 0 0 0 0 0 0 0 127 38 0 127 0 0 0
0 0 0 0 0 0 0 100 0 0 127 127 78 0 93 90 102 127 19 127 11 73 0 0 70
0 0 0 110 127 34 1 53.2314 98.6033 82.9339 0 0 0 0 32.4545 0 0 20.6529
0 40.3223 0 0 127 88 1 0 0 0 0 0 0 0 16 16 0 0 0 0 0 0 127 51 0;
egregore_data 0 0 127 0 0 127 0 0 0 0 0 0 0 0 0 127 38 0 127 0 0 0
0 0 0 0 0 0 0 100 0 0 127 127 78 0 93 90 102 127 19 127 11 73 0 0 70
0 0 0 110 127 34 1 53.2314 98.6033 82.9339 0 0 0 0 32.4545 0 0 20.6529
0 40.3223 0 0 127 88 1 0 0 0 0 0 0 0 16 16 0 0 0 0 0 0 127 51 0;
egregore_data 0 0 127 0 0 127 0 0 0 0 0 0 0 0 0 127 38 0 127 0 0 0
0 0 0 0 0 0 0 100 0 0 127 127 78 0 93 90 100 127 19 127 11 73 0 0 70
0 0 0 110 127 34 1 53.2314 98.6033 82.9339 0 0 0 0 32.4545 0 0 20.6529
0 40.3223 0 0 127 88 1 0 0 0 0 0 0 0 16 16 0 0 0 0 0 0 127 51 0;
egregore_data 0 0 127 0 0 127 0 0 0 0 0 0 0 0 0 127 38 0 127 0 0 0
0 0 0 0 0 0 0 100 0 0 127 127 78 0 93 90 100 127 19 127 11 73 0 0 70
0 0 0 111 127 34 1 53.2314 98.6033 82.9339 0 0 0 0 32.4545 0 0 20.6529
0 40.3223 0 0 127 88 1 0 0 0 0 0 0 0 16 16 0 0 0 0 0 0 127 51 0;
egregore_data 0 0 127 0 0 127 0 0 0 0 0 0 0 0 0 127 38 0 127 0 0 0
0 0 0 0 0 0 0 100 0 0 127 127 78 0 93 90 100 127 19 127 11 73 0 0 70
0 0 0 111 127 34 1 53.2314 98.6033 82.9339 0 0 0 0 32.4545 0 0 20.6529
0 40.3223 0 0 127 88 1 0 0 0 0 0 0 0 16 16 0 0 0 0 0 0 127 51 0;
egregore_data 0 0 127 0 0 127 0 0 0 0 0 0 0 0 0 127 38 0 127 0 0 0
0 0 0 0 0 0 0 100 0 0 127 127 78 0 93 90 100 127 19 127 11 73 0 0 70
0 0 0 111 127 34 1 53.2314 98.6033 82.9339 0 0 0 0 32.4545 0 0 20.6529
0 40.3223 0 0 127 88 1 0 0 0 0 0 0 0 16 16 0 0 0 0 0 0 127 51 0;
egregore_data 0 0 127 0 0 127 0 0 0 0 0 0 0 0 0 127 38 0 127 0 0 0
0 0 0 0 0 0 0 100 0 0 127 127 78 0 93 90 100 127 19 127 11 73 0 0 70
0 0 0 111 127 34 1 53.2314 98.6033 82.9339 0 0 0 0 32.4545 0 0 20.6529
0 40.3223 0 0 127 88 1 0 0 0 0 0 0 0 16 16 0 0 0 0 0 0 127 51 0;
egregore_data 0 0 127 0 0 127 0 0 0 0 0 0 0 0 0 127 38 0 127 0 0 0
0 0 0 0 0 0 0 100 0 0 127 127 78 0 93 90 99 127 19 127 11 73 0 0 70
0 0 0 111 127 34 1 53.2314 98.6033 82.9339 0 0 0 0 32.4545 0 0 20.6529
0 40.3223 0 0 127 88 1 0 0 0 0 0 0 0 16 16 0 0 0 0 0 0 127 51 0;
egregore_data 0 0 127 0 0 127 0 0 0 0 0 0 0 0 0 127 38 0 127 0 0 0
0 0 0 0 0 0 0 100 0 0 127 127 78 0 93 90 99 127 19 127 11 73 0 0 70
0 0 0 111 127 34 1 53.2314 98.6033 82.9339 0 0 0 0 32.4545 0 0 20.6529
0 40.3223 0 0 127 88 1 0 0 0 0 0 0 0 16 16 0 0 0 0 0 0 127 51 0;
END;
