HTTP/1.1 200 OK
Date: Thu, 28 May 2015 12:24:33 GMT
Server: Apache
Last-Modified: Wed, 27 May 2015 19:11:12 GMT
Accept-Ranges: bytes
Content-Length: 25389
Vary: Accept-Encoding
Connection: close
Content-Type: text/plain

chdh_egregore_live_data;
egregore_data 0 0 127 0 0 127 0 0 0 0 0 0 0 0 0 127 38 0 0 0 0 0 0
43.5522 9.36024 2.17519 0 0 0 127 0 0 125.128 127 78 1 0 0 127 0 0
30 127 0 0 0 70 0 0 0 0 127 34 0 53 99 83 0 0 0 0 32 0 0 21 0 40 0
0 127 88 0 0 0 0 0 0 0 0 16 16 0 0 0 0 0 0 127 51 0;
egregore_data 0 0 127 0 0 127 0 0 0 0 0 0 0 0 0 127 38 0 0 0 0 0 0
43.435 9.19291 2.74412 0 0 0 127 0 0 125.161 127 78 1 0 0 127 0 0 30
127 0 0 0 70 0 0 0 0 127 34 0 53 99 83 0 0 0 0 32 0 0 21 0 40 0 0 127
88 0 0 0 0 0 0 0 0 16 16 0 0 0 0 0 0 127 51 0;
egregore_data 0 0 127 0 0 127 0 0 0 0 0 0 0 0 0 127 38 0 0 0 0 0 0
43.2008 8.85826 3.88191 0 0 0 127 0 0 125.228 127 78 1 0 0 127 0 0
30 127 0 0 0 70 0 0 0 0 127 34 0 53 99 83 0 0 0 0 32 0 0 21 0 40 0
0 127 88 0 0 0 0 0 0 0 0 16 16 0 0 0 0 0 0 127 51 0;
egregore_data 0 0 127 0 0 127 0 0 0 0 0 0 0 0 0 127 38 0 0 0 0 0 0
43.2008 8.85826 3.88191 0 0 0 127 0 0 125.228 127 78 1 0 0 127 0 0
30 127 0 0 0 70 0 0 0 0 127 34 0 53 99 83 0 0 0 0 32 0 0 21 0 40 0
0 127 88 0 0 0 0 0 0 0 0 16 16 0 0 0 0 0 0 127 51 0;
egregore_data 0 0 127 0 0 127 0 0 0 0 0 0 0 0 0 127 38 0 0 0 0 0 0
43.0837 8.69094 4.45081 0 0 0 127 0 0 125.262 127 78 1 0 0 127 0 0
30 127 0 0 0 70 0 0 0 0 127 34 0 53 99 83 0 0 0 0 32 0 0 21 0 40 0
0 127 88 0 0 0 0 0 0 0 0 16 16 0 0 0 0 0 0 127 51 0;
egregore_data 0 0 127 0 0 127 0 0 0 0 0 0 0 0 0 127 38 0 0 0 0 0 0
43.0837 8.69094 4.45081 0 0 0 127 0 0 125.262 127 78 1 0 0 127 0 0
30 127 0 0 0 70 0 0 0 0 127 34 0 53 99 83 0 0 0 0 32 0 0 21 0 40 0
0 127 88 0 0 0 0 0 0 0 0 16 16 0 0 0 0 0 0 127 51 0;
egregore_data 0 0 127 0 0 127 0 0 0 0 0 0 0 0 0 127 38 0 0 0 0 0 0
42.9665 8.52362 5.0197 0 0 0 127 0 0 125.295 127 78 1 0 0 127 0 0 30
127 0 0 0 70 0 0 0 0 127 34 0 53 99 83 0 0 0 0 32 0 0 21 0 40 0 0 127
88 0 0 0 0 0 0 0 0 16 16 0 0 0 0 0 0 127 51 0;
egregore_data 0 0 127 0 0 127 0 0 0 0 0 0 0 0 0 127 38 0 0 0 0 0 0
42.9665 8.52362 5.0197 0 0 0 127 0 0 125.295 127 78 1 0 0 127 0 0 30
127 0 0 0 70 0 0 0 0 127 34 0 53 99 83 0 0 0 0 32 0 0 21 0 40 0 0 127
88 0 0 0 0 0 0 0 0 16 16 0 0 0 0 0 0 127 51 0;
egregore_data 0 0 127 0 0 127 0 0 0 0 0 0 0 0 0 127 38 0 0 0 0 0 0
42.9665 8.52362 5.0197 0 0 0 127 0 0 125.295 127 78 1 0 0 127 0 0 30
127 0 0 0 70 0 0 0 0 127 34 0 53 99 83 0 0 0 0 32 0 0 21 0 40 0 0 127
88 0 0 0 0 0 0 0 0 16 16 0 0 0 0 0 0 127 51 0;
egregore_data 0 0 127 0 0 127 0 0 0 0 0 0 0 0 0 127 38 0 0 0 0 0 0
42.8494 8.35629 5.5886 0 0 0 127 0 0 125.329 127 78 1 0 0 127 0 0 30
127 0 0 0 70 0 0 0 0 127 34 0 53 99 83 0 0 0 0 32 0 0 21 0 40 0 0 127
88 0 0 0 0 0 0 0 0 16 16 0 0 0 0 0 0 127 51 0;
egregore_data 0 0 127 0 0 127 0 0 0 0 0 0 0 0 0 127 38 0 0 0 0 0 0
42.8494 8.35629 5.5886 0 0 0 127 0 0 125.329 127 78 1 0 0 127 0 0 30
127 0 0 0 70 0 0 0 0 127 34 0 53 99 83 0 0 0 0 32 0 0 21 0 40 0 0 127
88 0 0 0 0 0 0 0 0 16 16 0 0 0 0 0 0 127 51 0;
egregore_data 0 0 127 0 0 127 0 0 0 0 0 0 0 0 0 127 38 0 0 0 0 0 0
42.8494 8.35629 5.5886 0 0 0 127 0 0 125.329 127 78 1 0 0 127 0 0 30
127 0 0 0 70 0 0 0 0 127 34 0 53 99 83 0 0 0 0 32 0 0 21 0 40 0 0 127
88 0 0 0 0 0 0 0 0 16 16 0 0 0 0 0 0 127 51 0;
egregore_data 0 0 127 0 0 127 0 0 0 0 0 0 0 0 0 127 38 0 0 0 0 0 0
42.7323 8.18897 6.15749 0 0 0 127 0 0 125.362 127 78 1 0 0 127 0 0
30 127 0 0 0 70 0 0 0 0 127 34 0 53 99 83 0 0 0 0 32 0 0 21 0 40 0
0 127 88 0 0 0 0 0 0 0 0 16 16 0 0 0 0 0 0 127 51 0;
egregore_data 0 0 127 0 0 127 0 0 0 0 0 0 0 0 0 127 38 0 0 0 0 0 0
42.7323 8.18897 6.15749 0 0 0 127 0 0 125.362 127 78 1 0 0 127 0 0
30 127 0 0 0 70 0 0 0 0 127 34 0 53 99 83 0 0 0 0 32 0 0 21 0 40 0
0 127 88 0 0 0 0 0 0 0 0 16 16 0 0 0 0 0 0 127 51 0;
egregore_data 0 0 127 0 0 127 0 0 0 0 0 0 0 0 0 127 38 0 0 0 0 0 0
42.7323 8.18897 6.15749 0 0 0 127 0 0 125.362 127 78 1 0 0 127 0 0
30 127 0 0 0 70 0 0 0 0 127 34 0 53 99 83 0 0 0 0 32 0 0 21 0 40 0
0 127 88 0 0 0 0 0 0 0 0 16 16 0 0 0 0 0 0 127 51 0;
egregore_data 0 0 127 0 0 127 0 0 0 0 0 0 0 0 0 127 38 0 0 0 0 0 0
42.7323 8.18897 6.15749 0 0 0 127 0 0 125.362 127 78 1 0 0 127 0 0
30 127 0 0 0 70 0 0 0 0 127 34 0 53 99 83 0 0 0 0 32 0 0 21 0 40 0
0 127 88 0 0 0 0 0 0 0 0 16 16 0 0 0 0 0 0 127 51 0;
egregore_data 0 0 127 0 0 127 0 0 0 0 0 0 0 0 0 127 38 0 0 0 0 0 0
42.7323 8.18897 6.15749 0 0 0 127 0 0 125.362 127 78 1 0 0 127 0 0
30 127 0 0 0 70 0 0 0 0 127 34 0 53 99 83 0 0 0 0 32 0 0 21 0 40 0
0 127 88 0 0 0 0 0 0 0 0 16 16 0 0 0 0 0 0 127 51 0;
egregore_data 0 0 127 0 0 127 0 0 0 0 0 0 0 0 0 127 38 0 0 0 0 0 0
42.7323 8.18897 6.15749 0 0 0 127 0 0 125.362 127 78 1 0 0 127 0 0
30 127 0 0 0 70 0 0 0 0 127 34 0 53 99 83 0 0 0 0 32 0 0 21 0 40 0
0 127 88 0 0 0 0 0 0 0 0 16 16 0 0 0 0 0 0 127 51 0;
egregore_data 0 0 127 0 0 127 0 0 0 0 0 0 0 0 0 127 38 0 0 0 0 0 0
42.6152 8.02165 6.72639 0 0 0 127 0 0 125.396 127 78 1 0 0 127 0 0
30 127 0 0 0 70 0 0 0 0 127 34 0 53 99 83 0 0 0 0 32 0 0 21 0 40 0
0 127 88 0 0 0 0 0 0 0 0 16 16 0 0 0 0 0 0 127 51 0;
egregore_data 0 0 127 0 0 127 0 0 0 0 0 0 0 0 0 127 38 0 0 0 0 0 0
42.3809 7.68701 7.86418 0 0 0 127 0 0 125.463 127 78 1 0 0 127 0 0
30 127 0 0 0 70 0 0 0 0 127 34 0 53 99 83 0 0 0 0 32 0 0 21 0 40 0
0 127 88 0 0 0 0 0 0 0 0 16 16 0 0 0 0 0 0 127 51 0;
egregore_data 0 0 127 0 0 127 0 0 0 0 0 0 0 0 0 127 38 0 0 0 0 0 0
42.3809 7.68701 7.86418 0 0 0 127 0 0 125.463 127 78 1 0 0 127 0 0
30 127 0 0 0 70 0 0 0 0 127 34 0 53 99 83 0 0 0 0 32 0 0 21 0 40 0
0 127 88 0 0 0 0 0 0 0 0 16 16 0 0 0 0 0 0 127 51 0;
egregore_data 0 0 127 0 0 127 0 0 0 0 0 0 0 0 0 127 38 0 0 0 0 0 0
42.3809 7.68701 7.86418 0 0 0 127 0 0 125.463 127 78 1 0 0 127 0 0
30 127 0 0 0 70 0 0 0 0 127 34 0 53 99 83 0 0 0 0 32 0 0 21 0 40 0
0 127 88 0 0 0 0 0 0 0 0 16 16 0 0 0 0 0 0 127 51 0;
egregore_data 0 0 127 0 0 127 0 0 0 0 0 0 0 0 0 127 38 0 0 0 0 0 0
42.3809 7.68701 7.86418 0 0 0 127 0 0 125.463 127 78 1 0 0 127 0 0
30 127 0 0 0 70 0 0 0 0 127 34 0 53 99 83 0 0 0 0 32 0 0 21 0 40 0
0 127 88 0 0 0 0 0 0 0 0 16 16 0 0 0 0 0 0 127 51 0;
egregore_data 0 0 127 0 0 127 0 0 0 0 0 0 0 0 0 127 38 0 0 0 0 0 0
42.3809 7.68701 7.86418 0 0 0 127 0 0 125.463 127 78 1 0 0 127 0 0
30 127 0 0 0 70 0 0 0 0 127 34 0 53 99 83 0 0 0 0 32 0 0 21 0 40 0
0 127 88 0 0 0 0 0 0 0 0 16 16 0 0 0 0 0 0 127 51 0;
egregore_data 0 0 127 0 0 127 0 0 0 0 0 0 0 0 0 127 38 0 0 0 0 0 0
42.3809 7.68701 7.86418 0 0 0 127 0 0 125.463 127 78 1 0 0 127 0 0
30 127 0 0 0 70 0 0 0 0 127 34 0 53 99 83 0 0 0 0 32 0 0 21 0 40 0
0 127 88 0 0 0 0 0 0 0 0 16 16 0 0 0 0 0 0 127 51 0;
egregore_data 0 0 127 0 0 127 0 0 0 0 0 0 0 0 0 127 38 0 0 0 0 0 0
42.3809 7.68701 7.86418 0 0 0 127 0 0 125.463 127 78 1 0 0 127 0 0
30 127 0 0 0 70 0 0 0 0 127 34 0 53 99 83 0 0 0 0 32 0 0 21 0 40 0
0 127 88 0 0 0 0 0 0 0 0 16 16 0 0 0 0 0 0 127 51 0;
egregore_data 0 0 127 0 0 127 0 0 0 0 0 0 0 0 0 127 38 0 0 0 0 0 0
42.2638 7.51968 8.43307 0 0 0 127 0 0 125.496 127 78 1 0 0 127 0 0
30 127 0 0 0 70 0 0 0 0 127 34 0 53 99 83 0 0 0 0 32 0 0 21 0 40 0
0 127 88 0 0 0 0 0 0 0 0 16 16 0 0 0 0 0 0 127 51 0;
egregore_data 0 0 127 0 0 127 0 0 0 0 0 0 0 0 0 127 38 0 0 0 0 0 0
42.2638 7.51968 8.43307 0 0 0 127 0 0 125.496 127 78 1 0 0 127 0 0
30 127 0 0 0 70 0 0 0 0 127 34 0 53 99 83 0 0 0 0 32 0 0 21 0 40 0
0 127 88 0 0 0 0 0 0 0 0 16 16 0 0 0 0 0 0 127 51 0;
egregore_data 0 0 127 0 0 127 0 0 0 0 0 0 0 0 0 127 38 0 0 0 0 0 0
42.2638 7.51968 8.43307 0 0 0 127 0 0 125.496 127 78 1 0 0 127 0 0
30 127 0 0 0 70 0 0 0 0 127 34 0 53 99 83 0 0 0 0 32 0 0 21 0 40 0
0 127 88 0 0 0 0 0 0 0 0 16 16 0 0 0 0 0 0 127 51 0;
egregore_data 0 0 127 0 0 127 0 0 0 0 0 0 0 0 0 127 38 0 0 0 0 0 0
42.2638 7.51968 8.43307 0 0 0 127 0 0 125.496 127 78 1 0 0 127 0 0
30 127 0 0 0 70 0 0 0 0 127 34 0 53 99 83 0 0 0 0 32 0 0 21 0 40 0
0 127 88 0 0 0 0 0 0 0 0 16 16 0 0 0 0 0 0 127 51 0;
egregore_data 0 0 127 0 0 127 0 0 0 0 0 0 0 0 0 127 38 0 0 0 0 0 0
42.2638 7.51968 8.43307 0 0 0 127 0 0 125.496 127 78 1 0 0 127 0 0
30 127 0 0 0 70 0 0 0 0 127 34 0 53 99 83 0 0 0 0 32 0 0 21 0 40 0
0 127 88 0 0 0 0 0 0 0 0 16 16 0 0 0 0 0 0 127 51 0;
egregore_data 0 0 127 0 0 127 0 0 0 0 0 0 0 0 0 127 38 0 0 0 0 0 0
42.2638 7.51968 8.43307 0 0 0 127 0 0 125.496 127 78 1 0 0 127 0 0
30 127 0 0 0 70 0 0 0 0 127 34 0 53 99 83 0 0 0 0 32 0 0 21 0 40 0
0 127 88 0 0 0 0 0 0 0 0 16 16 0 0 0 0 0 0 127 51 0;
egregore_data 0 0 127 0 0 127 0 0 0 0 0 0 0 0 0 127 38 0 0 0 0 0 0
42.2638 7.51968 8.43307 0 0 0 127 0 0 125.496 127 78 1 0 0 127 0 0
30 127 0 0 0 70 0 0 0 0 127 34 0 53 99 83 0 0 0 0 32 0 0 21 0 40 0
0 127 88 0 0 0 0 0 0 0 0 16 16 0 0 0 0 0 0 127 51 0;
egregore_data 0 0 127 0 0 127 0 0 0 0 0 0 0 0 0 127 38 0 0 0 0 0 0
42.2638 7.51968 8.43307 0 0 0 127 0 0 125.496 127 78 1 0 0 127 0 0
30 127 0 0 0 70 0 0 0 0 127 34 0 53 99 83 0 0 0 0 32 0 0 21 0 40 0
0 127 88 0 0 0 0 0 0 0 0 16 16 0 0 0 0 0 0 127 51 0;
egregore_data 0 0 127 0 0 127 0 0 0 0 0 0 0 0 0 127 38 0 0 0 0 0 0
42.2638 7.51968 8.43307 0 0 0 127 0 0 125.496 127 78 1 0 0 127 0 0
30 127 0 0 0 70 0 0 0 0 127 34 0 53 99 83 0 0 0 0 32 0 0 21 0 40 0
0 127 88 0 0 0 0 0 0 0 0 16 16 0 0 0 0 0 0 127 51 0;
egregore_data 0 0 127 0 0 127 0 0 0 0 0 0 0 0 0 127 38 0 0 0 0 0 0
42.2638 7.51968 8.43307 0 0 0 127 0 0 125.496 127 78 1 0 0 127 0 0
30 127 0 0 0 70 0 0 0 0 127 34 0 53 99 83 0 0 0 0 32 0 0 21 0 40 0
0 127 88 0 0 0 0 0 0 0 0 16 16 0 0 0 0 0 0 127 51 0;
egregore_data 0 0 127 0 0 127 0 0 0 0 0 0 0 0 0 127 38 0 0 0 0 0 0
42.2638 7.51968 8.43307 0 0 0 127 0 0 125.496 127 78 1 0 0 127 0 0
30 127 0 0 0 70 0 0 0 0 127 34 0 53 99 83 0 0 0 0 32 0 0 21 0 40 0
0 127 88 0 0 0 0 0 0 0 0 16 16 0 0 0 0 0 0 127 51 0;
egregore_data 0 0 127 0 0 127 0 0 0 0 0 0 0 0 0 127 38 0 0 0 0 0 0
42.2638 7.51968 8.43307 0 0 0 127 0 0 125.496 127 78 1 0 0 127 0 0
30 127 0 0 0 70 0 0 0 0 127 34 0 53 99 83 0 0 0 0 32 0 0 21 0 40 0
0 127 88 0 0 0 0 0 0 0 0 16 16 0 0 0 0 0 0 127 51 0;
egregore_data 0 0 127 0 0 127 0 0 0 0 0 0 0 0 0 127 38 0 0 0 0 0 0
42.2638 7.51968 8.43307 0 0 0 127 0 0 125.496 127 78 1 0 0 127 0 0
30 127 0 0 0 70 0 0 0 0 127 34 0 53 99 83 0 0 0 0 32 0 0 21 0 40 0
0 127 88 0 0 0 0 0 0 0 0 16 16 0 0 0 0 0 0 127 51 0;
egregore_data 0 0 127 0 0 127 0 0 0 0 0 0 0 0 0 127 38 0 0 0 0 0 0
42.2638 7.51968 8.43307 0 0 0 127 0 0 125.496 127 78 1 0 0 127 0 0
30 127 0 0 0 70 0 0 0 0 127 34 0 53 99 83 0 0 0 0 32 0 0 21 0 40 0
0 127 88 0 0 0 0 0 0 0 0 16 16 0 0 0 0 0 0 127 51 0;
egregore_data 0 0 127 0 0 127 0 0 0 0 0 0 0 0 0 127 38 0 0 0 0 0 0
42.2638 7.51968 8.43307 0 0 0 127 0 0 125.496 127 78 1 0 0 127 0 0
30 127 0 0 0 70 0 0 0 0 127 34 0 53 99 83 0 0 0 0 32 0 0 21 0 40 0
0 127 88 0 0 0 0 0 0 0 0 16 16 0 0 0 0 0 0 127 51 0;
egregore_data 0 0 127 0 0 127 0 0 0 0 0 0 0 0 0 127 38 0 0 0 0 0 0
42.2638 7.51968 8.43307 0 0 0 127 0 0 125.496 127 78 1 0 0 127 0 0
30 127 0 0 0 70 0 0 0 0 127 34 0 53 99 83 0 0 0 0 32 0 0 21 0 40 0
0 127 88 0 0 0 0 0 0 0 0 16 16 0 0 0 0 0 0 127 51 0;
egregore_data 0 0 127 0 0 127 0 0 0 0 0 0 0 0 0 127 38 0 0 0 0 0 0
42.2638 7.51968 8.43307 0 0 0 127 0 0 125.496 127 78 1 0 0 127 0 0
30 127 0 0 0 70 0 0 0 0 127 34 0 53 99 83 0 0 0 0 32 0 0 21 0 40 0
0 127 88 0 0 0 0 0 0 0 0 16 16 0 0 0 0 0 0 127 51 0;
egregore_data 0 0 127 0 0 127 0 0 0 0 0 0 0 0 0 127 38 0 0 0 0 0 0
42.2638 7.51968 8.43307 0 0 0 127 0 0 125.496 127 78 1 0 0 127 0 0
30 127 0 0 0 70 0 0 0 0 127 34 0 53 99 83 0 0 0 0 32 0 0 21 0 40 0
0 127 88 0 0 0 0 0 0 0 0 16 16 0 0 0 0 0 0 127 51 0;
egregore_data 0 0 127 0 0 127 0 0 0 0 0 0 0 0 0 127 38 0 0 0 0 0 0
42.2638 7.51968 8.43307 0 0 0 127 0 0 125.496 127 78 1 0 0 127 0 0
30 127 0 0 0 70 0 0 0 0 127 34 0 53 99 83 0 0 0 0 32 0 0 21 0 40 0
0 127 88 0 0 0 0 0 0 0 0 16 16 0 0 0 0 0 0 127 51 0;
egregore_data 0 0 127 0 0 127 0 0 0 0 0 0 0 0 0 127 38 0 0 0 0 0 0
42.2638 7.51968 8.43307 0 0 0 127 0 0 125.496 127 78 1 0 0 127 0 0
30 127 0 0 0 70 0 0 0 0 127 34 0 53 99 83 0 0 0 0 32 0 0 21 0 40 0
0 127 88 0 0 0 0 0 0 0 0 16 16 0 0 0 0 0 0 127 51 0;
egregore_data 0 0 127 0 0 127 0 0 0 0 0 0 0 0 0 127 38 0 0 0 0 0 0
42.2638 7.51968 8.43307 0 0 0 127 0 0 125.496 127 78 1 0 0 127 0 0
30 127 0 0 0 70 0 0 0 0 127 34 0 53 99 83 0 0 0 0 32 0 0 21 0 40 0
0 127 88 0 0 0 0 0 0 0 0 16 16 0 0 0 0 0 0 127 51 0;
egregore_data 0 0 127 0 0 127 0 0 0 0 0 0 0 0 0 127 38 0 0 0 0 0 0
42.2638 7.51968 8.43307 0 0 0 127 0 0 125.496 127 78 1 0 0 127 0 0
30 127 0 0 0 70 0 0 0 0 127 34 0 53 99 83 0 0 0 0 32 0 0 21 0 40 0
0 127 88 0 0 0 0 0 0 0 0 16 16 0 0 0 0 0 0 127 51 0;
egregore_data 0 0 127 0 0 127 0 0 0 0 0 0 0 0 0 127 38 0 0 0 0 0 0
42.2638 7.51968 8.43307 0 0 0 127 0 0 125.496 127 78 1 0 0 127 0 0
30 127 0 0 0 70 0 0 0 0 127 34 0 53 99 83 0 0 0 0 32 0 0 21 0 40 0
0 127 88 0 0 0 0 0 0 0 0 16 16 0 0 0 0 0 0 127 51 0;
egregore_data 0 0 127 0 0 127 0 0 0 0 0 0 0 0 0 127 38 0 0 0 0 0 0
42.2638 7.51968 8.43307 0 0 0 127 0 0 125.496 127 78 1 0 0 127 0 0
30 127 0 0 0 70 0 0 0 0 127 34 0 53 99 83 0 0 0 0 32 0 0 21 0 40 0
0 127 88 0 0 0 0 0 0 0 0 16 16 0 0 0 0 0 0 127 51 0;
egregore_data 0 0 127 0 0 127 0 0 0 0 0 0 0 0 0 127 38 0 0 0 0 0 0
42.1467 7.35236 9.00197 0 0 0 127 0 0 125.53 127 78 1 0 0 127 0 0 30
127 0 0 0 70 0 0 0 0 127 34 0 53 99 83 0 0 0 0 32 0 0 21 0 40 0 0 127
88 0 0 0 0 0 0 0 0 16 16 0 0 0 0 0 0 127 51 0;
egregore_data 0 0 127 0 0 127 0 0 0 0 0 0 0 0 0 127 38 0 0 0 0 0 0
42.1467 7.35236 9.00197 0 0 0 127 0 0 125.53 127 78 1 0 0 127 0 0 30
127 0 0 0 70 0 0 0 0 127 34 0 53 99 83 0 0 0 0 32 0 0 21 0 40 0 0 127
88 0 0 0 0 0 0 0 0 16 16 0 0 0 0 0 0 127 51 0;
egregore_data 0 0 127 0 0 127 0 0 0 0 0 0 0 0 0 127 38 0 0 0 0 0 0
42.1467 7.35236 9.00197 0 0 0 127 0 0 125.53 127 78 1 0 0 127 0 0 30
127 0 0 0 70 0 0 0 0 127 34 0 53 99 83 0 0 0 0 32 0 0 21 0 40 0 0 127
88 0 0 0 0 0 0 0 0 16 16 0 0 0 0 0 0 127 51 0;
egregore_data 0 0 127 0 0 127 0 0 0 0 0 0 0 0 0 127 38 0 0 0 0 0 0
42.0295 7.18504 9.57087 0 0 0 127 0 0 125.563 127 78 1 0 0 127 0 0
30 127 0 0 0 70 0 0 0 0 127 34 0 53 99 83 0 0 0 0 32 0 0 21 0 40 0
0 127 88 0 0 0 0 0 0 0 0 16 16 0 0 0 0 0 0 127 51 0;
egregore_data 0 0 127 0 0 127 0 0 0 0 0 0 0 0 0 127 38 0 0 0 0 0 0
42.0295 7.18504 9.57087 0 0 0 127 0 0 125.563 127 78 1 0 0 127 0 0
30 127 0 0 0 70 0 0 0 0 127 34 0 53 99 83 0 0 0 0 32 0 0 21 0 40 0
0 127 88 0 0 0 0 0 0 0 0 16 16 0 0 0 0 0 0 127 51 0;
egregore_data 0 0 127 0 0 127 0 0 0 0 0 0 0 0 0 127 38 0 0 0 0 0 0
42.0295 7.18504 9.57087 0 0 0 127 0 0 125.563 127 78 1 0 0 127 0 0
30 127 0 0 0 70 0 0 0 0 127 34 0 53 99 83 0 0 0 0 32 0 0 21 0 40 0
0 127 88 0 0 0 0 0 0 0 0 16 16 0 0 0 0 0 0 127 51 0;
egregore_data 0 0 127 0 0 127 0 0 0 0 0 0 0 0 0 127 38 0 0 0 0 0 0
42.0295 7.18504 9.57087 0 0 0 127 0 0 125.563 127 78 1 0 0 127 0 0
30 127 0 0 0 70 0 0 0 0 127 34 0 53 99 83 0 0 0 0 32 0 0 21 0 40 0
0 127 88 0 0 0 0 0 0 0 0 16 16 0 0 0 0 0 0 127 51 0;
egregore_data 0 0 127 0 0 127 0 0 0 0 0 0 0 0 0 127 38 0 0 0 0 0 0
42.0295 7.18504 9.57087 0 0 0 127 0 0 125.563 127 78 1 0 0 127 0 0
30 127 0 0 0 70 0 0 0 0 127 34 0 53 99 83 0 0 0 0 32 0 0 21 0 40 0
0 127 88 0 0 0 0 0 0 0 0 16 16 0 0 0 0 0 0 127 51 0;
egregore_data 0 0 127 0 0 127 0 0 0 0 0 0 0 0 0 127 38 0 0 0 0 0 0
41.9124 7.01772 10.1398 0 0 0 127 0 0 125.596 127 78 1 0 0 127 0 0
30 127 0 0 0 70 0 0 0 0 127 34 0 53 99 83 0 0 0 0 32 0 0 21 0 40 0
0 127 88 0 0 0 0 0 0 0 0 16 16 0 0 0 0 0 0 127 51 0;
egregore_data 0 0 127 0 0 127 0 0 0 0 0 0 0 0 0 127 38 0 0 0 0 0 0
41.9124 7.01772 10.1398 0 0 0 127 0 0 125.596 127 78 1 0 0 127 0 0
30 127 0 0 0 70 0 0 0 0 127 34 0 53 99 83 0 0 0 0 32 0 0 21 0 40 0
0 127 88 0 0 0 0 0 0 0 0 16 16 0 0 0 0 0 0 127 51 0;
egregore_data 0 0 127 0 0 127 0 0 0 0 0 0 0 0 0 127 38 0 0 0 0 0 0
41.9124 7.01772 10.1398 0 0 0 127 0 0 125.596 127 78 1 0 0 127 0 0
30 127 0 0 0 70 0 0 0 0 127 34 0 53 99 83 0 0 0 0 32 0 0 21 0 40 0
0 127 88 0 0 0 0 0 0 0 0 16 16 0 0 0 0 0 0 127 51 0;
egregore_data 0 0 127 0 0 127 0 0 0 0 0 0 0 0 0 127 38 0 0 0 0 0 0
41.9124 7.01772 10.1398 0 0 0 127 0 0 125.596 127 78 1 0 0 127 0 0
30 127 0 0 0 70 0 0 0 0 127 34 0 53 99 83 0 0 0 0 32 0 0 21 0 40 0
0 127 88 0 0 0 0 0 0 0 0 16 16 0 0 0 0 0 0 127 51 0;
egregore_data 0 0 127 0 0 127 0 0 0 0 0 0 0 0 0 127 38 0 0 0 0 0 0
41.6782 6.68307 11.2776 0 0 0 127 0 0 125.663 127 78 1 0 0 127 0 0
30 127 0 0 0 70 0 0 0 0 127 34 0 53 99 83 0 0 0 0 32 0 0 21 0 40 0
0 127 88 0 0 0 0 0 0 0 0 16 16 0 0 0 0 0 0 127 51 0;
egregore_data 0 0 127 0 0 127 0 0 0 0 0 0 0 0 0 127 38 0 0 0 0 0 0
41.6782 6.68307 11.2776 0 0 0 127 0 0 125.663 127 78 1 0 0 127 0 0
30 127 0 0 0 70 0 0 0 0 127 34 0 53 99 83 0 0 0 0 32 0 0 21 0 40 0
0 127 88 0 0 0 0 0 0 0 0 16 16 0 0 0 0 0 0 127 51 0;
egregore_data 0 0 127 0 0 127 0 0 0 0 0 0 0 0 0 127 38 0 0 0 0 0 0
41.6782 6.68307 11.2776 0 0 0 127 0 0 125.663 127 78 1 0 0 127 0 0
30 127 0 0 0 70 0 0 0 0 127 34 0 53 99 83 0 0 0 0 32 0 0 21 0 40 0
0 127 88 0 0 0 0 0 0 0 0 16 16 0 0 0 0 0 0 127 51 0;
egregore_data 0 0 127 0 0 127 0 0 0 0 0 0 0 0 0 127 38 0 0 0 0 0 0
41.6782 6.68307 11.2776 0 0 0 127 0 0 125.663 127 78 1 0 0 127 0 0
30 127 0 0 0 70 0 0 0 0 127 34 0 53 99 83 0 0 0 0 32 0 0 21 0 40 0
0 127 88 0 0 0 0 0 0 0 0 16 16 0 0 0 0 0 0 127 51 0;
egregore_data 0 0 127 0 0 127 0 0 0 0 0 0 0 0 0 127 38 0 0 0 0 0 0
41.561 6.51575 11.8464 0 0 0 127 0 0 125.697 127 78 1 0 0 127 0 0 30
127 0 0 0 70 0 0 0 0 127 34 0 53 99 83 0 0 0 0 32 0 0 21 0 40 0 0 127
88 0 0 0 0 0 0 0 0 16 16 0 0 0 0 0 0 127 51 0;
egregore_data 0 0 127 0 0 127 0 0 0 0 0 0 0 0 0 127 38 0 0 0 0 0 0
41.561 6.51575 11.8464 0 0 0 127 0 0 125.697 127 78 1 0 0 127 0 0 30
127 0 0 0 70 0 0 0 0 127 34 0 53 99 83 0 0 0 0 32 0 0 21 0 40 0 0 127
88 0 0 0 0 0 0 0 0 16 16 0 0 0 0 0 0 127 51 0;
egregore_data 0 0 127 0 0 127 0 0 0 0 0 0 0 0 0 127 38 0 0 0 0 0 0
41.561 6.51575 11.8464 0 0 0 127 0 0 125.697 127 78 1 0 0 127 0 0 30
127 0 0 0 70 0 0 0 0 127 34 0 53 99 83 0 0 0 0 32 0 0 21 0 40 0 0 127
88 0 0 0 0 0 0 0 0 16 16 0 0 0 0 0 0 127 51 0;
egregore_data 0 0 127 0 0 127 0 0 0 0 0 0 0 0 0 127 38 0 0 0 0 0 0
41.561 6.51575 11.8464 0 0 0 127 0 0 125.697 127 78 1 0 0 127 0 0 30
127 0 0 0 70 0 0 0 0 127 34 0 53 99 83 0 0 0 0 32 0 0 21 0 40 0 0 127
88 0 0 0 0 0 0 0 0 16 16 0 0 0 0 0 0 127 51 0;
egregore_data 0 0 127 0 0 127 0 0 0 0 0 0 0 0 0 127 38 0 0 0 0 0 0
41.561 6.51575 11.8464 0 0 0 127 0 0 125.697 127 78 1 0 0 127 0 0 30
127 0 0 0 70 0 0 0 0 127 34 0 53 99 83 0 0 0 0 32 0 0 21 0 40 0 0 127
88 0 0 0 0 0 0 0 0 16 16 0 0 0 0 0 0 127 51 0;
egregore_data 0 0 127 0 0 127 0 0 0 0 0 0 0 0 0 127 38 0 0 0 0 0 0
41.561 6.51575 11.8464 0 0 0 127 0 0 125.697 127 78 1 0 0 127 0 0 30
127 0 0 0 70 0 0 0 0 127 34 0 53 99 83 0 0 0 0 32 0 0 21 0 40 0 0 127
88 0 0 0 0 0 0 0 0 16 16 0 0 0 0 0 0 127 51 0;
egregore_data 0 0 127 0 0 127 0 0 0 0 0 0 0 0 0 127 38 0 0 0 0 0 0
41.561 6.51575 11.8464 0 0 0 127 0 0 125.697 127 78 1 0 0 127 0 0 30
127 0 0 0 70 0 0 0 0 127 34 0 53 99 83 0 0 0 0 32 0 0 21 0 40 0 0 127
88 0 0 0 0 0 0 0 0 16 16 0 0 0 0 0 0 127 51 0;
egregore_data 0 0 127 0 0 127 0 0 0 0 0 0 0 0 0 127 38 0 0 0 0 0 0
41.561 6.51575 11.8464 0 0 0 127 0 0 125.697 127 78 1 0 0 127 0 0 30
127 0 0 0 70 0 0 0 0 127 34 0 53 99 83 0 0 0 0 32 0 0 21 0 40 0 0 127
88 0 0 0 0 0 0 0 0 16 16 0 0 0 0 0 0 127 51 0;
egregore_data 0 0 127 0 0 127 0 0 0 0 0 0 0 0 0 127 38 0 0 0 0 0 0
41.561 6.51575 11.8464 0 0 0 127 0 0 125.697 127 78 1 0 0 127 0 0 30
127 0 0 0 70 0 0 0 0 127 34 0 53 99 83 0 0 0 0 32 0 0 21 0 40 0 0 127
88 0 0 0 0 0 0 0 0 16 16 0 0 0 0 0 0 127 51 0;
egregore_data 0 0 127 0 0 127 0 0 0 0 0 0 0 0 0 127 38 0 0 0 0 0 0
41.561 6.51575 11.8464 0 0 0 127 0 0 125.697 127 78 1 0 0 127 0 0 30
127 0 0 0 70 0 0 0 0 127 34 0 53 99 83 0 0 0 0 32 0 0 21 0 40 0 0 127
88 0 0 0 0 0 0 0 0 16 16 0 0 0 0 0 0 127 51 0;
egregore_data 0 0 127 0 0 127 0 0 0 0 0 0 0 0 0 127 38 0 0 0 0 0 0
41.561 6.51575 11.8464 0 0 0 127 0 0 125.697 127 78 1 0 0 127 0 0 30
127 0 0 0 70 0 0 0 0 127 34 0 53 99 83 0 0 0 0 32 0 0 21 0 40 0 0 127
88 0 0 0 0 0 0 0 0 16 16 0 0 0 0 0 0 127 51 0;
egregore_data 0 0 127 0 0 127 0 0 0 0 0 0 0 0 0 127 38 0 0 0 0 0 0
41.561 6.51575 11.8464 0 0 0 127 0 0 125.697 127 78 1 0 0 127 0 0 30
127 0 0 0 70 0 0 0 0 127 34 0 53 99 83 0 0 0 0 32 0 0 21 0 40 0 0 127
88 0 0 0 0 0 0 0 0 16 16 0 0 0 0 0 0 127 51 0;
egregore_data 0 0 127 0 0 127 0 0 0 0 0 0 0 0 0 127 38 0 0 0 0 0 0
41.561 6.51575 11.8464 0 0 0 127 0 0 125.697 127 78 1 0 0 127 0 0 30
127 0 0 0 70 0 0 0 0 127 34 0 53 99 83 0 0 0 0 32 0 0 21 0 40 0 0 127
88 0 0 0 0 0 0 0 0 16 16 0 0 0 0 0 0 127 51 0;
egregore_data 0 0 127 0 0 127 0 0 0 0 0 0 0 0 0 127 38 0 0 0 0 0 0
41.561 6.51575 11.8464 0 0 0 127 0 0 125.697 127 78 1 0 0 127 0 0 30
127 0 0 0 70 0 0 0 0 127 34 0 53 99 83 0 0 0 0 32 0 0 21 0 40 0 0 127
88 0 0 0 0 0 0 0 0 16 16 0 0 0 0 0 0 127 51 0;
egregore_data 0 0 127 0 0 127 0 0 0 0 0 0 0 0 0 127 38 0 0 0 0 0 0
41.561 6.51575 11.8464 0 0 0 127 0 0 125.697 127 78 1 0 0 127 0 0 30
127 0 0 0 70 0 0 0 0 127 34 0 53 99 83 0 0 0 0 32 0 0 21 0 40 0 0 127
88 0 0 0 0 0 0 0 0 16 16 0 0 0 0 0 0 127 51 0;
egregore_data 0 0 127 0 0 127 0 0 0 0 0 0 0 0 0 127 38 0 0 0 0 0 0
41.561 6.51575 11.8464 0 0 0 127 0 0 125.697 127 78 1 0 0 127 0 0 30
127 0 0 0 70 0 0 0 0 127 34 0 53 99 83 0 0 0 0 32 0 0 21 0 40 0 0 127
88 0 0 0 0 0 0 0 0 16 16 0 0 0 0 0 0 127 51 0;
egregore_data 0 0 127 0 0 127 0 0 0 0 0 0 0 0 0 127 38 0 0 0 0 0 0
41.561 6.51575 11.8464 0 0 0 127 0 0 125.697 127 78 1 0 0 127 0 0 30
127 0 0 0 70 0 0 0 0 127 34 0 53 99 83 0 0 0 0 32 0 0 21 0 40 0 0 127
88 0 0 0 0 0 0 0 0 16 16 0 0 0 0 0 0 127 51 0;
egregore_data 0 0 127 0 0 127 0 0 0 0 0 0 0 0 0 127 38 0 0 0 0 0 0
41.561 6.51575 11.8464 0 0 0 127 0 0 125.697 127 78 1 0 0 127 0 0 30
127 0 0 0 70 0 0 0 0 127 34 0 53 99 83 0 0 0 0 32 0 0 21 0 40 0 0 127
88 0 0 0 0 0 0 0 0 16 16 0 0 0 0 0 0 127 51 0;
egregore_data 0 0 127 0 0 127 0 0 0 0 0 0 0 0 0 127 38 0 0 0 0 0 0
41.561 6.51575 11.8464 0 0 0 127 0 0 125.697 127 78 1 0 0 127 0 0 30
127 0 0 0 70 0 0 0 0 127 34 0 53 99 83 0 0 0 0 32 0 0 21 0 40 0 0 127
88 0 0 0 0 0 0 0 0 16 16 0 0 0 0 0 0 127 51 0;
egregore_data 0 0 127 0 0 127 0 0 0 0 0 0 0 0 0 127 38 0 0 0 0 0 0
41.561 6.51575 11.8464 0 0 0 127 0 0 125.697 127 78 1 0 0 127 0 0 30
127 0 0 0 70 0 0 0 0 127 34 0 53 99 83 0 0 0 0 32 0 0 21 0 40 0 0 127
88 0 0 0 0 0 0 0 0 16 16 0 0 0 0 0 0 127 51 0;
egregore_data 0 0 127 0 0 127 0 0 0 0 0 0 0 0 0 127 38 0 0 0 0 0 0
41.561 6.51575 11.8464 0 0 0 127 0 0 125.697 127 78 1 0 0 127 0 0 30
127 0 0 0 70 0 0 0 0 127 34 0 53 99 83 0 0 0 0 32 0 0 21 0 40 0 0 127
88 0 0 0 0 0 0 0 0 16 16 0 0 0 0 0 0 127 51 0;
egregore_data 0 0 127 0 0 127 0 0 0 0 0 0 0 0 0 127 38 0 0 0 0 0 0
41.4439 6.34842 12.4154 0 0 0 127 0 0 125.73 127 78 1 0 0 127 0 0 30
127 0 0 0 70 0 0 0 0 127 34 0 53 99 83 0 0 0 0 32 0 0 21 0 40 0 0 127
88 0 0 0 0 0 0 0 0 16 16 0 0 0 0 0 0 127 51 0;
egregore_data 0 0 127 0 0 127 0 0 0 0 0 0 0 0 0 127 38 0 0 0 0 0 0
41.3268 6.1811 12.9843 0 0 0 127 0 0 125.764 127 78 1 0 0 127 0 0 30
127 0 0 0 70 0 0 0 0 127 34 0 53 99 83 0 0 0 0 32 0 0 21 0 40 0 0 127
88 0 0 0 0 0 0 0 0 16 16 0 0 0 0 0 0 127 51 0;
egregore_data 0 0 127 0 0 127 0 0 0 0 0 0 0 0 0 127 38 0 0 0 0 0 0
41.3268 6.1811 12.9843 0 0 0 127 0 0 125.764 127 78 1 0 0 127 0 0 30
127 0 0 0 70 0 0 0 0 127 34 0 53 99 83 0 0 0 0 32 0 0 21 0 40 0 0 127
88 0 0 0 0 0 0 0 0 16 16 0 0 0 0 0 0 127 51 0;
egregore_data 0 0 127 0 0 127 0 0 0 0 0 0 0 0 0 127 38 0 0 0 0 0 0
41.3268 6.1811 12.9843 0 0 0 127 0 0 125.764 127 78 1 0 0 127 0 0 30
127 0 0 0 70 0 0 0 0 127 34 0 53 99 83 0 0 0 0 32 0 0 21 0 40 0 0 127
88 0 0 0 0 0 0 0 0 16 16 0 0 0 0 0 0 127 51 0;
egregore_data 0 0 127 0 0 127 0 0 0 0 0 0 0 0 0 127 38 0 0 0 0 0 0
41.3268 6.1811 12.9843 0 0 0 127 0 0 125.764 127 78 1 0 0 127 0 0 30
127 0 0 0 70 0 0 0 0 127 34 0 53 99 83 0 0 0 0 32 0 0 21 0 40 0 0 127
88 0 0 0 0 0 0 0 0 16 16 0 0 0 0 0 0 127 51 0;
egregore_data 0 0 127 0 0 127 0 0 0 0 0 0 0 0 0 127 38 0 0 0 0 0 0
41.2096 6.01377 13.5532 0 0 0 127 0 0 125.797 127 78 1 0 0 127 0 0
30 127 0 0 0 70 0 0 0 0 127 34 0 53 99 83 0 0 0 0 32 0 0 21 0 40 0
0 127 88 0 0 0 0 0 0 0 0 16 16 0 0 0 0 0 0 127 51 0;
egregore_data 0 0 127 0 0 127 0 0 0 0 0 0 0 0 0 127 38 0 0 0 0 0 0
41.2096 6.01377 13.5532 0 0 0 127 0 0 125.797 127 78 1 0 0 127 0 0
30 127 0 0 0 70 0 0 0 0 127 34 0 53 99 83 0 0 0 0 32 0 0 21 0 40 0
0 127 88 0 0 0 0 0 0 0 0 16 16 0 0 0 0 0 0 127 51 0;
egregore_data 0 0 127 0 0 127 0 0 0 0 0 0 0 0 0 127 38 0 0 0 0 0 0
41.2096 6.01377 13.5532 0 0 0 127 0 0 125.797 127 78 1 0 0 127 0 0
30 127 0 0 0 70 0 0 0 0 127 34 0 53 99 83 0 0 0 0 32 0 0 21 0 40 0
0 127 88 0 0 0 0 0 0 0 0 16 16 0 0 0 0 0 0 127 51 0;
egregore_data 0 0 127 0 0 127 0 0 0 0 0 0 0 0 0 127 38 0 0 0 0 0 0
40.9754 5.67913 14.691 0 0 0 127 0 0 125.864 127 78 1 0 0 127 0 0 30
127 0 0 0 70 0 0 0 0 127 34 0 53 99 83 0 0 0 0 32 0 0 21 0 40 0 0 127
88 0 0 0 0 0 0 0 0 16 16 0 0 0 0 0 0 127 51 0;
egregore_data 0 0 127 0 0 127 0 0 0 0 0 0 0 0 0 127 38 0 0 0 0 0 0
40.9754 5.67913 14.691 0 0 0 127 0 0 125.864 127 78 1 0 0 127 0 0 30
127 0 0 0 70 0 0 0 0 127 34 0 53 99 83 0 0 0 0 32 0 0 21 0 40 0 0 127
88 0 0 0 0 0 0 0 0 16 16 0 0 0 0 0 0 127 51 0;
egregore_data 0 0 127 0 0 127 0 0 0 0 0 0 0 0 0 127 38 0 0 0 0 0 0
40.9754 5.67913 14.691 0 0 0 127 0 0 125.864 127 78 1 0 0 127 0 0 30
127 0 0 0 70 0 0 0 0 127 34 0 53 99 83 0 0 0 0 32 0 0 21 0 40 0 0 127
88 0 0 0 0 0 0 0 0 16 16 0 0 0 0 0 0 127 51 0;
egregore_data 0 0 127 0 0 127 0 0 0 0 0 0 0 0 0 127 38 0 0 0 0 0 0
40.9754 5.67913 14.691 0 0 0 127 0 0 125.864 127 78 1 0 0 127 0 0 30
127 0 0 0 70 0 0 0 0 127 34 0 53 99 83 0 0 0 0 32 0 0 21 0 40 0 0 127
88 0 0 0 0 0 0 0 0 16 16 0 0 0 0 0 0 127 51 0;
egregore_data 0 0 127 0 0 127 0 0 0 0 0 0 0 0 0 127 38 0 0 0 0 0 0
40.9754 5.67913 14.691 0 0 0 127 0 0 125.864 127 78 1 0 0 127 0 0 30
127 0 0 0 70 0 0 0 0 127 34 0 53 99 83 0 0 0 0 32 0 0 21 0 40 0 0 127
88 0 0 0 0 0 0 0 0 16 16 0 0 0 0 0 0 127 51 0;
END;
