HTTP/1.1 200 OK
Date: Thu, 28 May 2015 12:25:29 GMT
Server: Apache
Last-Modified: Wed, 27 May 2015 19:29:42 GMT
Accept-Ranges: bytes
Content-Length: 30247
Vary: Accept-Encoding
Connection: close
Content-Type: text/plain

chdh_egregore_live_data;
egregore_data 0 0 127 0 0 127 0 0 0 0 0 0 0 0 0 127 38 0 127 0 0 0
0 0 0 0 0 0 0 100 0 0 127 127 78 0 93 90 127 0 19 127 127 0 0 0 70
0 0 0 127 127 34 0 84.9682 43.1548 33.7302 27.7778 60.9474 0 62.996
0 44.4246 62.996 41.6079 0 0 19.3452 1.98413 127 80.4299 1 0 0 0 0
0 0 0 16 16 0 0 0 0 0 0 127 51 0;
egregore_data 0 0 127 0 0 127 0 0 0 0 0 0 0 0 0 127 38 0 127 0 0 0
0 0 0 0 0 0 0 100 0 0 127 127 78 0 93 90 127 0 19 127 127 0 0 0 70
0 0 0 127 127 34 0 84.9682 43.1548 33.7302 27.7778 60.9474 0 62.996
0 44.4246 62.996 41.6079 0 0 19.3452 1.98413 127 80.4299 1 0 0 0 0
0 0 0 16 16 0 0 0 0 0 0 127 51 0;
egregore_data 0 0 127 0 0 127 0 0 0 0 0 0 0 0 0 127 38 0 127 0 0 0
0 0 0 0 0 0 0 100 0 0 127 127 78 0 93 90 127 0 19 127 127 0 0 0 70
0 0 0 127 127 34 0 84.9522 42.9801 33.5936 27.6653 60.7007 0 62.741
0 44.3865 62.741 41.7634 0 0 19.2669 1.9761 127 80.4299 1 0 0 0 0 0
0 0 16 16 0 0 0 0 0 0 127 51 0;
egregore_data 0 0 127 0 0 127 0 0 0 0 0 0 0 0 0 127 38 0 127 0 0 0
0 0 0 0 0 0 0 100 0 0 127 127 78 0 93 90 127 0 19 127 127 0 0 0 70
0 0 0 127 127 34 0 84.9522 42.9801 33.5936 27.6653 60.7007 0 62.741
0 44.3865 62.741 41.7634 0 0 19.2669 1.9761 127 80.4299 1 0 0 0 0 0
0 0 16 16 0 0 0 0 0 0 127 51 0;
egregore_data 0 0 127 0 0 127 0 0 0 0 0 0 0 0 0 127 38 0 127 0 0 0
0 0 0 0 0 0 0 100 0 0 127 127 78 0 93 90 127 0 19 127 127 0 0 0 70
0 0 0 127 127 34 0 84.9522 42.9801 33.5936 27.6653 60.7007 0 62.741
0 44.3865 62.741 41.7634 0 0 19.2669 1.9761 127 80.4299 1 0 0 0 0 0
0 0 16 16 0 0 0 0 0 0 127 51 0;
egregore_data 0 0 127 0 0 127 0 0 0 0 0 0 0 0 0 127 38 0 127 0 0 0
0 0 0 0 0 0 0 100 0 0 127 127 78 0 93 90 127 0 19 127 127 0 0 0 70
0 0 0 127 127 34 0 84.9522 42.9801 33.5936 27.6653 60.7007 0 62.741
0 44.3865 62.741 41.7634 0 0 19.2669 1.9761 127 80.4299 1 0 0 0 0 0
0 0 16 16 0 0 0 0 0 0 127 51 0;
egregore_data 0 0 127 0 0 127 0 0 0 0 0 0 0 0 0 127 38 0 127 0 0 0
0 0 0 0 0 0 0 100 0 0 127 127 78 0 93 90 127 0 19 127 127 0 0 0 70
0 0 0 127 127 34 0 84.9522 42.9801 33.5936 27.6653 60.7007 0 62.741
0 44.3865 62.741 41.7634 0 0 19.2669 1.9761 127 80.4299 1 0 0 0 0 0
0 0 16 16 0 0 0 0 0 0 127 51 0;
egregore_data 0 0 127 0 0 127 0 0 0 0 0 0 0 0 0 127 38 0 127 0 0 0
0 0 0 0 0 0 0 100 0 0 127 127 78 0 93 90 127 0 19 127 127 0 0 0 70
0 0 0 127 127 34 0 84.9522 42.9801 33.5936 27.6653 60.7007 0 62.741
0 44.3865 62.741 41.7634 0 0 19.2669 1.9761 127 80.4299 1 0 0 0 0 0
0 0 16 16 0 0 0 0 0 0 127 51 0;
egregore_data 0 0 127 0 0 127 0 0 0 0 0 0 0 0 0 127 38 0 127 0 0 0
0 0 0 0 0 0 0 100 0 0 127 127 78 0 93 90 127 0 19 127 127 0 0 0 70
0 0 0 127 127 34 0 84.9522 42.9801 33.5936 27.6653 60.7007 0 62.741
0 44.3865 62.741 41.7634 0 0 19.2669 1.9761 127 80.4299 1 0 0 0 0 0
0 0 16 16 0 0 0 0 0 0 127 51 0;
egregore_data 0 0 127 0 0 127 0 0 0 0 0 0 0 0 0 127 38 0 127 0 0 0
0 0 0 0 0 0 0 100 0 0 127 127 78 0 93 90 127 0 19 127 127 0 0 0 70
0 0 0 127 127 34 0 84.9522 42.9801 33.5936 27.6653 60.7007 0 62.741
0 44.3865 62.741 41.7634 0 0 19.2669 1.9761 127 80.4299 1 0 0 0 0 0
0 0 16 16 0 0 0 0 0 0 127 51 0;
egregore_data 0 0 127 0 0 127 0 0 0 0 0 0 0 0 0 127 38 0 127 0 0 0
0 0 0 0 0 0 0 100 0 0 127 127 78 0 93 90 127 0 19 127 127 0 0 0 70
0 0 0 127 127 34 0 84.9522 42.9801 33.5936 27.6653 60.7007 0 62.741
0 44.3865 62.741 41.7634 0 0 19.2669 1.9761 127 80.4299 1 0 0 0 0 0
0 0 16 16 0 0 0 0 0 0 127 51 0;
egregore_data 0 0 127 0 0 127 0 0 0 0 0 0 0 0 0 127 38 0 127 0 0 0
0 0 0 0 0 0 0 100 0 0 127 127 78 0 93 90 127 0 19 127 127 0 0 0 70
0 0 0 127 127 34 0 84.9522 42.9801 33.5936 27.6653 60.7007 0 62.741
0 44.3865 62.741 41.7634 0 0 19.2669 1.9761 127 80.4299 1 0 0 0 0 0
0 0 16 16 0 0 0 0 0 0 127 51 0;
egregore_data 0 0 127 0 0 127 0 0 0 0 0 0 0 0 0 127 38 0 127 0 0 0
0 0 0 0 0 0 0 100 0 0 127 127 78 0 93 90 127 0 19 127 127 0 0 0 70
0 0 0 127 127 34 0 84.9522 42.9801 33.5936 27.6653 60.7007 0 62.741
0 44.3865 62.741 41.7634 0 0 19.2669 1.9761 127 80.4299 1 0 0 0 0 0
0 0 16 16 0 0 0 0 0 0 127 51 0;
egregore_data 0 0 127 0 0 127 0 0 0 0 0 0 0 0 0 127 38 0 127 0 0 0
0 0 0 0 0 0 0 100 0 0 127 127 78 0 93 90 127 0 19 127 127 0 0 0 70
0 0 0 127 127 34 0 84.9522 42.9801 33.5936 27.6653 60.7007 0 62.741
0 44.3865 62.741 41.7634 0 0 19.2669 1.9761 127 80.4299 1 0 0 0 0 0
0 0 16 16 0 0 0 0 0 0 127 51 0;
egregore_data 0 0 127 0 0 127 0 0 0 0 0 0 0 0 0 127 38 0 127 0 0 0
0 0 0 0 0 0 0 100 0 0 127 127 78 0 93 90 127 0 19 127 127 0 0 0 70
0 0 0 127 127 34 0 84.9522 42.9801 33.5936 27.6653 60.7007 0 62.741
0 44.3865 62.741 41.7634 0 0 19.2669 1.9761 127 80.4299 1 0 0 0 0 0
0 0 16 16 0 0 0 0 0 0 127 51 0;
egregore_data 0 0 127 0 0 127 0 0 0 0 0 0 0 0 0 127 38 0 127 0 0 0
0 0 0 0 0 0 0 100 0 0 127 127 78 0 93 90 127 0 19 127 127 0 0 0 70
0 0 0 127 127 34 0 84.9522 42.9801 33.5936 27.6653 60.7007 0 62.741
0 44.3865 62.741 41.7634 0 0 19.2669 1.9761 127 80.4299 1 0 0 0 0 0
0 0 16 16 0 0 0 0 0 0 127 51 0;
egregore_data 0 0 127 0 0 127 0 0 0 0 0 0 0 0 0 127 38 0 127 0 0 0
0 0 0 0 0 0 0 100 0 0 127 127 78 0 93 90 127 0 19 127 127 0 0 0 70
0 0 0 127 127 34 0 84.9522 42.9801 33.5936 27.6653 60.7007 0 62.741
0 44.3865 62.741 41.7634 0 0 19.2669 1.9761 127 80.4299 1 0 0 0 0 0
0 0 16 16 0 0 0 0 0 0 127 51 0;
egregore_data 0 0 127 0 0 127 0 0 0 0 0 0 0 0 0 127 38 0 127 0 0 0
0 0 0 0 0 0 0 100 0 0 127 127 78 0 93 90 127 0 19 127 127 0 0 0 70
0 0 0 127 127 34 0 84.9522 42.9801 33.5936 27.6653 60.7007 0 62.741
0 44.3865 62.741 41.7634 0 0 19.2669 1.9761 127 80.4299 1 0 0 0 0 0
0 0 16 16 0 0 0 0 0 0 127 51 0;
egregore_data 0 0 127 0 0 127 0 0 0 0 0 0 0 0 0 127 38 0 127 0 0 0
0 0 0 0 0 0 0 100 0 0 127 127 78 0 93 90 127 0 19 127 127 0 0 0 70
0 0 0 127 127 34 0 84.9522 42.9801 33.5936 27.6653 60.7007 0 62.741
0 44.3865 62.741 41.7634 0 0 19.2669 1.9761 127 80.4299 1 0 0 0 0 0
0 0 16 16 0 0 0 0 0 0 127 51 0;
egregore_data 0 0 127 0 0 127 0 0 0 0 0 0 0 0 0 127 38 0 127 0 0 0
0 0 0 0 0 0 0 100 0 0 127 127 78 0 93 90 127 0 19 127 127 0 0 0 70
0 0 0 127 127 34 0 84.9522 42.9801 33.5936 27.6653 60.7007 0 62.741
0 44.3865 62.741 41.7634 0 0 19.2669 1.9761 127 80.4299 1 0 0 0 0 0
0 0 16 16 0 0 0 0 0 0 127 51 0;
egregore_data 0 0 127 0 0 127 0 0 0 0 0 0 0 0 0 127 38 0 127 0 0 0
0 0 0 0 0 0 0 100 0 0 127 127 78 0 93 90 127 0 19 127 127 0 0 0 70
0 0 0 127 127 34 0 84.936 42.804 33.456 27.552 60.452 0 62.484 0 44.348
62.484 41.92 0 0 19.188 1.968 127 80.4299 1 0 0 0 0 0 0 0 16 16 0 0
0 0 0 0 127 51 0;
egregore_data 0 0 127 0 0 127 0 0 0 0 0 0 0 0 0 127 38 0 127 0 0 0
0 0 0 0 0 0 0 100 0 0 127 127 78 0 93 90 127 0 19 127 127 0 0 0 70
0 0 0 127 127 34 0 84.936 42.804 33.456 27.552 60.452 0 62.484 0 44.348
62.484 41.92 0 0 19.188 1.968 127 80.4299 1 0 0 0 0 0 0 0 16 16 0 0
0 0 0 0 127 51 0;
egregore_data 0 0 127 0 0 127 0 0 0 0 0 0 0 0 0 127 38 0 127 0 0 0
0 0 0 0 0 0 0 100 0 0 127 127 78 0 93 90 127 0 19 127 127 0 0 0 70
0 0 0 127 127 34 0 84.936 42.804 33.456 27.552 60.452 0 62.484 0 44.348
62.484 41.92 0 0 19.188 1.968 127 80.4299 1 0 0 0 0 0 0 0 16 16 0 0
0 0 0 0 127 51 0;
egregore_data 0 0 127 0 0 127 0 0 0 0 0 0 0 0 0 127 38 0 127 0 0 0
0 0 0 0 0 0 0 100 0 0 127 127 78 0 93 90 127 0 19 127 127 0 0 0 70
0 0 0 127 127 34 0 84.936 42.804 33.456 27.552 60.452 0 62.484 0 44.348
62.484 41.92 0 0 19.188 1.968 127 80.4299 1 0 0 0 0 0 0 0 16 16 0 0
0 0 0 0 127 51 0;
egregore_data 0 0 127 0 0 127 0 0 0 0 0 0 0 0 0 127 38 0 127 0 0 0
0 0 0 0 0 0 0 100 0 0 127 127 78 0 93 90 127 0 19 127 127 0 0 0 70
0 0 0 127 127 34 0 84.936 42.804 33.456 27.552 60.452 0 62.484 0 44.348
62.484 41.92 0 0 19.188 1.968 127 80.4299 1 0 0 0 0 0 0 0 16 16 0 0
0 0 0 0 127 51 0;
egregore_data 0 0 127 0 0 127 0 0 0 0 0 0 0 0 0 127 38 0 127 0 0 0
0 0 0 0 0 0 0 100 0 0 127 127 78 0 93 90 127 0 19 127 127 0 0 0 70
0 0 0 127 127 34 0 84.936 42.804 33.456 27.552 60.452 0 62.484 0 44.348
62.484 41.92 0 0 19.188 1.968 127 80.4299 1 0 0 0 0 0 0 0 16 16 0 0
0 0 0 0 127 51 0;
egregore_data 0 0 127 0 0 127 0 0 0 0 0 0 0 0 0 127 38 0 127 0 0 0
0 0 0 0 0 0 0 100 0 0 127 127 78 0 93 90 127 0 19 127 127 0 0 0 70
0 0 0 127 127 34 0 84.936 42.804 33.456 27.552 60.452 0 62.484 0 44.348
62.484 41.92 0 0 19.188 1.968 127 80.4299 1 0 0 0 0 0 0 0 16 16 0 0
0 0 0 0 127 51 0;
egregore_data 0 0 127 0 0 127 0 0 0 0 0 0 0 0 0 127 38 0 127 0 0 0
0 0 0 0 0 0 0 100 0 0 127 127 78 0 93 90 127 0 19 127 127 0 0 0 70
0 0 0 127 127 34 0 84.936 42.804 33.456 27.552 60.452 0 62.484 0 44.348
62.484 41.92 0 0 19.188 1.968 127 80.4299 1 0 0 0 0 0 0 0 16 16 0 0
0 0 0 0 127 51 0;
egregore_data 0 0 127 0 0 127 0 0 0 0 0 0 0 0 0 127 38 0 127 0 0 0
0 0 0 0 0 0 0 100 0 0 127 127 78 0 93 90 127 0 19 127 127 0 0 0 70
0 0 0 127 127 34 0 84.936 42.804 33.456 27.552 60.452 0 62.484 0 44.348
62.484 41.92 0 0 19.188 1.968 127 80.4299 1 0 0 0 0 0 0 0 16 16 0 0
0 0 0 0 127 51 0;
egregore_data 0 0 127 0 0 127 0 0 0 0 0 0 0 0 0 127 38 0 127 0 0 0
0 0 0 0 0 0 0 100 0 0 127 127 78 0 93 90 127 0 19 127 127 0 0 0 70
0 0 0 127 127 34 0 84.936 42.804 33.456 27.552 60.452 0 62.484 0 44.348
62.484 41.92 0 0 19.188 1.968 127 80.4299 1 0 0 0 0 0 0 0 16 16 0 0
0 0 0 0 127 51 0;
egregore_data 0 0 127 0 0 127 0 0 0 0 0 0 0 0 0 127 38 0 127 0 0 0
0 0 0 0 0 0 0 100 0 0 127 127 78 0 93 90 127 0 19 127 127 0 0 0 70
0 0 0 127 127 34 0 84.936 42.804 33.456 27.552 60.452 0 62.484 0 44.348
62.484 41.92 0 0 19.188 1.968 127 80.4299 1 0 0 0 0 0 0 0 16 16 0 0
0 0 0 0 127 51 0;
egregore_data 0 0 127 0 0 127 0 0 0 0 0 0 0 0 0 127 38 0 127 0 0 0
0 0 0 0 0 0 0 100 0 0 127 127 78 0 93 90 127 0 19 127 127 0 0 0 70
0 0 0 127 127 34 0 84.9197 42.6265 33.3173 27.4378 60.2014 0 62.2249
0 44.3092 62.2249 42.0779 0 0 19.1084 1.95984 127 80.4299 1 0 0 0 0
0 0 0 16 16 0 0 0 0 0 0 127 51 0;
egregore_data 0 0 127 0 0 127 0 0 0 0 0 0 0 0 0 127 38 0 127 0 0 0
0 0 0 0 0 0 0 100 0 0 127 127 78 0 93 90 127 0 19 127 127 0 0 0 70
0 0 0 127 127 34 0 84.9197 42.6265 33.3173 27.4378 60.2014 0 62.2249
0 44.3092 62.2249 42.0779 0 0 19.1084 1.95984 127 80.4299 1 0 0 0 0
0 0 0 16 16 0 0 0 0 0 0 127 51 0;
egregore_data 0 0 127 0 0 127 0 0 0 0 0 0 0 0 0 127 38 0 127 0 0 0
0 0 0 0 0 0 0 100 0 0 127 127 78 0 93 90 127 0 19 127 127 0 0 0 70
0 0 0 127 127 34 0 84.9197 42.6265 33.3173 27.4378 60.2014 0 62.2249
0 44.3092 62.2249 42.0779 0 0 19.1084 1.95984 127 80.4299 1 0 0 0 0
0 0 0 16 16 0 0 0 0 0 0 127 51 0;
egregore_data 0 0 127 0 0 127 0 0 0 0 0 0 0 0 0 127 38 0 127 0 0 0
0 0 0 0 0 0 0 100 0 0 127 127 78 0 93 90 127 0 19 127 127 0 0 0 70
0 0 0 127 127 34 0 84.9197 42.6265 33.3173 27.4378 60.2014 0 62.2249
0 44.3092 62.2249 42.0779 0 0 19.1084 1.95984 127 80.4299 1 0 0 0 0
0 0 0 16 16 0 0 0 0 0 0 127 51 0;
egregore_data 0 0 127 0 0 127 0 0 0 0 0 0 0 0 0 127 38 0 127 0 0 0
0 0 0 0 0 0 0 100 0 0 127 127 78 0 93 90 127 0 19 127 127 0 0 0 70
0 0 0 127 127 34 0 84.9197 42.6265 33.3173 27.4378 60.2014 0 62.2249
0 44.3092 62.2249 42.0779 0 0 19.1084 1.95984 127 80.4299 1 0 0 0 0
0 0 0 16 16 0 0 0 0 0 0 127 51 0;
egregore_data 0 0 127 0 0 127 0 0 0 0 0 0 0 0 0 127 38 0 127 0 0 0
0 0 0 0 0 0 0 100 0 0 127 127 78 0 93 90 127 0 19 127 127 0 0 0 70
0 0 0 127 127 34 0 84.9197 42.6265 33.3173 27.4378 60.2014 0 62.2249
0 44.3092 62.2249 42.0779 0 0 19.1084 1.95984 127 80.4299 1 0 0 0 0
0 0 0 16 16 0 0 0 0 0 0 127 51 0;
egregore_data 0 0 127 0 0 127 0 0 0 0 0 0 0 0 0 127 38 0 127 0 0 0
0 0 0 0 0 0 0 100 0 0 127 127 78 0 93 90 127 0 19 127 127 0 0 0 70
0 0 0 127 127 34 0 84.9197 42.6265 33.3173 27.4378 60.2014 0 62.2249
0 44.3092 62.2249 42.0779 0 0 19.1084 1.95984 127 80.4299 1 0 0 0 0
0 0 0 16 16 0 0 0 0 0 0 127 51 0;
egregore_data 0 0 127 0 0 127 0 0 0 0 0 0 0 0 0 127 38 0 127 0 0 0
0 0 0 0 0 0 0 100 0 0 127 127 78 0 93 90 127 0 19 127 127 0 0 0 70
0 0 0 127 127 34 0 84.9197 42.6265 33.3173 27.4378 60.2014 0 62.2249
0 44.3092 62.2249 42.0779 0 0 19.1084 1.95984 127 80.4299 1 0 0 0 0
0 0 0 16 16 0 0 0 0 0 0 127 51 0;
egregore_data 0 0 127 0 0 127 0 0 0 0 0 0 0 0 0 127 38 0 127 0 0 0
0 0 0 0 0 0 0 100 0 0 127 127 78 0 93 90 127 0 19 127 127 0 0 0 70
0 0 0 127 127 34 0 84.9197 42.6265 33.3173 27.4378 60.2014 0 62.2249
0 44.3092 62.2249 42.0779 0 0 19.1084 1.95984 127 80.4299 1 0 0 0 0
0 0 0 16 16 0 0 0 0 0 0 127 51 0;
egregore_data 0 0 127 0 0 127 0 0 0 0 0 0 0 0 0 127 38 0 127 0 0 0
0 0 0 0 0 0 0 100 0 0 127 127 78 0 93 90 127 0 19 127 127 0 0 0 70
0 0 0 127 127 34 0 84.9032 42.4476 33.1774 27.3226 59.9487 0 61.9637
0 44.2702 61.9637 42.2371 0 0 19.0282 1.95161 127 80.4299 1 0 0 0 0
0 0 0 16 16 0 0 0 0 0 0 127 51 0;
egregore_data 0 0 127 0 0 127 0 0 0 0 0 0 0 0 0 127 38 0 127 0 0 0
0 0 0 0 0 0 0 100 0 0 127 127 78 0 93 90 127 0 19 127 127 0 0 0 70
0 0 0 127 127 34 0 84.9032 42.4476 33.1774 27.3226 59.9487 0 61.9637
0 44.2702 61.9637 42.2371 0 0 19.0282 1.95161 127 80.4299 1 0 0 0 0
0 0 0 16 16 0 0 0 0 0 0 127 51 0;
egregore_data 0 0 127 0 0 127 0 0 0 0 0 0 0 0 0 127 38 0 127 0 0 0
0 0 0 0 0 0 0 100 0 0 127 127 78 0 93 90 127 0 19 127 127 0 0 0 70
0 0 0 127 127 34 0 84.9032 42.4476 33.1774 27.3226 59.9487 0 61.9637
0 44.2702 61.9637 42.2371 0 0 19.0282 1.95161 127 80.4299 1 0 0 0 0
0 0 0 16 16 0 0 0 0 0 0 127 51 0;
egregore_data 0 0 127 0 0 127 0 0 0 0 0 0 0 0 0 127 38 0 127 0 0 0
0 0 0 0 0 0 0 100 0 0 127 127 78 0 93 90 127 0 19 127 127 0 0 0 70
0 0 0 127 127 34 0 84.8699 42.0854 32.8943 27.0894 59.4371 0 61.435
0 44.1911 61.435 42.5593 0 0 18.8659 1.93496 127 80.4299 1 0 0 0 0
0 0 0 16 16 0 0 0 0 0 0 127 51 0;
egregore_data 0 0 127 0 0 127 0 0 0 0 0 0 0 0 0 127 38 0 127 0 0 0
0 0 0 0 0 0 0 100 0 0 127 127 78 0 93 90 127 0 19 127 127 0 0 0 70
0 0 0 127 127 34 0 84.8699 42.0854 32.8943 27.0894 59.4371 0 61.435
0 44.1911 61.435 42.5593 0 0 18.8659 1.93496 127 80.4299 1 0 0 0 0
0 0 0 16 16 0 0 0 0 0 0 127 51 0;
egregore_data 0 0 127 0 0 127 0 0 0 0 0 0 0 0 0 127 38 0 127 0 0 0
0 0 0 0 0 0 0 100 0 0 127 127 78 0 93 90 127 0 19 127 127 0 0 0 70
0 0 0 127 127 34 0 84.8699 42.0854 32.8943 27.0894 59.4371 0 61.435
0 44.1911 61.435 42.5593 0 0 18.8659 1.93496 127 80.4299 1 0 0 0 0
0 0 0 16 16 0 0 0 0 0 0 127 51 0;
egregore_data 0 0 127 0 0 127 0 0 0 0 0 0 0 0 0 127 38 0 127 0 0 0
0 0 0 0 0 0 0 100 0 0 127 127 78 0 93 90 127 0 19 127 127 0 0 0 70
0 0 0 127 127 34 0 84.8699 42.0854 32.8943 27.0894 59.4371 0 61.435
0 44.1911 61.435 42.5593 0 0 18.8659 1.93496 127 80.4299 1 0 0 0 0
0 0 0 16 16 0 0 0 0 0 0 127 51 0;
egregore_data 0 0 127 0 0 127 0 0 0 0 0 0 0 0 0 127 38 0 127 0 0 0
0 0 0 0 0 0 0 100 0 0 127 127 78 0 93 90 127 0 19 127 127 0 0 0 70
0 0 0 127 127 34 0 84.8699 42.0854 32.8943 27.0894 59.4371 0 61.435
0 44.1911 61.435 42.5593 0 0 18.8659 1.93496 127 80.4299 1 0 0 0 0
0 0 0 16 16 0 0 0 0 0 0 127 51 0;
egregore_data 0 0 127 0 0 127 0 0 0 0 0 0 0 0 0 127 38 0 127 0 0 0
0 0 0 0 0 0 0 100 0 0 127 127 78 0 93 90 127 0 19 127 127 0 0 0 70
0 0 0 127 127 34 0 84.8531 41.902 32.751 26.9714 59.1782 0 61.1673
0 44.151 61.1673 42.7224 0 0 18.7837 1.92653 127 80.4299 1 0 0 0 0
0 0 0 16 16 0 0 0 0 0 0 127 51 0;
egregore_data 0 0 127 0 0 127 0 0 0 0 0 0 0 0 0 127 38 0 127 0 0 0
0 0 0 0 0 0 0 100 0 0 127 127 78 0 93 90 127 0 19 127 127 0 0 0 70
0 0 0 127 127 34 0 84.8531 41.902 32.751 26.9714 59.1782 0 61.1673
0 44.151 61.1673 42.7224 0 0 18.7837 1.92653 127 80.4299 1 0 0 0 0
0 0 0 16 16 0 0 0 0 0 0 127 51 0;
egregore_data 0 0 127 0 0 127 0 0 0 0 0 0 0 0 0 127 38 0 127 0 0 0
0 0 0 0 0 0 0 100 0 0 127 127 78 0 93 90 127 0 19 127 127 0 0 0 70
0 0 0 127 127 34 0 84.8531 41.902 32.751 26.9714 59.1782 0 61.1673
0 44.151 61.1673 42.7224 0 0 18.7837 1.92653 127 80.4299 1 0 0 0 0
0 0 0 16 16 0 0 0 0 0 0 127 51 0;
egregore_data 0 0 127 0 0 127 0 0 0 0 0 0 0 0 0 127 38 0 127 0 0 0
0 0 0 0 0 0 0 100 0 0 127 127 78 0 93 90 127 0 19 127 127 0 0 0 70
0 0 0 127 127 34 0 84.8361 41.7172 32.6066 26.8525 58.9172 0 60.8975
0 44.1107 60.8975 42.8868 0 0 18.7008 1.91803 127 80.4299 1 0 0 0 0
0 0 0 16 16 0 0 0 0 0 0 127 51 0;
egregore_data 0 0 127 0 0 127 0 0 0 0 0 0 0 0 0 127 38 0 127 0 0 0
0 0 0 0 0 0 0 100 0 0 127 127 78 0 93 90 127 0 19 127 127 0 0 0 70
0 0 0 127 127 34 0 84.8361 41.7172 32.6066 26.8525 58.9172 0 60.8975
0 44.1107 60.8975 42.8868 0 0 18.7008 1.91803 127 80.4299 1 0 0 0 0
0 0 0 16 16 0 0 0 0 0 0 127 51 0;
egregore_data 0 0 127 0 0 127 0 0 0 0 0 0 0 0 0 127 38 0 127 0 0 0
0 0 0 0 0 0 0 100 0 0 127 127 78 0 93 90 127 0 19 127 127 0 0 0 70
0 0 0 127 127 34 0 84.8361 41.7172 32.6066 26.8525 58.9172 0 60.8975
0 44.1107 60.8975 42.8868 0 0 18.7008 1.91803 127 80.4299 1 0 0 0 0
0 0 0 16 16 0 0 0 0 0 0 127 51 0;
egregore_data 0 0 127 0 0 127 0 0 0 0 0 0 0 0 0 127 38 0 127 0 0 0
0 0 0 0 0 0 0 100 0 0 127 127 78 0 93 90 127 0 19 127 127 0 0 0 70
0 0 0 127 127 34 0 84.8361 41.7172 32.6066 26.8525 58.9172 0 60.8975
0 44.1107 60.8975 42.8868 0 0 18.7008 1.91803 127 80.4299 1 0 0 0 0
0 0 0 16 16 0 0 0 0 0 0 127 51 0;
egregore_data 0 0 127 0 0 127 0 0 0 0 0 0 0 0 0 127 38 0 127 0 0 0
0 0 0 0 0 0 0 100 0 0 127 127 78 0 93 90 127 0 19 127 127 0 0 0 70
0 0 0 127 127 34 0 84.8189 41.5309 32.4609 26.7325 58.654 0 60.6255
0 44.07 60.6255 43.0526 0 0 18.6173 1.90947 127 80.4299 1 0 0 0 0 0
0 0 16 16 0 0 0 0 0 0 127 51 0;
egregore_data 0 0 127 0 0 127 0 0 0 0 0 0 0 0 0 127 38 0 127 0 0 0
0 0 0 0 0 0 0 100 0 0 127 127 78 0 93 90 127 0 19 127 127 0 0 0 70
0 0 0 127 127 34 0 84.8189 41.5309 32.4609 26.7325 58.654 0 60.6255
0 44.07 60.6255 43.0526 0 0 18.6173 1.90947 127 80.4299 1 0 0 0 0 0
0 0 16 16 0 0 0 0 0 0 127 51 0;
egregore_data 0 0 127 0 0 127 0 0 0 0 0 0 0 0 0 127 38 0 127 0 0 0
0 0 0 0 0 0 0 100 0 0 127 127 78 0 93 90 127 0 19 127 127 0 0 0 70
0 0 0 127 127 34 0 84.8189 41.5309 32.4609 26.7325 58.654 0 60.6255
0 44.07 60.6255 43.0526 0 0 18.6173 1.90947 127 80.4299 1 0 0 0 0 0
0 0 16 16 0 0 0 0 0 0 127 51 0;
egregore_data 0 0 127 0 0 127 0 0 0 0 0 0 0 0 0 127 38 0 127 0 0 0
0 0 0 0 0 0 0 100 0 0 127 127 78 0 93 90 127 0 19 127 127 0 0 0 70
0 0 0 127 127 34 0 84.8189 41.5309 32.4609 26.7325 58.654 0 60.6255
0 44.07 60.6255 43.0526 0 0 18.6173 1.90947 127 80.4299 1 0 0 0 0 0
0 0 16 16 0 0 0 0 0 0 127 51 0;
egregore_data 0 0 127 0 0 127 0 0 0 0 0 0 0 0 0 127 38 0 127 0 0 0
0 0 0 0 0 0 0 100 0 0 127 127 78 0 93 90 127 0 19 127 127 0 0 0 70
0 0 0 127 127 34 0 84.8189 41.5309 32.4609 26.7325 58.654 0 60.6255
0 44.07 60.6255 43.0526 0 0 18.6173 1.90947 127 80.4299 1 0 0 0 0 0
0 0 16 16 0 0 0 0 0 0 127 51 0;
egregore_data 0 0 127 0 0 127 0 0 0 0 0 0 0 0 0 127 38 0 127 0 0 0
0 0 0 0 0 0 0 100 0 0 127 127 78 0 93 90 127 0 19 127 127 0 0 0 70
0 0 0 127 127 34 0 84.8189 41.5309 32.4609 26.7325 58.654 0 60.6255
0 44.07 60.6255 43.0526 0 0 18.6173 1.90947 127 80.4299 1 0 0 0 0 0
0 0 16 16 0 0 0 0 0 0 127 51 0;
egregore_data 0 0 127 0 0 127 0 0 0 0 0 0 0 0 0 127 38 0 127 0 0 0
0 0 0 0 0 0 0 100 0 0 127 127 78 0 93 90 127 0 19 127 127 0 0 0 70
0 0 0 127 127 34 0 84.8189 41.5309 32.4609 26.7325 58.654 0 60.6255
0 44.07 60.6255 43.0526 0 0 18.6173 1.90947 127 80.4299 1 0 0 0 0 0
0 0 16 16 0 0 0 0 0 0 127 51 0;
egregore_data 0 0 127 0 0 127 0 0 0 0 0 0 0 0 0 127 38 0 127 0 0 0
0 0 0 0 0 0 0 100 0 0 127 127 78 0 93 90 127 0 19 127 127 0 0 0 70
0 0 0 127 127 34 0 84.8017 41.343 32.314 26.6116 58.3886 0 60.3512
0 44.0289 60.3512 43.2198 0 0 18.5331 1.90083 127 80.4299 1 0 0 0 0
0 0 0 16 16 0 0 0 0 0 0 127 51 0;
egregore_data 0 0 127 0 0 127 0 0 0 0 0 0 0 0 0 127 38 0 127 0 0 0
0 0 0 0 0 0 0 100 0 0 127 127 78 0 93 90 127 0 19 127 127 0 0 0 70
0 0 0 127 127 34 0 84.8017 41.343 32.314 26.6116 58.3886 0 60.3512
0 44.0289 60.3512 43.2198 0 0 18.5331 1.90083 127 80.4299 1 0 0 0 0
0 0 0 16 16 0 0 0 0 0 0 127 51 0;
egregore_data 0 0 127 0 0 127 0 0 0 0 0 0 0 0 0 127 38 0 127 0 0 0
0 0 0 0 0 0 0 100 0 0 127 127 78 0 93 90 127 0 19 127 127 0 0 0 70
0 0 0 127 127 34 0 84.8017 41.343 32.314 26.6116 58.3886 0 60.3512
0 44.0289 60.3512 43.2198 0 0 18.5331 1.90083 127 80.4299 1 0 0 0 0
0 0 0 16 16 0 0 0 0 0 0 127 51 0;
egregore_data 0 0 127 0 0 127 0 0 0 0 0 0 0 0 0 127 38 0 127 0 0 0
0 0 0 0 0 0 0 100 0 0 127 127 78 0 93 90 127 0 19 127 127 0 0 0 70
0 0 0 127 127 34 0 84.8017 41.343 32.314 26.6116 58.3886 0 60.3512
0 44.0289 60.3512 43.2198 0 0 18.5331 1.90083 127 80.4299 1 0 0 0 0
0 0 0 16 16 0 0 0 0 0 0 127 51 0;
egregore_data 0 0 127 0 0 127 0 0 0 0 0 0 0 0 0 127 38 0 127 0 0 0
0 0 0 0 0 0 0 100 0 0 127 127 78 0 93 90 127 0 19 127 127 0 0 0 70
0 0 0 127 127 34 0 84.8017 41.343 32.314 26.6116 58.3886 0 60.3512
0 44.0289 60.3512 43.2198 0 0 18.5331 1.90083 127 80.4299 1 0 0 0 0
0 0 0 16 16 0 0 0 0 0 0 127 51 0;
egregore_data 0 0 127 0 0 127 0 0 0 0 0 0 0 0 0 127 38 0 127 0 0 0
0 0 0 0 0 0 0 100 0 0 127 127 78 0 93 90 127 0 19 127 127 0 0 0 70
0 0 0 127 127 34 0 84.8017 41.343 32.314 26.6116 58.3886 0 60.3512
0 44.0289 60.3512 43.2198 0 0 18.5331 1.90083 127 80.4299 1 0 0 0 0
0 0 0 16 16 0 0 0 0 0 0 127 51 0;
egregore_data 0 0 127 0 0 127 0 0 0 0 0 0 0 0 0 127 38 0 127 0 0 0
0 0 0 0 0 0 0 100 0 0 127 127 78 0 93 90 127 0 19 127 127 0 0 0 70
0 0 0 127 127 34 0 84.8017 41.343 32.314 26.6116 58.3886 0 60.3512
0 44.0289 60.3512 43.2198 0 0 18.5331 1.90083 127 80.4299 1 0 0 0 0
0 0 0 16 16 0 0 0 0 0 0 127 51 0;
egregore_data 0 0 127 0 0 127 0 0 0 0 0 0 0 0 0 127 38 0 127 0 0 0
0 0 0 0 0 0 0 100 0 0 127 127 78 0 93 90 127 0 19 127 127 0 0 0 70
0 0 0 127 127 34 0 84.8017 41.343 32.314 26.6116 58.3886 0 60.3512
0 44.0289 60.3512 43.2198 0 0 18.5331 1.90083 127 80.4299 1 0 0 0 0
0 0 0 16 16 0 0 0 0 0 0 127 51 0;
egregore_data 0 0 127 0 0 127 0 0 0 0 0 0 0 0 0 127 38 0 127 0 0 0
0 0 0 0 0 0 0 100 0 0 127 127 78 0 93 90 127 0 19 127 127 0 0 0 70
0 0 0 127 127 34 0 84.8017 41.343 32.314 26.6116 58.3886 0 60.3512
0 44.0289 60.3512 43.2198 0 0 18.5331 1.90083 127 80.4299 1 0 0 0 0
0 0 0 16 16 0 0 0 0 0 0 127 51 0;
egregore_data 0 0 127 0 0 127 0 0 0 0 0 0 0 0 0 127 38 0 127 0 0 0
0 0 0 0 0 0 0 100 0 0 127 127 78 0 93 90 127 0 19 127 127 0 0 0 70
0 0 0 127 127 34 0 84.8017 41.343 32.314 26.6116 58.3886 0 60.3512
0 44.0289 60.3512 43.2198 0 0 18.5331 1.90083 127 80.4299 1 0 0 0 0
0 0 0 16 16 0 0 0 0 0 0 127 51 0;
egregore_data 0 0 127 0 0 127 0 0 0 0 0 0 0 0 0 127 38 0 127 0 0 0
0 0 0 0 0 0 0 100 0 0 127 127 78 0 93 90 127 0 19 127 127 0 0 0 70
0 0 0 127 127 34 0 84.7667 40.9625 32.0167 26.3667 57.8513 0 59.7958
0 43.9458 59.7958 43.5583 0 0 18.3625 1.88333 127 80.4299 1 0 0 0 0
0 0 0 16 16 0 0 0 0 0 0 127 51 0;
egregore_data 0 0 127 0 0 127 0 0 0 0 0 0 0 0 0 127 38 0 127 0 0 0
0 0 0 0 0 0 0 100 0 0 127 127 78 0 93 90 127 0 19 127 127 0 0 0 70
0 0 0 127 127 34 0 84.7667 40.9625 32.0167 26.3667 57.8513 0 59.7958
0 43.9458 59.7958 43.5583 0 0 18.3625 1.88333 127 80.4299 1 0 0 0 0
0 0 0 16 16 0 0 0 0 0 0 127 51 0;
egregore_data 0 0 127 0 0 127 0 0 0 0 0 0 0 0 0 127 38 0 127 0 0 0
0 0 0 0 0 0 0 100 0 0 127 127 78 0 93 90 127 0 19 127 127 0 0 0 70
0 0 0 127 127 34 0 84.749 40.7699 31.8661 26.2427 57.5793 0 59.5146
0 43.9038 59.5146 43.7296 0 0 18.2762 1.87448 127 80.4299 1 0 0 0 0
0 0 0 16 16 0 0 0 0 0 0 127 51 0;
egregore_data 0 0 127 0 0 127 0 0 0 0 0 0 0 0 0 127 38 0 127 0 0 0
0 0 0 0 0 0 0 100 0 0 127 127 78 0 93 90 127 0 19 127 127 0 0 0 70
0 0 0 127 127 34 0 84.749 40.7699 31.8661 26.2427 57.5793 0 59.5146
0 43.9038 59.5146 43.7296 0 0 18.2762 1.87448 127 80.4299 1 0 0 0 0
0 0 0 16 16 0 0 0 0 0 0 127 51 0;
egregore_data 0 0 127 0 0 127 0 0 0 0 0 0 0 0 0 127 38 0 127 0 0 0
0 0 0 0 0 0 0 100 0 0 127 127 78 0 93 90 127 0 19 127 127 0 0 0 70
0 0 0 127 127 34 0 84.749 40.7699 31.8661 26.2427 57.5793 0 59.5146
0 43.9038 59.5146 43.7296 0 0 18.2762 1.87448 127 80.4299 1 0 0 0 0
0 0 0 16 16 0 0 0 0 0 0 127 51 0;
egregore_data 0 0 127 0 0 127 0 0 0 0 0 0 0 0 0 127 38 0 127 0 0 0
0 0 0 0 0 0 0 100 0 0 127 127 78 0 93 90 127 0 19 127 127 0 0 0 70
0 0 0 127 127 34 0 84.749 40.7699 31.8661 26.2427 57.5793 0 59.5146
0 43.9038 59.5146 43.7296 0 0 18.2762 1.87448 127 80.4299 1 0 0 0 0
0 0 0 16 16 0 0 0 0 0 0 127 51 0;
egregore_data 0 0 127 0 0 127 0 0 0 0 0 0 0 0 0 127 38 0 127 0 0 0
0 0 0 0 0 0 0 100 0 0 127 127 78 0 93 90 127 0 19 127 127 0 0 0 70
0 0 0 127 127 34 0 84.749 40.7699 31.8661 26.2427 57.5793 0 59.5146
0 43.9038 59.5146 43.7296 0 0 18.2762 1.87448 127 80.4299 1 0 0 0 0
0 0 0 16 16 0 0 0 0 0 0 127 51 0;
egregore_data 0 0 127 0 0 127 0 0 0 0 0 0 0 0 0 127 38 0 127 0 0 0
0 0 0 0 0 0 0 100 0 0 127 127 78 0 93 90 127 0 19 127 127 0 0 0 70
0 0 0 127 127 34 0 84.749 40.7699 31.8661 26.2427 57.5793 0 59.5146
0 43.9038 59.5146 43.7296 0 0 18.2762 1.87448 127 80.4299 1 0 0 0 0
0 0 0 16 16 0 0 0 0 0 0 127 51 0;
egregore_data 0 0 127 0 0 127 0 0 0 0 0 0 0 0 0 127 38 0 127 0 0 0
0 0 0 0 0 0 0 100 0 0 127 127 78 0 93 90 127 0 19 127 127 0 0 0 70
0 0 0 127 127 34 0 84.7311 40.5756 31.7143 26.1176 57.3049 0 59.2311
0 43.8613 59.2311 43.9024 0 0 18.1891 1.86555 127 80.4299 1 0 0 0 0
0 0 0 16 16 0 0 0 0 0 0 127 51 0;
egregore_data 0 0 127 0 0 127 0 0 0 0 0 0 0 0 0 127 38 0 127 0 0 0
0 0 0 0 0 0 0 100 0 0 127 127 78 0 93 90 127 0 19 127 127 0 0 0 70
0 0 0 127 127 34 0 84.7311 40.5756 31.7143 26.1176 57.3049 0 59.2311
0 43.8613 59.2311 43.9024 0 0 18.1891 1.86555 127 80.4299 1 0 0 0 0
0 0 0 16 16 0 0 0 0 0 0 127 51 0;
egregore_data 0 0 127 0 0 127 0 0 0 0 0 0 0 0 0 127 38 0 127 0 0 0
0 0 0 0 0 0 0 100 0 0 127 127 78 0 93 90 127 0 19 127 127 0 0 0 70
0 0 0 127 127 34 0 84.7131 40.3797 31.5612 25.9916 57.0283 0 58.9451
0 43.8186 58.9451 44.0767 0 0 18.1013 1.85654 127 80.4299 1 0 0 0 0
0 0 0 16 16 0 0 0 0 0 0 127 51 0;
egregore_data 0 0 127 0 0 127 0 0 0 0 0 0 0 0 0 127 38 0 127 0 0 0
0 0 0 0 0 0 0 100 0 0 127 127 78 0 93 90 127 0 19 127 127 0 0 0 70
0 0 0 127 127 34 0 84.7131 40.3797 31.5612 25.9916 57.0283 0 58.9451
0 43.8186 58.9451 44.0767 0 0 18.1013 1.85654 127 80.4299 1 0 0 0 0
0 0 0 16 16 0 0 0 0 0 0 127 51 0;
egregore_data 0 0 127 0 0 127 0 0 0 0 0 0 0 0 0 127 38 0 127 0 0 0
0 0 0 0 0 0 0 100 0 0 127 127 78 0 93 90 127 0 19 127 127 0 0 0 70
0 0 0 127 127 34 0 84.7131 40.3797 31.5612 25.9916 57.0283 0 58.9451
0 43.8186 58.9451 44.0767 0 0 18.1013 1.85654 127 80.4299 1 0 0 0 0
0 0 0 16 16 0 0 0 0 0 0 127 51 0;
egregore_data 0 0 127 0 0 127 0 0 0 0 0 0 0 0 0 127 38 0 127 0 0 0
0 0 0 0 0 0 0 100 0 0 127 127 78 0 93 90 127 0 19 127 127 0 0 0 70
0 0 0 127 127 34 0 84.7131 40.3797 31.5612 25.9916 57.0283 0 58.9451
0 43.8186 58.9451 44.0767 0 0 18.1013 1.85654 127 80.4299 1 0 0 0 0
0 0 0 16 16 0 0 0 0 0 0 127 51 0;
egregore_data 0 0 127 0 0 127 0 0 0 0 0 0 0 0 0 127 38 0 127 0 0 0
0 0 0 0 0 0 0 100 0 0 127 127 78 0 93 90 127 0 19 127 127 0 0 0 70
0 0 0 127 127 34 0 84.7131 40.3797 31.5612 25.9916 57.0283 0 58.9451
0 43.8186 58.9451 44.0767 0 0 18.1013 1.85654 127 80.4299 1 0 0 0 0
0 0 0 16 16 0 0 0 0 0 0 127 51 0;
egregore_data 0 0 127 0 0 127 0 0 0 0 0 0 0 0 0 127 38 0 127 0 0 0
0 0 0 0 0 0 0 100 0 0 127 127 78 0 93 90 127 0 19 127 127 0 0 0 70
0 0 0 127 127 34 0 84.7131 40.3797 31.5612 25.9916 57.0283 0 58.9451
0 43.8186 58.9451 44.0767 0 0 18.1013 1.85654 127 80.4299 1 0 0 0 0
0 0 0 16 16 0 0 0 0 0 0 127 51 0;
egregore_data 0 0 127 0 0 127 0 0 0 0 0 0 0 0 0 127 38 0 127 0 0 0
0 0 0 0 0 0 0 100 0 0 127 127 78 0 93 90 127 0 19 127 127 0 0 0 70
0 0 0 127 127 34 0 84.7131 40.3797 31.5612 25.9916 57.0283 0 58.9451
0 43.8186 58.9451 44.0767 0 0 18.1013 1.85654 127 80.4299 1 0 0 0 0
0 0 0 16 16 0 0 0 0 0 0 127 51 0;
egregore_data 0 0 127 0 0 127 0 0 0 0 0 0 0 0 0 127 38 0 127 0 0 0
0 0 0 0 0 0 0 100 0 0 127 127 78 0 93 90 127 0 19 127 127 0 0 0 70
0 0 0 127 127 34 0 84.7131 40.3797 31.5612 25.9916 57.0283 0 58.9451
0 43.8186 58.9451 44.0767 0 0 18.1013 1.85654 127 80.4299 1 0 0 0 0
0 0 0 16 16 0 0 0 0 0 0 127 51 0;
egregore_data 0 0 127 0 0 127 0 0 0 0 0 0 0 0 0 127 38 0 127 0 0 0
0 0 0 0 0 0 0 100 0 0 127 127 78 0 93 90 127 0 19 127 127 0 0 0 70
0 0 0 127 127 34 0 84.7131 40.3797 31.5612 25.9916 57.0283 0 58.9451
0 43.8186 58.9451 44.0767 0 0 18.1013 1.85654 127 80.4299 1 0 0 0 0
0 0 0 16 16 0 0 0 0 0 0 127 51 0;
egregore_data 0 0 127 0 0 127 0 0 0 0 0 0 0 0 0 127 38 0 127 0 0 0
0 0 0 0 0 0 0 100 0 0 127 127 78 0 93 90 127 0 19 127 127 0 0 0 70
0 0 0 127 127 34 0 84.7131 40.3797 31.5612 25.9916 57.0283 0 58.9451
0 43.8186 58.9451 44.0767 0 0 18.1013 1.85654 127 80.4299 1 0 0 0 0
0 0 0 16 16 0 0 0 0 0 0 127 51 0;
egregore_data 0 0 127 0 0 127 0 0 0 0 0 0 0 0 0 127 38 0 127 0 0 0
0 0 0 0 0 0 0 100 0 0 127 127 78 0 93 90 127 0 19 127 127 0 0 0 70
0 0 0 127 127 34 0 84.6949 40.1822 31.4068 25.8644 56.7493 0 58.6568
0 43.7754 58.6568 44.2524 0 0 18.0127 1.84746 127 80.4299 1 0 0 0 0
0 0 0 16 16 0 0 0 0 0 0 127 51 0;
egregore_data 0 0 127 0 0 127 0 0 0 0 0 0 0 0 0 127 38 0 127 0 0 0
0 0 0 0 0 0 0 100 0 0 127 127 78 0 93 90 127 0 19 127 127 0 0 0 70
0 0 0 127 127 34 0 84.6949 40.1822 31.4068 25.8644 56.7493 0 58.6568
0 43.7754 58.6568 44.2524 0 0 18.0127 1.84746 127 80.4299 1 0 0 0 0
0 0 0 16 16 0 0 0 0 0 0 127 51 0;
egregore_data 0 0 127 0 0 127 0 0 0 0 0 0 0 0 0 127 38 0 127 0 0 0
0 0 0 0 0 0 0 100 0 0 127 127 78 0 93 90 127 0 19 127 127 0 0 0 70
0 0 0 127 127 34 0 84.6949 40.1822 31.4068 25.8644 56.7493 0 58.6568
0 43.7754 58.6568 44.2524 0 0 18.0127 1.84746 127 80.4299 1 0 0 0 0
0 0 0 16 16 0 0 0 0 0 0 127 51 0;
egregore_data 0 0 127 0 0 127 0 0 0 0 0 0 0 0 0 127 38 0 127 0 0 0
0 0 0 0 0 0 0 100 0 0 127 127 78 0 93 90 127 0 19 127 127 0 0 0 70
0 0 0 127 127 34 0 84.6949 40.1822 31.4068 25.8644 56.7493 0 58.6568
0 43.7754 58.6568 44.2524 0 0 18.0127 1.84746 127 80.4299 1 0 0 0 0
0 0 0 16 16 0 0 0 0 0 0 127 51 0;
egregore_data 0 0 127 0 0 127 0 0 0 0 0 0 0 0 0 127 38 0 127 0 0 0
0 0 0 0 0 0 0 100 0 0 127 127 78 0 93 90 127 0 19 127 127 0 0 0 70
0 0 0 127 127 34 0 84.6766 39.983 31.2511 25.7362 56.4679 0 58.366
0 43.7319 58.366 44.4297 0 0 17.9234 1.8383 127 80.4299 1 0 0 0 0 0
0 0 16 16 0 0 0 0 0 0 127 51 0;
egregore_data 0 0 127 0 0 127 0 0 0 0 0 0 0 0 0 127 38 0 127 0 0 0
0 0 0 0 0 0 0 100 0 0 127 127 78 0 93 90 127 0 19 127 127 0 0 0 70
0 0 0 127 127 34 0 84.6766 39.983 31.2511 25.7362 56.4679 0 58.366
0 43.7319 58.366 44.4297 0 0 17.9234 1.8383 127 80.4299 1 0 0 0 0 0
0 0 16 16 0 0 0 0 0 0 127 51 0;
egregore_data 0 0 127 0 0 127 0 0 0 0 0 0 0 0 0 127 38 0 127 0 0 0
0 0 0 0 0 0 0 100 0 0 127 127 78 0 93 90 127 0 19 127 127 0 0 0 70
0 0 0 127 127 34 0 84.6766 39.983 31.2511 25.7362 56.4679 0 58.366
0 43.7319 58.366 44.4297 0 0 17.9234 1.8383 127 80.4299 1 0 0 0 0 0
0 0 16 16 0 0 0 0 0 0 127 51 0;
egregore_data 0 0 127 0 0 127 0 0 0 0 0 0 0 0 0 127 38 0 127 0 0 0
0 0 0 0 0 0 0 100 0 0 127 127 78 0 93 90 127 0 19 127 127 0 0 0 70
0 0 0 127 127 34 0 84.6766 39.983 31.2511 25.7362 56.4679 0 58.366
0 43.7319 58.366 44.4297 0 0 17.9234 1.8383 127 80.4299 1 0 0 0 0 0
0 0 16 16 0 0 0 0 0 0 127 51 0;
END;
