HTTP/1.1 200 OK
Date: Thu, 28 May 2015 12:31:04 GMT
Server: Apache
Last-Modified: Wed, 27 May 2015 19:04:42 GMT
Accept-Ranges: bytes
Content-Length: 24569
Vary: Accept-Encoding
Connection: close
Content-Type: text/plain

chdh_egregore_live_data;
egregore_data 123 127 0 103 103 0 94 0 0 0 0 0 0 0 0 127 38 1 53.878
0 0 0 0 0 0 0 0 6 0 127 0 0 16.1634 127 78 1 0 0 127 0 0 30 127 0 0
0 70 0 0 0 0 127 34 0 53 99 83 0 0 0 0 32 0 0 21 0 40 0 0 127 88 0
0 0 0 0 0 0 0 16 16 0 0 0 0 0 0 127 51 0;
egregore_data 123 127 0 103 103 0 94 0 0 0 0 0 0 0 0 127 38 1 53.878
0 0 0 0 0 0 0 0 6 0 127 0 0 16.1634 127 78 1 0 0 127 0 0 30 127 0 0
0 70 0 0 0 0 127 34 0 53 99 83 0 0 0 0 32 0 0 21 0 40 0 0 127 88 0
0 0 0 0 0 0 0 16 16 0 0 0 0 0 0 127 51 0;
egregore_data 123 127 0 103 103 0 94 0 0 0 0 0 0 0 0 127 38 1 53.878
0 0 0 0 0 0 0 0 6 0 127 0 0 16.1634 127 78 1 0 0 127 0 0 30 127 0 0
0 70 0 0 0 0 127 34 0 53 99 83 0 0 0 0 32 0 0 21 0 40 0 0 127 88 0
0 0 0 0 0 0 0 16 16 0 0 0 0 0 0 127 51 0;
egregore_data 123 127 0 103 103 0 94 0 0 0 0 0 0 0 0 127 38 1 53.878
0 0 0 0 0 0 0 0 6 0 127 0 0 16.1634 127 78 1 0 0 127 0 0 30 127 0 0
0 70 0 0 0 0 127 34 0 53 99 83 0 0 0 0 32 0 0 21 0 40 0 0 127 88 0
0 0 0 0 0 0 0 16 16 0 0 0 0 0 0 127 51 0;
egregore_data 123 127 0 103 103 0 94 0 0 0 0 0 0 0 0 127 38 1 53.878
0 0 0 0 0 0 0 0 6 0 127 0 0 16.1634 127 78 1 0 0 127 0 0 30 127 0 0
0 70 0 0 0 0 127 34 0 53 99 83 0 0 0 0 32 0 0 21 0 40 0 0 127 88 0
0 0 0 0 0 0 0 16 16 0 0 0 0 0 0 127 51 0;
egregore_data 123 127 0 103 103 0 93 0 0 0 0 0 0 0 0 127 38 1 53.878
0 0 0 0 0 0 0 0 6 0 127 0 0 16.1634 127 78 1 0 0 127 0 0 30 127 0 0
0 70 0 0 0 0 127 34 0 53 99 83 0 0 0 0 32 0 0 21 0 40 0 0 127 88 0
0 0 0 0 0 0 0 16 16 0 0 0 0 0 0 127 51 0;
egregore_data 123 127 0 103 102 0 93 0 0 0 0 0 0 0 0 127 38 1 53.878
0 0 0 0 0 0 0 0 6 0 127 0 0 16.1634 127 78 1 0 0 127 0 0 30 127 0 0
0 70 0 0 0 0 127 34 0 53 99 83 0 0 0 0 32 0 0 21 0 40 0 0 127 88 0
0 0 0 0 0 0 0 16 16 0 0 0 0 0 0 127 51 0;
egregore_data 123 127 0 103 102 0 93 0 0 0 0 0 0 0 0 127 38 1 53.878
0 0 0 0 0 0 0 0 6 0 127 0 0 16.1634 127 78 1 0 0 127 0 0 30 127 0 0
0 70 0 0 0 0 127 34 0 53 99 83 0 0 0 0 32 0 0 21 0 40 0 0 127 88 0
0 0 0 0 0 0 0 16 16 0 0 0 0 0 0 127 51 0;
egregore_data 123 127 0 103 102 0 93 0 0 0 0 0 0 0 0 127 38 1 53.878
0 0 0 0 0 0 0 0 6 0 127 0 0 16.1634 127 78 1 0 0 127 0 0 30 127 0 0
0 70 0 0 0 0 127 34 0 53 99 83 0 0 0 0 32 0 0 21 0 40 0 0 127 88 0
0 0 0 0 0 0 0 16 16 0 0 0 0 0 0 127 51 0;
egregore_data 123 127 0 103 102 0 93 0 0 0 0 0 0 0 0 127 38 1 55.0492
0 0 0 0 0 0 0 0 6 0 127 0 0 16.5148 127 78 1 0 0 127 0 0 30 127 0 0
0 70 0 0 0 0 127 34 0 53 99 83 0 0 0 0 32 0 0 21 0 40 0 0 127 88 0
0 0 0 0 0 0 0 16 16 0 0 0 0 0 0 127 51 0;
egregore_data 123 127 0 103 102 0 93 0 0 0 0 0 0 0 0 127 38 1 55.0492
0 0 0 0 0 0 0 0 6 0 127 0 0 16.5148 127 78 1 0 0 127 0 0 30 127 0 0
0 70 0 0 0 0 127 34 0 53 99 83 0 0 0 0 32 0 0 21 0 40 0 0 127 88 0
0 0 0 0 0 0 0 16 16 0 0 0 0 0 0 127 51 0;
egregore_data 123 127 0 103 102 0 92 0 0 0 0 0 0 0 0 127 38 1 56.2205
0 0 0 0 0 0 0 0 6 0 127 0 0 16.8661 127 78 1 0 0 127 0 0 30 127 0 0
0 70 0 0 0 0 127 34 0 53 99 83 0 0 0 0 32 0 0 21 0 40 0 0 127 88 0
0 0 0 0 0 0 0 16 16 0 0 0 0 0 0 127 51 0;
egregore_data 123 127 0 103 102 0 92 0 0 0 0 0 0 0 0 127 38 1 56.2205
0 0 0 0 0 0 0 0 6 0 127 0 0 16.8661 127 78 1 0 0 127 0 0 30 127 0 0
0 70 0 0 0 0 127 34 0 53 99 83 0 0 0 0 32 0 0 21 0 40 0 0 127 88 0
0 0 0 0 0 0 0 16 16 0 0 0 0 0 0 127 51 0;
egregore_data 123 127 0 103 102 0 92 0 0 0 0 0 0 0 0 127 38 1 56.2205
0 0 0 0 0 0 0 0 6 0 127 0 0 16.8661 127 78 1 0 0 127 0 0 30 127 0 0
0 70 0 0 0 0 127 34 0 53 99 83 0 0 0 0 32 0 0 21 0 40 0 0 127 88 0
0 0 0 0 0 0 0 16 16 0 0 0 0 0 0 127 51 0;
egregore_data 123 127 0 103 102 0 92 0 0 0 0 0 0 0 0 127 38 1 56.2205
0 0 0 0 0 0 0 0 6 0 127 0 0 16.8661 127 78 1 0 0 127 0 0 30 127 0 0
0 70 0 0 0 0 127 34 0 53 99 83 0 0 0 0 32 0 0 21 0 40 0 0 127 88 0
0 0 0 0 0 0 0 16 16 0 0 0 0 0 0 127 51 0;
egregore_data 123 127 0 102 102 0 92 0 0 0 0 0 0 0 0 127 38 1 56.2205
0 0 0 0 0 0 0 0 6 0 127 0 0 16.8661 127 78 1 0 0 127 0 0 30 127 0 0
0 70 0 0 0 0 127 34 0 53 99 83 0 0 0 0 32 0 0 21 0 40 0 0 127 88 0
0 0 0 0 0 0 0 16 16 0 0 0 0 0 0 127 51 0;
egregore_data 123 127 0 102 102 0 92 0 0 0 0 0 0 0 0 127 38 1 56.2205
0 0 0 0 0 0 0 0 6 0 127 0 0 16.8661 127 78 1 0 0 127 0 0 30 127 0 0
0 70 0 0 0 0 127 34 0 53 99 83 0 0 0 0 32 0 0 21 0 40 0 0 127 88 0
0 0 0 0 0 0 0 16 16 0 0 0 0 0 0 127 51 0;
egregore_data 123 127 0 102 102 0 92 0 0 0 0 0 0 0 0 127 38 1 56.2205
0 0 0 0 0 0 0 0 6 0 127 0 0 16.8661 127 78 1 0 0 127 0 0 30 127 0 0
0 70 0 0 0 0 127 34 0 53 99 83 0 0 0 0 32 0 0 21 0 40 0 0 127 88 0
0 0 0 0 0 0 0 16 16 0 0 0 0 0 0 127 51 0;
egregore_data 123 127 0 102 102 0 92 0 0 0 0 0 0 0 0 127 38 1 56.2205
0 0 0 0 0 0 0 0 6 0 127 0 0 16.8661 127 78 1 0 0 127 0 0 30 127 0 0
0 70 0 0 0 0 127 34 0 53 99 83 0 0 0 0 32 0 0 21 0 40 0 0 127 88 0
0 0 0 0 0 0 0 16 16 0 0 0 0 0 0 127 51 0;
egregore_data 123 127 0 102 102 0 92 0 0 0 0 0 0 0 0 127 38 1 56.2205
0 0 0 0 0 0 0 0 6 0 127 0 0 16.8661 127 78 1 0 0 127 0 0 30 127 0 0
0 70 0 0 0 0 127 34 0 53 99 83 0 0 0 0 32 0 0 21 0 40 0 0 127 88 0
0 0 0 0 0 0 0 16 16 0 0 0 0 0 0 127 51 0;
egregore_data 123 127 0 100 100 0 92 0 0 0 0 0 0 0 0 127 38 1 56.2205
0 0 0 0 0 0 0 0 6 0 127 0 0 16.8661 127 78 1 0 0 127 0 0 30 127 0 0
0 70 0 0 0 0 127 34 0 53 99 83 0 0 0 0 32 0 0 21 0 40 0 0 127 88 0
0 0 0 0 0 0 0 16 16 0 0 0 0 0 0 127 51 0;
egregore_data 123 127 0 100 100 0 92 0 0 0 0 0 0 0 0 127 38 1 56.2205
0 0 0 0 0 0 0 0 6 0 127 0 0 16.8661 127 78 1 0 0 127 0 0 30 127 0 0
0 70 0 0 0 0 127 34 0 53 99 83 0 0 0 0 32 0 0 21 0 40 0 0 127 88 0
0 0 0 0 0 0 0 16 16 0 0 0 0 0 0 127 51 0;
egregore_data 123 127 0 100 100 0 92 0 0 0 0 0 0 0 0 127 38 1 56.2205
0 0 0 0 0 0 0 0 6 0 127 0 0 16.8661 127 78 1 0 0 127 0 0 30 127 0 0
0 70 0 0 0 0 127 34 0 53 99 83 0 0 0 0 32 0 0 21 0 40 0 0 127 88 0
0 0 0 0 0 0 0 16 16 0 0 0 0 0 0 127 51 0;
egregore_data 123 127 0 100 100 0 92 0 0 0 0 0 0 0 0 127 38 1 56.2205
0 0 0 0 0 0 0 0 6 0 127 0 0 16.8661 127 78 1 0 0 127 0 0 30 127 0 0
0 70 0 0 0 0 127 34 0 53 99 83 0 0 0 0 32 0 0 21 0 40 0 0 127 88 0
0 0 0 0 0 0 0 16 16 0 0 0 0 0 0 127 51 0;
egregore_data 123 127 0 100 100 0 92 0 0 0 0 0 0 0 0 127 38 1 56.2205
0 0 0 0 0 0 0 0 6 0 127 0 0 16.8661 127 78 1 0 0 127 0 0 30 127 0 0
0 70 0 0 0 0 127 34 0 53 99 83 0 0 0 0 32 0 0 21 0 40 0 0 127 88 0
0 0 0 0 0 0 0 16 16 0 0 0 0 0 0 127 51 0;
egregore_data 123 127 0 100 100 0 92 0 0 0 0 0 0 0 0 127 38 1 56.2205
0 0 0 0 0 0 0 0 6 0 127 0 0 16.8661 127 78 1 0 0 127 0 0 30 127 0 0
0 70 0 0 0 0 127 34 0 53 99 83 0 0 0 0 32 0 0 21 0 40 0 0 127 88 0
0 0 0 0 0 0 0 16 16 0 0 0 0 0 0 127 51 0;
egregore_data 123 127 0 100 100 0 92 0 0 0 0 0 0 0 0 127 38 1 56.2205
0 0 0 0 0 0 0 0 6 0 127 0 0 16.8661 127 78 1 0 0 127 0 0 30 127 0 0
0 70 0 0 0 0 127 34 0 53 99 83 0 0 0 0 32 0 0 21 0 40 0 0 127 88 0
0 0 0 0 0 0 0 16 16 0 0 0 0 0 0 127 51 0;
egregore_data 123 127 0 100 100 0 91 0 0 0 0 0 0 0 0 127 38 1 56.2205
0 0 0 0 0 0 0 0 6 0 127 0 0 16.8661 127 78 1 0 0 127 0 0 30 127 0 0
0 70 0 0 0 0 127 34 0 53 99 83 0 0 0 0 32 0 0 21 0 40 0 0 127 88 0
0 0 0 0 0 0 0 16 16 0 0 0 0 0 0 127 51 0;
egregore_data 123 127 0 100 100 0 91 0 0 0 0 0 0 0 0 127 38 1 56.2205
0 0 0 0 0 0 0 0 6 0 127 0 0 16.8661 127 78 1 0 0 127 0 0 30 127 0 0
0 70 0 0 0 0 127 34 0 53 99 83 0 0 0 0 32 0 0 21 0 40 0 0 127 88 0
0 0 0 0 0 0 0 16 16 0 0 0 0 0 0 127 51 0;
egregore_data 123 127 0 100 100 0 91 0 0 0 0 0 0 0 0 127 38 1 56.2205
0 0 0 0 0 0 0 0 6 0 127 0 0 16.8661 127 78 1 0 0 127 0 0 30 127 0 0
0 70 0 0 0 0 127 34 0 53 99 83 0 0 0 0 32 0 0 21 0 40 0 0 127 88 0
0 0 0 0 0 0 0 16 16 0 0 0 0 0 0 127 51 0;
egregore_data 123 127 0 100 100 0 91 0 0 0 0 0 0 0 0 127 38 1 56.2205
0 0 0 0 0 0 0 0 6 0 127 0 0 16.8661 127 78 1 0 0 127 0 0 30 127 0 0
0 70 0 0 0 0 127 34 0 53 99 83 0 0 0 0 32 0 0 21 0 40 0 0 127 88 0
0 0 0 0 0 0 0 16 16 0 0 0 0 0 0 127 51 0;
egregore_data 123 127 0 100 100 0 91 0 0 0 0 0 0 0 0 127 38 1 56.2205
0 0 0 0 0 0 0 0 6 0 127 0 0 16.8661 127 78 1 0 0 127 0 0 30 127 0 0
0 70 0 0 0 0 127 34 0 53 99 83 0 0 0 0 32 0 0 21 0 40 0 0 127 88 0
0 0 0 0 0 0 0 16 16 0 0 0 0 0 0 127 51 0;
egregore_data 123 127 0 100 100 0 91 0 0 0 0 0 0 0 0 127 38 1 56.2205
0 0 0 0 0 0 0 0 6 0 127 0 0 16.8661 127 78 1 0 0 127 0 0 30 127 0 0
0 70 0 0 0 0 127 34 0 53 99 83 0 0 0 0 32 0 0 21 0 40 0 0 127 88 0
0 0 0 0 0 0 0 16 16 0 0 0 0 0 0 127 51 0;
egregore_data 123 127 0 100 100 0 91 0 0 0 0 0 0 0 0 127 38 1 56.2205
0 0 0 0 0 0 0 0 6 0 127 0 0 16.8661 127 78 1 0 0 127 0 0 30 127 0 0
0 70 0 0 0 0 127 34 0 53 99 83 0 0 0 0 32 0 0 21 0 40 0 0 127 88 0
0 0 0 0 0 0 0 16 16 0 0 0 0 0 0 127 51 0;
egregore_data 123 127 0 100 100 0 91 0 0 0 0 0 0 0 0 127 38 1 56.2205
0 0 0 0 0 0 0 0 6 0 127 0 0 16.8661 127 78 1 0 0 127 0 0 30 127 0 0
0 70 0 0 0 0 127 34 0 53 99 83 0 0 0 0 32 0 0 21 0 40 0 0 127 88 0
0 0 0 0 0 0 0 16 16 0 0 0 0 0 0 127 51 0;
egregore_data 123 127 0 100 100 0 91 0 0 0 0 0 0 0 0 127 38 1 56.2205
0 0 0 0 0 0 0 0 6 0 127 0 0 16.8661 127 78 1 0 0 127 0 0 30 127 0 0
0 70 0 0 0 0 127 34 0 53 99 83 0 0 0 0 32 0 0 21 0 40 0 0 127 88 0
0 0 0 0 0 0 0 16 16 0 0 0 0 0 0 127 51 0;
egregore_data 123 127 0 100 100 0 91 0 0 0 0 0 0 0 0 127 38 1 57.3917
0 0 0 0 0 0 0 0 6 0 127 0 0 17.2175 127 78 1 0 0 127 0 0 30 127 0 0
0 70 0 0 0 0 127 34 0 53 99 83 0 0 0 0 32 0 0 21 0 40 0 0 127 88 0
0 0 0 0 0 0 0 16 16 0 0 0 0 0 0 127 51 0;
egregore_data 123 127 0 100 100 0 91 0 0 0 0 0 0 0 0 127 38 1 57.3917
0 0 0 0 0 0 0 0 6 0 127 0 0 17.2175 127 78 1 0 0 127 0 0 30 127 0 0
0 70 0 0 0 0 127 34 0 53 99 83 0 0 0 0 32 0 0 21 0 40 0 0 127 88 0
0 0 0 0 0 0 0 16 16 0 0 0 0 0 0 127 51 0;
egregore_data 123 127 0 100 100 0 91 0 0 0 0 0 0 0 0 127 38 1 57.3917
0 0 0 0 0 0 0 0 6 0 127 0 0 17.2175 127 78 1 0 0 127 0 0 30 127 0 0
0 70 0 0 0 0 127 34 0 53 99 83 0 0 0 0 32 0 0 21 0 40 0 0 127 88 0
0 0 0 0 0 0 0 16 16 0 0 0 0 0 0 127 51 0;
egregore_data 123 127 0 100 100 0 91 0 0 0 0 0 0 0 0 127 38 1 59.7342
0 0 0 0 0 0 0 0 6 0 127 0 0 17.9203 127 78 1 0 0 127 0 0 30 127 0 0
0 70 0 0 0 0 127 34 0 53 99 83 0 0 0 0 32 0 0 21 0 40 0 0 127 88 0
0 0 0 0 0 0 0 16 16 0 0 0 0 0 0 127 51 0;
egregore_data 123 127 0 100 100 0 91 0 0 0 0 0 0 0 0 127 38 1 59.7342
0 0 0 0 0 0 0 0 6 0 127 0 0 17.9203 127 78 1 0 0 127 0 0 30 127 0 0
0 70 0 0 0 0 127 34 0 53 99 83 0 0 0 0 32 0 0 21 0 40 0 0 127 88 0
0 0 0 0 0 0 0 16 16 0 0 0 0 0 0 127 51 0;
egregore_data 123 127 0 100 100 0 91 0 0 0 0 0 0 0 0 127 38 1 59.7342
0 0 0 0 0 0 0 0 6 0 127 0 0 17.9203 127 78 1 0 0 127 0 0 30 127 0 0
0 70 0 0 0 0 127 34 0 53 99 83 0 0 0 0 32 0 0 21 0 40 0 0 127 88 0
0 0 0 0 0 0 0 16 16 0 0 0 0 0 0 127 51 0;
egregore_data 123 127 0 100 100 0 91 0 0 0 0 0 0 0 0 127 38 1 59.7342
0 0 0 0 0 0 0 0 6 0 127 0 0 17.9203 127 78 1 0 0 127 0 0 30 127 0 0
0 70 0 0 0 0 127 34 0 53 99 83 0 0 0 0 32 0 0 21 0 40 0 0 127 88 0
0 0 0 0 0 0 0 16 16 0 0 0 0 0 0 127 51 0;
egregore_data 123 127 0 100 100 0 91 0 0 0 0 0 0 0 0 127 38 1 59.7342
0 0 0 0 0 0 0 0 6 0 127 0 0 17.9203 127 78 1 0 0 127 0 0 30 127 0 0
0 70 0 0 0 0 127 34 0 53 99 83 0 0 0 0 32 0 0 21 0 40 0 0 127 88 0
0 0 0 0 0 0 0 16 16 0 0 0 0 0 0 127 51 0;
egregore_data 123 127 0 100 100 0 91 0 0 0 0 0 0 0 0 127 38 1 59.7342
0 0 0 0 0 0 0 0 6 0 127 0 0 17.9203 127 78 1 0 0 127 0 0 30 127 0 0
0 70 0 0 0 0 127 34 0 53 99 83 0 0 0 0 32 0 0 21 0 40 0 0 127 88 0
0 0 0 0 0 0 0 16 16 0 0 0 0 0 0 127 51 0;
egregore_data 123 127 0 100 100 0 90 0 0 0 0 0 0 0 0 127 38 1 60.9055
0 0 0 0 0 0 0 0 6 0 127 0 0 18.2717 127 78 1 0 0 127 0 0 30 127 0 0
0 70 0 0 0 0 127 34 0 53 99 83 0 0 0 0 32 0 0 21 0 40 0 0 127 88 0
0 0 0 0 0 0 0 16 16 0 0 0 0 0 0 127 51 0;
egregore_data 123 127 0 99 98 0 90 0 0 0 0 0 0 0 0 127 38 1 60.9055
0 0 0 0 0 0 0 0 6 0 127 0 0 18.2717 127 78 1 0 0 127 0 0 30 127 0 0
0 70 0 0 0 0 127 34 0 53 99 83 0 0 0 0 32 0 0 21 0 40 0 0 127 88 0
0 0 0 0 0 0 0 16 16 0 0 0 0 0 0 127 51 0;
egregore_data 123 127 0 99 98 0 89 0 0 0 0 0 0 0 0 127 38 1 60.9055
0 0 0 0 0 0 0 0 6 0 127 0 0 18.2717 127 78 1 0 0 127 0 0 30 127 0 0
0 70 0 0 0 0 127 34 0 53 99 83 0 0 0 0 32 0 0 21 0 40 0 0 127 88 0
0 0 0 0 0 0 0 16 16 0 0 0 0 0 0 127 51 0;
egregore_data 123 127 0 99 98 0 89 0 0 0 0 0 0 0 0 127 38 1 60.9055
0 0 0 0 0 0 0 0 6 0 127 0 0 18.2717 127 78 1 0 0 127 0 0 30 127 0 0
0 70 0 0 0 0 127 34 0 53 99 83 0 0 0 0 32 0 0 21 0 40 0 0 127 88 0
0 0 0 0 0 0 0 16 16 0 0 0 0 0 0 127 51 0;
egregore_data 123 127 0 99 98 0 89 0 0 0 0 0 0 0 0 127 38 1 60.9055
0 0 0 0 0 0 0 0 6 0 127 0 0 18.2717 127 78 1 0 0 127 0 0 30 127 0 0
0 70 0 0 0 0 127 34 0 53 99 83 0 0 0 0 32 0 0 21 0 40 0 0 127 88 0
0 0 0 0 0 0 0 16 16 0 0 0 0 0 0 127 51 0;
egregore_data 123 127 0 99 98 0 89 0 0 0 0 0 0 0 0 127 38 1 60.9055
0 0 0 0 0 0 0 0 6 0 127 0 0 18.2717 127 78 1 0 0 127 0 0 30 127 0 0
0 70 0 0 0 0 127 34 0 53 99 83 0 0 0 0 32 0 0 21 0 40 0 0 127 88 0
0 0 0 0 0 0 0 16 16 0 0 0 0 0 0 127 51 0;
egregore_data 123 127 0 99 98 0 89 0 0 0 0 0 0 0 0 127 38 1 60.9055
0 0 0 0 0 0 0 0 6 0 127 0 0 18.2717 127 78 1 0 0 127 0 0 30 127 0 0
0 70 0 0 0 0 127 34 0 53 99 83 0 0 0 0 32 0 0 21 0 40 0 0 127 88 0
0 0 0 0 0 0 0 16 16 0 0 0 0 0 0 127 51 0;
egregore_data 123 127 0 99 98 0 89 0 0 0 0 0 0 0 0 127 38 1 60.9055
0 0 0 0 0 0 0 0 6 0 127 0 0 18.2717 127 78 1 0 0 127 0 0 30 127 0 0
0 70 0 0 0 0 127 34 0 53 99 83 0 0 0 0 32 0 0 21 0 40 0 0 127 88 0
0 0 0 0 0 0 0 16 16 0 0 0 0 0 0 127 51 0;
egregore_data 123 127 0 99 98 0 89 0 0 0 0 0 0 0 0 127 38 1 60.9055
0 0 0 0 0 0 0 0 6 0 127 0 0 18.2717 127 78 1 0 0 127 0 0 30 127 0 0
0 70 0 0 0 0 127 34 0 53 99 83 0 0 0 0 32 0 0 21 0 40 0 0 127 88 0
0 0 0 0 0 0 0 16 16 0 0 0 0 0 0 127 51 0;
egregore_data 123 127 0 99 98 0 89 0 0 0 0 0 0 0 0 127 38 1 60.9055
0 0 0 0 0 0 0 0 6 0 127 0 0 18.2717 127 78 1 0 0 127 0 0 30 127 0 0
0 70 0 0 0 0 127 34 0 53 99 83 0 0 0 0 32 0 0 21 0 40 0 0 127 88 0
0 0 0 0 0 0 0 16 16 0 0 0 0 0 0 127 51 0;
egregore_data 123 127 0 99 98 0 89 0 0 0 0 0 0 0 0 127 38 1 60.9055
0 0 0 0 0 0 0 0 6 0 127 0 0 18.2717 127 78 1 0 0 127 0 0 30 127 0 0
0 70 0 0 0 0 127 34 0 53 99 83 0 0 0 0 32 0 0 21 0 40 0 0 127 88 0
0 0 0 0 0 0 0 16 16 0 0 0 0 0 0 127 51 0;
egregore_data 123 127 0 99 98 0 89 0 0 0 0 0 0 0 0 127 38 1 62.0768
0 0 0 0 0 0 0 0 6 0 127 0 0 18.623 127 78 1 0 0 127 0 0 30 127 0 0
0 70 0 0 0 0 127 34 0 53 99 83 0 0 0 0 32 0 0 21 0 40 0 0 127 88 0
0 0 0 0 0 0 0 16 16 0 0 0 0 0 0 127 51 0;
egregore_data 123 127 0 99 98 0 89 0 0 0 0 0 0 0 0 127 38 1 62.0768
0 0 0 0 0 0 0 0 6 0 127 0 0 18.623 127 78 1 0 0 127 0 0 30 127 0 0
0 70 0 0 0 0 127 34 0 53 99 83 0 0 0 0 32 0 0 21 0 40 0 0 127 88 0
0 0 0 0 0 0 0 16 16 0 0 0 0 0 0 127 51 0;
egregore_data 123 127 0 99 96 0 89 0 0 0 0 0 0 0 0 127 38 1 62.0768
0 0 0 0 0 0 0 0 6 0 127 0 0 18.623 127 78 1 0 0 127 0 0 30 127 0 0
0 70 0 0 0 0 127 34 0 53 99 83 0 0 0 0 32 0 0 21 0 40 0 0 127 88 0
0 0 0 0 0 0 0 16 16 0 0 0 0 0 0 127 51 0;
egregore_data 123 127 0 97 96 0 89 0 0 0 0 0 0 0 0 127 38 1 62.0768
0 0 0 0 0 0 0 0 6 0 127 0 0 18.623 127 78 1 0 0 127 0 0 30 127 0 0
0 70 0 0 0 0 127 34 0 53 99 83 0 0 0 0 32 0 0 21 0 40 0 0 127 88 0
0 0 0 0 0 0 0 16 16 0 0 0 0 0 0 127 51 0;
egregore_data 123 127 0 96 94 0 87 0 0 0 0 0 0 0 0 127 38 1 62.0768
0 0 0 0 0 0 0 0 6 0 127 0 0 18.623 127 78 1 0 0 127 0 0 30 127 0 0
0 70 0 0 0 0 127 34 0 53 99 83 0 0 0 0 32 0 0 21 0 40 0 0 127 88 0
0 0 0 0 0 0 0 16 16 0 0 0 0 0 0 127 51 0;
egregore_data 123 127 0 96 94 0 87 0 0 0 0 0 0 0 0 127 38 1 62.0768
0 0 0 0 0 0 0 0 6 0 127 0 0 18.623 127 78 1 0 0 127 0 0 30 127 0 0
0 70 0 0 0 0 127 34 0 53 99 83 0 0 0 0 32 0 0 21 0 40 0 0 127 88 0
0 0 0 0 0 0 0 16 16 0 0 0 0 0 0 127 51 0;
egregore_data 123 127 0 96 94 0 86 0 0 0 0 0 0 0 0 127 38 1 62.0768
0 0 0 0 0 0 0 0 6 0 127 0 0 18.623 127 78 1 0 0 127 0 0 30 127 0 0
0 70 0 0 0 0 127 34 0 53 99 83 0 0 0 0 32 0 0 21 0 40 0 0 127 88 0
0 0 0 0 0 0 0 16 16 0 0 0 0 0 0 127 51 0;
egregore_data 123 127 0 96 94 0 86 0 0 0 0 0 0 0 0 127 38 1 62.0768
0 0 0 0 0 0 0 0 6 0 127 0 0 18.623 127 78 1 0 0 127 0 0 30 127 0 0
0 70 0 0 0 0 127 34 0 53 99 83 0 0 0 0 32 0 0 21 0 40 0 0 127 88 0
0 0 0 0 0 0 0 16 16 0 0 0 0 0 0 127 51 0;
egregore_data 123 127 0 96 94 0 86 0 0 0 0 0 0 0 0 127 38 1 62.0768
0 0 0 0 0 0 0 0 6 0 127 0 0 18.623 127 78 1 0 0 127 0 0 30 127 0 0
0 70 0 0 0 0 127 34 0 53 99 83 0 0 0 0 32 0 0 21 0 40 0 0 127 88 0
0 0 0 0 0 0 0 16 16 0 0 0 0 0 0 127 51 0;
egregore_data 123 127 0 96 93 0 86 0 0 0 0 0 0 0 0 127 38 1 62.0768
0 0 0 0 0 0 0 0 6 0 127 0 0 18.623 127 78 1 0 0 127 0 0 30 127 0 0
0 70 0 0 0 0 127 34 0 53 99 83 0 0 0 0 32 0 0 21 0 40 0 0 127 88 0
0 0 0 0 0 0 0 16 16 0 0 0 0 0 0 127 51 0;
egregore_data 123 127 0 96 93 0 86 0 0 0 0 0 0 0 0 127 38 1 62.0768
0 0 0 0 0 0 0 0 6 0 127 0 0 18.623 127 78 1 0 0 127 0 0 30 127 0 0
0 70 0 0 0 0 127 34 0 53 99 83 0 0 0 0 32 0 0 21 0 40 0 0 127 88 0
0 0 0 0 0 0 0 16 16 0 0 0 0 0 0 127 51 0;
egregore_data 123 127 0 96 93 0 86 0 0 0 0 0 0 0 0 127 38 1 62.0768
0 0 0 0 0 0 0 0 6 0 127 0 0 18.623 127 78 1 0 0 127 0 0 30 127 0 0
0 70 0 0 0 0 127 34 0 53 99 83 0 0 0 0 32 0 0 21 0 40 0 0 127 88 0
0 0 0 0 0 0 0 16 16 0 0 0 0 0 0 127 51 0;
egregore_data 123 127 0 94 93 0 85 0 0 0 0 0 0 0 0 127 38 1 62.0768
0 0 0 0 0 0 0 0 6 0 127 0 0 18.623 127 78 1 0 0 127 0 0 30 127 0 0
0 70 0 0 0 0 127 34 0 53 99 83 0 0 0 0 32 0 0 21 0 40 0 0 127 88 0
0 0 0 0 0 0 0 16 16 0 0 0 0 0 0 127 51 0;
egregore_data 123 127 0 94 93 0 85 0 0 0 0 0 0 0 0 127 38 1 62.0768
0 0 0 0 0 0 0 0 6 0 127 0 0 18.623 127 78 1 0 0 127 0 0 30 127 0 0
0 70 0 0 0 0 127 34 0 53 99 83 0 0 0 0 32 0 0 21 0 40 0 0 127 88 0
0 0 0 0 0 0 0 16 16 0 0 0 0 0 0 127 51 0;
egregore_data 123 127 0 94 93 0 85 0 0 0 0 0 0 0 0 127 38 1 62.0768
0 0 0 0 0 0 0 0 6 0 127 0 0 18.623 127 78 1 0 0 127 0 0 30 127 0 0
0 70 0 0 0 0 127 34 0 53 99 83 0 0 0 0 32 0 0 21 0 40 0 0 127 88 0
0 0 0 0 0 0 0 16 16 0 0 0 0 0 0 127 51 0;
egregore_data 123 127 0 94 92 0 85 0 0 0 0 0 0 0 0 127 38 1 62.0768
0 0 0 0 0 0 0 0 6 0 127 0 0 18.623 127 78 1 0 0 127 0 0 30 127 0 0
0 70 0 0 0 0 127 34 0 53 99 83 0 0 0 0 32 0 0 21 0 40 0 0 127 88 0
0 0 0 0 0 0 0 16 16 0 0 0 0 0 0 127 51 0;
egregore_data 123 127 0 94 92 0 85 0 0 0 0 0 0 0 0 127 38 1 62.0768
0 0 0 0 0 0 0 0 6 0 127 0 0 18.623 127 78 1 0 0 127 0 0 30 127 0 0
0 70 0 0 0 0 127 34 0 53 99 83 0 0 0 0 32 0 0 21 0 40 0 0 127 88 0
0 0 0 0 0 0 0 16 16 0 0 0 0 0 0 127 51 0;
egregore_data 123 127 0 93 91 0 85 0 0 0 0 0 0 0 0 127 38 1 62.0768
0 0 0 0 0 0 0 0 6 0 127 0 0 18.623 127 78 1 0 0 127 0 0 30 127 0 0
0 70 0 0 0 0 127 34 0 53 99 83 0 0 0 0 32 0 0 21 0 40 0 0 127 88 0
0 0 0 0 0 0 0 16 16 0 0 0 0 0 0 127 51 0;
egregore_data 123 127 0 93 91 0 84 0 0 0 0 0 0 0 0 127 38 1 62.0768
0 0 0 0 0 0 0 0 6 0 127 0 0 18.623 127 78 1 0 0 127 0 0 30 127 0 0
0 70 0 0 0 0 127 34 0 53 99 83 0 0 0 0 32 0 0 21 0 40 0 0 127 88 0
0 0 0 0 0 0 0 16 16 0 0 0 0 0 0 127 51 0;
egregore_data 123 127 0 93 91 0 84 0 0 0 0 0 0 0 0 127 38 1 62.0768
0 0 0 0 0 0 0 0 6 0 127 0 0 18.623 127 78 1 0 0 127 0 0 30 127 0 0
0 70 0 0 0 0 127 34 0 53 99 83 0 0 0 0 32 0 0 21 0 40 0 0 127 88 0
0 0 0 0 0 0 0 16 16 0 0 0 0 0 0 127 51 0;
egregore_data 123 127 0 93 91 0 84 0 0 0 0 0 0 0 0 127 38 1 62.0768
0 0 0 0 0 0 0 0 6 0 127 0 0 18.623 127 78 1 0 0 127 0 0 30 127 0 0
0 70 0 0 0 0 127 34 0 53 99 83 0 0 0 0 32 0 0 21 0 40 0 0 127 88 0
0 0 0 0 0 0 0 16 16 0 0 0 0 0 0 127 51 0;
egregore_data 123 127 0 93 91 0 84 0 0 0 0 0 0 0 0 127 38 1 62.0768
0 0 0 0 0 0 0 0 6 0 127 0 0 18.623 127 78 1 0 0 127 0 0 30 127 0 0
0 70 0 0 0 0 127 34 0 53 99 83 0 0 0 0 32 0 0 21 0 40 0 0 127 88 0
0 0 0 0 0 0 0 16 16 0 0 0 0 0 0 127 51 0;
egregore_data 123 127 0 93 91 0 84 0 0 0 0 0 0 0 0 127 38 1 62.0768
0 0 0 0 0 0 0 0 6 0 127 0 0 18.623 127 78 1 0 0 127 0 0 30 127 0 0
0 70 0 0 0 0 127 34 0 53 99 83 0 0 0 0 32 0 0 21 0 40 0 0 127 88 0
0 0 0 0 0 0 0 16 16 0 0 0 0 0 0 127 51 0;
egregore_data 123 127 0 93 91 0 84 0 0 0 0 0 0 0 0 127 38 1 62.0768
0 0 0 0 0 0 0 0 6 0 127 0 0 18.623 127 78 1 0 0 127 0 0 30 127 0 0
0 70 0 0 0 0 127 34 0 53 99 83 0 0 0 0 32 0 0 21 0 40 0 0 127 88 0
0 0 0 0 0 0 0 16 16 0 0 0 0 0 0 127 51 0;
egregore_data 123 127 0 93 91 0 84 0 0 0 0 0 0 0 0 127 38 1 62.0768
0 0 0 0 0 0 0 0 6 0 127 0 0 18.623 127 78 1 0 0 127 0 0 30 127 0 0
0 70 0 0 0 0 127 34 0 53 99 83 0 0 0 0 32 0 0 21 0 40 0 0 127 88 0
0 0 0 0 0 0 0 16 16 0 0 0 0 0 0 127 51 0;
egregore_data 123 127 0 93 91 0 84 0 0 0 0 0 0 0 0 127 38 1 62.0768
0 0 0 0 0 0 0 0 6 0 127 0 0 18.623 127 78 1 0 0 127 0 0 30 127 0 0
0 70 0 0 0 0 127 34 0 53 99 83 0 0 0 0 32 0 0 21 0 40 0 0 127 88 0
0 0 0 0 0 0 0 16 16 0 0 0 0 0 0 127 51 0;
egregore_data 123 127 0 93 91 0 84 0 0 0 0 0 0 0 0 127 38 1 62.0768
0 0 0 0 0 0 0 0 6 0 127 0 0 18.623 127 78 1 0 0 127 0 0 30 127 0 0
0 70 0 0 0 0 127 34 0 53 99 83 0 0 0 0 32 0 0 21 0 40 0 0 127 88 0
0 0 0 0 0 0 0 16 16 0 0 0 0 0 0 127 51 0;
egregore_data 123 127 0 93 91 0 84 0 0 0 0 0 0 0 0 127 38 1 62.0768
0 0 0 0 0 0 0 0 6 0 127 0 0 18.623 127 78 1 0 0 127 0 0 30 127 0 0
0 70 0 0 0 0 127 34 0 53 99 83 0 0 0 0 32 0 0 21 0 40 0 0 127 88 0
0 0 0 0 0 0 0 16 16 0 0 0 0 0 0 127 51 0;
egregore_data 123 127 0 93 91 0 84 0 0 0 0 0 0 0 0 127 38 1 62.0768
0 0 0 0 0 0 0 0 6 0 127 0 0 18.623 127 78 1 0 0 127 0 0 30 127 0 0
0 70 0 0 0 0 127 34 0 53 99 83 0 0 0 0 32 0 0 21 0 40 0 0 127 88 0
0 0 0 0 0 0 0 16 16 0 0 0 0 0 0 127 51 0;
egregore_data 123 127 0 93 91 0 84 0 0 0 0 0 0 0 0 127 38 1 62.0768
0 0 0 0 0 0 0 0 6 0 127 0 0 18.623 127 78 1 0 0 127 0 0 30 127 0 0
0 70 0 0 0 0 127 34 0 53 99 83 0 0 0 0 32 0 0 21 0 40 0 0 127 88 0
0 0 0 0 0 0 0 16 16 0 0 0 0 0 0 127 51 0;
egregore_data 123 127 0 93 91 0 84 0 0 0 0 0 0 0 0 127 38 1 63.248
0 0 0 0 0 0 0 0 6 0 127 0 0 18.9744 127 78 1 0 0 127 0 0 30 127 0 0
0 70 0 0 0 0 127 34 0 53 99 83 0 0 0 0 32 0 0 21 0 40 0 0 127 88 0
0 0 0 0 0 0 0 16 16 0 0 0 0 0 0 127 51 0;
egregore_data 123 127 0 93 91 0 84 0 0 0 0 0 0 0 0 127 38 1 63.248
0 0 0 0 0 0 0 0 6 0 127 0 0 18.9744 127 78 1 0 0 127 0 0 30 127 0 0
0 70 0 0 0 0 127 34 0 53 99 83 0 0 0 0 32 0 0 21 0 40 0 0 127 88 0
0 0 0 0 0 0 0 16 16 0 0 0 0 0 0 127 51 0;
egregore_data 123 127 0 93 91 0 84 0 0 0 0 0 0 0 0 127 38 1 63.248
0 0 0 0 0 0 0 0 6 0 127 0 0 18.9744 127 78 1 0 0 127 0 0 30 127 0 0
0 70 0 0 0 0 127 34 0 53 99 83 0 0 0 0 32 0 0 21 0 40 0 0 127 88 0
0 0 0 0 0 0 0 16 16 0 0 0 0 0 0 127 51 0;
egregore_data 122 127 0 93 91 0 84 0 0 0 0 0 0 0 0 127 38 1 63.248
0 0 0 0 0 0 0 0 6 0 127 0 0 18.9744 127 78 1 0 0 127 0 0 30 127 0 0
0 70 0 0 0 0 127 34 0 53 99 83 0 0 0 0 32 0 0 21 0 40 0 0 127 88 0
0 0 0 0 0 0 0 16 16 0 0 0 0 0 0 127 51 0;
egregore_data 122 127 0 93 91 0 84 0 0 0 0 0 0 0 0 127 38 1 63.248
0 0 0 0 0 0 0 0 6 0 127 0 0 18.9744 127 78 1 0 0 127 0 0 30 127 0 0
0 70 0 0 0 0 127 34 0 53 99 83 0 0 0 0 32 0 0 21 0 40 0 0 127 88 0
0 0 0 0 0 0 0 16 16 0 0 0 0 0 0 127 51 0;
egregore_data 122 125 0 93 91 0 84 0 0 0 0 0 0 0 0 127 38 1 63.248
0 0 0 0 0 0 0 0 6 0 127 0 0 18.9744 127 78 1 0 0 127 0 0 30 127 0 0
0 70 0 0 0 0 127 34 0 53 99 83 0 0 0 0 32 0 0 21 0 40 0 0 127 88 0
0 0 0 0 0 0 0 16 16 0 0 0 0 0 0 127 51 0;
egregore_data 121 125 0 93 91 0 83 0 0 0 0 0 0 0 0 127 38 1 63.248
0 0 0 0 0 0 0 0 6 0 127 0 0 18.9744 127 78 1 0 0 127 0 0 30 127 0 0
0 70 0 0 0 0 127 34 0 53 99 83 0 0 0 0 32 0 0 21 0 40 0 0 127 88 0
0 0 0 0 0 0 0 16 16 0 0 0 0 0 0 127 51 0;
egregore_data 119 123 0 93 91 0 83 0 0 0 0 0 0 0 0 127 38 1 63.248
0 0 0 0 0 0 0 0 6 0 127 0 0 18.9744 127 78 1 0 0 127 0 0 30 127 0 0
0 70 0 0 0 0 127 34 0 53 99 83 0 0 0 0 32 0 0 21 0 40 0 0 127 88 0
0 0 0 0 0 0 0 16 16 0 0 0 0 0 0 127 51 0;
egregore_data 118 123 0 93 91 0 83 0 0 0 0 0 0 0 0 127 38 1 63.248
0 0 0 0 0 0 0 0 6 0 127 0 0 18.9744 127 78 1 0 0 127 0 0 30 127 0 0
0 70 0 0 0 0 127 34 0 53 99 83 0 0 0 0 32 0 0 21 0 40 0 0 127 88 0
0 0 0 0 0 0 0 16 16 0 0 0 0 0 0 127 51 0;
egregore_data 118 121 0 93 91 0 83 0 0 0 0 0 0 0 0 127 38 1 63.248
0 0 0 0 0 0 0 0 6 0 127 0 0 18.9744 127 78 1 0 0 127 0 0 30 127 0 0
0 70 0 0 0 0 127 34 0 53 99 83 0 0 0 0 32 0 0 21 0 40 0 0 127 88 0
0 0 0 0 0 0 0 16 16 0 0 0 0 0 0 127 51 0;
egregore_data 117 119 0 93 91 0 83 0 0 0 0 0 0 0 0 127 38 1 63.248
0 0 0 0 0 0 0 0 6 0 127 0 0 18.9744 127 78 1 0 0 127 0 0 30 127 0 0
0 70 0 0 0 0 127 34 0 53 99 83 0 0 0 0 32 0 0 21 0 40 0 0 127 88 0
0 0 0 0 0 0 0 16 16 0 0 0 0 0 0 127 51 0;
egregore_data 117 121 0 93 91 0 83 0 0 0 0 0 0 0 0 127 38 1 63.248
0 0 0 0 0 0 0 0 6 0 127 0 0 18.9744 127 78 1 0 0 127 0 0 30 127 0 0
0 70 0 0 0 0 127 34 0 53 99 83 0 0 0 0 32 0 0 21 0 40 0 0 127 88 0
0 0 0 0 0 0 0 16 16 0 0 0 0 0 0 127 51 0;
egregore_data 117 121 0 93 91 0 83 0 0 0 0 0 0 0 0 127 38 1 63.248
0 0 0 0 0 0 0 0 6 0 127 0 0 18.9744 127 78 1 0 0 127 0 0 30 127 0 0
0 70 0 0 0 0 127 34 0 53 99 83 0 0 0 0 32 0 0 21 0 40 0 0 127 88 0
0 0 0 0 0 0 0 16 16 0 0 0 0 0 0 127 51 0;
egregore_data 117 121 0 93 91 0 83 0 0 0 0 0 0 0 0 127 38 1 63.248
0 0 0 0 0 0 0 0 6 0 127 0 0 18.9744 127 78 1 0 0 127 0 0 30 127 0 0
0 70 0 0 0 0 127 34 0 53 99 83 0 0 0 0 32 0 0 21 0 40 0 0 127 88 0
0 0 0 0 0 0 0 16 16 0 0 0 0 0 0 127 51 0;
END;
