HTTP/1.1 200 OK
Date: Thu, 28 May 2015 12:25:40 GMT
Server: Apache
Last-Modified: Wed, 27 May 2015 19:33:22 GMT
Accept-Ranges: bytes
Content-Length: 29436
Vary: Accept-Encoding
Connection: close
Content-Type: text/plain

chdh_egregore_live_data;
egregore_data 0 0 127 0 0 127 0 0 0 0 0 0 0 0 0 127 38 0 127 0 0 0
0 0 0 0 0 0 0 100 0 0 127 127 78 0 93 90 127 0 19 127 127 0 0 0 70
0 0 0 127 127 34 0 82.4394 17.2955 16 122.189 3.63636 0 23.0909 66.6667
18.4167 67 69.8712 0 0 41.5076 0 127 59.0911 1 0 0 0 0 0 0 0 16 16
0 0 0 0 0 0 127 51 0;
egregore_data 0 0 127 0 0 127 0 0 0 0 0 0 0 0 0 127 38 0 127 0 0 0
0 0 0 0 0 0 0 100 0 0 127 127 78 0 93 90 127 0 19 127 127 0 0 0 70
0 0 0 127 127 34 0 82.4394 17.2955 16 122.189 3.63636 0 23.0909 66.6667
18.4167 67 69.8712 0 0 41.5076 0 127 59.0911 1 0 0 0 0 0 0 0 16 16
0 0 0 0 0 0 127 51 0;
egregore_data 0 0 127 0 0 127 0 0 0 0 0 0 0 0 0 127 38 0 127 0 0 0
0 0 0 0 0 0 0 100 0 0 127 127 78 0 93 90 127 0 19 127 127 0 0 0 70
0 0 0 127 127 34 0 82.4394 17.2955 16 122.189 3.63636 0 23.0909 66.6667
18.4167 67 69.8712 0 0 41.5076 0 127 59.0911 1 0 0 0 0 0 0 0 16 16
0 0 0 0 0 0 127 51 0;
egregore_data 0 0 127 0 0 127 0 0 0 0 0 0 0 0 0 127 38 0 127 0 0 0
0 0 0 0 0 0 0 100 0 0 127 127 78 0 93 90 127 0 19 127 127 0 0 0 70
0 0 0 127 127 34 0 82.4394 17.2955 16 122.189 3.63636 0 23.0909 66.6667
18.4167 67 69.8712 0 0 41.5076 0 127 59.0911 1 0 0 0 0 0 0 0 16 16
0 0 0 0 0 0 127 51 0;
egregore_data 0 0 127 0 0 127 0 0 0 0 0 0 0 0 0 127 38 0 127 0 0 0
0 0 0 0 0 0 0 100 0 0 127 127 78 0 93 90 127 0 19 127 127 0 0 0 70
0 0 0 127 127 34 0 82.4394 17.2955 16 122.189 3.63636 0 23.0909 66.6667
18.4167 67 69.8712 0 0 41.5076 0 127 59.0911 1 0 0 0 0 0 0 0 16 16
0 0 0 0 0 0 127 51 0;
egregore_data 0 0 127 0 0 127 0 0 0 0 0 0 0 0 0 127 38 0 127 0 0 0
0 0 0 0 0 0 0 100 0 0 127 127 78 0 93 90 127 0 19 127 127 0 0 0 70
0 0 0 127 127 34 0 82.4394 17.2955 16 122.189 3.63636 0 23.0909 66.6667
18.4167 67 69.8712 0 0 41.5076 0 127 59.0911 1 0 0 0 0 0 0 0 16 16
0 0 0 0 0 0 127 51 0;
egregore_data 0 0 127 0 0 127 0 0 0 0 0 0 0 0 0 127 38 0 127 0 0 0
0 0 0 0 0 0 0 100 0 0 127 127 78 0 93 90 127 0 19 127 127 0 0 0 70
0 0 0 127 127 34 0 82.4394 17.2955 16 122.189 3.63636 0 23.0909 66.6667
18.4167 67 69.8712 0 0 41.5076 0 127 59.0911 1 0 0 0 0 0 0 0 16 16
0 0 0 0 0 0 127 51 0;
egregore_data 0 0 127 0 0 127 0 0 0 0 0 0 0 0 0 127 38 0 127 0 0 0
0 0 0 0 0 0 0 100 0 0 127 127 78 0 93 90 127 0 19 127 127 0 0 0 70
0 0 0 127 127 34 0 82.9851 18.5448 16 120.366 5.01493 0 22.7463 67.2985
18.5746 67 70.2015 0 0 41.3209 0 127 59.0911 1 0 0 0 0 0 0 0 16 16
0 0 0 0 0 0 127 51 0;
egregore_data 0 0 127 0 0 127 0 0 0 0 0 0 0 0 0 127 38 0 127 0 0 0
0 0 0 0 0 0 0 100 0 0 127 127 78 0 93 90 127 0 19 127 127 0 0 0 70
0 0 0 127 127 34 0 82.9851 18.5448 16 120.366 5.01493 0 22.7463 67.2985
18.5746 67 70.2015 0 0 41.3209 0 127 59.0911 1 0 0 0 0 0 0 0 16 16
0 0 0 0 0 0 127 51 0;
egregore_data 0 0 127 0 0 127 0 0 0 0 0 0 0 0 0 127 38 0 127 0 0 0
0 0 0 0 0 0 0 100 0 0 127 127 78 0 93 90 127 0 19 127 127 0 0 0 70
0 0 0 127 127 34 0 82.9851 18.5448 16 120.366 5.01493 0 22.7463 67.2985
18.5746 67 70.2015 0 0 41.3209 0 127 59.0911 1 0 0 0 0 0 0 0 16 16
0 0 0 0 0 0 127 51 0;
egregore_data 0 0 127 0 0 127 0 0 0 0 0 0 0 0 0 127 38 0 127 0 0 0
0 0 0 0 0 0 0 100 0 0 127 127 78 0 93 90 127 0 19 127 127 0 0 0 70
0 0 0 127 127 34 0 82.9851 18.5448 16 120.366 5.01493 0 22.7463 67.2985
18.5746 67 70.2015 0 0 41.3209 0 127 59.0911 1 0 0 0 0 0 0 0 16 16
0 0 0 0 0 0 127 51 0;
egregore_data 0 0 127 0 0 127 0 0 0 0 0 0 0 0 0 127 38 0 127 0 0 0
0 0 0 0 0 0 0 100 0 0 127 127 78 0 93 90 127 0 19 127 127 0 0 0 70
0 0 0 127 127 34 0 82.9851 18.5448 16 120.366 5.01493 0 22.7463 67.2985
18.5746 67 70.2015 0 0 41.3209 0 127 59.0911 1 0 0 0 0 0 0 0 16 16
0 0 0 0 0 0 127 51 0;
egregore_data 0 0 127 0 0 127 0 0 0 0 0 0 0 0 0 127 38 0 127 0 0 0
0 0 0 0 0 0 0 100 0 0 127 127 78 0 93 90 127 0 19 127 127 0 0 0 70
0 0 0 127 127 34 0 82.9851 18.5448 16 120.366 5.01493 0 22.7463 67.2985
18.5746 67 70.2015 0 0 41.3209 0 127 59.0911 1 0 0 0 0 0 0 0 16 16
0 0 0 0 0 0 127 51 0;
egregore_data 0 0 127 0 0 127 0 0 0 0 0 0 0 0 0 127 38 0 127 0 0 0
0 0 0 0 0 0 0 100 0 0 127 127 78 0 93 90 127 0 19 127 127 0 0 0 70
0 0 0 127 127 34 0 82.9851 18.5448 16 120.366 5.01493 0 22.7463 67.2985
18.5746 67 70.2015 0 0 41.3209 0 127 59.0911 1 0 0 0 0 0 0 0 16 16
0 0 0 0 0 0 127 51 0;
egregore_data 0 0 127 0 0 127 0 0 0 0 0 0 0 0 0 127 38 0 127 0 0 0
0 0 0 0 0 0 0 100 0 0 127 127 78 0 93 90 127 0 19 127 127 0 0 0 70
0 0 0 127 127 34 0 82.9851 18.5448 16 120.366 5.01493 0 22.7463 67.2985
18.5746 67 70.2015 0 0 41.3209 0 127 59.0911 1 0 0 0 0 0 0 0 16 16
0 0 0 0 0 0 127 51 0;
egregore_data 0 0 127 0 0 127 0 0 0 0 0 0 0 0 0 127 38 0 127 0 0 0
0 0 0 0 0 0 0 100 0 0 127 127 78 0 93 90 127 0 19 127 127 0 0 0 70
0 0 0 127 127 34 0 82.9851 18.5448 16 120.366 5.01493 0 22.7463 67.2985
18.5746 67 70.2015 0 0 41.3209 0 127 59.0911 1 0 0 0 0 0 0 0 16 16
0 0 0 0 0 0 127 51 0;
egregore_data 0 0 127 0 0 127 0 0 0 0 0 0 0 0 0 127 38 0 127 0 0 0
0 0 0 0 0 0 0 100 0 0 127 127 78 0 93 90 127 0 19 127 127 0 0 0 70
0 0 0 127 127 34 0 82.9851 18.5448 16 120.366 5.01493 0 22.7463 67.2985
18.5746 67 70.2015 0 0 41.3209 0 127 59.0911 1 0 0 0 0 0 0 0 16 16
0 0 0 0 0 0 127 51 0;
egregore_data 0 0 127 0 0 127 0 0 0 0 0 0 0 0 0 127 38 0 127 0 0 0
0 0 0 0 0 0 0 100 0 0 127 127 78 0 93 90 127 0 19 127 127 0 0 0 70
0 0 0 127 127 34 0 82.9851 18.5448 16 120.366 5.01493 0 22.7463 67.2985
18.5746 67 70.2015 0 0 41.3209 0 127 59.0911 1 0 0 0 0 0 0 0 16 16
0 0 0 0 0 0 127 51 0;
egregore_data 0 0 127 0 0 127 0 0 0 0 0 0 0 0 0 127 38 0 127 0 0 0
0 0 0 0 0 0 0 100 0 0 127 127 78 0 93 90 127 0 19 127 127 0 0 0 70
0 0 0 127 127 34 0 82.9851 18.5448 16 120.366 5.01493 0 22.7463 67.2985
18.5746 67 70.2015 0 0 41.3209 0 127 59.0911 1 0 0 0 0 0 0 0 16 16
0 0 0 0 0 0 127 51 0;
egregore_data 0 0 127 0 0 127 0 0 0 0 0 0 0 0 0 127 38 0 127 0 0 0
0 0 0 0 0 0 0 100 0 0 127 127 78 0 93 90 127 0 19 127 127 0 0 0 70
0 0 0 127 127 34 0 82.9851 18.5448 16 120.366 5.01493 0 22.7463 67.2985
18.5746 67 70.2015 0 0 41.3209 0 127 59.0911 1 0 0 0 0 0 0 0 16 16
0 0 0 0 0 0 127 51 0;
egregore_data 0 0 127 0 0 127 0 0 0 0 0 0 0 0 0 127 38 0 127 0 0 0
0 0 0 0 0 0 0 100 0 0 127 127 78 0 93 90 127 0 19 127 127 0 0 0 70
0 0 0 127 127 34 0 82.9851 18.5448 16 120.366 5.01493 0 22.7463 67.2985
18.5746 67 70.2015 0 0 41.3209 0 127 59.0911 1 0 0 0 0 0 0 0 16 16
0 0 0 0 0 0 127 51 0;
egregore_data 0 0 127 0 0 127 0 0 0 0 0 0 0 0 0 127 38 0 127 0 0 0
0 0 0 0 0 0 0 100 0 0 127 127 78 0 93 90 127 0 19 127 127 0 0 0 70
0 0 0 127 127 34 0 82.9851 18.5448 16 120.366 5.01493 0 22.7463 67.2985
18.5746 67 70.2015 0 0 41.3209 0 127 59.0911 1 0 0 0 0 0 0 0 16 16
0 0 0 0 0 0 127 51 0;
egregore_data 0 0 127 0 0 127 0 0 0 0 0 0 0 0 0 127 38 0 127 0 0 0
0 0 0 0 0 0 0 100 0 0 127 127 78 0 93 90 127 0 19 127 127 0 0 0 70
0 0 0 127 127 34 0 82.9851 18.5448 16 120.366 5.01493 0 22.7463 67.2985
18.5746 67 70.2015 0 0 41.3209 0 127 59.0911 1 0 0 0 0 0 0 0 16 16
0 0 0 0 0 0 127 51 0;
egregore_data 0 0 127 0 0 127 0 0 0 0 0 0 0 0 0 127 38 0 127 0 0 0
0 0 0 0 0 0 0 100 0 0 127 127 78 0 93 90 127 0 19 127 127 0 0 0 70
0 0 0 127 127 34 0 82.9851 18.5448 16 120.366 5.01493 0 22.7463 67.2985
18.5746 67 70.2015 0 0 41.3209 0 127 59.0911 1 0 0 0 0 0 0 0 16 16
0 0 0 0 0 0 127 51 0;
egregore_data 0 0 127 0 0 127 0 0 0 0 0 0 0 0 0 127 38 0 127 0 0 0
0 0 0 0 0 0 0 100 0 0 127 127 78 0 93 90 127 0 19 127 127 0 0 0 70
0 0 0 127 127 34 0 82.9851 18.5448 16 120.366 5.01493 0 22.7463 67.2985
18.5746 67 70.2015 0 0 41.3209 0 127 59.0911 1 0 0 0 0 0 0 0 16 16
0 0 0 0 0 0 127 51 0;
egregore_data 0 0 127 0 0 127 0 0 0 0 0 0 0 0 0 127 38 0 127 0 0 0
0 0 0 0 0 0 0 100 0 0 127 127 78 0 93 90 127 0 19 127 127 0 0 0 70
0 0 0 127 127 34 0 82.9851 18.5448 16 120.366 5.01493 0 22.7463 67.2985
18.5746 67 70.2015 0 0 41.3209 0 127 59.0911 1 0 0 0 0 0 0 0 16 16
0 0 0 0 0 0 127 51 0;
egregore_data 0 0 127 0 0 127 0 0 0 0 0 0 0 0 0 127 38 0 127 0 0 0
0 0 0 0 0 0 0 100 0 0 127 127 78 0 93 90 127 0 19 127 127 0 0 0 70
0 0 0 127 127 34 0 82.9851 18.5448 16 120.366 5.01493 0 22.7463 67.2985
18.5746 67 70.2015 0 0 41.3209 0 127 59.0911 1 0 0 0 0 0 0 0 16 16
0 0 0 0 0 0 127 51 0;
egregore_data 0 0 127 0 0 127 0 0 0 0 0 0 0 0 0 127 38 0 127 0 0 0
0 0 0 0 0 0 0 100 0 0 127 127 78 0 93 90 127 0 19 127 127 0 0 0 70
0 0 0 127 127 34 0 82.9851 18.5448 16 120.366 5.01493 0 22.7463 67.2985
18.5746 67 70.2015 0 0 41.3209 0 127 59.0911 1 0 0 0 0 0 0 0 16 16
0 0 0 0 0 0 127 51 0;
egregore_data 0 0 127 0 0 127 0 0 0 0 0 0 0 0 0 127 38 0 127 0 0 0
0 0 0 0 0 0 0 100 0 0 127 127 78 0 93 90 127 0 19 127 127 0 0 0 70
0 0 0 127 127 34 0 82.9851 18.5448 16 120.366 5.01493 0 22.7463 67.2985
18.5746 67 70.2015 0 0 41.3209 0 127 59.0911 1 0 0 0 0 0 0 0 16 16
0 0 0 0 0 0 127 51 0;
egregore_data 0 0 127 0 0 127 0 0 0 0 0 0 0 0 0 127 38 0 127 0 0 0
0 0 0 0 0 0 0 100 0 0 127 127 78 0 93 90 127 0 19 127 127 0 0 0 70
0 0 0 127 127 34 0 82.9851 18.5448 16 120.366 5.01493 0 22.7463 67.2985
18.5746 67 70.2015 0 0 41.3209 0 127 59.0911 1 0 0 0 0 0 0 0 16 16
0 0 0 0 0 0 127 51 0;
egregore_data 0 0 127 0 0 127 0 0 0 0 0 0 0 0 0 127 38 0 127 0 0 0
0 0 0 0 0 0 0 100 0 0 127 127 78 0 93 90 127 0 19 127 127 0 0 0 70
0 0 0 127 127 34 0 82.9851 18.5448 16 120.366 5.01493 0 22.7463 67.2985
18.5746 67 70.2015 0 0 41.3209 0 127 59.0911 1 0 0 0 0 0 0 0 16 16
0 0 0 0 0 0 127 51 0;
egregore_data 0 0 127 0 0 127 0 0 0 0 0 0 0 0 0 127 38 0 127 0 0 0
0 0 0 0 0 0 0 100 0 0 127 127 78 0 93 90 127 0 19 127 127 0 0 0 70
0 0 0 127 127 34 0 82.9851 18.5448 16 120.366 5.01493 0 22.7463 67.2985
18.5746 67 70.2015 0 0 41.3209 0 127 59.0911 1 0 0 0 0 0 0 0 16 16
0 0 0 0 0 0 127 51 0;
egregore_data 0 0 127 0 0 127 0 0 0 0 0 0 0 0 0 127 38 0 127 0 0 0
0 0 0 0 0 0 0 100 0 0 127 127 78 0 93 90 127 0 19 127 127 0 0 0 70
0 0 0 127 127 34 0 82.9851 18.5448 16 120.366 5.01493 0 22.7463 67.2985
18.5746 67 70.2015 0 0 41.3209 0 127 59.0911 1 0 0 0 0 0 0 0 16 16
0 0 0 0 0 0 127 51 0;
egregore_data 0 0 127 0 0 127 0 0 0 0 0 0 0 0 0 127 38 0 127 0 0 0
0 0 0 0 0 0 0 100 0 0 127 127 78 0 93 90 127 0 19 127 127 0 0 0 70
0 0 0 127 127 34 0 83.2519 19.1556 16 119.474 5.68889 0 22.5778 67.6074
18.6519 67 70.363 0 0 41.2296 0 127 59.0911 1 0 0 0 0 0 0 0 16 16 0
0 0 0 0 0 127 51 0;
egregore_data 0 0 127 0 0 127 0 0 0 0 0 0 0 0 0 127 38 0 127 0 0 0
0 0 0 0 0 0 0 100 0 0 127 127 78 0 93 90 127 0 19 127 127 0 0 0 70
0 0 0 127 127 34 0 83.2519 19.1556 16 119.474 5.68889 0 22.5778 67.6074
18.6519 67 70.363 0 0 41.2296 0 127 59.0911 1 0 0 0 0 0 0 0 16 16 0
0 0 0 0 0 127 51 0;
egregore_data 0 0 127 0 0 127 0 0 0 0 0 0 0 0 0 127 38 0 127 0 0 0
0 0 0 0 0 0 0 100 0 0 127 127 78 0 93 90 127 0 19 127 127 0 0 0 70
0 0 0 127 127 34 0 83.2519 19.1556 16 119.474 5.68889 0 22.5778 67.6074
18.6519 67 70.363 0 0 41.2296 0 127 59.0911 1 0 0 0 0 0 0 0 16 16 0
0 0 0 0 0 127 51 0;
egregore_data 0 0 127 0 0 127 0 0 0 0 0 0 0 0 0 127 38 0 127 0 0 0
0 0 0 0 0 0 0 100 0 0 127 127 78 0 93 90 127 0 19 127 127 0 0 0 70
0 0 0 127 127 34 0 83.2519 19.1556 16 119.474 5.68889 0 22.5778 67.6074
18.6519 67 70.363 0 0 41.2296 0 127 59.0911 1 0 0 0 0 0 0 0 16 16 0
0 0 0 0 0 127 51 0;
egregore_data 0 0 127 0 0 127 0 0 0 0 0 0 0 0 0 127 38 0 127 0 0 0
0 0 0 0 0 0 0 100 0 0 127 127 78 0 93 90 127 0 19 127 127 0 0 0 70
0 0 0 127 127 34 0 83.2519 19.1556 16 119.474 5.68889 0 22.5778 67.6074
18.6519 67 70.363 0 0 41.2296 0 127 59.0911 1 0 0 0 0 0 0 0 16 16 0
0 0 0 0 0 127 51 0;
egregore_data 0 0 127 0 0 127 0 0 0 0 0 0 0 0 0 127 38 0 127 0 0 0
0 0 0 0 0 0 0 100 0 0 127 127 78 0 93 90 127 0 19 127 127 0 0 0 70
0 0 0 127 127 34 0 83.2519 19.1556 16 119.474 5.68889 0 22.5778 67.6074
18.6519 67 70.363 0 0 41.2296 0 127 59.0911 1 0 0 0 0 0 0 0 16 16 0
0 0 0 0 0 127 51 0;
egregore_data 0 0 127 0 0 127 0 0 0 0 0 0 0 0 0 127 38 0 127 0 0 0
0 0 0 0 0 0 0 100 0 0 127 127 78 0 93 90 127 0 19 127 127 0 0 0 70
0 0 0 127 127 34 0 83.2519 19.1556 16 119.474 5.68889 0 22.5778 67.6074
18.6519 67 70.363 0 0 41.2296 0 127 59.0911 1 0 0 0 0 0 0 0 16 16 0
0 0 0 0 0 127 51 0;
egregore_data 0 0 127 0 0 127 0 0 0 0 0 0 0 0 0 127 38 0 127 0 0 0
0 0 0 0 0 0 0 100 0 0 127 127 78 0 93 90 127 0 19 127 127 0 0 0 70
0 0 0 127 127 34 0 83.2519 19.1556 16 119.474 5.68889 0 22.5778 67.6074
18.6519 67 70.363 0 0 41.2296 0 127 59.0911 1 0 0 0 0 0 0 0 16 16 0
0 0 0 0 0 127 51 0;
egregore_data 0 0 127 0 0 127 0 0 0 0 0 0 0 0 0 127 38 0 127 0 0 0
0 0 0 0 0 0 0 100 0 0 127 127 78 0 93 90 127 0 19 127 127 0 0 0 70
0 0 0 127 127 34 0 83.2519 19.1556 16 119.474 5.68889 0 22.5778 67.6074
18.6519 67 70.363 0 0 41.2296 0 127 59.0911 1 0 0 0 0 0 0 0 16 16 0
0 0 0 0 0 127 51 0;
egregore_data 0 0 127 0 0 127 0 0 0 0 0 0 0 0 0 127 38 0 127 0 0 0
0 0 0 0 0 0 0 100 0 0 127 127 78 0 93 90 127 0 19 127 127 0 0 0 70
0 0 0 127 127 34 0 83.2519 19.1556 16 119.474 5.68889 0 22.5778 67.6074
18.6519 67 70.363 0 0 41.2296 0 127 59.0911 1 0 0 0 0 0 0 0 16 16 0
0 0 0 0 0 127 51 0;
egregore_data 0 0 127 0 0 127 0 0 0 0 0 0 0 0 0 127 38 0 127 0 0 0
0 0 0 0 0 0 0 100 0 0 127 127 78 0 93 90 127 0 19 127 127 0 0 0 70
0 0 0 127 127 34 0 83.2519 19.1556 16 119.474 5.68889 0 22.5778 67.6074
18.6519 67 70.363 0 0 41.2296 0 127 59.0911 1 0 0 0 0 0 0 0 16 16 0
0 0 0 0 0 127 51 0;
egregore_data 0 0 127 0 0 127 0 0 0 0 0 0 0 0 0 127 38 0 127 0 0 0
0 0 0 0 0 0 0 100 0 0 127 127 78 0 93 90 127 0 19 127 127 0 0 0 70
0 0 0 127 127 34 0 83.5147 19.7574 16 118.596 6.35294 0 22.4118 67.9118
18.7279 67 70.5221 0 0 41.1397 0 127 59.0911 1 0 0 0 0 0 0 0 16 16
0 0 0 0 0 0 127 51 0;
egregore_data 0 0 127 0 0 127 0 0 0 0 0 0 0 0 0 127 38 0 127 0 0 0
0 0 0 0 0 0 0 100 0 0 127 127 78 0 93 90 127 0 19 127 127 0 0 0 70
0 0 0 127 127 34 0 83.5147 19.7574 16 118.596 6.35294 0 22.4118 67.9118
18.7279 67 70.5221 0 0 41.1397 0 127 59.0911 1 0 0 0 0 0 0 0 16 16
0 0 0 0 0 0 127 51 0;
egregore_data 0 0 127 0 0 127 0 0 0 0 0 0 0 0 0 127 38 0 127 0 0 0
0 0 0 0 0 0 0 100 0 0 127 127 78 0 93 90 127 0 19 127 127 0 0 0 70
0 0 0 127 127 34 0 83.7737 20.3504 16 117.73 7.0073 0 22.2482 68.2117
18.8029 67 70.6788 0 0 41.0511 0 127 59.0911 1 0 0 0 0 0 0 0 16 16
0 0 0 0 0 0 127 51 0;
egregore_data 0 0 127 0 0 127 0 0 0 0 0 0 0 0 0 127 38 0 127 0 0 0
0 0 0 0 0 0 0 100 0 0 127 127 78 0 93 90 127 0 19 127 127 0 0 0 70
0 0 0 127 127 34 0 83.7737 20.3504 16 117.73 7.0073 0 22.2482 68.2117
18.8029 67 70.6788 0 0 41.0511 0 127 59.0911 1 0 0 0 0 0 0 0 16 16
0 0 0 0 0 0 127 51 0;
egregore_data 0 0 127 0 0 127 0 0 0 0 0 0 0 0 0 127 38 0 127 0 0 0
0 0 0 0 0 0 0 100 0 0 127 127 78 0 93 90 127 0 19 127 127 0 0 0 70
0 0 0 127 127 34 0 83.7737 20.3504 16 117.73 7.0073 0 22.2482 68.2117
18.8029 67 70.6788 0 0 41.0511 0 127 59.0911 1 0 0 0 0 0 0 0 16 16
0 0 0 0 0 0 127 51 0;
egregore_data 0 0 127 0 0 127 0 0 0 0 0 0 0 0 0 127 38 0 127 0 0 0
0 0 0 0 0 0 0 100 0 0 127 127 78 0 93 90 127 0 19 127 127 0 0 0 70
0 0 0 127 127 34 0 83.7737 20.3504 16 117.73 7.0073 0 22.2482 68.2117
18.8029 67 70.6788 0 0 41.0511 0 127 59.0911 1 0 0 0 0 0 0 0 16 16
0 0 0 0 0 0 127 51 0;
egregore_data 0 0 127 0 0 127 0 0 0 0 0 0 0 0 0 127 38 0 127 0 0 0
0 0 0 0 0 0 0 100 0 0 127 127 78 0 93 90 127 0 19 127 127 0 0 0 70
0 0 0 127 127 34 0 84.029 20.9348 16 116.877 7.65217 0 22.087 68.5072
18.8768 67 70.8333 0 0 40.9638 0 127 59.0911 1 0 0 0 0 0 0 0 16 16
0 0 0 0 0 0 127 51 0;
egregore_data 0 0 127 0 0 127 0 0 0 0 0 0 0 0 0 127 38 0 127 0 0 0
0 0 0 0 0 0 0 100 0 0 127 127 78 0 93 90 127 0 19 127 127 0 0 0 70
0 0 0 127 127 34 0 84.029 20.9348 16 116.877 7.65217 0 22.087 68.5072
18.8768 67 70.8333 0 0 40.9638 0 127 59.0911 1 0 0 0 0 0 0 0 16 16
0 0 0 0 0 0 127 51 0;
egregore_data 0 0 127 0 0 127 0 0 0 0 0 0 0 0 0 127 38 0 127 0 0 0
0 0 0 0 0 0 0 100 0 0 127 127 78 0 93 90 127 0 19 127 127 0 0 0 70
0 0 0 127 127 34 0 84.029 20.9348 16 116.877 7.65217 0 22.087 68.5072
18.8768 67 70.8333 0 0 40.9638 0 127 59.0911 1 0 0 0 0 0 0 0 16 16
0 0 0 0 0 0 127 51 0;
egregore_data 0 0 127 0 0 127 0 0 0 0 0 0 0 0 0 127 38 0 127 0 0 0
0 0 0 0 0 0 0 100 0 0 127 127 78 0 93 90 127 0 19 127 127 0 0 0 70
0 0 0 127 127 34 0 84.029 20.9348 16 116.877 7.65217 0 22.087 68.5072
18.8768 67 70.8333 0 0 40.9638 0 127 59.0911 1 0 0 0 0 0 0 0 16 16
0 0 0 0 0 0 127 51 0;
egregore_data 0 0 127 0 0 127 0 0 0 0 0 0 0 0 0 127 38 0 127 0 0 0
0 0 0 0 0 0 0 100 0 0 127 127 78 0 93 90 127 0 19 127 127 0 0 0 70
0 0 0 127 127 34 0 84.029 20.9348 16 116.877 7.65217 0 22.087 68.5072
18.8768 67 70.8333 0 0 40.9638 0 127 59.0911 1 0 0 0 0 0 0 0 16 16
0 0 0 0 0 0 127 51 0;
egregore_data 0 0 127 0 0 127 0 0 0 0 0 0 0 0 0 127 38 0 127 0 0 0
0 0 0 0 0 0 0 100 0 0 127 127 78 0 93 90 127 0 19 127 127 0 0 0 70
0 0 0 127 127 34 0 84.029 20.9348 16 116.877 7.65217 0 22.087 68.5072
18.8768 67 70.8333 0 0 40.9638 0 127 59.0911 1 0 0 0 0 0 0 0 16 16
0 0 0 0 0 0 127 51 0;
egregore_data 0 0 127 0 0 127 0 0 0 0 0 0 0 0 0 127 38 0 127 0 0 0
0 0 0 0 0 0 0 100 0 0 127 127 78 0 93 90 127 0 19 127 127 0 0 0 70
0 0 0 127 127 34 0 84.029 20.9348 16 116.877 7.65217 0 22.087 68.5072
18.8768 67 70.8333 0 0 40.9638 0 127 59.0911 1 0 0 0 0 0 0 0 16 16
0 0 0 0 0 0 127 51 0;
egregore_data 0 0 127 0 0 127 0 0 0 0 0 0 0 0 0 127 38 0 127 0 0 0
0 0 0 0 0 0 0 100 0 0 127 127 78 0 93 90 127 0 19 127 127 0 0 0 70
0 0 0 127 127 34 0 84.029 20.9348 16 116.877 7.65217 0 22.087 68.5072
18.8768 67 70.8333 0 0 40.9638 0 127 59.0911 1 0 0 0 0 0 0 0 16 16
0 0 0 0 0 0 127 51 0;
egregore_data 0 0 127 0 0 127 0 0 0 0 0 0 0 0 0 127 38 0 127 0 0 0
0 0 0 0 0 0 0 100 0 0 127 127 78 0 93 90 127 0 19 127 127 0 0 0 70
0 0 0 127 127 34 0 84.5286 22.0786 16 115.207 8.91429 0 21.7714 69.0857
19.0214 67 71.1357 0 0 40.7929 0 127 59.0911 1 0 0 0 0 0 0 0 16 16
0 0 0 0 0 0 127 51 0;
egregore_data 0 0 127 0 0 127 0 0 0 0 0 0 0 0 0 127 38 0 127 0 0 0
0 0 0 0 0 0 0 100 0 0 127 127 78 0 93 90 127 0 19 127 127 0 0 0 70
0 0 0 127 127 34 0 84.5286 22.0786 16 115.207 8.91429 0 21.7714 69.0857
19.0214 67 71.1357 0 0 40.7929 0 127 59.0911 1 0 0 0 0 0 0 0 16 16
0 0 0 0 0 0 127 51 0;
egregore_data 0 0 127 0 0 127 0 0 0 0 0 0 0 0 0 127 38 0 127 0 0 0
0 0 0 0 0 0 0 100 0 0 127 127 78 0 93 90 127 0 19 127 127 0 0 0 70
0 0 0 127 127 34 0 84.5286 22.0786 16 115.207 8.91429 0 21.7714 69.0857
19.0214 67 71.1357 0 0 40.7929 0 127 59.0911 1 0 0 0 0 0 0 0 16 16
0 0 0 0 0 0 127 51 0;
egregore_data 0 0 127 0 0 127 0 0 0 0 0 0 0 0 0 127 38 0 127 0 0 0
0 0 0 0 0 0 0 100 0 0 127 127 78 0 93 90 127 0 19 127 127 0 0 0 70
0 0 0 127 127 34 0 84.5286 22.0786 16 115.207 8.91429 0 21.7714 69.0857
19.0214 67 71.1357 0 0 40.7929 0 127 59.0911 1 0 0 0 0 0 0 0 16 16
0 0 0 0 0 0 127 51 0;
egregore_data 0 0 127 0 0 127 0 0 0 0 0 0 0 0 0 127 38 0 127 0 0 0
0 0 0 0 0 0 0 100 0 0 127 127 78 0 93 90 127 0 19 127 127 0 0 0 70
0 0 0 127 127 34 0 84.773 22.6383 16 114.39 9.53191 0 21.617 69.3688
19.0922 67 71.2837 0 0 40.7092 0 127 59.0911 1 0 0 0 0 0 0 0 16 16
0 0 0 0 0 0 127 51 0;
egregore_data 0 0 127 0 0 127 0 0 0 0 0 0 0 0 0 127 38 0 127 0 0 0
0 0 0 0 0 0 0 100 0 0 127 127 78 0 93 90 127 0 19 127 127 0 0 0 70
0 0 0 127 127 34 0 84.773 22.6383 16 114.39 9.53191 0 21.617 69.3688
19.0922 67 71.2837 0 0 40.7092 0 127 59.0911 1 0 0 0 0 0 0 0 16 16
0 0 0 0 0 0 127 51 0;
egregore_data 0 0 127 0 0 127 0 0 0 0 0 0 0 0 0 127 38 0 127 0 0 0
0 0 0 0 0 0 0 100 0 0 127 127 78 0 93 90 127 0 19 127 127 0 0 0 70
0 0 0 127 127 34 0 84.773 22.6383 16 114.39 9.53191 0 21.617 69.3688
19.0922 67 71.2837 0 0 40.7092 0 127 59.0911 1 0 0 0 0 0 0 0 16 16
0 0 0 0 0 0 127 51 0;
egregore_data 0 0 127 0 0 127 0 0 0 0 0 0 0 0 0 127 38 0 127 0 0 0
0 0 0 0 0 0 0 100 0 0 127 127 78 0 93 90 127 0 19 127 127 0 0 0 70
0 0 0 127 127 34 0 84.773 22.6383 16 114.39 9.53191 0 21.617 69.3688
19.0922 67 71.2837 0 0 40.7092 0 127 59.0911 1 0 0 0 0 0 0 0 16 16
0 0 0 0 0 0 127 51 0;
egregore_data 0 0 127 0 0 127 0 0 0 0 0 0 0 0 0 127 38 0 127 0 0 0
0 0 0 0 0 0 0 100 0 0 127 127 78 0 93 90 127 0 19 127 127 0 0 0 70
0 0 0 127 127 34 0 84.773 22.6383 16 114.39 9.53191 0 21.617 69.3688
19.0922 67 71.2837 0 0 40.7092 0 127 59.0911 1 0 0 0 0 0 0 0 16 16
0 0 0 0 0 0 127 51 0;
egregore_data 0 0 127 0 0 127 0 0 0 0 0 0 0 0 0 127 38 0 127 0 0 0
0 0 0 0 0 0 0 100 0 0 127 127 78 0 93 90 127 0 19 127 127 0 0 0 70
0 0 0 127 127 34 0 84.773 22.6383 16 114.39 9.53191 0 21.617 69.3688
19.0922 67 71.2837 0 0 40.7092 0 127 59.0911 1 0 0 0 0 0 0 0 16 16
0 0 0 0 0 0 127 51 0;
egregore_data 0 0 127 0 0 127 0 0 0 0 0 0 0 0 0 127 38 0 127 0 0 0
0 0 0 0 0 0 0 100 0 0 127 127 78 0 93 90 127 0 19 127 127 0 0 0 70
0 0 0 127 127 34 0 84.773 22.6383 16 114.39 9.53191 0 21.617 69.3688
19.0922 67 71.2837 0 0 40.7092 0 127 59.0911 1 0 0 0 0 0 0 0 16 16
0 0 0 0 0 0 127 51 0;
egregore_data 0 0 127 0 0 127 0 0 0 0 0 0 0 0 0 127 38 0 127 0 0 0
0 0 0 0 0 0 0 100 0 0 127 127 78 0 93 90 127 0 19 127 127 0 0 0 70
0 0 0 127 127 34 0 84.773 22.6383 16 114.39 9.53191 0 21.617 69.3688
19.0922 67 71.2837 0 0 40.7092 0 127 59.0911 1 0 0 0 0 0 0 0 16 16
0 0 0 0 0 0 127 51 0;
egregore_data 0 0 127 0 0 127 0 0 0 0 0 0 0 0 0 127 38 0 127 0 0 0
0 0 0 0 0 0 0 100 0 0 127 127 78 0 93 90 127 0 19 127 127 0 0 0 70
0 0 0 127 127 34 0 85.0141 23.1901 16 113.585 10.1408 0 21.4648 69.6479
19.162 67 71.4296 0 0 40.6268 0 127 59.0911 1 0 0 0 0 0 0 0 16 16 0
0 0 0 0 0 127 51 0;
egregore_data 0 0 127 0 0 127 0 0 0 0 0 0 0 0 0 127 38 0 127 0 0 0
0 0 0 0 0 0 0 100 0 0 127 127 78 0 93 90 127 0 19 127 127 0 0 0 70
0 0 0 127 127 34 0 85.0141 23.1901 16 113.585 10.1408 0 21.4648 69.6479
19.162 67 71.4296 0 0 40.6268 0 127 59.0911 1 0 0 0 0 0 0 0 16 16 0
0 0 0 0 0 127 51 0;
egregore_data 0 0 127 0 0 127 0 0 0 0 0 0 0 0 0 127 38 0 127 0 0 0
0 0 0 0 0 0 0 100 0 0 127 127 78 0 93 90 127 0 19 127 127 0 0 0 70
0 0 0 127 127 34 0 85.0141 23.1901 16 113.585 10.1408 0 21.4648 69.6479
19.162 67 71.4296 0 0 40.6268 0 127 59.0911 1 0 0 0 0 0 0 0 16 16 0
0 0 0 0 0 127 51 0;
egregore_data 0 0 127 0 0 127 0 0 0 0 0 0 0 0 0 127 38 0 127 0 0 0
0 0 0 0 0 0 0 100 0 0 127 127 78 0 93 90 127 0 19 127 127 0 0 0 70
0 0 0 127 127 34 0 85.0141 23.1901 16 113.585 10.1408 0 21.4648 69.6479
19.162 67 71.4296 0 0 40.6268 0 127 59.0911 1 0 0 0 0 0 0 0 16 16 0
0 0 0 0 0 127 51 0;
egregore_data 0 0 127 0 0 127 0 0 0 0 0 0 0 0 0 127 38 0 127 0 0 0
0 0 0 0 0 0 0 100 0 0 127 127 78 0 93 90 127 0 19 127 127 0 0 0 70
0 0 0 127 127 34 0 85.0141 23.1901 16 113.585 10.1408 0 21.4648 69.6479
19.162 67 71.4296 0 0 40.6268 0 127 59.0911 1 0 0 0 0 0 0 0 16 16 0
0 0 0 0 0 127 51 0;
egregore_data 0 0 127 0 0 127 0 0 0 0 0 0 0 0 0 127 38 0 127 0 0 0
0 0 0 0 0 0 0 100 0 0 127 127 78 0 93 90 127 0 19 127 127 0 0 0 70
0 0 0 127 127 34 0 85.0141 23.1901 16 113.585 10.1408 0 21.4648 69.6479
19.162 67 71.4296 0 0 40.6268 0 127 59.0911 1 0 0 0 0 0 0 0 16 16 0
0 0 0 0 0 127 51 0;
egregore_data 0 0 127 0 0 127 0 0 0 0 0 0 0 0 0 127 38 0 127 0 0 0
0 0 0 0 0 0 0 100 0 0 127 127 78 0 93 90 127 0 19 127 127 0 0 0 70
0 0 0 127 127 34 0 85.2517 23.7343 16 112.79 10.7413 0 21.3147 69.9231
19.2308 67 71.5734 0 0 40.5455 0 127 59.0911 1 0 0 0 0 0 0 0 16 16
0 0 0 0 0 0 127 51 0;
egregore_data 0 0 127 0 0 127 0 0 0 0 0 0 0 0 0 127 38 0 127 0 0 0
0 0 0 0 0 0 0 100 0 0 127 127 78 0 93 90 127 0 19 127 127 0 0 0 70
0 0 0 127 127 34 0 85.2517 23.7343 16 112.79 10.7413 0 21.3147 69.9231
19.2308 67 71.5734 0 0 40.5455 0 127 59.0911 1 0 0 0 0 0 0 0 16 16
0 0 0 0 0 0 127 51 0;
egregore_data 0 0 127 0 0 127 0 0 0 0 0 0 0 0 0 127 38 0 127 0 0 0
0 0 0 0 0 0 0 100 0 0 127 127 78 0 93 90 127 0 19 127 127 0 0 0 70
0 0 0 127 127 34 0 85.2517 23.7343 16 112.79 10.7413 0 21.3147 69.9231
19.2308 67 71.5734 0 0 40.5455 0 127 59.0911 1 0 0 0 0 0 0 0 16 16
0 0 0 0 0 0 127 51 0;
egregore_data 0 0 127 0 0 127 0 0 0 0 0 0 0 0 0 127 38 0 127 0 0 0
0 0 0 0 0 0 0 100 0 0 127 127 78 0 93 90 127 0 19 127 127 0 0 0 70
0 0 0 127 127 34 0 85.2517 23.7343 16 112.79 10.7413 0 21.3147 69.9231
19.2308 67 71.5734 0 0 40.5455 0 127 59.0911 1 0 0 0 0 0 0 0 16 16
0 0 0 0 0 0 127 51 0;
egregore_data 0 0 127 0 0 127 0 0 0 0 0 0 0 0 0 127 38 0 127 0 0 0
0 0 0 0 0 0 0 100 0 0 127 127 78 0 93 90 127 0 19 127 127 0 0 0 70
0 0 0 127 127 34 0 85.2517 23.7343 16 112.79 10.7413 0 21.3147 69.9231
19.2308 67 71.5734 0 0 40.5455 0 127 59.0911 1 0 0 0 0 0 0 0 16 16
0 0 0 0 0 0 127 51 0;
egregore_data 0 0 127 0 0 127 0 0 0 0 0 0 0 0 0 127 38 0 127 0 0 0
0 0 0 0 0 0 0 100 0 0 127 127 78 0 93 90 127 0 19 127 127 0 0 0 70
0 0 0 127 127 34 0 85.2517 23.7343 16 112.79 10.7413 0 21.3147 69.9231
19.2308 67 71.5734 0 0 40.5455 0 127 59.0911 1 0 0 0 0 0 0 0 16 16
0 0 0 0 0 0 127 51 0;
egregore_data 0 0 127 0 0 127 0 0 0 0 0 0 0 0 0 127 38 0 127 0 0 0
0 0 0 0 0 0 0 100 0 0 127 127 78 0 93 90 127 0 19 127 127 0 0 0 70
0 0 0 127 127 34 0 85.2517 23.7343 16 112.79 10.7413 0 21.3147 69.9231
19.2308 67 71.5734 0 0 40.5455 0 127 59.0911 1 0 0 0 0 0 0 0 16 16
0 0 0 0 0 0 127 51 0;
egregore_data 0 0 127 0 0 127 0 0 0 0 0 0 0 0 0 127 38 0 127 0 0 0
0 0 0 0 0 0 0 100 0 0 127 127 78 0 93 90 127 0 19 127 127 0 0 0 70
0 0 0 127 127 34 0 85.2517 23.7343 16 112.79 10.7413 0 21.3147 69.9231
19.2308 67 71.5734 0 0 40.5455 0 127 59.0911 1 0 0 0 0 0 0 0 16 16
0 0 0 0 0 0 127 51 0;
egregore_data 0 0 127 0 0 127 0 0 0 0 0 0 0 0 0 127 38 0 127 0 0 0
0 0 0 0 0 0 0 100 0 0 127 127 78 0 93 90 127 0 19 127 127 0 0 0 70
0 0 0 127 127 34 0 85.2517 23.7343 16 112.79 10.7413 0 21.3147 69.9231
19.2308 67 71.5734 0 0 40.5455 0 127 59.0911 1 0 0 0 0 0 0 0 16 16
0 0 0 0 0 0 127 51 0;
egregore_data 0 0 127 0 0 127 0 0 0 0 0 0 0 0 0 127 38 0 127 0 0 0
0 0 0 0 0 0 0 100 0 0 127 127 78 0 93 90 127 0 19 127 127 0 0 0 70
0 0 0 127 127 34 0 85.2517 23.7343 16 112.79 10.7413 0 21.3147 69.9231
19.2308 67 71.5734 0 0 40.5455 0 127 59.0911 1 0 0 0 0 0 0 0 16 16
0 0 0 0 0 0 127 51 0;
egregore_data 0 0 127 0 0 127 0 0 0 0 0 0 0 0 0 127 38 0 127 0 0 0
0 0 0 0 0 0 0 100 0 0 127 127 78 0 93 90 127 0 19 127 127 0 0 0 70
0 0 0 127 127 34 0 85.2517 23.7343 16 112.79 10.7413 0 21.3147 69.9231
19.2308 67 71.5734 0 0 40.5455 0 127 59.0911 1 0 0 0 0 0 0 0 16 16
0 0 0 0 0 0 127 51 0;
egregore_data 0 0 127 0 0 127 0 0 0 0 0 0 0 0 0 127 38 0 127 0 0 0
0 0 0 0 0 0 0 100 0 0 127 127 78 0 93 90 127 0 19 127 127 0 0 0 70
0 0 0 127 127 34 0 85.4861 24.2708 16 112.007 11.3333 0 21.1667 70.1944
19.2986 67 71.7153 0 0 40.4653 0 127 59.0911 1 0 0 0 0 0 0 0 16 16
0 0 0 0 0 0 127 51 0;
egregore_data 0 0 127 0 0 127 0 0 0 0 0 0 0 0 0 127 38 0 127 0 0 0
0 0 0 0 0 0 0 100 0 0 127 127 78 0 93 90 127 0 19 127 127 0 0 0 70
0 0 0 127 127 34 0 85.7172 24.8 16 111.234 11.9172 0 21.0207 70.4621
19.3655 67 71.8552 0 0 40.3862 0 127 59.0911 1 0 0 0 0 0 0 0 16 16
0 0 0 0 0 0 127 51 0;
egregore_data 0 0 127 0 0 127 0 0 0 0 0 0 0 0 0 127 38 0 127 0 0 0
0 0 0 0 0 0 0 100 0 0 127 127 78 0 93 90 127 0 19 127 127 0 0 0 70
0 0 0 127 127 34 0 85.7172 24.8 16 111.234 11.9172 0 21.0207 70.4621
19.3655 67 71.8552 0 0 40.3862 0 127 59.0911 1 0 0 0 0 0 0 0 16 16
0 0 0 0 0 0 127 51 0;
egregore_data 0 0 127 0 0 127 0 0 0 0 0 0 0 0 0 127 38 0 127 0 0 0
0 0 0 0 0 0 0 100 0 0 127 127 78 0 93 90 127 0 19 127 127 0 0 0 70
0 0 0 127 127 34 0 85.7172 24.8 16 111.234 11.9172 0 21.0207 70.4621
19.3655 67 71.8552 0 0 40.3862 0 127 59.0911 1 0 0 0 0 0 0 0 16 16
0 0 0 0 0 0 127 51 0;
egregore_data 0 0 127 0 0 127 0 0 0 0 0 0 0 0 0 127 38 0 127 0 0 0
0 0 0 0 0 0 0 100 0 0 127 127 78 0 93 90 127 0 19 127 127 0 0 0 70
0 0 0 127 127 34 0 85.7172 24.8 16 111.234 11.9172 0 21.0207 70.4621
19.3655 67 71.8552 0 0 40.3862 0 127 59.0911 1 0 0 0 0 0 0 0 16 16
0 0 0 0 0 0 127 51 0;
egregore_data 0 0 127 0 0 127 0 0 0 0 0 0 0 0 0 127 38 0 127 0 0 0
0 0 0 0 0 0 0 100 0 0 127 127 78 0 93 90 127 0 19 127 127 0 0 0 70
0 0 0 127 127 34 0 86.1701 25.8367 16 109.721 13.0612 0 20.7347 70.9864
19.4966 67 72.1293 0 0 40.2313 0 127 59.0911 1 0 0 0 0 0 0 0 16 16
0 0 0 0 0 0 127 51 0;
egregore_data 0 0 127 0 0 127 0 0 0 0 0 0 0 0 0 127 38 0 127 0 0 0
0 0 0 0 0 0 0 100 0 0 127 127 78 0 93 90 127 0 19 127 127 0 0 0 70
0 0 0 127 127 34 0 86.1701 25.8367 16 109.721 13.0612 0 20.7347 70.9864
19.4966 67 72.1293 0 0 40.2313 0 127 59.0911 1 0 0 0 0 0 0 0 16 16
0 0 0 0 0 0 127 51 0;
egregore_data 0 0 127 0 0 127 0 0 0 0 0 0 0 0 0 127 38 0 127 0 0 0
0 0 0 0 0 0 0 100 0 0 127 127 78 0 93 90 127 0 19 127 127 0 0 0 70
0 0 0 127 127 34 0 86.3919 26.3446 16 108.98 13.6216 0 20.5946 71.2432
19.5608 67 72.2635 0 0 40.1554 0 127 59.0911 1 0 0 0 0 0 0 0 16 16
0 0 0 0 0 0 127 51 0;
egregore_data 0 0 127 0 0 127 0 0 0 0 0 0 0 0 0 127 38 0 127 0 0 0
0 0 0 0 0 0 0 100 0 0 127 127 78 0 93 90 127 0 19 127 127 0 0 0 70
0 0 0 127 127 34 0 86.3919 26.3446 16 108.98 13.6216 0 20.5946 71.2432
19.5608 67 72.2635 0 0 40.1554 0 127 59.0911 1 0 0 0 0 0 0 0 16 16
0 0 0 0 0 0 127 51 0;
egregore_data 0 0 127 0 0 127 0 0 0 0 0 0 0 0 0 127 38 0 127 0 0 0
0 0 0 0 0 0 0 100 0 0 127 127 78 0 93 90 127 0 19 127 127 0 0 0 70
0 0 0 127 127 34 0 86.3919 26.3446 16 108.98 13.6216 0 20.5946 71.2432
19.5608 67 72.2635 0 0 40.1554 0 127 59.0911 1 0 0 0 0 0 0 0 16 16
0 0 0 0 0 0 127 51 0;
egregore_data 0 0 127 0 0 127 0 0 0 0 0 0 0 0 0 127 38 0 127 0 0 0
0 0 0 0 0 0 0 100 0 0 127 127 78 0 93 90 127 0 19 127 127 0 0 0 70
0 0 0 127 127 34 0 86.3919 26.3446 16 108.98 13.6216 0 20.5946 71.2432
19.5608 67 72.2635 0 0 40.1554 0 127 59.0911 1 0 0 0 0 0 0 0 16 16
0 0 0 0 0 0 127 51 0;
egregore_data 0 0 127 0 0 127 0 0 0 0 0 0 0 0 0 127 38 0 127 0 0 0
0 0 0 0 0 0 0 100 0 0 127 127 78 0 93 90 127 0 19 127 127 0 0 0 70
0 0 0 127 127 34 0 86.3919 26.3446 16 108.98 13.6216 0 20.5946 71.2432
19.5608 67 72.2635 0 0 40.1554 0 127 59.0911 1 0 0 0 0 0 0 0 16 16
0 0 0 0 0 0 127 51 0;
egregore_data 0 0 127 0 0 127 0 0 0 0 0 0 0 0 0 127 38 0 127 0 0 0
0 0 0 0 0 0 0 100 0 0 127 127 78 0 93 90 127 0 19 127 127 0 0 0 70
0 0 0 127 127 34 0 86.3919 26.3446 16 108.98 13.6216 0 20.5946 71.2432
19.5608 67 72.2635 0 0 40.1554 0 127 59.0911 1 0 0 0 0 0 0 0 16 16
0 0 0 0 0 0 127 51 0;
END;
