HTTP/1.1 200 OK
Date: Thu, 28 May 2015 12:31:03 GMT
Server: Apache
Last-Modified: Wed, 27 May 2015 19:04:12 GMT
Accept-Ranges: bytes
Content-Length: 24821
Vary: Accept-Encoding
Connection: close
Content-Type: text/plain

chdh_egregore_live_data;
egregore_data 123 127 0 121 121 0 124 0 0 0 0 0 0 0 0 127 38 1 10.5413
0 0 0 0 0 0 0 0 6 0 127 0 0 3.1624 127 78 1 0 0 127 0 0 30 127 0 0
0 70 0 0 0 0 127 34 0 53 99 83 0 0 0 0 32 0 0 21 0 40 0 0 127 88 0
0 0 0 0 0 0 0 16 16 0 0 0 0 0 0 127 51 0;
egregore_data 123 127 0 121 121 0 124 0 0 0 0 0 0 0 0 127 38 1 10.5413
0 0 0 0 0 0 0 0 6 0 127 0 0 3.1624 127 78 1 0 0 127 0 0 30 127 0 0
0 70 0 0 0 0 127 34 0 53 99 83 0 0 0 0 32 0 0 21 0 40 0 0 127 88 0
0 0 0 0 0 0 0 16 16 0 0 0 0 0 0 127 51 0;
egregore_data 123 127 0 121 121 0 124 0 0 0 0 0 0 0 0 127 38 1 10.5413
0 0 0 0 0 0 0 0 6 0 127 0 0 3.1624 127 78 1 0 0 127 0 0 30 127 0 0
0 70 0 0 0 0 127 34 0 53 99 83 0 0 0 0 32 0 0 21 0 40 0 0 127 88 0
0 0 0 0 0 0 0 16 16 0 0 0 0 0 0 127 51 0;
egregore_data 123 127 0 121 121 0 124 0 0 0 0 0 0 0 0 127 38 1 10.5413
0 0 0 0 0 0 0 0 6 0 127 0 0 3.1624 127 78 1 0 0 127 0 0 30 127 0 0
0 70 0 0 0 0 127 34 0 53 99 83 0 0 0 0 32 0 0 21 0 40 0 0 127 88 0
0 0 0 0 0 0 0 16 16 0 0 0 0 0 0 127 51 0;
egregore_data 123 127 0 121 121 0 124 0 0 0 0 0 0 0 0 127 38 1 11.7126
0 0 0 0 0 0 0 0 6 0 127 0 0 3.51378 127 78 1 0 0 127 0 0 30 127 0 0
0 70 0 0 0 0 127 34 0 53 99 83 0 0 0 0 32 0 0 21 0 40 0 0 127 88 0
0 0 0 0 0 0 0 16 16 0 0 0 0 0 0 127 51 0;
egregore_data 123 127 0 121 121 0 124 0 0 0 0 0 0 0 0 127 38 1 11.7126
0 0 0 0 0 0 0 0 6 0 127 0 0 3.51378 127 78 1 0 0 127 0 0 30 127 0 0
0 70 0 0 0 0 127 34 0 53 99 83 0 0 0 0 32 0 0 21 0 40 0 0 127 88 0
0 0 0 0 0 0 0 16 16 0 0 0 0 0 0 127 51 0;
egregore_data 123 127 0 121 121 0 124 0 0 0 0 0 0 0 0 127 38 1 11.7126
0 0 0 0 0 0 0 0 6 0 127 0 0 3.51378 127 78 1 0 0 127 0 0 30 127 0 0
0 70 0 0 0 0 127 34 0 53 99 83 0 0 0 0 32 0 0 21 0 40 0 0 127 88 0
0 0 0 0 0 0 0 16 16 0 0 0 0 0 0 127 51 0;
egregore_data 123 127 0 121 121 0 124 0 0 0 0 0 0 0 0 127 38 1 11.7126
0 0 0 0 0 0 0 0 6 0 127 0 0 3.51378 127 78 1 0 0 127 0 0 30 127 0 0
0 70 0 0 0 0 127 34 0 53 99 83 0 0 0 0 32 0 0 21 0 40 0 0 127 88 0
0 0 0 0 0 0 0 16 16 0 0 0 0 0 0 127 51 0;
egregore_data 123 127 0 121 121 0 124 0 0 0 0 0 0 0 0 127 38 1 11.7126
0 0 0 0 0 0 0 0 6 0 127 0 0 3.51378 127 78 1 0 0 127 0 0 30 127 0 0
0 70 0 0 0 0 127 34 0 53 99 83 0 0 0 0 32 0 0 21 0 40 0 0 127 88 0
0 0 0 0 0 0 0 16 16 0 0 0 0 0 0 127 51 0;
egregore_data 123 127 0 121 121 0 124 0 0 0 0 0 0 0 0 127 38 1 11.7126
0 0 0 0 0 0 0 0 6 0 127 0 0 3.51378 127 78 1 0 0 127 0 0 30 127 0 0
0 70 0 0 0 0 127 34 0 53 99 83 0 0 0 0 32 0 0 21 0 40 0 0 127 88 0
0 0 0 0 0 0 0 16 16 0 0 0 0 0 0 127 51 0;
egregore_data 123 127 0 121 121 0 124 0 0 0 0 0 0 0 0 127 38 1 11.7126
0 0 0 0 0 0 0 0 6 0 127 0 0 3.51378 127 78 1 0 0 127 0 0 30 127 0 0
0 70 0 0 0 0 127 34 0 53 99 83 0 0 0 0 32 0 0 21 0 40 0 0 127 88 0
0 0 0 0 0 0 0 16 16 0 0 0 0 0 0 127 51 0;
egregore_data 123 127 0 121 121 0 124 0 0 0 0 0 0 0 0 127 38 1 11.7126
0 0 0 0 0 0 0 0 6 0 127 0 0 3.51378 127 78 1 0 0 127 0 0 30 127 0 0
0 70 0 0 0 0 127 34 0 53 99 83 0 0 0 0 32 0 0 21 0 40 0 0 127 88 0
0 0 0 0 0 0 0 16 16 0 0 0 0 0 0 127 51 0;
egregore_data 123 127 0 121 121 0 124 0 0 0 0 0 0 0 0 127 38 1 11.7126
0 0 0 0 0 0 0 0 6 0 127 0 0 3.51378 127 78 1 0 0 127 0 0 30 127 0 0
0 70 0 0 0 0 127 34 0 53 99 83 0 0 0 0 32 0 0 21 0 40 0 0 127 88 0
0 0 0 0 0 0 0 16 16 0 0 0 0 0 0 127 51 0;
egregore_data 123 127 0 121 121 0 124 0 0 0 0 0 0 0 0 127 38 1 11.7126
0 0 0 0 0 0 0 0 6 0 127 0 0 3.51378 127 78 1 0 0 127 0 0 30 127 0 0
0 70 0 0 0 0 127 34 0 53 99 83 0 0 0 0 32 0 0 21 0 40 0 0 127 88 0
0 0 0 0 0 0 0 16 16 0 0 0 0 0 0 127 51 0;
egregore_data 123 127 0 121 121 0 124 0 0 0 0 0 0 0 0 127 38 1 11.7126
0 0 0 0 0 0 0 0 6 0 127 0 0 3.51378 127 78 1 0 0 127 0 0 30 127 0 0
0 70 0 0 0 0 127 34 0 53 99 83 0 0 0 0 32 0 0 21 0 40 0 0 127 88 0
0 0 0 0 0 0 0 16 16 0 0 0 0 0 0 127 51 0;
egregore_data 123 127 0 121 121 0 124 0 0 0 0 0 0 0 0 127 38 1 12.8839
0 0 0 0 0 0 0 0 6 0 127 0 0 3.86516 127 78 1 0 0 127 0 0 30 127 0 0
0 70 0 0 0 0 127 34 0 53 99 83 0 0 0 0 32 0 0 21 0 40 0 0 127 88 0
0 0 0 0 0 0 0 16 16 0 0 0 0 0 0 127 51 0;
egregore_data 123 127 0 121 121 0 124 0 0 0 0 0 0 0 0 127 38 1 12.8839
0 0 0 0 0 0 0 0 6 0 127 0 0 3.86516 127 78 1 0 0 127 0 0 30 127 0 0
0 70 0 0 0 0 127 34 0 53 99 83 0 0 0 0 32 0 0 21 0 40 0 0 127 88 0
0 0 0 0 0 0 0 16 16 0 0 0 0 0 0 127 51 0;
egregore_data 123 127 0 121 121 0 124 0 0 0 0 0 0 0 0 127 38 1 12.8839
0 0 0 0 0 0 0 0 6 0 127 0 0 3.86516 127 78 1 0 0 127 0 0 30 127 0 0
0 70 0 0 0 0 127 34 0 53 99 83 0 0 0 0 32 0 0 21 0 40 0 0 127 88 0
0 0 0 0 0 0 0 16 16 0 0 0 0 0 0 127 51 0;
egregore_data 123 127 0 121 121 0 124 0 0 0 0 0 0 0 0 127 38 1 12.8839
0 0 0 0 0 0 0 0 6 0 127 0 0 3.86516 127 78 1 0 0 127 0 0 30 127 0 0
0 70 0 0 0 0 127 34 0 53 99 83 0 0 0 0 32 0 0 21 0 40 0 0 127 88 0
0 0 0 0 0 0 0 16 16 0 0 0 0 0 0 127 51 0;
egregore_data 123 127 0 121 121 0 124 0 0 0 0 0 0 0 0 127 38 1 12.8839
0 0 0 0 0 0 0 0 6 0 127 0 0 3.86516 127 78 1 0 0 127 0 0 30 127 0 0
0 70 0 0 0 0 127 34 0 53 99 83 0 0 0 0 32 0 0 21 0 40 0 0 127 88 0
0 0 0 0 0 0 0 16 16 0 0 0 0 0 0 127 51 0;
egregore_data 123 127 0 121 121 0 123 0 0 0 0 0 0 0 0 127 38 1 12.8839
0 0 0 0 0 0 0 0 6 0 127 0 0 3.86516 127 78 1 0 0 127 0 0 30 127 0 0
0 70 0 0 0 0 127 34 0 53 99 83 0 0 0 0 32 0 0 21 0 40 0 0 127 88 0
0 0 0 0 0 0 0 16 16 0 0 0 0 0 0 127 51 0;
egregore_data 123 127 0 121 121 0 123 0 0 0 0 0 0 0 0 127 38 1 12.8839
0 0 0 0 0 0 0 0 6 0 127 0 0 3.86516 127 78 1 0 0 127 0 0 30 127 0 0
0 70 0 0 0 0 127 34 0 53 99 83 0 0 0 0 32 0 0 21 0 40 0 0 127 88 0
0 0 0 0 0 0 0 16 16 0 0 0 0 0 0 127 51 0;
egregore_data 123 127 0 121 121 0 123 0 0 0 0 0 0 0 0 127 38 1 12.8839
0 0 0 0 0 0 0 0 6 0 127 0 0 3.86516 127 78 1 0 0 127 0 0 30 127 0 0
0 70 0 0 0 0 127 34 0 53 99 83 0 0 0 0 32 0 0 21 0 40 0 0 127 88 0
0 0 0 0 0 0 0 16 16 0 0 0 0 0 0 127 51 0;
egregore_data 123 127 0 121 121 0 123 0 0 0 0 0 0 0 0 127 38 1 12.8839
0 0 0 0 0 0 0 0 6 0 127 0 0 3.86516 127 78 1 0 0 127 0 0 30 127 0 0
0 70 0 0 0 0 127 34 0 53 99 83 0 0 0 0 32 0 0 21 0 40 0 0 127 88 0
0 0 0 0 0 0 0 16 16 0 0 0 0 0 0 127 51 0;
egregore_data 123 127 0 121 121 0 123 0 0 0 0 0 0 0 0 127 38 1 15.2264
0 0 0 0 0 0 0 0 6 0 127 0 0 4.56791 127 78 1 0 0 127 0 0 30 127 0 0
0 70 0 0 0 0 127 34 0 53 99 83 0 0 0 0 32 0 0 21 0 40 0 0 127 88 0
0 0 0 0 0 0 0 16 16 0 0 0 0 0 0 127 51 0;
egregore_data 123 127 0 121 121 0 123 0 0 0 0 0 0 0 0 127 38 1 15.2264
0 0 0 0 0 0 0 0 6 0 127 0 0 4.56791 127 78 1 0 0 127 0 0 30 127 0 0
0 70 0 0 0 0 127 34 0 53 99 83 0 0 0 0 32 0 0 21 0 40 0 0 127 88 0
0 0 0 0 0 0 0 16 16 0 0 0 0 0 0 127 51 0;
egregore_data 123 127 0 121 121 0 123 0 0 0 0 0 0 0 0 127 38 1 15.2264
0 0 0 0 0 0 0 0 6 0 127 0 0 4.56791 127 78 1 0 0 127 0 0 30 127 0 0
0 70 0 0 0 0 127 34 0 53 99 83 0 0 0 0 32 0 0 21 0 40 0 0 127 88 0
0 0 0 0 0 0 0 16 16 0 0 0 0 0 0 127 51 0;
egregore_data 123 127 0 121 121 0 123 0 0 0 0 0 0 0 0 127 38 1 15.2264
0 0 0 0 0 0 0 0 6 0 127 0 0 4.56791 127 78 1 0 0 127 0 0 30 127 0 0
0 70 0 0 0 0 127 34 0 53 99 83 0 0 0 0 32 0 0 21 0 40 0 0 127 88 0
0 0 0 0 0 0 0 16 16 0 0 0 0 0 0 127 51 0;
egregore_data 123 127 0 121 121 0 123 0 0 0 0 0 0 0 0 127 38 1 15.2264
0 0 0 0 0 0 0 0 6 0 127 0 0 4.56791 127 78 1 0 0 127 0 0 30 127 0 0
0 70 0 0 0 0 127 34 0 53 99 83 0 0 0 0 32 0 0 21 0 40 0 0 127 88 0
0 0 0 0 0 0 0 16 16 0 0 0 0 0 0 127 51 0;
egregore_data 123 127 0 121 121 0 123 0 0 0 0 0 0 0 0 127 38 1 15.2264
0 0 0 0 0 0 0 0 6 0 127 0 0 4.56791 127 78 1 0 0 127 0 0 30 127 0 0
0 70 0 0 0 0 127 34 0 53 99 83 0 0 0 0 32 0 0 21 0 40 0 0 127 88 0
0 0 0 0 0 0 0 16 16 0 0 0 0 0 0 127 51 0;
egregore_data 123 127 0 121 121 0 123 0 0 0 0 0 0 0 0 127 38 1 15.2264
0 0 0 0 0 0 0 0 6 0 127 0 0 4.56791 127 78 1 0 0 127 0 0 30 127 0 0
0 70 0 0 0 0 127 34 0 53 99 83 0 0 0 0 32 0 0 21 0 40 0 0 127 88 0
0 0 0 0 0 0 0 16 16 0 0 0 0 0 0 127 51 0;
egregore_data 123 127 0 121 121 0 123 0 0 0 0 0 0 0 0 127 38 1 15.2264
0 0 0 0 0 0 0 0 6 0 127 0 0 4.56791 127 78 1 0 0 127 0 0 30 127 0 0
0 70 0 0 0 0 127 34 0 53 99 83 0 0 0 0 32 0 0 21 0 40 0 0 127 88 0
0 0 0 0 0 0 0 16 16 0 0 0 0 0 0 127 51 0;
egregore_data 123 127 0 121 121 0 123 0 0 0 0 0 0 0 0 127 38 1 16.3976
0 0 0 0 0 0 0 0 6 0 127 0 0 4.91929 127 78 1 0 0 127 0 0 30 127 0 0
0 70 0 0 0 0 127 34 0 53 99 83 0 0 0 0 32 0 0 21 0 40 0 0 127 88 0
0 0 0 0 0 0 0 16 16 0 0 0 0 0 0 127 51 0;
egregore_data 123 127 0 121 121 0 123 0 0 0 0 0 0 0 0 127 38 1 16.3976
0 0 0 0 0 0 0 0 6 0 127 0 0 4.91929 127 78 1 0 0 127 0 0 30 127 0 0
0 70 0 0 0 0 127 34 0 53 99 83 0 0 0 0 32 0 0 21 0 40 0 0 127 88 0
0 0 0 0 0 0 0 16 16 0 0 0 0 0 0 127 51 0;
egregore_data 123 127 0 121 121 0 123 0 0 0 0 0 0 0 0 127 38 1 16.3976
0 0 0 0 0 0 0 0 6 0 127 0 0 4.91929 127 78 1 0 0 127 0 0 30 127 0 0
0 70 0 0 0 0 127 34 0 53 99 83 0 0 0 0 32 0 0 21 0 40 0 0 127 88 0
0 0 0 0 0 0 0 16 16 0 0 0 0 0 0 127 51 0;
egregore_data 123 127 0 121 121 0 123 0 0 0 0 0 0 0 0 127 38 1 16.3976
0 0 0 0 0 0 0 0 6 0 127 0 0 4.91929 127 78 1 0 0 127 0 0 30 127 0 0
0 70 0 0 0 0 127 34 0 53 99 83 0 0 0 0 32 0 0 21 0 40 0 0 127 88 0
0 0 0 0 0 0 0 16 16 0 0 0 0 0 0 127 51 0;
egregore_data 123 127 0 121 121 0 123 0 0 0 0 0 0 0 0 127 38 1 16.3976
0 0 0 0 0 0 0 0 6 0 127 0 0 4.91929 127 78 1 0 0 127 0 0 30 127 0 0
0 70 0 0 0 0 127 34 0 53 99 83 0 0 0 0 32 0 0 21 0 40 0 0 127 88 0
0 0 0 0 0 0 0 16 16 0 0 0 0 0 0 127 51 0;
egregore_data 123 127 0 121 121 0 123 0 0 0 0 0 0 0 0 127 38 1 16.3976
0 0 0 0 0 0 0 0 6 0 127 0 0 4.91929 127 78 1 0 0 127 0 0 30 127 0 0
0 70 0 0 0 0 127 34 0 53 99 83 0 0 0 0 32 0 0 21 0 40 0 0 127 88 0
0 0 0 0 0 0 0 16 16 0 0 0 0 0 0 127 51 0;
egregore_data 123 127 0 121 121 0 123 0 0 0 0 0 0 0 0 127 38 1 16.3976
0 0 0 0 0 0 0 0 6 0 127 0 0 4.91929 127 78 1 0 0 127 0 0 30 127 0 0
0 70 0 0 0 0 127 34 0 53 99 83 0 0 0 0 32 0 0 21 0 40 0 0 127 88 0
0 0 0 0 0 0 0 16 16 0 0 0 0 0 0 127 51 0;
egregore_data 123 127 0 121 121 0 123 0 0 0 0 0 0 0 0 127 38 1 16.3976
0 0 0 0 0 0 0 0 6 0 127 0 0 4.91929 127 78 1 0 0 127 0 0 30 127 0 0
0 70 0 0 0 0 127 34 0 53 99 83 0 0 0 0 32 0 0 21 0 40 0 0 127 88 0
0 0 0 0 0 0 0 16 16 0 0 0 0 0 0 127 51 0;
egregore_data 123 127 0 121 121 0 123 0 0 0 0 0 0 0 0 127 38 1 16.3976
0 0 0 0 0 0 0 0 6 0 127 0 0 4.91929 127 78 1 0 0 127 0 0 30 127 0 0
0 70 0 0 0 0 127 34 0 53 99 83 0 0 0 0 32 0 0 21 0 40 0 0 127 88 0
0 0 0 0 0 0 0 16 16 0 0 0 0 0 0 127 51 0;
egregore_data 123 127 0 121 121 0 123 0 0 0 0 0 0 0 0 127 38 1 16.3976
0 0 0 0 0 0 0 0 6 0 127 0 0 4.91929 127 78 1 0 0 127 0 0 30 127 0 0
0 70 0 0 0 0 127 34 0 53 99 83 0 0 0 0 32 0 0 21 0 40 0 0 127 88 0
0 0 0 0 0 0 0 16 16 0 0 0 0 0 0 127 51 0;
egregore_data 123 127 0 121 121 0 122 0 0 0 0 0 0 0 0 127 38 1 16.3976
0 0 0 0 0 0 0 0 6 0 127 0 0 4.91929 127 78 1 0 0 127 0 0 30 127 0 0
0 70 0 0 0 0 127 34 0 53 99 83 0 0 0 0 32 0 0 21 0 40 0 0 127 88 0
0 0 0 0 0 0 0 16 16 0 0 0 0 0 0 127 51 0;
egregore_data 123 127 0 121 121 0 122 0 0 0 0 0 0 0 0 127 38 1 16.3976
0 0 0 0 0 0 0 0 6 0 127 0 0 4.91929 127 78 1 0 0 127 0 0 30 127 0 0
0 70 0 0 0 0 127 34 0 53 99 83 0 0 0 0 32 0 0 21 0 40 0 0 127 88 0
0 0 0 0 0 0 0 16 16 0 0 0 0 0 0 127 51 0;
egregore_data 123 127 0 121 121 0 122 0 0 0 0 0 0 0 0 127 38 1 16.3976
0 0 0 0 0 0 0 0 6 0 127 0 0 4.91929 127 78 1 0 0 127 0 0 30 127 0 0
0 70 0 0 0 0 127 34 0 53 99 83 0 0 0 0 32 0 0 21 0 40 0 0 127 88 0
0 0 0 0 0 0 0 16 16 0 0 0 0 0 0 127 51 0;
egregore_data 123 127 0 121 121 0 122 0 0 0 0 0 0 0 0 127 38 1 17.5689
0 0 0 0 0 0 0 0 6 0 127 0 0 5.27067 127 78 1 0 0 127 0 0 30 127 0 0
0 70 0 0 0 0 127 34 0 53 99 83 0 0 0 0 32 0 0 21 0 40 0 0 127 88 0
0 0 0 0 0 0 0 16 16 0 0 0 0 0 0 127 51 0;
egregore_data 123 127 0 121 121 0 122 0 0 0 0 0 0 0 0 127 38 1 17.5689
0 0 0 0 0 0 0 0 6 0 127 0 0 5.27067 127 78 1 0 0 127 0 0 30 127 0 0
0 70 0 0 0 0 127 34 0 53 99 83 0 0 0 0 32 0 0 21 0 40 0 0 127 88 0
0 0 0 0 0 0 0 16 16 0 0 0 0 0 0 127 51 0;
egregore_data 123 127 0 121 121 0 121 0 0 0 0 0 0 0 0 127 38 1 17.5689
0 0 0 0 0 0 0 0 6 0 127 0 0 5.27067 127 78 1 0 0 127 0 0 30 127 0 0
0 70 0 0 0 0 127 34 0 53 99 83 0 0 0 0 32 0 0 21 0 40 0 0 127 88 0
0 0 0 0 0 0 0 16 16 0 0 0 0 0 0 127 51 0;
egregore_data 123 127 0 121 121 0 121 0 0 0 0 0 0 0 0 127 38 1 17.5689
0 0 0 0 0 0 0 0 6 0 127 0 0 5.27067 127 78 1 0 0 127 0 0 30 127 0 0
0 70 0 0 0 0 127 34 0 53 99 83 0 0 0 0 32 0 0 21 0 40 0 0 127 88 0
0 0 0 0 0 0 0 16 16 0 0 0 0 0 0 127 51 0;
egregore_data 123 127 0 121 121 0 121 0 0 0 0 0 0 0 0 127 38 1 17.5689
0 0 0 0 0 0 0 0 6 0 127 0 0 5.27067 127 78 1 0 0 127 0 0 30 127 0 0
0 70 0 0 0 0 127 34 0 53 99 83 0 0 0 0 32 0 0 21 0 40 0 0 127 88 0
0 0 0 0 0 0 0 16 16 0 0 0 0 0 0 127 51 0;
egregore_data 123 127 0 121 121 0 121 0 0 0 0 0 0 0 0 127 38 1 17.5689
0 0 0 0 0 0 0 0 6 0 127 0 0 5.27067 127 78 1 0 0 127 0 0 30 127 0 0
0 70 0 0 0 0 127 34 0 53 99 83 0 0 0 0 32 0 0 21 0 40 0 0 127 88 0
0 0 0 0 0 0 0 16 16 0 0 0 0 0 0 127 51 0;
egregore_data 123 127 0 121 121 0 121 0 0 0 0 0 0 0 0 127 38 1 17.5689
0 0 0 0 0 0 0 0 6 0 127 0 0 5.27067 127 78 1 0 0 127 0 0 30 127 0 0
0 70 0 0 0 0 127 34 0 53 99 83 0 0 0 0 32 0 0 21 0 40 0 0 127 88 0
0 0 0 0 0 0 0 16 16 0 0 0 0 0 0 127 51 0;
egregore_data 123 127 0 121 121 0 121 0 0 0 0 0 0 0 0 127 38 1 17.5689
0 0 0 0 0 0 0 0 6 0 127 0 0 5.27067 127 78 1 0 0 127 0 0 30 127 0 0
0 70 0 0 0 0 127 34 0 53 99 83 0 0 0 0 32 0 0 21 0 40 0 0 127 88 0
0 0 0 0 0 0 0 16 16 0 0 0 0 0 0 127 51 0;
egregore_data 123 127 0 121 121 0 121 0 0 0 0 0 0 0 0 127 38 1 17.5689
0 0 0 0 0 0 0 0 6 0 127 0 0 5.27067 127 78 1 0 0 127 0 0 30 127 0 0
0 70 0 0 0 0 127 34 0 53 99 83 0 0 0 0 32 0 0 21 0 40 0 0 127 88 0
0 0 0 0 0 0 0 16 16 0 0 0 0 0 0 127 51 0;
egregore_data 123 127 0 121 121 0 121 0 0 0 0 0 0 0 0 127 38 1 18.7402
0 0 0 0 0 0 0 0 6 0 127 0 0 5.62205 127 78 1 0 0 127 0 0 30 127 0 0
0 70 0 0 0 0 127 34 0 53 99 83 0 0 0 0 32 0 0 21 0 40 0 0 127 88 0
0 0 0 0 0 0 0 16 16 0 0 0 0 0 0 127 51 0;
egregore_data 123 127 0 121 121 0 121 0 0 0 0 0 0 0 0 127 38 1 18.7402
0 0 0 0 0 0 0 0 6 0 127 0 0 5.62205 127 78 1 0 0 127 0 0 30 127 0 0
0 70 0 0 0 0 127 34 0 53 99 83 0 0 0 0 32 0 0 21 0 40 0 0 127 88 0
0 0 0 0 0 0 0 16 16 0 0 0 0 0 0 127 51 0;
egregore_data 123 127 0 121 121 0 119 0 0 0 0 0 0 0 0 127 38 1 18.7402
0 0 0 0 0 0 0 0 6 0 127 0 0 5.62205 127 78 1 0 0 127 0 0 30 127 0 0
0 70 0 0 0 0 127 34 0 53 99 83 0 0 0 0 32 0 0 21 0 40 0 0 127 88 0
0 0 0 0 0 0 0 16 16 0 0 0 0 0 0 127 51 0;
egregore_data 123 127 0 121 121 0 119 0 0 0 0 0 0 0 0 127 38 1 18.7402
0 0 0 0 0 0 0 0 6 0 127 0 0 5.62205 127 78 1 0 0 127 0 0 30 127 0 0
0 70 0 0 0 0 127 34 0 53 99 83 0 0 0 0 32 0 0 21 0 40 0 0 127 88 0
0 0 0 0 0 0 0 16 16 0 0 0 0 0 0 127 51 0;
egregore_data 123 127 0 121 121 0 119 0 0 0 0 0 0 0 0 127 38 1 19.9114
0 0 0 0 0 0 0 0 6 0 127 0 0 5.97342 127 78 1 0 0 127 0 0 30 127 0 0
0 70 0 0 0 0 127 34 0 53 99 83 0 0 0 0 32 0 0 21 0 40 0 0 127 88 0
0 0 0 0 0 0 0 16 16 0 0 0 0 0 0 127 51 0;
egregore_data 123 127 0 121 121 0 119 0 0 0 0 0 0 0 0 127 38 1 19.9114
0 0 0 0 0 0 0 0 6 0 127 0 0 5.97342 127 78 1 0 0 127 0 0 30 127 0 0
0 70 0 0 0 0 127 34 0 53 99 83 0 0 0 0 32 0 0 21 0 40 0 0 127 88 0
0 0 0 0 0 0 0 16 16 0 0 0 0 0 0 127 51 0;
egregore_data 123 127 0 121 121 0 119 0 0 0 0 0 0 0 0 127 38 1 19.9114
0 0 0 0 0 0 0 0 6 0 127 0 0 5.97342 127 78 1 0 0 127 0 0 30 127 0 0
0 70 0 0 0 0 127 34 0 53 99 83 0 0 0 0 32 0 0 21 0 40 0 0 127 88 0
0 0 0 0 0 0 0 16 16 0 0 0 0 0 0 127 51 0;
egregore_data 123 127 0 121 121 0 119 0 0 0 0 0 0 0 0 127 38 1 19.9114
0 0 0 0 0 0 0 0 6 0 127 0 0 5.97342 127 78 1 0 0 127 0 0 30 127 0 0
0 70 0 0 0 0 127 34 0 53 99 83 0 0 0 0 32 0 0 21 0 40 0 0 127 88 0
0 0 0 0 0 0 0 16 16 0 0 0 0 0 0 127 51 0;
egregore_data 123 127 0 121 121 0 118 0 0 0 0 0 0 0 0 127 38 1 19.9114
0 0 0 0 0 0 0 0 6 0 127 0 0 5.97342 127 78 1 0 0 127 0 0 30 127 0 0
0 70 0 0 0 0 127 34 0 53 99 83 0 0 0 0 32 0 0 21 0 40 0 0 127 88 0
0 0 0 0 0 0 0 16 16 0 0 0 0 0 0 127 51 0;
egregore_data 123 127 0 121 121 0 118 0 0 0 0 0 0 0 0 127 38 1 21.0827
0 0 0 0 0 0 0 0 6 0 127 0 0 6.3248 127 78 1 0 0 127 0 0 30 127 0 0
0 70 0 0 0 0 127 34 0 53 99 83 0 0 0 0 32 0 0 21 0 40 0 0 127 88 0
0 0 0 0 0 0 0 16 16 0 0 0 0 0 0 127 51 0;
egregore_data 123 127 0 121 121 0 118 0 0 0 0 0 0 0 0 127 38 1 21.0827
0 0 0 0 0 0 0 0 6 0 127 0 0 6.3248 127 78 1 0 0 127 0 0 30 127 0 0
0 70 0 0 0 0 127 34 0 53 99 83 0 0 0 0 32 0 0 21 0 40 0 0 127 88 0
0 0 0 0 0 0 0 16 16 0 0 0 0 0 0 127 51 0;
egregore_data 123 127 0 121 121 0 118 0 0 0 0 0 0 0 0 127 38 1 21.0827
0 0 0 0 0 0 0 0 6 0 127 0 0 6.3248 127 78 1 0 0 127 0 0 30 127 0 0
0 70 0 0 0 0 127 34 0 53 99 83 0 0 0 0 32 0 0 21 0 40 0 0 127 88 0
0 0 0 0 0 0 0 16 16 0 0 0 0 0 0 127 51 0;
egregore_data 123 127 0 121 121 0 118 0 0 0 0 0 0 0 0 127 38 1 21.0827
0 0 0 0 0 0 0 0 6 0 127 0 0 6.3248 127 78 1 0 0 127 0 0 30 127 0 0
0 70 0 0 0 0 127 34 0 53 99 83 0 0 0 0 32 0 0 21 0 40 0 0 127 88 0
0 0 0 0 0 0 0 16 16 0 0 0 0 0 0 127 51 0;
egregore_data 123 127 0 121 121 0 118 0 0 0 0 0 0 0 0 127 38 1 21.0827
0 0 0 0 0 0 0 0 6 0 127 0 0 6.3248 127 78 1 0 0 127 0 0 30 127 0 0
0 70 0 0 0 0 127 34 0 53 99 83 0 0 0 0 32 0 0 21 0 40 0 0 127 88 0
0 0 0 0 0 0 0 16 16 0 0 0 0 0 0 127 51 0;
egregore_data 123 127 0 121 121 0 118 0 0 0 0 0 0 0 0 127 38 1 23.4252
0 0 0 0 0 0 0 0 6 0 127 0 0 7.02756 127 78 1 0 0 127 0 0 30 127 0 0
0 70 0 0 0 0 127 34 0 53 99 83 0 0 0 0 32 0 0 21 0 40 0 0 127 88 0
0 0 0 0 0 0 0 16 16 0 0 0 0 0 0 127 51 0;
egregore_data 123 127 0 121 121 0 118 0 0 0 0 0 0 0 0 127 38 1 23.4252
0 0 0 0 0 0 0 0 6 0 127 0 0 7.02756 127 78 1 0 0 127 0 0 30 127 0 0
0 70 0 0 0 0 127 34 0 53 99 83 0 0 0 0 32 0 0 21 0 40 0 0 127 88 0
0 0 0 0 0 0 0 16 16 0 0 0 0 0 0 127 51 0;
egregore_data 123 127 0 121 121 0 118 0 0 0 0 0 0 0 0 127 38 1 23.4252
0 0 0 0 0 0 0 0 6 0 127 0 0 7.02756 127 78 1 0 0 127 0 0 30 127 0 0
0 70 0 0 0 0 127 34 0 53 99 83 0 0 0 0 32 0 0 21 0 40 0 0 127 88 0
0 0 0 0 0 0 0 16 16 0 0 0 0 0 0 127 51 0;
egregore_data 123 127 0 121 121 0 118 0 0 0 0 0 0 0 0 127 38 1 23.4252
0 0 0 0 0 0 0 0 6 0 127 0 0 7.02756 127 78 1 0 0 127 0 0 30 127 0 0
0 70 0 0 0 0 127 34 0 53 99 83 0 0 0 0 32 0 0 21 0 40 0 0 127 88 0
0 0 0 0 0 0 0 16 16 0 0 0 0 0 0 127 51 0;
egregore_data 123 127 0 121 121 0 118 0 0 0 0 0 0 0 0 127 38 1 23.4252
0 0 0 0 0 0 0 0 6 0 127 0 0 7.02756 127 78 1 0 0 127 0 0 30 127 0 0
0 70 0 0 0 0 127 34 0 53 99 83 0 0 0 0 32 0 0 21 0 40 0 0 127 88 0
0 0 0 0 0 0 0 16 16 0 0 0 0 0 0 127 51 0;
egregore_data 123 127 0 121 121 0 118 0 0 0 0 0 0 0 0 127 38 1 23.4252
0 0 0 0 0 0 0 0 6 0 127 0 0 7.02756 127 78 1 0 0 127 0 0 30 127 0 0
0 70 0 0 0 0 127 34 0 53 99 83 0 0 0 0 32 0 0 21 0 40 0 0 127 88 0
0 0 0 0 0 0 0 16 16 0 0 0 0 0 0 127 51 0;
egregore_data 123 127 0 121 121 0 118 0 0 0 0 0 0 0 0 127 38 1 23.4252
0 0 0 0 0 0 0 0 6 0 127 0 0 7.02756 127 78 1 0 0 127 0 0 30 127 0 0
0 70 0 0 0 0 127 34 0 53 99 83 0 0 0 0 32 0 0 21 0 40 0 0 127 88 0
0 0 0 0 0 0 0 16 16 0 0 0 0 0 0 127 51 0;
egregore_data 123 127 0 121 121 0 118 0 0 0 0 0 0 0 0 127 38 1 24.5965
0 0 0 0 0 0 0 0 6 0 127 0 0 7.37894 127 78 1 0 0 127 0 0 30 127 0 0
0 70 0 0 0 0 127 34 0 53 99 83 0 0 0 0 32 0 0 21 0 40 0 0 127 88 0
0 0 0 0 0 0 0 16 16 0 0 0 0 0 0 127 51 0;
egregore_data 123 127 0 121 121 0 118 0 0 0 0 0 0 0 0 127 38 1 24.5965
0 0 0 0 0 0 0 0 6 0 127 0 0 7.37894 127 78 1 0 0 127 0 0 30 127 0 0
0 70 0 0 0 0 127 34 0 53 99 83 0 0 0 0 32 0 0 21 0 40 0 0 127 88 0
0 0 0 0 0 0 0 16 16 0 0 0 0 0 0 127 51 0;
egregore_data 123 127 0 121 121 0 117 0 0 0 0 0 0 0 0 127 38 1 24.5965
0 0 0 0 0 0 0 0 6 0 127 0 0 7.37894 127 78 1 0 0 127 0 0 30 127 0 0
0 70 0 0 0 0 127 34 0 53 99 83 0 0 0 0 32 0 0 21 0 40 0 0 127 88 0
0 0 0 0 0 0 0 16 16 0 0 0 0 0 0 127 51 0;
egregore_data 123 127 0 121 121 0 117 0 0 0 0 0 0 0 0 127 38 1 24.5965
0 0 0 0 0 0 0 0 6 0 127 0 0 7.37894 127 78 1 0 0 127 0 0 30 127 0 0
0 70 0 0 0 0 127 34 0 53 99 83 0 0 0 0 32 0 0 21 0 40 0 0 127 88 0
0 0 0 0 0 0 0 16 16 0 0 0 0 0 0 127 51 0;
egregore_data 123 127 0 121 121 0 117 0 0 0 0 0 0 0 0 127 38 1 24.5965
0 0 0 0 0 0 0 0 6 0 127 0 0 7.37894 127 78 1 0 0 127 0 0 30 127 0 0
0 70 0 0 0 0 127 34 0 53 99 83 0 0 0 0 32 0 0 21 0 40 0 0 127 88 0
0 0 0 0 0 0 0 16 16 0 0 0 0 0 0 127 51 0;
egregore_data 123 127 0 121 121 0 117 0 0 0 0 0 0 0 0 127 38 1 24.5965
0 0 0 0 0 0 0 0 6 0 127 0 0 7.37894 127 78 1 0 0 127 0 0 30 127 0 0
0 70 0 0 0 0 127 34 0 53 99 83 0 0 0 0 32 0 0 21 0 40 0 0 127 88 0
0 0 0 0 0 0 0 16 16 0 0 0 0 0 0 127 51 0;
egregore_data 123 127 0 121 121 0 117 0 0 0 0 0 0 0 0 127 38 1 24.5965
0 0 0 0 0 0 0 0 6 0 127 0 0 7.37894 127 78 1 0 0 127 0 0 30 127 0 0
0 70 0 0 0 0 127 34 0 53 99 83 0 0 0 0 32 0 0 21 0 40 0 0 127 88 0
0 0 0 0 0 0 0 16 16 0 0 0 0 0 0 127 51 0;
egregore_data 123 127 0 121 121 0 117 0 0 0 0 0 0 0 0 127 38 1 24.5965
0 0 0 0 0 0 0 0 6 0 127 0 0 7.37894 127 78 1 0 0 127 0 0 30 127 0 0
0 70 0 0 0 0 127 34 0 53 99 83 0 0 0 0 32 0 0 21 0 40 0 0 127 88 0
0 0 0 0 0 0 0 16 16 0 0 0 0 0 0 127 51 0;
egregore_data 123 127 0 121 121 0 117 0 0 0 0 0 0 0 0 127 38 1 25.7677
0 0 0 0 0 0 0 0 6 0 127 0 0 7.73032 127 78 1 0 0 127 0 0 30 127 0 0
0 70 0 0 0 0 127 34 0 53 99 83 0 0 0 0 32 0 0 21 0 40 0 0 127 88 0
0 0 0 0 0 0 0 16 16 0 0 0 0 0 0 127 51 0;
egregore_data 123 127 0 121 121 0 117 0 0 0 0 0 0 0 0 127 38 1 25.7677
0 0 0 0 0 0 0 0 6 0 127 0 0 7.73032 127 78 1 0 0 127 0 0 30 127 0 0
0 70 0 0 0 0 127 34 0 53 99 83 0 0 0 0 32 0 0 21 0 40 0 0 127 88 0
0 0 0 0 0 0 0 16 16 0 0 0 0 0 0 127 51 0;
egregore_data 123 127 0 121 121 0 117 0 0 0 0 0 0 0 0 127 38 1 25.7677
0 0 0 0 0 0 0 0 6 0 127 0 0 7.73032 127 78 1 0 0 127 0 0 30 127 0 0
0 70 0 0 0 0 127 34 0 53 99 83 0 0 0 0 32 0 0 21 0 40 0 0 127 88 0
0 0 0 0 0 0 0 16 16 0 0 0 0 0 0 127 51 0;
egregore_data 123 127 0 121 121 0 117 0 0 0 0 0 0 0 0 127 38 1 25.7677
0 0 0 0 0 0 0 0 6 0 127 0 0 7.73032 127 78 1 0 0 127 0 0 30 127 0 0
0 70 0 0 0 0 127 34 0 53 99 83 0 0 0 0 32 0 0 21 0 40 0 0 127 88 0
0 0 0 0 0 0 0 16 16 0 0 0 0 0 0 127 51 0;
egregore_data 123 127 0 121 121 0 116 0 0 0 0 0 0 0 0 127 38 1 25.7677
0 0 0 0 0 0 0 0 6 0 127 0 0 7.73032 127 78 1 0 0 127 0 0 30 127 0 0
0 70 0 0 0 0 127 34 0 53 99 83 0 0 0 0 32 0 0 21 0 40 0 0 127 88 0
0 0 0 0 0 0 0 16 16 0 0 0 0 0 0 127 51 0;
egregore_data 123 127 0 121 121 0 116 0 0 0 0 0 0 0 0 127 38 1 25.7677
0 0 0 0 0 0 0 0 6 0 127 0 0 7.73032 127 78 1 0 0 127 0 0 30 127 0 0
0 70 0 0 0 0 127 34 0 53 99 83 0 0 0 0 32 0 0 21 0 40 0 0 127 88 0
0 0 0 0 0 0 0 16 16 0 0 0 0 0 0 127 51 0;
egregore_data 123 127 0 121 121 0 116 0 0 0 0 0 0 0 0 127 38 1 25.7677
0 0 0 0 0 0 0 0 6 0 127 0 0 7.73032 127 78 1 0 0 127 0 0 30 127 0 0
0 70 0 0 0 0 127 34 0 53 99 83 0 0 0 0 32 0 0 21 0 40 0 0 127 88 0
0 0 0 0 0 0 0 16 16 0 0 0 0 0 0 127 51 0;
egregore_data 123 127 0 121 121 0 115 0 0 0 0 0 0 0 0 127 38 1 25.7677
0 0 0 0 0 0 0 0 6 0 127 0 0 7.73032 127 78 1 0 0 127 0 0 30 127 0 0
0 70 0 0 0 0 127 34 0 53 99 83 0 0 0 0 32 0 0 21 0 40 0 0 127 88 0
0 0 0 0 0 0 0 16 16 0 0 0 0 0 0 127 51 0;
egregore_data 123 127 0 121 121 0 115 0 0 0 0 0 0 0 0 127 38 1 25.7677
0 0 0 0 0 0 0 0 6 0 127 0 0 7.73032 127 78 1 0 0 127 0 0 30 127 0 0
0 70 0 0 0 0 127 34 0 53 99 83 0 0 0 0 32 0 0 21 0 40 0 0 127 88 0
0 0 0 0 0 0 0 16 16 0 0 0 0 0 0 127 51 0;
egregore_data 123 127 0 121 121 0 115 0 0 0 0 0 0 0 0 127 38 1 25.7677
0 0 0 0 0 0 0 0 6 0 127 0 0 7.73032 127 78 1 0 0 127 0 0 30 127 0 0
0 70 0 0 0 0 127 34 0 53 99 83 0 0 0 0 32 0 0 21 0 40 0 0 127 88 0
0 0 0 0 0 0 0 16 16 0 0 0 0 0 0 127 51 0;
egregore_data 123 127 0 121 121 0 113 0 0 0 0 0 0 0 0 127 38 1 25.7677
0 0 0 0 0 0 0 0 6 0 127 0 0 7.73032 127 78 1 0 0 127 0 0 30 127 0 0
0 70 0 0 0 0 127 34 0 53 99 83 0 0 0 0 32 0 0 21 0 40 0 0 127 88 0
0 0 0 0 0 0 0 16 16 0 0 0 0 0 0 127 51 0;
egregore_data 123 127 0 121 121 0 113 0 0 0 0 0 0 0 0 127 38 1 25.7677
0 0 0 0 0 0 0 0 6 0 127 0 0 7.73032 127 78 1 0 0 127 0 0 30 127 0 0
0 70 0 0 0 0 127 34 0 53 99 83 0 0 0 0 32 0 0 21 0 40 0 0 127 88 0
0 0 0 0 0 0 0 16 16 0 0 0 0 0 0 127 51 0;
egregore_data 123 127 0 121 121 0 113 0 0 0 0 0 0 0 0 127 38 1 25.7677
0 0 0 0 0 0 0 0 6 0 127 0 0 7.73032 127 78 1 0 0 127 0 0 30 127 0 0
0 70 0 0 0 0 127 34 0 53 99 83 0 0 0 0 32 0 0 21 0 40 0 0 127 88 0
0 0 0 0 0 0 0 16 16 0 0 0 0 0 0 127 51 0;
egregore_data 123 127 0 121 121 0 113 0 0 0 0 0 0 0 0 127 38 1 25.7677
0 0 0 0 0 0 0 0 6 0 127 0 0 7.73032 127 78 1 0 0 127 0 0 30 127 0 0
0 70 0 0 0 0 127 34 0 53 99 83 0 0 0 0 32 0 0 21 0 40 0 0 127 88 0
0 0 0 0 0 0 0 16 16 0 0 0 0 0 0 127 51 0;
egregore_data 123 127 0 121 121 0 113 0 0 0 0 0 0 0 0 127 38 1 25.7677
0 0 0 0 0 0 0 0 6 0 127 0 0 7.73032 127 78 1 0 0 127 0 0 30 127 0 0
0 70 0 0 0 0 127 34 0 53 99 83 0 0 0 0 32 0 0 21 0 40 0 0 127 88 0
0 0 0 0 0 0 0 16 16 0 0 0 0 0 0 127 51 0;
egregore_data 123 127 0 121 121 0 113 0 0 0 0 0 0 0 0 127 38 1 25.7677
0 0 0 0 0 0 0 0 6 0 127 0 0 7.73032 127 78 1 0 0 127 0 0 30 127 0 0
0 70 0 0 0 0 127 34 0 53 99 83 0 0 0 0 32 0 0 21 0 40 0 0 127 88 0
0 0 0 0 0 0 0 16 16 0 0 0 0 0 0 127 51 0;
egregore_data 123 127 0 121 121 0 113 0 0 0 0 0 0 0 0 127 38 1 25.7677
0 0 0 0 0 0 0 0 6 0 127 0 0 7.73032 127 78 1 0 0 127 0 0 30 127 0 0
0 70 0 0 0 0 127 34 0 53 99 83 0 0 0 0 32 0 0 21 0 40 0 0 127 88 0
0 0 0 0 0 0 0 16 16 0 0 0 0 0 0 127 51 0;
END;
