HTTP/1.1 200 OK
Date: Thu, 28 May 2015 12:24:51 GMT
Server: Apache
Last-Modified: Wed, 27 May 2015 19:17:02 GMT
Accept-Ranges: bytes
Content-Length: 23730
Vary: Accept-Encoding
Connection: close
Content-Type: text/plain

chdh_egregore_live_data;
egregore_data 0 0 127 0 0 127 0 0 0 0 0 0 0 0 0 127 38 0 127 0 0 0
0 0 0 0 0 0 0 100 0 0 127 127 78 1 93 90 47 0 1 127 15 62 0 0 70 0
0 10 1 127 34 1 53 99 83 0 0 0 0 32 0 0 21 0 40 0 0 127 88 0 0 0 0
0 0 0 0 16 16 0 0 0 0 0 0 127 51 0;
egregore_data 0 0 127 0 0 127 0 0 0 0 0 0 0 0 0 127 38 0 127 0 0 0
0 0 0 0 0 0 0 100 0 0 127 127 78 1 93 90 47 0 1 127 15 62 0 0 70 0
0 10 1 127 34 1 53 99 83 0 0 0 0 32 0 0 21 0 40 0 0 127 88 0 0 0 0
0 0 0 0 16 16 0 0 0 0 0 0 127 51 0;
egregore_data 0 0 127 0 0 127 0 0 0 0 0 0 0 0 0 127 38 0 127 0 0 0
0 0 0 0 0 0 0 100 0 0 127 127 78 1 93 90 47 0 1 127 15 62 0 0 70 0
0 10 1 127 34 1 53 99 83 0 0 0 0 32 0 0 21 0 40 0 0 127 88 0 0 0 0
0 0 0 0 16 16 0 0 0 0 0 0 127 51 0;
egregore_data 0 0 127 0 0 127 0 0 0 0 0 0 0 0 0 127 38 0 127 0 0 0
0 0 0 0 0 0 0 100 0 0 127 127 78 1 93 90 47 0 1 127 15 62 0 0 70 0
0 10 1 127 34 1 53 99 83 0 0 0 0 32 0 0 21 0 40 0 0 127 88 0 0 0 0
0 0 0 0 16 16 0 0 0 0 0 0 127 51 0;
egregore_data 0 0 127 0 0 127 0 0 0 0 0 0 0 0 0 127 38 0 127 0 0 0
0 0 0 0 0 0 0 100 0 0 127 127 78 1 93 90 47 0 1 127 15 62 0 0 70 0
0 10 1 127 34 1 53 99 83 0 0 0 0 32 0 0 21 0 40 0 0 127 88 0 0 0 0
0 0 0 0 16 16 0 0 0 0 0 0 127 51 0;
egregore_data 0 0 127 0 0 127 0 0 0 0 0 0 0 0 0 127 38 0 127 0 0 0
0 0 0 0 0 0 0 100 0 0 127 127 78 1 93 90 47 0 1 127 15 62 0 0 70 0
0 10 1 127 34 1 53 99 83 0 0 0 0 32 0 0 21 0 40 0 0 127 88 0 0 0 0
0 0 0 0 16 16 0 0 0 0 0 0 127 51 0;
egregore_data 0 0 127 0 0 127 0 0 0 0 0 0 0 0 0 127 38 0 127 0 0 0
0 0 0 0 0 0 0 100 0 0 127 127 78 1 93 90 47 0 1 127 15 62 0 0 70 0
0 10 1 127 34 1 53 99 83 0 0 0 0 32 0 0 21 0 40 0 0 127 88 0 0 0 0
0 0 0 0 16 16 0 0 0 0 0 0 127 51 0;
egregore_data 0 0 127 0 0 127 0 0 0 0 0 0 0 0 0 127 38 0 127 0 0 0
0 0 0 0 0 0 0 100 0 0 127 127 78 1 93 90 47 0 1 127 15 62 0 0 70 0
0 10 1 127 34 1 53 99 83 0 0 0 0 32 0 0 21 0 40 0 0 127 88 0 0 0 0
0 0 0 0 16 16 0 0 0 0 0 0 127 51 0;
egregore_data 0 0 127 0 0 127 0 0 0 0 0 0 0 0 0 127 38 0 127 0 0 0
0 0 0 0 0 0 0 100 0 0 127 127 78 1 93 90 47 0 1 127 15 62 0 0 70 0
0 10 1 127 34 1 53 99 83 0 0 0 0 32 0 0 21 0 40 0 0 127 88 0 0 0 0
0 0 0 0 16 16 0 0 0 0 0 0 127 51 0;
egregore_data 0 0 127 0 0 127 0 0 0 0 0 0 0 0 0 127 38 0 127 0 0 0
0 0 0 0 0 0 0 100 0 0 127 127 78 1 93 90 47 0 1 127 15 62 0 0 70 0
0 10 1 127 34 1 53 99 83 0 0 0 0 32 0 0 21 0 40 0 0 127 88 0 0 0 0
0 0 0 0 16 16 0 0 0 0 0 0 127 51 0;
egregore_data 0 0 127 0 0 127 0 0 0 0 0 0 0 0 0 127 38 0 127 0 0 0
0 0 0 0 0 0 0 100 0 0 127 127 78 1 93 90 47 0 1 127 15 62 0 0 70 0
0 10 1 127 34 1 53 99 83 0 0 0 0 32 0 0 21 0 40 0 0 127 88 0 0 0 0
0 0 0 0 16 16 0 0 0 0 0 0 127 51 0;
egregore_data 0 0 127 0 0 127 0 0 0 0 0 0 0 0 0 127 38 0 127 0 0 0
0 0 0 0 0 0 0 100 0 0 127 127 78 1 93 90 47 0 1 127 15 62 0 0 70 0
0 10 1 127 34 1 53 99 83 0 0 0 0 32 0 0 21 0 40 0 0 127 88 0 0 0 0
0 0 0 0 16 16 0 0 0 0 0 0 127 51 0;
egregore_data 0 0 127 0 0 127 0 0 0 0 0 0 0 0 0 127 38 0 127 0 0 0
0 0 0 0 0 0 0 100 0 0 127 127 78 1 93 90 47 0 1 127 15 62 0 0 70 0
0 10 1 127 34 1 53 99 83 0 0 0 0 32 0 0 21 0 40 0 0 127 88 0 0 0 0
0 0 0 0 16 16 0 0 0 0 0 0 127 51 0;
egregore_data 0 0 127 0 0 127 0 0 0 0 0 0 0 0 0 127 38 0 127 0 0 0
0 0 0 0 0 0 0 100 0 0 127 127 78 1 93 90 47 0 1 127 15 62 0 0 70 0
0 10 1 127 34 1 53 99 83 0 0 0 0 32 0 0 21 0 40 0 0 127 88 0 0 0 0
0 0 0 0 16 16 0 0 0 0 0 0 127 51 0;
egregore_data 0 0 127 0 0 127 0 0 0 0 0 0 0 0 0 127 38 0 127 0 0 0
0 0 0 0 0 0 0 100 0 0 127 127 78 1 93 90 47 0 1 127 15 62 0 0 70 0
0 10 1 127 34 1 53 99 83 0 0 0 0 32 0 0 21 0 40 0 0 127 88 0 0 0 0
0 0 0 0 16 16 0 0 0 0 0 0 127 51 0;
egregore_data 0 0 127 0 0 127 0 0 0 0 0 0 0 0 0 127 38 0 127 0 0 0
0 0 0 0 0 0 0 100 0 0 127 127 78 1 93 90 47 0 1 127 15 62 0 0 70 0
0 10 1 127 34 1 53 99 83 0 0 0 0 32 0 0 21 0 40 0 0 127 88 0 0 0 0
0 0 0 0 16 16 0 0 0 0 0 0 127 51 0;
egregore_data 0 0 127 0 0 127 0 0 0 0 0 0 0 0 0 127 38 0 127 0 0 0
0 0 0 0 0 0 0 100 0 0 127 127 78 1 93 90 47 0 1 127 15 62 0 0 70 0
0 10 1 127 34 1 53 99 83 0 0 0 0 32 0 0 21 0 40 0 0 127 88 0 0 0 0
0 0 0 0 16 16 0 0 0 0 0 0 127 51 0;
egregore_data 0 0 127 0 0 127 0 0 0 0 0 0 0 0 0 127 38 0 127 0 0 0
0 0 0 0 0 0 0 100 0 0 127 127 78 1 93 90 47 0 1 127 15 62 0 0 70 0
0 10 1 127 34 1 53 99 83 0 0 0 0 32 0 0 21 0 40 0 0 127 88 0 0 0 0
0 0 0 0 16 16 0 0 0 0 0 0 127 51 0;
egregore_data 0 0 127 0 0 127 0 0 0 0 0 0 0 0 0 127 38 0 127 0 0 0
0 0 0 0 0 0 0 100 0 0 127 127 78 1 93 90 47 0 1 127 15 62 0 0 70 0
0 10 1 127 34 1 53 99 83 0 0 0 0 32 0 0 21 0 40 0 0 127 88 0 0 0 0
0 0 0 0 16 16 0 0 0 0 0 0 127 51 0;
egregore_data 0 0 127 0 0 127 0 0 0 0 0 0 0 0 0 127 38 0 127 0 0 0
0 0 0 0 0 0 0 100 0 0 127 127 78 1 93 90 47 0 1 127 15 62 0 0 70 0
0 10 1 127 34 1 53 99 83 0 0 0 0 32 0 0 21 0 40 0 0 127 88 0 0 0 0
0 0 0 0 16 16 0 0 0 0 0 0 127 51 0;
egregore_data 0 0 127 0 0 127 0 0 0 0 0 0 0 0 0 127 38 0 127 0 0 0
0 0 0 0 0 0 0 100 0 0 127 127 78 1 93 90 47 0 1 127 15 62 0 0 70 0
0 10 1 127 34 1 53 99 83 0 0 0 0 32 0 0 21 0 40 0 0 127 88 0 0 0 0
0 0 0 0 16 16 0 0 0 0 0 0 127 51 0;
egregore_data 0 0 127 0 0 127 0 0 0 0 0 0 0 0 0 127 38 0 127 0 0 0
0 0 0 0 0 0 0 100 0 0 127 127 78 1 93 90 47 0 1 127 15 62 0 0 70 0
0 10 1 127 34 1 53 99 83 0 0 0 0 32 0 0 21 0 40 0 0 127 88 0 0 0 0
0 0 0 0 16 16 0 0 0 0 0 0 127 51 0;
egregore_data 0 0 127 0 0 127 0 0 0 0 0 0 0 0 0 127 38 0 127 0 0 0
0 0 0 0 0 0 0 100 0 0 127 127 78 1 93 90 47 0 1 127 15 62 0 0 70 0
0 10 1 127 34 1 53 99 83 0 0 0 0 32 0 0 21 0 40 0 0 127 88 0 0 0 0
0 0 0 0 16 16 0 0 0 0 0 0 127 51 0;
egregore_data 0 0 127 0 0 127 0 0 0 0 0 0 0 0 0 127 38 0 127 0 0 0
0 0 0 0 0 0 0 100 0 0 127 127 78 1 93 90 47 0 1 127 15 62 0 0 70 0
0 10 1 127 34 1 53 99 83 0 0 0 0 32 0 0 21 0 40 0 0 127 88 0 0 0 0
0 0 0 0 16 16 0 0 0 0 0 0 127 51 0;
egregore_data 0 0 127 0 0 127 0 0 0 0 0 0 0 0 0 127 38 0 127 0 0 0
0 0 0 0 0 0 0 100 0 0 127 127 78 1 93 90 47 0 1 127 15 62 0 0 70 0
0 10 1 127 34 1 53 99 83 0 0 0 0 32 0 0 21 0 40 0 0 127 88 0 0 0 0
0 0 0 0 16 16 0 0 0 0 0 0 127 51 0;
egregore_data 0 0 127 0 0 127 0 0 0 0 0 0 0 0 0 127 38 0 127 0 0 0
0 0 0 0 0 0 0 100 0 0 127 127 78 1 93 90 47 0 1 127 15 62 0 0 70 0
0 10 1 127 34 1 53 99 83 0 0 0 0 32 0 0 21 0 40 0 0 127 88 0 0 0 0
0 0 0 0 16 16 0 0 0 0 0 0 127 51 0;
egregore_data 0 0 127 0 0 127 0 0 0 0 0 0 0 0 0 127 38 0 127 0 0 0
0 0 0 0 0 0 0 100 0 0 127 127 78 1 93 90 47 0 1 127 15 62 0 0 70 0
0 10 1 127 34 1 53 99 83 0 0 0 0 32 0 0 21 0 40 0 0 127 88 0 0 0 0
0 0 0 0 16 16 0 0 0 0 0 0 127 51 0;
egregore_data 0 0 127 0 0 127 0 0 0 0 0 0 0 0 0 127 38 0 127 0 0 0
0 0 0 0 0 0 0 100 0 0 127 127 78 1 93 90 47 0 1 127 15 62 0 0 70 0
0 10 1 127 34 1 53 99 83 0 0 0 0 32 0 0 21 0 40 0 0 127 88 0 0 0 0
0 0 0 0 16 16 0 0 0 0 0 0 127 51 0;
egregore_data 0 0 127 0 0 127 0 0 0 0 0 0 0 0 0 127 38 0 127 0 0 0
0 0 0 0 0 0 0 100 0 0 127 127 78 1 93 90 47 0 1 127 15 62 0 0 70 0
0 10 1 127 34 1 53 99 83 0 0 0 0 32 0 0 21 0 40 0 0 127 88 0 0 0 0
0 0 0 0 16 16 0 0 0 0 0 0 127 51 0;
egregore_data 0 0 127 0 0 127 0 0 0 0 0 0 0 0 0 127 38 0 127 0 0 0
0 0 0 0 0 0 0 100 0 0 127 127 78 1 93 90 47 0 1 127 15 62 0 0 70 0
0 10 1 127 34 1 53 99 83 0 0 0 0 32 0 0 21 0 40 0 0 127 88 0 0 0 0
0 0 0 0 16 16 0 0 0 0 0 0 127 51 0;
egregore_data 0 0 127 0 0 127 0 0 0 0 0 0 0 0 0 127 38 0 127 0 0 0
0 0 0 0 0 0 0 100 0 0 127 127 78 1 93 90 47 0 1 127 15 62 0 0 70 0
0 10 1 127 34 1 53 99 83 0 0 0 0 32 0 0 21 0 40 0 0 127 88 0 0 0 0
0 0 0 0 16 16 0 0 0 0 0 0 127 51 0;
egregore_data 0 0 127 0 0 127 0 0 0 0 0 0 0 0 0 127 38 0 127 0 0 0
0 0 0 0 0 0 0 100 0 0 127 127 78 1 93 90 47 0 1 127 15 62 0 0 70 0
0 10 1 127 34 1 53 99 83 0 0 0 0 32 0 0 21 0 40 0 0 127 88 0 0 0 0
0 0 0 0 16 16 0 0 0 0 0 0 127 51 0;
egregore_data 0 0 127 0 0 127 0 0 0 0 0 0 0 0 0 127 38 0 127 0 0 0
0 0 0 0 0 0 0 100 0 0 127 127 78 1 93 90 47 0 1 127 15 62 0 0 70 0
0 10 1 127 34 1 53 99 83 0 0 0 0 32 0 0 21 0 40 0 0 127 88 0 0 0 0
0 0 0 0 16 16 0 0 0 0 0 0 127 51 0;
egregore_data 0 0 127 0 0 127 0 0 0 0 0 0 0 0 0 127 38 0 127 0 0 0
0 0 0 0 0 0 0 100 0 0 127 127 78 1 93 90 47 0 1 127 15 62 0 0 70 0
0 10 1 127 34 1 53 99 83 0 0 0 0 32 0 0 21 0 40 0 0 127 88 0 0 0 0
0 0 0 0 16 16 0 0 0 0 0 0 127 51 0;
egregore_data 0 0 127 0 0 127 0 0 0 0 0 0 0 0 0 127 38 0 127 0 0 0
0 0 0 0 0 0 0 100 0 0 127 127 78 1 93 90 47 0 1 127 15 62 0 0 70 0
0 10 1 127 34 1 53 99 83 0 0 0 0 32 0 0 21 0 40 0 0 127 88 0 0 0 0
0 0 0 0 16 16 0 0 0 0 0 0 127 51 0;
egregore_data 0 0 127 0 0 127 0 0 0 0 0 0 0 0 0 127 38 0 127 0 0 0
0 0 0 0 0 0 0 100 0 0 127 127 78 1 93 90 47 0 2 127 15 62 0 0 70 0
0 11 1 127 34 1 53 99 83 0 0 0 0 32 0 0 21 0 40 0 0 127 88 0 0 0 0
0 0 0 0 16 16 0 0 0 0 0 0 127 51 0;
egregore_data 0 0 127 0 0 127 0 0 0 0 0 0 0 0 0 127 38 0 127 0 0 0
0 0 0 0 0 0 0 100 0 0 127 127 78 1 93 90 47 0 2 127 15 62 0 0 70 0
0 12 1 127 34 1 53 99 83 0 0 0 0 32 0 0 21 0 40 0 0 127 88 0 0 0 0
0 0 0 0 16 16 0 0 0 0 0 0 127 51 0;
egregore_data 0 0 127 0 0 127 0 0 0 0 0 0 0 0 0 127 38 0 127 0 0 0
0 0 0 0 0 0 0 100 0 0 127 127 78 1 93 90 47 0 2 127 15 62 0 0 70 0
0 13 1 127 34 1 53 99 83 0 0 0 0 32 0 0 21 0 40 0 0 127 88 0 0 0 0
0 0 0 0 16 16 0 0 0 0 0 0 127 51 0;
egregore_data 0 0 127 0 0 127 0 0 0 0 0 0 0 0 0 127 38 0 127 0 0 0
0 0 0 0 0 0 0 100 0 0 127 127 78 1 93 90 47 1 2 127 14 62 0 0 70 0
0 14 1 127 34 1 53 99 83 0 0 0 0 32 0 0 21 0 40 0 0 127 88 0 0 0 0
0 0 0 0 16 16 0 0 0 0 0 0 127 51 0;
egregore_data 0 0 127 0 0 127 0 0 0 0 0 0 0 0 0 127 38 0 127 0 0 0
0 0 0 0 0 0 0 100 0 0 127 127 78 1 93 90 47 1 2 127 14 62 0 0 70 0
0 15 1 127 34 1 53 99 83 0 0 0 0 32 0 0 21 0 40 0 0 127 88 0 0 0 0
0 0 0 0 16 16 0 0 0 0 0 0 127 51 0;
egregore_data 0 0 127 0 0 127 0 0 0 0 0 0 0 0 0 127 38 0 127 0 0 0
0 0 0 0 0 0 0 100 0 0 127 127 78 1 93 90 46 1 2 127 14 63 0 0 70 0
0 16 1 127 34 1 53 99 83 0 0 0 0 32 0 0 21 0 40 0 0 127 88 0 0 0 0
0 0 0 0 16 16 0 0 0 0 0 0 127 51 0;
egregore_data 0 0 127 0 0 127 0 0 0 0 0 0 0 0 0 127 38 0 127 0 0 0
0 0 0 0 0 0 0 100 0 0 127 127 78 1 93 90 46 1 3 127 14 63 0 0 70 0
0 17 1 127 34 1 53 99 83 0 0 0 0 32 0 0 21 0 40 0 0 127 88 0 0 0 0
0 0 0 0 16 16 0 0 0 0 0 0 127 51 0;
egregore_data 0 0 127 0 0 127 0 0 0 0 0 0 0 0 0 127 38 0 127 0 0 0
0 0 0 0 0 0 0 100 0 0 127 127 78 1 93 90 46 1 3 127 14 63 0 0 70 0
0 18 1 127 34 1 53 99 83 0 0 0 0 32 0 0 21 0 40 0 0 127 88 0 0 0 0
0 0 0 0 16 16 0 0 0 0 0 0 127 51 0;
egregore_data 0 0 127 0 0 127 0 0 0 0 0 0 0 0 0 127 38 0 127 0 0 0
0 0 0 0 0 0 0 100 0 0 127 127 78 1 93 90 46 1 3 127 14 63 0 0 70 0
0 19 1 127 34 1 53 99 83 0 0 0 0 32 0 0 21 0 40 0 0 127 88 0 0 0 0
0 0 0 0 16 16 0 0 0 0 0 0 127 51 0;
egregore_data 0 0 127 0 0 127 0 0 0 0 0 0 0 0 0 127 38 0 127 0 0 0
0 0 0 0 0 0 0 100 0 0 127 127 78 1 93 90 46 1 3 127 14 63 0 0 70 0
0 21 2 127 34 1 53 99 83 0 0 0 0 32 0 0 21 0 40 0 0 127 88 0 0 0 0
0 0 0 0 16 16 0 0 0 0 0 0 127 51 0;
egregore_data 0 0 127 0 0 127 0 0 0 0 0 0 0 0 0 127 38 0 127 0 0 0
0 0 0 0 0 0 0 100 0 0 127 127 78 1 93 90 45 1 3 127 13 63 0 0 70 0
0 22 2 127 34 1 53 99 83 0 0 0 0 32 0 0 21 0 40 0 0 127 88 0 0 0 0
0 0 0 0 16 16 0 0 0 0 0 0 127 51 0;
egregore_data 0 0 127 0 0 127 0 0 0 0 0 0 0 0 0 127 38 0 127 0 0 0
0 0 0 0 0 0 0 100 0 0 127 127 78 1 93 90 45 1 4 127 13 63 0 0 70 0
0 23 2 127 34 1 53 99 83 0 0 0 0 32 0 0 21 0 40 0 0 127 88 0 0 0 0
0 0 0 0 16 16 0 0 0 0 0 0 127 51 0;
egregore_data 0 0 127 0 0 127 0 0 0 0 0 0 0 0 0 127 38 0 127 0 0 0
0 0 0 0 0 0 0 100 0 0 127 127 78 1 93 90 45 1 4 127 13 63 0 0 70 0
0 24 2 127 34 1 53 99 83 0 0 0 0 32 0 0 21 0 40 0 0 127 88 0 0 0 0
0 0 0 0 16 16 0 0 0 0 0 0 127 51 0;
egregore_data 0 0 127 0 0 127 0 0 0 0 0 0 0 0 0 127 38 0 127 0 0 0
0 0 0 0 0 0 0 100 0 0 127 127 78 1 93 90 45 1 4 127 13 63 0 0 70 0
0 25 2 127 34 1 53 99 83 0 0 0 0 32 0 0 21 0 40 0 0 127 88 0 0 0 0
0 0 0 0 16 16 0 0 0 0 0 0 127 51 0;
egregore_data 0 0 127 0 0 127 0 0 0 0 0 0 0 0 0 127 38 0 127 0 0 0
0 0 0 0 0 0 0 100 0 0 127 127 78 1 93 90 45 1 4 127 13 63 0 0 70 0
0 25 2 127 34 1 53 99 83 0 0 0 0 32 0 0 21 0 40 0 0 127 88 0 0 0 0
0 0 0 0 16 16 0 0 0 0 0 0 127 51 0;
egregore_data 0 0 127 0 0 127 0 0 0 0 0 0 0 0 0 127 38 0 127 0 0 0
0 0 0 0 0 0 0 100 0 0 127 127 78 1 93 90 45 1 4 127 13 63 0 0 70 0
0 26 2 127 34 1 53 99 83 0 0 0 0 32 0 0 21 0 40 0 0 127 88 0 0 0 0
0 0 0 0 16 16 0 0 0 0 0 0 127 51 0;
egregore_data 0 0 127 0 0 127 0 0 0 0 0 0 0 0 0 127 38 0 127 0 0 0
0 0 0 0 0 0 0 100 0 0 127 127 78 1 93 90 45 1 4 127 13 63 0 0 70 0
0 26 2 127 34 1 53 99 83 0 0 0 0 32 0 0 21 0 40 0 0 127 88 0 0 0 0
0 0 0 0 16 16 0 0 0 0 0 0 127 51 0;
egregore_data 0 0 127 0 0 127 0 0 0 0 0 0 0 0 0 127 38 0 127 0 0 0
0 0 0 0 0 0 0 100 0 0 127 127 78 1 93 90 45 1 4 127 13 63 0 0 70 0
0 26 2 127 34 1 53 99 83 0 0 0 0 32 0 0 21 0 40 0 0 127 88 0 0 0 0
0 0 0 0 16 16 0 0 0 0 0 0 127 51 0;
egregore_data 0 0 127 0 0 127 0 0 0 0 0 0 0 0 0 127 38 0 127 0 0 0
0 0 0 0 0 0 0 100 0 0 127 127 78 1 93 90 45 1 4 127 13 63 0 0 70 0
0 26 2 127 34 1 53 99 83 0 0 0 0 32 0 0 21 0 40 0 0 127 88 0 0 0 0
0 0 0 0 16 16 0 0 0 0 0 0 127 51 0;
egregore_data 0 0 127 0 0 127 0 0 0 0 0 0 0 0 0 127 38 0 127 0 0 0
0 0 0 0 0 0 0 100 0 0 127 127 78 1 93 90 45 1 4 127 13 63 0 0 70 0
0 26 2 127 34 1 53 99 83 0 0 0 0 32 0 0 21 0 40 0 0 127 88 0 0 0 0
0 0 0 0 16 16 0 0 0 0 0 0 127 51 0;
egregore_data 0 0 127 0 0 127 0 0 0 0 0 0 0 0 0 127 38 0 127 0 0 0
0 0 0 0 0 0 0 100 0 0 127 127 78 1 93 90 45 1 4 127 13 63 0 0 70 0
0 26 2 127 34 1 53 99 83 0 0 0 0 32 0 0 21 0 40 0 0 127 88 0 0 0 0
0 0 0 0 16 16 0 0 0 0 0 0 127 51 0;
egregore_data 0 0 127 0 0 127 0 0 0 0 0 0 0 0 0 127 38 0 127 0 0 0
0 0 0 0 0 0 0 100 0 0 127 127 78 1 93 90 45 1 4 127 13 63 0 0 70 0
0 26 2 127 34 1 53 99 83 0 0 0 0 32 0 0 21 0 40 0 0 127 88 0 0 0 0
0 0 0 0 16 16 0 0 0 0 0 0 127 51 0;
egregore_data 0 0 127 0 0 127 0 0 0 0 0 0 0 0 0 127 38 0 127 0 0 0
0 0 0 0 0 0 0 100 0 0 127 127 78 1 93 90 45 1 4 127 13 63 0 0 70 0
0 26 2 127 34 1 53 99 83 0 0 0 0 32 0 0 21 0 40 0 0 127 88 0 0 0 0
0 0 0 0 16 16 0 0 0 0 0 0 127 51 0;
egregore_data 0 0 127 0 0 127 0 0 0 0 0 0 0 0 0 127 38 0 127 0 0 0
0 0 0 0 0 0 0 100 0 0 127 127 78 1 93 90 45 1 4 127 13 63 0 0 70 0
0 26 2 127 34 1 53 99 83 0 0 0 0 32 0 0 21 0 40 0 0 127 88 0 0 0 0
0 0 0 0 16 16 0 0 0 0 0 0 127 51 0;
egregore_data 0 0 127 0 0 127 0 0 0 0 0 0 0 0 0 127 38 0 127 0 0 0
0 0 0 0 0 0 0 100 0 0 127 127 78 1 93 90 45 1 4 127 13 63 0 0 70 0
0 26 2 127 34 1 53 99 83 0 0 0 0 32 0 0 21 0 40 0 0 127 88 0 0 0 0
0 0 0 0 16 16 0 0 0 0 0 0 127 51 0;
egregore_data 0 0 127 0 0 127 0 0 0 0 0 0 0 0 0 127 38 0 127 0 0 0
0 0 0 0 0 0 0 100 0 0 127 127 78 1 93 90 45 1 4 127 13 63 0 0 70 0
0 26 2 127 34 1 53 99 83 0 0 0 0 32 0 0 21 0 40 0 0 127 88 0 0 0 0
0 0 0 0 16 16 0 0 0 0 0 0 127 51 0;
egregore_data 0 0 127 0 0 127 0 0 0 0 0 0 0 0 0 127 38 0 127 0 0 0
0 0 0 0 0 0 0 100 0 0 127 127 78 1 93 90 45 1 4 127 13 63 0 0 70 0
0 26 2 127 34 1 53 99 83 0 0 0 0 32 0 0 21 0 40 0 0 127 88 0 0 0 0
0 0 0 0 16 16 0 0 0 0 0 0 127 51 0;
egregore_data 0 0 127 0 0 127 0 0 0 0 0 0 0 0 0 127 38 0 127 0 0 0
0 0 0 0 0 0 0 100 0 0 127 127 78 1 93 90 45 1 4 127 13 63 0 0 70 0
0 26 2 127 34 1 53 99 83 0 0 0 0 32 0 0 21 0 40 0 0 127 88 0 0 0 0
0 0 0 0 16 16 0 0 0 0 0 0 127 51 0;
egregore_data 0 0 127 0 0 127 0 0 0 0 0 0 0 0 0 127 38 0 127 0 0 0
0 0 0 0 0 0 0 100 0 0 127 127 78 1 93 90 45 1 4 127 13 63 0 0 70 0
0 26 2 127 34 1 53 99 83 0 0 0 0 32 0 0 21 0 40 0 0 127 88 0 0 0 0
0 0 0 0 16 16 0 0 0 0 0 0 127 51 0;
egregore_data 0 0 127 0 0 127 0 0 0 0 0 0 0 0 0 127 38 0 127 0 0 0
0 0 0 0 0 0 0 100 0 0 127 127 78 1 93 90 45 1 4 127 13 64 0 0 70 0
0 27 2 127 34 1 53 99 83 0 0 0 0 32 0 0 21 0 40 0 0 127 88 0 0 0 0
0 0 0 0 16 16 0 0 0 0 0 0 127 51 0;
egregore_data 0 0 127 0 0 127 0 0 0 0 0 0 0 0 0 127 38 0 127 0 0 0
0 0 0 0 0 0 0 100 0 0 127 127 78 1 93 90 45 1 4 127 13 64 0 0 70 0
0 27 2 127 34 1 53 99 83 0 0 0 0 32 0 0 21 0 40 0 0 127 88 0 0 0 0
0 0 0 0 16 16 0 0 0 0 0 0 127 51 0;
egregore_data 0 0 127 0 0 127 0 0 0 0 0 0 0 0 0 127 38 0 127 0 0 0
0 0 0 0 0 0 0 100 0 0 127 127 78 1 93 90 44 1 4 127 13 64 0 0 70 0
0 27 2 127 34 1 53 99 83 0 0 0 0 32 0 0 21 0 40 0 0 127 88 0 0 0 0
0 0 0 0 16 16 0 0 0 0 0 0 127 51 0;
egregore_data 0 0 127 0 0 127 0 0 0 0 0 0 0 0 0 127 38 0 127 0 0 0
0 0 0 0 0 0 0 100 0 0 127 127 78 1 93 90 44 1 4 127 13 64 0 0 70 0
0 29 2 127 34 1 53 99 83 0 0 0 0 32 0 0 21 0 40 0 0 127 88 0 0 0 0
0 0 0 0 16 16 0 0 0 0 0 0 127 51 0;
egregore_data 0 0 127 0 0 127 0 0 0 0 0 0 0 0 0 127 38 0 127 0 0 0
0 0 0 0 0 0 0 100 0 0 127 127 78 1 93 90 44 1 4 127 13 64 0 0 70 0
0 29 2 127 34 1 53 99 83 0 0 0 0 32 0 0 21 0 40 0 0 127 88 0 0 0 0
0 0 0 0 16 16 0 0 0 0 0 0 127 51 0;
egregore_data 0 0 127 0 0 127 0 0 0 0 0 0 0 0 0 127 38 0 127 0 0 0
0 0 0 0 0 0 0 100 0 0 127 127 78 1 93 90 44 1 4 127 13 64 0 0 70 0
0 29 2 127 34 1 53 99 83 0 0 0 0 32 0 0 21 0 40 0 0 127 88 0 0 0 0
0 0 0 0 16 16 0 0 0 0 0 0 127 51 0;
egregore_data 0 0 127 0 0 127 0 0 0 0 0 0 0 0 0 127 38 0 127 0 0 0
0 0 0 0 0 0 0 100 0 0 127 127 78 1 93 90 44 1 4 127 13 64 0 0 70 0
0 29 2 127 34 1 53 99 83 0 0 0 0 32 0 0 21 0 40 0 0 127 88 0 0 0 0
0 0 0 0 16 16 0 0 0 0 0 0 127 51 0;
egregore_data 0 0 127 0 0 127 0 0 0 0 0 0 0 0 0 127 38 0 127 0 0 0
0 0 0 0 0 0 0 100 0 0 127 127 78 1 93 90 44 1 4 127 12 64 0 0 70 0
0 30 2 127 34 1 53 99 83 0 0 0 0 32 0 0 21 0 40 0 0 127 88 0 0 0 0
0 0 0 0 16 16 0 0 0 0 0 0 127 51 0;
egregore_data 0 0 127 0 0 127 0 0 0 0 0 0 0 0 0 127 38 0 127 0 0 0
0 0 0 0 0 0 0 100 0 0 127 127 78 1 93 90 44 1 5 127 12 64 0 0 70 0
0 31 2 127 34 1 53 99 83 0 0 0 0 32 0 0 21 0 40 0 0 127 88 0 0 0 0
0 0 0 0 16 16 0 0 0 0 0 0 127 51 0;
egregore_data 0 0 127 0 0 127 0 0 0 0 0 0 0 0 0 127 38 0 127 0 0 0
0 0 0 0 0 0 0 100 0 0 127 127 78 1 93 90 44 1 5 127 12 64 0 0 70 0
0 32 3 127 34 1 53 99 83 0 0 0 0 32 0 0 21 0 40 0 0 127 88 0 0 0 0
0 0 0 0 16 16 0 0 0 0 0 0 127 51 0;
egregore_data 0 0 127 0 0 127 0 0 0 0 0 0 0 0 0 127 38 0 127 0 0 0
0 0 0 0 0 0 0 100 0 0 127 127 78 1 93 90 44 1 5 127 12 64 0 0 70 0
0 32 3 127 34 1 53 99 83 0 0 0 0 32 0 0 21 0 40 0 0 127 88 0 0 0 0
0 0 0 0 16 16 0 0 0 0 0 0 127 51 0;
egregore_data 0 0 127 0 0 127 0 0 0 0 0 0 0 0 0 127 38 0 127 0 0 0
0 0 0 0 0 0 0 100 0 0 127 127 78 1 93 90 44 1 5 127 12 64 0 0 70 0
0 32 3 127 34 1 53 99 83 0 0 0 0 32 0 0 21 0 40 0 0 127 88 0 0 0 0
0 0 0 0 16 16 0 0 0 0 0 0 127 51 0;
egregore_data 0 0 127 0 0 127 0 0 0 0 0 0 0 0 0 127 38 0 127 0 0 0
0 0 0 0 0 0 0 100 0 0 127 127 78 1 93 90 43 1 5 127 12 64 0 0 70 0
0 33 3 127 34 1 53 99 83 0 0 0 0 32 0 0 21 0 40 0 0 127 88 0 0 0 0
0 0 0 0 16 16 0 0 0 0 0 0 127 51 0;
egregore_data 0 0 127 0 0 127 0 0 0 0 0 0 0 0 0 127 38 0 127 0 0 0
0 0 0 0 0 0 0 100 0 0 127 127 78 1 93 90 43 1 5 127 12 64 0 0 70 0
0 34 3 127 34 1 53 99 83 0 0 0 0 32 0 0 21 0 40 0 0 127 88 0 0 0 0
0 0 0 0 16 16 0 0 0 0 0 0 127 51 0;
egregore_data 0 0 127 0 0 127 0 0 0 0 0 0 0 0 0 127 38 0 127 0 0 0
0 0 0 0 0 0 0 100 0 0 127 127 78 1 93 90 43 1 5 127 12 64 0 0 70 0
0 34 3 127 34 1 53 99 83 0 0 0 0 32 0 0 21 0 40 0 0 127 88 0 0 0 0
0 0 0 0 16 16 0 0 0 0 0 0 127 51 0;
egregore_data 0 0 127 0 0 127 0 0 0 0 0 0 0 0 0 127 38 0 127 0 0 0
0 0 0 0 0 0 0 100 0 0 127 127 78 1 93 90 43 1 5 127 12 64 0 0 70 0
0 35 3 127 34 1 53 99 83 0 0 0 0 32 0 0 21 0 40 0 0 127 88 0 0 0 0
0 0 0 0 16 16 0 0 0 0 0 0 127 51 0;
egregore_data 0 0 127 0 0 127 0 0 0 0 0 0 0 0 0 127 38 0 127 0 0 0
0 0 0 0 0 0 0 100 0 0 127 127 78 1 93 90 43 1 5 127 12 64 0 0 70 0
0 36 3 127 34 1 53 99 83 0 0 0 0 32 0 0 21 0 40 0 0 127 88 0 0 0 0
0 0 0 0 16 16 0 0 0 0 0 0 127 51 0;
egregore_data 0 0 127 0 0 127 0 0 0 0 0 0 0 0 0 127 38 0 127 0 0 0
0 0 0 0 0 0 0 100 0 0 127 127 78 1 93 90 43 1 6 127 12 64 0 0 70 0
0 37 3 127 34 1 53 99 83 0 0 0 0 32 0 0 21 0 40 0 0 127 88 0 0 0 0
0 0 0 0 16 16 0 0 0 0 0 0 127 51 0;
egregore_data 0 0 127 0 0 127 0 0 0 0 0 0 0 0 0 127 38 0 127 0 0 0
0 0 0 0 0 0 0 100 0 0 127 127 78 1 93 90 43 1 6 127 12 65 0 0 70 0
0 37 3 127 34 1 53 99 83 0 0 0 0 32 0 0 21 0 40 0 0 127 88 0 0 0 0
0 0 0 0 16 16 0 0 0 0 0 0 127 51 0;
egregore_data 0 0 127 0 0 127 0 0 0 0 0 0 0 0 0 127 38 0 127 0 0 0
0 0 0 0 0 0 0 100 0 0 127 127 78 1 93 90 43 2 6 127 11 65 0 0 70 0
0 39 3 127 34 1 53 99 83 0 0 0 0 32 0 0 21 0 40 0 0 127 88 0 0 0 0
0 0 0 0 16 16 0 0 0 0 0 0 127 51 0;
egregore_data 0 0 127 0 0 127 0 0 0 0 0 0 0 0 0 127 38 0 127 0 0 0
0 0 0 0 0 0 0 100 0 0 127 127 78 1 93 90 42 2 6 127 11 65 0 0 70 0
0 40 3 127 34 1 53 99 83 0 0 0 0 32 0 0 21 0 40 0 0 127 88 0 0 0 0
0 0 0 0 16 16 0 0 0 0 0 0 127 51 0;
egregore_data 0 0 127 0 0 127 0 0 0 0 0 0 0 0 0 127 38 0 127 0 0 0
0 0 0 0 0 0 0 100 0 0 127 127 78 1 93 90 42 2 6 127 11 65 0 0 70 0
0 40 3 127 34 1 53 99 83 0 0 0 0 32 0 0 21 0 40 0 0 127 88 0 0 0 0
0 0 0 0 16 16 0 0 0 0 0 0 127 51 0;
egregore_data 0 0 127 0 0 127 0 0 0 0 0 0 0 0 0 127 38 0 127 0 0 0
0 0 0 0 0 0 0 100 0 0 127 127 78 1 93 90 42 2 6 127 11 65 0 0 70 0
0 40 3 127 34 1 53 99 83 0 0 0 0 32 0 0 21 0 40 0 0 127 88 0 0 0 0
0 0 0 0 16 16 0 0 0 0 0 0 127 51 0;
egregore_data 0 0 127 0 0 127 0 0 0 0 0 0 0 0 0 127 38 0 127 0 0 0
0 0 0 0 0 0 0 100 0 0 127 127 78 1 93 90 42 2 6 127 11 65 0 0 70 0
0 40 3 127 34 1 53 99 83 0 0 0 0 32 0 0 21 0 40 0 0 127 88 0 0 0 0
0 0 0 0 16 16 0 0 0 0 0 0 127 51 0;
egregore_data 0 0 127 0 0 127 0 0 0 0 0 0 0 0 0 127 38 0 127 0 0 0
0 0 0 0 0 0 0 100 0 0 127 127 78 1 93 90 42 2 6 127 11 65 0 0 70 0
0 40 3 127 34 1 53 99 83 0 0 0 0 32 0 0 21 0 40 0 0 127 88 0 0 0 0
0 0 0 0 16 16 0 0 0 0 0 0 127 51 0;
egregore_data 0 0 127 0 0 127 0 0 0 0 0 0 0 0 0 127 38 0 127 0 0 0
0 0 0 0 0 0 0 100 0 0 127 127 78 1 93 90 42 2 6 127 11 65 0 0 70 0
0 40 3 127 34 1 53 99 83 0 0 0 0 32 0 0 21 0 40 0 0 127 88 0 0 0 0
0 0 0 0 16 16 0 0 0 0 0 0 127 51 0;
egregore_data 0 0 127 0 0 127 0 0 0 0 0 0 0 0 0 127 38 0 127 0 0 0
0 0 0 0 0 0 0 100 0 0 127 127 78 1 93 90 42 2 6 127 11 65 0 0 70 0
0 40 3 127 34 1 53 99 83 0 0 0 0 32 0 0 21 0 40 0 0 127 88 0 0 0 0
0 0 0 0 16 16 0 0 0 0 0 0 127 51 0;
egregore_data 0 0 127 0 0 127 0 0 0 0 0 0 0 0 0 127 38 0 127 0 0 0
0 0 0 0 0 0 0 100 0 0 127 127 78 1 93 90 42 2 6 127 11 65 0 0 70 0
0 40 3 127 34 1 53 99 83 0 0 0 0 32 0 0 21 0 40 0 0 127 88 0 0 0 0
0 0 0 0 16 16 0 0 0 0 0 0 127 51 0;
egregore_data 0 0 127 0 0 127 0 0 0 0 0 0 0 0 0 127 38 0 127 0 0 0
0 0 0 0 0 0 0 100 0 0 127 127 78 1 93 90 42 2 6 127 11 65 0 0 70 0
0 40 3 127 34 1 53 99 83 0 0 0 0 32 0 0 21 0 40 0 0 127 88 0 0 0 0
0 0 0 0 16 16 0 0 0 0 0 0 127 51 0;
egregore_data 0 0 127 0 0 127 0 0 0 0 0 0 0 0 0 127 38 0 127 0 0 0
0 0 0 0 0 0 0 100 0 0 127 127 78 1 93 90 42 2 6 127 11 65 0 0 70 0
0 40 3 127 34 1 53 99 83 0 0 0 0 32 0 0 21 0 40 0 0 127 88 0 0 0 0
0 0 0 0 16 16 0 0 0 0 0 0 127 51 0;
egregore_data 0 0 127 0 0 127 0 0 0 0 0 0 0 0 0 127 38 0 127 0 0 0
0 0 0 0 0 0 0 100 0 0 127 127 78 1 93 90 42 2 6 127 11 65 0 0 70 0
0 40 3 127 34 1 53 99 83 0 0 0 0 32 0 0 21 0 40 0 0 127 88 0 0 0 0
0 0 0 0 16 16 0 0 0 0 0 0 127 51 0;
egregore_data 0 0 127 0 0 127 0 0 0 0 0 0 0 0 0 127 38 0 127 0 0 0
0 0 0 0 0 0 0 100 0 0 127 127 78 1 93 90 42 2 6 127 11 65 0 0 70 0
0 40 3 127 34 1 53 99 83 0 0 0 0 32 0 0 21 0 40 0 0 127 88 0 0 0 0
0 0 0 0 16 16 0 0 0 0 0 0 127 51 0;
egregore_data 0 0 127 0 0 127 0 0 0 0 0 0 0 0 0 127 38 0 127 0 0 0
0 0 0 0 0 0 0 100 0 0 127 127 78 1 93 90 42 2 6 127 11 65 0 0 70 0
0 40 3 127 34 1 53 99 83 0 0 0 0 32 0 0 21 0 40 0 0 127 88 0 0 0 0
0 0 0 0 16 16 0 0 0 0 0 0 127 51 0;
egregore_data 0 0 127 0 0 127 0 0 0 0 0 0 0 0 0 127 38 0 127 0 0 0
0 0 0 0 0 0 0 100 0 0 127 127 78 1 93 90 42 2 6 127 11 65 0 0 70 0
0 40 3 127 34 1 53 99 83 0 0 0 0 32 0 0 21 0 40 0 0 127 88 0 0 0 0
0 0 0 0 16 16 0 0 0 0 0 0 127 51 0;
egregore_data 0 0 127 0 0 127 0 0 0 0 0 0 0 0 0 127 38 0 127 0 0 0
0 0 0 0 0 0 0 100 0 0 127 127 78 1 93 90 42 2 6 127 11 65 0 0 70 0
0 40 3 127 34 1 53 99 83 0 0 0 0 32 0 0 21 0 40 0 0 127 88 0 0 0 0
0 0 0 0 16 16 0 0 0 0 0 0 127 51 0;
egregore_data 0 0 127 0 0 127 0 0 0 0 0 0 0 0 0 127 38 0 127 0 0 0
0 0 0 0 0 0 0 100 0 0 127 127 78 1 93 90 42 2 6 127 11 65 0 0 70 0
0 40 3 127 34 1 53 99 83 0 0 0 0 32 0 0 21 0 40 0 0 127 88 0 0 0 0
0 0 0 0 16 16 0 0 0 0 0 0 127 51 0;
END;
