HTTP/1.1 200 OK
Date: Thu, 28 May 2015 12:31:09 GMT
Server: Apache
Last-Modified: Wed, 27 May 2015 19:06:22 GMT
Accept-Ranges: bytes
Content-Length: 24780
Vary: Accept-Encoding
Connection: close
Content-Type: text/plain

chdh_egregore_live_data;
egregore_data 58 41 0 0 0 93 0 0 0 0 0 0 0 0 0 127 38 1 0 55.2323 0
0 0 0 0 0 0 0 45.1181 111 0 0 55.6398 127 78 1 0 0 127 0 0 30 127 0
0 0 70 0 0 0 0 127 34 0 53 99 83 0 0 0 0 32 0 0 21 0 40 0 0 127 88
0 0 0 0 0 0 0 0 16 16 0 0 0 0 0 0 127 51 0;
egregore_data 58 41 0 0 0 96 0 0 0 0 0 0 0 0 0 127 38 1 0 55.2323 0
0 0 0 0 0 0 0 45.1181 111 0 0 55.6398 127 78 1 0 0 127 0 0 30 127 0
0 0 70 0 0 0 0 127 34 0 53 99 83 0 0 0 0 32 0 0 21 0 40 0 0 127 88
0 0 0 0 0 0 0 0 16 16 0 0 0 0 0 0 127 51 0;
egregore_data 58 41 0 0 0 96 0 0 0 0 0 0 0 0 0 127 38 1 0 55.2323 0
0 0 0 0 0 0 0 45.1181 111 0 0 55.6398 127 78 1 0 0 127 0 0 30 127 0
0 0 70 0 0 0 0 127 34 0 53 99 83 0 0 0 0 32 0 0 21 0 40 0 0 127 88
0 0 0 0 0 0 0 0 16 16 0 0 0 0 0 0 127 51 0;
egregore_data 58 41 0 0 0 97 0 0 0 0 0 0 0 0 0 127 38 1 0 55.0315 0
0 0 0 0 0 0 0 46.4567 111 0 0 55.8071 127 78 1 0 0 127 0 0 30 127 0
0 0 70 0 0 0 0 127 34 0 53 99 83 0 0 0 0 32 0 0 21 0 40 0 0 127 88
0 0 0 0 0 0 0 0 16 16 0 0 0 0 0 0 127 51 0;
egregore_data 58 41 0 0 0 98 0 0 0 0 0 0 0 0 0 127 38 1 0 55.0315 0
0 0 0 0 0 0 0 46.4567 111 0 0 55.8071 127 78 1 0 0 127 0 0 30 127 0
0 0 70 0 0 0 0 127 34 0 53 99 83 0 0 0 0 32 0 0 21 0 40 0 0 127 88
0 0 0 0 0 0 0 0 16 16 0 0 0 0 0 0 127 51 0;
egregore_data 58 41 0 0 0 99 0 0 0 0 0 0 0 0 0 127 38 1 0 55.0315 0
0 0 0 0 0 0 0 46.4567 111 0 0 55.8071 127 78 1 0 0 127 0 0 30 127 0
0 0 70 0 0 0 0 127 34 0 53 99 83 0 0 0 0 32 0 0 21 0 40 0 0 127 88
0 0 0 0 0 0 0 0 16 16 0 0 0 0 0 0 127 51 0;
egregore_data 58 41 0 0 0 99 0 0 0 0 0 0 0 0 0 127 38 1 0 55.0315 0
0 0 0 0 0 0 0 46.4567 111 0 0 55.8071 127 78 1 0 0 127 0 0 30 127 0
0 0 70 0 0 0 0 127 34 0 53 99 83 0 0 0 0 32 0 0 21 0 40 0 0 127 88
0 0 0 0 0 0 0 0 16 16 0 0 0 0 0 0 127 51 0;
egregore_data 58 41 0 0 0 99 0 0 0 0 0 0 0 0 0 127 38 1 0 54.6299 0
0 0 0 0 0 0 0 49.1339 111 0 0 56.1417 127 78 1 0 0 127 0 0 30 127 0
0 0 70 0 0 0 0 127 34 0 53 99 83 0 0 0 0 32 0 0 21 0 40 0 0 127 88
0 0 0 0 0 0 0 0 16 16 0 0 0 0 0 0 127 51 0;
egregore_data 58 41 0 0 0 99 0 0 0 0 0 0 0 0 0 127 38 1 0 54.6299 0
0 0 0 0 0 0 0 49.1339 111 0 0 56.1417 127 78 1 0 0 127 0 0 30 127 0
0 0 70 0 0 0 0 127 34 0 53 99 83 0 0 0 0 32 0 0 21 0 40 0 0 127 88
0 0 0 0 0 0 0 0 16 16 0 0 0 0 0 0 127 51 0;
egregore_data 58 41 0 0 0 99 0 0 0 0 0 0 0 0 0 127 38 1 0 54.6299 0
0 0 0 0 0 0 0 49.1339 111 0 0 56.1417 127 78 1 0 0 127 0 0 30 127 0
0 0 70 0 0 0 0 127 34 0 53 99 83 0 0 0 0 32 0 0 21 0 40 0 0 127 88
0 0 0 0 0 0 0 0 16 16 0 0 0 0 0 0 127 51 0;
egregore_data 58 41 0 0 0 99 0 0 0 0 0 0 0 0 0 127 38 1 0 54.6299 0
0 0 0 0 0 0 0 49.1339 111 0 0 56.1417 127 78 1 0 0 127 0 0 30 127 0
0 0 70 0 0 0 0 127 34 0 53 99 83 0 0 0 0 32 0 0 21 0 40 0 0 127 88
0 0 0 0 0 0 0 0 16 16 0 0 0 0 0 0 127 51 0;
egregore_data 58 41 0 0 0 99 0 0 0 0 0 0 0 0 0 127 38 1 0 54.4291 0
0 0 0 0 0 0 0 50.4725 111 0 0 56.3091 127 78 1 0 0 127 0 0 30 127 0
0 0 70 0 0 0 0 127 34 0 53 99 83 0 0 0 0 32 0 0 21 0 40 0 0 127 88
0 0 0 0 0 0 0 0 16 16 0 0 0 0 0 0 127 51 0;
egregore_data 58 41 0 0 0 99 0 0 0 0 0 0 0 0 0 127 38 1 0 54.4291 0
0 0 0 0 0 0 0 50.4725 111 0 0 56.3091 127 78 1 0 0 127 0 0 30 127 0
0 0 70 0 0 0 0 127 34 0 53 99 83 0 0 0 0 32 0 0 21 0 40 0 0 127 88
0 0 0 0 0 0 0 0 16 16 0 0 0 0 0 0 127 51 0;
egregore_data 58 41 0 0 0 99 0 0 0 0 0 0 0 0 0 127 38 1 0 54.4291 0
0 0 0 0 0 0 0 50.4725 111 0 0 56.3091 127 78 1 0 0 127 0 0 30 127 0
0 0 70 0 0 0 0 127 34 0 53 99 83 0 0 0 0 32 0 0 21 0 40 0 0 127 88
0 0 0 0 0 0 0 0 16 16 0 0 0 0 0 0 127 51 0;
egregore_data 58 41 0 0 0 99 0 0 0 0 0 0 0 0 0 127 38 1 0 54.4291 0
0 0 0 0 0 0 0 50.4725 111 0 0 56.3091 127 78 1 0 0 127 0 0 30 127 0
0 0 70 0 0 0 0 127 34 0 53 99 83 0 0 0 0 32 0 0 21 0 40 0 0 127 88
0 0 0 0 0 0 0 0 16 16 0 0 0 0 0 0 127 51 0;
egregore_data 58 41 0 0 0 100 0 0 0 0 0 0 0 0 0 127 38 1 0 54.2283
0 0 0 0 0 0 0 0 51.811 111 0 0 56.4764 127 78 1 0 0 127 0 0 30 127
0 0 0 70 0 0 0 0 127 34 0 53 99 83 0 0 0 0 32 0 0 21 0 40 0 0 127 88
0 0 0 0 0 0 0 0 16 16 0 0 0 0 0 0 127 51 0;
egregore_data 58 41 0 0 0 100 0 0 0 0 0 0 0 0 0 127 38 1 0 54.2283
0 0 0 0 0 0 0 0 51.811 111 0 0 56.4764 127 78 1 0 0 127 0 0 30 127
0 0 0 70 0 0 0 0 127 34 0 53 99 83 0 0 0 0 32 0 0 21 0 40 0 0 127 88
0 0 0 0 0 0 0 0 16 16 0 0 0 0 0 0 127 51 0;
egregore_data 58 41 0 0 0 100 0 0 0 0 0 0 0 0 0 127 38 1 0 54.2283
0 0 0 0 0 0 0 0 51.811 111 0 0 56.4764 127 78 1 0 0 127 0 0 30 127
0 0 0 70 0 0 0 0 127 34 0 53 99 83 0 0 0 0 32 0 0 21 0 40 0 0 127 88
0 0 0 0 0 0 0 0 16 16 0 0 0 0 0 0 127 51 0;
egregore_data 58 41 0 0 0 100 0 0 0 0 0 0 0 0 0 127 38 1 0 54.0276
0 0 0 0 0 0 0 0 53.1496 111 0 0 56.6437 127 78 1 0 0 127 0 0 30 127
0 0 0 70 0 0 0 0 127 34 0 53 99 83 0 0 0 0 32 0 0 21 0 40 0 0 127 88
0 0 0 0 0 0 0 0 16 16 0 0 0 0 0 0 127 51 0;
egregore_data 58 41 0 0 0 100 0 0 0 0 0 0 0 0 0 127 38 1 0 54.0276
0 0 0 0 0 0 0 0 53.1496 111 0 0 56.6437 127 78 1 0 0 127 0 0 30 127
0 0 0 70 0 0 0 0 127 34 0 53 99 83 0 0 0 0 32 0 0 21 0 40 0 0 127 88
0 0 0 0 0 0 0 0 16 16 0 0 0 0 0 0 127 51 0;
egregore_data 58 41 0 0 0 100 0 0 0 0 0 0 0 0 0 127 38 1 0 54.0276
0 0 0 0 0 0 0 0 53.1496 111 0 0 56.6437 127 78 1 0 0 127 0 0 30 127
0 0 0 70 0 0 0 0 127 34 0 53 99 83 0 0 0 0 32 0 0 21 0 40 0 0 127 88
0 0 0 0 0 0 0 0 16 16 0 0 0 0 0 0 127 51 0;
egregore_data 58 41 0 0 0 104 0 0 0 0 0 0 0 0 0 127 38 1 0 54.0276
0 0 0 0 0 0 0 0 53.1496 111 0 0 56.6437 127 78 1 0 0 127 0 0 30 127
0 0 0 70 0 0 0 0 127 34 0 53 99 83 0 0 0 0 32 0 0 21 0 40 0 0 127 88
0 0 0 0 0 0 0 0 16 16 0 0 0 0 0 0 127 51 0;
egregore_data 58 41 0 0 0 106 0 0 0 0 0 0 0 0 0 127 38 1 0 54.0276
0 0 0 0 0 0 0 0 53.1496 111 0 0 56.6437 127 78 1 0 0 127 0 0 30 127
0 0 0 70 0 0 0 0 127 34 0 53 99 83 0 0 0 0 32 0 0 21 0 40 0 0 127 88
0 0 0 0 0 0 0 0 16 16 0 0 0 0 0 0 127 51 0;
egregore_data 58 41 0 0 0 106 0 0 0 0 0 0 0 0 0 127 38 1 0 53.8268
0 0 0 0 0 0 0 0 54.4882 111 0 0 56.811 127 78 1 0 0 127 0 0 30 127
0 0 0 70 0 0 0 0 127 34 0 53 99 83 0 0 0 0 32 0 0 21 0 40 0 0 127 88
0 0 0 0 0 0 0 0 16 16 0 0 0 0 0 0 127 51 0;
egregore_data 58 41 0 0 0 106 0 0 0 0 0 0 0 0 0 127 38 1 0 53.8268
0 0 0 0 0 0 0 0 54.4882 111 0 0 56.811 127 78 1 0 0 127 0 0 30 127
0 0 0 70 0 0 0 0 127 34 0 53 99 83 0 0 0 0 32 0 0 21 0 40 0 0 127 88
0 0 0 0 0 0 0 0 16 16 0 0 0 0 0 0 127 51 0;
egregore_data 58 41 0 0 0 106 0 0 0 0 0 0 0 0 0 127 38 1 0 53.8268
0 0 0 0 0 0 0 0 54.4882 111 0 0 56.811 127 78 1 0 0 127 0 0 30 127
0 0 0 70 0 0 0 0 127 34 0 53 99 83 0 0 0 0 32 0 0 21 0 40 0 0 127 88
0 0 0 0 0 0 0 0 16 16 0 0 0 0 0 0 127 51 0;
egregore_data 58 41 0 0 0 106 0 0 0 0 0 0 0 0 0 127 38 1 0 53.8268
0 0 0 0 0 0 0 0 54.4882 111 0 0 56.811 127 78 1 0 0 127 0 0 30 127
0 0 0 70 0 0 0 0 127 34 0 53 99 83 0 0 0 0 32 0 0 21 0 40 0 0 127 88
0 0 0 0 0 0 0 0 16 16 0 0 0 0 0 0 127 51 0;
egregore_data 58 41 0 0 0 106 0 0 0 0 0 0 0 0 0 127 38 1 0 53.626 0
0 0 0 0 0 0 0 55.8268 111 0 0 56.9783 127 78 1 0 0 127 0 0 30 127 0
0 0 70 0 0 0 0 127 34 0 53 99 83 0 0 0 0 32 0 0 21 0 40 0 0 127 88
0 0 0 0 0 0 0 0 16 16 0 0 0 0 0 0 127 51 0;
egregore_data 56 41 0 0 0 109 0 0 0 0 0 0 0 0 0 127 38 1 0 53.626 0
0 0 0 0 0 0 0 55.8268 111 0 0 56.9783 127 78 1 0 0 127 0 0 30 127 0
0 0 70 0 0 0 0 127 34 0 53 99 83 0 0 0 0 32 0 0 21 0 40 0 0 127 88
0 0 0 0 0 0 0 0 16 16 0 0 0 0 0 0 127 51 0;
egregore_data 56 41 0 0 0 109 0 0 0 0 0 0 0 0 0 127 38 1 0 53.626 0
0 0 0 0 0 0 0 55.8268 111 0 0 56.9783 127 78 1 0 0 127 0 0 30 127 0
0 0 70 0 0 0 0 127 34 0 53 99 83 0 0 0 0 32 0 0 21 0 40 0 0 127 88
0 0 0 0 0 0 0 0 16 16 0 0 0 0 0 0 127 51 0;
egregore_data 56 41 0 0 0 109 0 0 0 0 0 0 0 0 0 127 38 1 0 53.626 0
0 0 0 0 0 0 0 55.8268 111 0 0 56.9783 127 78 1 0 0 127 0 0 30 127 0
0 0 70 0 0 0 0 127 34 0 53 99 83 0 0 0 0 32 0 0 21 0 40 0 0 127 88
0 0 0 0 0 0 0 0 16 16 0 0 0 0 0 0 127 51 0;
egregore_data 56 41 0 0 0 109 0 0 0 0 0 0 0 0 0 127 38 1 0 53.2244
0 0 0 0 0 0 0 0 58.5039 111 0 0 57.313 127 78 1 0 0 127 0 0 30 127
0 0 0 70 0 0 0 0 127 34 0 53 99 83 0 0 0 0 32 0 0 21 0 40 0 0 127 88
0 0 0 0 0 0 0 0 16 16 0 0 0 0 0 0 127 51 0;
egregore_data 56 41 0 0 0 110 0 0 0 0 0 0 0 0 0 127 38 1 0 53.2244
0 0 0 0 0 0 0 0 58.5039 111 0 0 57.313 127 78 1 0 0 127 0 0 30 127
0 0 0 70 0 0 0 0 127 34 0 53 99 83 0 0 0 0 32 0 0 21 0 40 0 0 127 88
0 0 0 0 0 0 0 0 16 16 0 0 0 0 0 0 127 51 0;
egregore_data 56 41 0 0 0 111 0 0 0 0 0 0 0 0 0 127 38 1 0 53.2244
0 0 0 0 0 0 0 0 58.5039 111 0 0 57.313 127 78 1 0 0 127 0 0 30 127
0 0 0 70 0 0 0 0 127 34 0 53 99 83 0 0 0 0 32 0 0 21 0 40 0 0 127 88
0 0 0 0 0 0 0 0 16 16 0 0 0 0 0 0 127 51 0;
egregore_data 56 41 0 0 0 111 0 0 0 0 0 0 0 0 0 127 38 1 0 53.2244
0 0 0 0 0 0 0 0 58.5039 111 0 0 57.313 127 78 1 0 0 127 0 0 30 127
0 0 0 70 0 0 0 0 127 34 0 53 99 83 0 0 0 0 32 0 0 21 0 40 0 0 127 88
0 0 0 0 0 0 0 0 16 16 0 0 0 0 0 0 127 51 0;
egregore_data 56 41 0 0 0 111 0 0 0 0 0 0 0 0 0 127 38 1 0 53.2244
0 0 0 0 0 0 0 0 58.5039 111 0 0 57.313 127 78 1 0 0 127 0 0 30 127
0 0 0 70 0 0 0 0 127 34 0 53 99 83 0 0 0 0 32 0 0 21 0 40 0 0 127 88
0 0 0 0 0 0 0 0 16 16 0 0 0 0 0 0 127 51 0;
egregore_data 56 41 0 0 0 111 0 0 0 0 0 0 0 0 0 127 38 1 0 53.0236
0 0 0 0 0 0 0 0 59.8425 111 0 0 57.4803 127 78 1 0 0 127 0 0 30 127
0 0 0 70 0 0 0 0 127 34 0 53 99 83 0 0 0 0 32 0 0 21 0 40 0 0 127 88
0 0 0 0 0 0 0 0 16 16 0 0 0 0 0 0 127 51 0;
egregore_data 56 40 0 0 0 111 0 0 0 0 0 0 0 0 0 127 38 1 0 53.0236
0 0 0 0 0 0 0 0 59.8425 111 0 0 57.4803 127 78 1 0 0 127 0 0 30 127
0 0 0 70 0 0 0 0 127 34 0 53 99 83 0 0 0 0 32 0 0 21 0 40 0 0 127 88
0 0 0 0 0 0 0 0 16 16 0 0 0 0 0 0 127 51 0;
egregore_data 56 40 0 0 0 111 0 0 0 0 0 0 0 0 0 127 38 1 0 53.0236
0 0 0 0 0 0 0 0 59.8425 111 0 0 57.4803 127 78 1 0 0 127 0 0 30 127
0 0 0 70 0 0 0 0 127 34 0 53 99 83 0 0 0 0 32 0 0 21 0 40 0 0 127 88
0 0 0 0 0 0 0 0 16 16 0 0 0 0 0 0 127 51 0;
egregore_data 56 40 0 0 0 111 0 0 0 0 0 0 0 0 0 127 38 1 0 53.0236
0 0 0 0 0 0 0 0 59.8425 111 0 0 57.4803 127 78 1 0 0 127 0 0 30 127
0 0 0 70 0 0 0 0 127 34 0 53 99 83 0 0 0 0 32 0 0 21 0 40 0 0 127 88
0 0 0 0 0 0 0 0 16 16 0 0 0 0 0 0 127 51 0;
egregore_data 56 40 0 0 0 111 0 0 0 0 0 0 0 0 0 127 38 1 0 52.8228
0 0 0 0 0 0 0 0 61.1811 111 0 0 57.6476 127 78 1 0 0 127 0 0 30 127
0 0 0 70 0 0 0 0 127 34 0 53 99 83 0 0 0 0 32 0 0 21 0 40 0 0 127 88
0 0 0 0 0 0 0 0 16 16 0 0 0 0 0 0 127 51 0;
egregore_data 56 40 0 0 0 112 0 0 0 0 0 0 0 0 0 127 38 1 0 52.8228
0 0 0 0 0 0 0 0 61.1811 111 0 0 57.6476 127 78 1 0 0 127 0 0 30 127
0 0 0 70 0 0 0 0 127 34 0 53 99 83 0 0 0 0 32 0 0 21 0 40 0 0 127 88
0 0 0 0 0 0 0 0 16 16 0 0 0 0 0 0 127 51 0;
egregore_data 56 40 0 0 0 112 0 0 0 0 0 0 0 0 0 127 38 1 0 52.8228
0 0 0 0 0 0 0 0 61.1811 111 0 0 57.6476 127 78 1 0 0 127 0 0 30 127
0 0 0 70 0 0 0 0 127 34 0 53 99 83 0 0 0 0 32 0 0 21 0 40 0 0 127 88
0 0 0 0 0 0 0 0 16 16 0 0 0 0 0 0 127 51 0;
egregore_data 56 40 0 0 0 115 0 0 0 0 0 0 0 0 0 127 38 1 0 52.8228
0 0 0 0 0 0 0 0 61.1811 111 0 0 57.6476 127 78 1 0 0 127 0 0 30 127
0 0 0 70 0 0 0 0 127 34 0 53 99 83 0 0 0 0 32 0 0 21 0 40 0 0 127 88
0 0 0 0 0 0 0 0 16 16 0 0 0 0 0 0 127 51 0;
egregore_data 56 40 0 0 0 116 0 0 0 0 0 0 0 0 0 127 38 1 0 52.8228
0 0 0 0 0 0 0 0 61.1811 111 0 0 57.6476 127 78 1 0 0 127 0 0 30 127
0 0 0 70 0 0 0 0 127 34 0 53 99 83 0 0 0 0 32 0 0 21 0 40 0 0 127 88
0 0 0 0 0 0 0 0 16 16 0 0 0 0 0 0 127 51 0;
egregore_data 56 40 0 0 0 116 0 0 0 0 0 0 0 0 0 127 38 1 0 52.622 0
0 0 0 0 0 0 0 62.5197 111 0 0 57.815 127 78 1 0 0 127 0 0 30 127 0
0 0 70 0 0 0 0 127 34 0 53 99 83 0 0 0 0 32 0 0 21 0 40 0 0 127 88
0 0 0 0 0 0 0 0 16 16 0 0 0 0 0 0 127 51 0;
egregore_data 56 39 0 0 0 116 0 0 0 0 0 0 0 0 0 127 38 1 0 52.622 0
0 0 0 0 0 0 0 62.5197 111 0 0 57.815 127 78 1 0 0 127 0 0 30 127 0
0 0 70 0 0 0 0 127 34 0 53 99 83 0 0 0 0 32 0 0 21 0 40 0 0 127 88
0 0 0 0 0 0 0 0 16 16 0 0 0 0 0 0 127 51 0;
egregore_data 56 39 0 0 0 117 0 0 0 0 0 0 0 0 0 127 38 1 0 52.622 0
0 0 0 0 0 0 0 62.5197 111 0 0 57.815 127 78 1 0 0 127 0 0 30 127 0
0 0 70 0 0 0 0 127 34 0 53 99 83 0 0 0 0 32 0 0 21 0 40 0 0 127 88
0 0 0 0 0 0 0 0 16 16 0 0 0 0 0 0 127 51 0;
egregore_data 56 39 0 0 0 119 0 0 0 0 0 0 0 0 0 127 38 1 0 52.4213
0 0 0 0 0 0 0 0 63.8583 111 0 0 57.9823 127 78 1 0 0 127 0 0 30 127
0 0 0 70 0 0 0 0 127 34 0 53 99 83 0 0 0 0 32 0 0 21 0 40 0 0 127 88
0 0 0 0 0 0 0 0 16 16 0 0 0 0 0 0 127 51 0;
egregore_data 56 37 0 0 0 119 0 0 0 0 0 0 0 0 0 127 38 1 0 52.4213
0 0 0 0 0 0 0 0 63.8583 111 0 0 57.9823 127 78 1 0 0 127 0 0 30 127
0 0 0 70 0 0 0 0 127 34 0 53 99 83 0 0 0 0 32 0 0 21 0 40 0 0 127 88
0 0 0 0 0 0 0 0 16 16 0 0 0 0 0 0 127 51 0;
egregore_data 56 37 0 0 0 119 0 0 0 0 0 0 0 0 0 127 38 1 0 52.4213
0 0 0 0 0 0 0 0 63.8583 111 0 0 57.9823 127 78 1 0 0 127 0 0 30 127
0 0 0 70 0 0 0 0 127 34 0 53 99 83 0 0 0 0 32 0 0 21 0 40 0 0 127 88
0 0 0 0 0 0 0 0 16 16 0 0 0 0 0 0 127 51 0;
egregore_data 56 37 0 0 0 121 0 0 0 0 0 0 0 0 0 127 38 1 0 52.0197
0 0 0 0 0 0 0 0 66.5354 111 0 0 58.3169 127 78 1 0 0 127 0 0 30 127
0 0 0 70 0 0 0 0 127 34 0 53 99 83 0 0 0 0 32 0 0 21 0 40 0 0 127 88
0 0 0 0 0 0 0 0 16 16 0 0 0 0 0 0 127 51 0;
egregore_data 56 37 0 0 0 121 0 0 0 0 0 0 0 0 0 127 38 1 0 52.0197
0 0 0 0 0 0 0 0 66.5354 111 0 0 58.3169 127 78 1 0 0 127 0 0 30 127
0 0 0 70 0 0 0 0 127 34 0 53 99 83 0 0 0 0 32 0 0 21 0 40 0 0 127 88
0 0 0 0 0 0 0 0 16 16 0 0 0 0 0 0 127 51 0;
egregore_data 56 37 0 0 0 121 0 0 0 0 0 0 0 0 0 127 38 1 0 52.0197
0 0 0 0 0 0 0 0 66.5354 111 0 0 58.3169 127 78 1 0 0 127 0 0 30 127
0 0 0 70 0 0 0 0 127 34 0 53 99 83 0 0 0 0 32 0 0 21 0 40 0 0 127 88
0 0 0 0 0 0 0 0 16 16 0 0 0 0 0 0 127 51 0;
egregore_data 56 37 0 0 0 122 0 0 0 0 0 0 0 0 0 127 38 1 0 52.0197
0 0 0 0 0 0 0 0 66.5354 111 0 0 58.3169 127 78 1 0 0 127 0 0 30 127
0 0 0 70 0 0 0 0 127 34 0 53 99 83 0 0 0 0 32 0 0 21 0 40 0 0 127 88
0 0 0 0 0 0 0 0 16 16 0 0 0 0 0 0 127 51 0;
egregore_data 56 37 0 0 0 122 0 0 0 0 0 0 0 0 0 127 38 1 0 51.8189
0 0 0 0 0 0 0 0 67.874 111 0 0 58.4843 127 78 1 0 0 127 0 0 30 127
0 0 0 70 0 0 0 0 127 34 0 53 99 83 0 0 0 0 32 0 0 21 0 40 0 0 127 88
0 0 0 0 0 0 0 0 16 16 0 0 0 0 0 0 127 51 0;
egregore_data 56 37 0 0 0 122 0 0 0 0 0 0 0 0 0 127 38 1 0 51.8189
0 0 0 0 0 0 0 0 67.874 111 0 0 58.4843 127 78 1 0 0 127 0 0 30 127
0 0 0 70 0 0 0 0 127 34 0 53 99 83 0 0 0 0 32 0 0 21 0 40 0 0 127 88
0 0 0 0 0 0 0 0 16 16 0 0 0 0 0 0 127 51 0;
egregore_data 56 37 0 0 0 122 0 0 0 0 0 0 0 0 0 127 38 1 0 51.8189
0 0 0 0 0 0 0 0 67.874 111 0 0 58.4843 127 78 1 0 0 127 0 0 30 127
0 0 0 70 0 0 0 0 127 34 0 53 99 83 0 0 0 0 32 0 0 21 0 40 0 0 127 88
0 0 0 0 0 0 0 0 16 16 0 0 0 0 0 0 127 51 0;
egregore_data 56 37 0 0 0 122 0 0 0 0 0 0 0 0 0 127 38 1 0 51.8189
0 0 0 0 0 0 0 0 67.874 111 0 0 58.4843 127 78 1 0 0 127 0 0 30 127
0 0 0 70 0 0 0 0 127 34 0 53 99 83 0 0 0 0 32 0 0 21 0 40 0 0 127 88
0 0 0 0 0 0 0 0 16 16 0 0 0 0 0 0 127 51 0;
egregore_data 56 37 0 0 0 122 0 0 0 0 0 0 0 0 0 127 38 1 0 51.8189
0 0 0 0 0 0 0 0 67.874 111 0 0 58.4843 127 78 1 0 0 127 0 0 30 127
0 0 0 70 0 0 0 0 127 34 0 53 99 83 0 0 0 0 32 0 0 21 0 40 0 0 127 88
0 0 0 0 0 0 0 0 16 16 0 0 0 0 0 0 127 51 0;
egregore_data 56 37 0 0 0 123 0 0 0 0 0 0 0 0 0 127 38 1 0 51.8189
0 0 0 0 0 0 0 0 67.874 111 0 0 58.4843 127 78 1 0 0 127 0 0 30 127
0 0 0 70 0 0 0 0 127 34 0 53 99 83 0 0 0 0 32 0 0 21 0 40 0 0 127 88
0 0 0 0 0 0 0 0 16 16 0 0 0 0 0 0 127 51 0;
egregore_data 56 37 0 0 0 124 0 0 0 0 0 0 0 0 0 127 38 1 0 51.6181
0 0 0 0 0 0 0 0 69.2126 111 0 0 58.6516 127 78 1 0 0 127 0 0 30 127
0 0 0 70 0 0 0 0 127 34 0 53 99 83 0 0 0 0 32 0 0 21 0 40 0 0 127 88
0 0 0 0 0 0 0 0 16 16 0 0 0 0 0 0 127 51 0;
egregore_data 56 37 0 0 0 124 0 0 0 0 0 0 0 0 0 127 38 1 0 51.6181
0 0 0 0 0 0 0 0 69.2126 111 0 0 58.6516 127 78 1 0 0 127 0 0 30 127
0 0 0 70 0 0 0 0 127 34 0 53 99 83 0 0 0 0 32 0 0 21 0 40 0 0 127 88
0 0 0 0 0 0 0 0 16 16 0 0 0 0 0 0 127 51 0;
egregore_data 56 37 0 0 0 124 0 0 0 0 0 0 0 0 0 127 38 1 0 51.4173
0 0 0 0 0 0 0 0 70.5512 111 0 0 58.8189 127 78 1 0 0 127 0 0 30 127
0 0 0 70 0 0 0 0 127 34 0 53 99 83 0 0 0 0 32 0 0 21 0 40 0 0 127 88
0 0 0 0 0 0 0 0 16 16 0 0 0 0 0 0 127 51 0;
egregore_data 56 36 0 0 0 124 0 0 0 0 0 0 0 0 0 127 38 1 0 51.4173
0 0 0 0 0 0 0 0 70.5512 111 0 0 58.8189 127 78 1 0 0 127 0 0 30 127
0 0 0 70 0 0 0 0 127 34 0 53 99 83 0 0 0 0 32 0 0 21 0 40 0 0 127 88
0 0 0 0 0 0 0 0 16 16 0 0 0 0 0 0 127 51 0;
egregore_data 56 36 0 0 0 124 0 0 0 0 0 0 0 0 0 127 38 1 0 51.4173
0 0 0 0 0 0 0 0 70.5512 111 0 0 58.8189 127 78 1 0 0 127 0 0 30 127
0 0 0 70 0 0 0 0 127 34 0 53 99 83 0 0 0 0 32 0 0 21 0 40 0 0 127 88
0 0 0 0 0 0 0 0 16 16 0 0 0 0 0 0 127 51 0;
egregore_data 56 36 0 0 0 124 0 0 0 0 0 0 0 0 0 127 38 1 0 51.4173
0 0 0 0 0 0 0 0 70.5512 111 0 0 58.8189 127 78 1 0 0 127 0 0 30 127
0 0 0 70 0 0 0 0 127 34 0 53 99 83 0 0 0 0 32 0 0 21 0 40 0 0 127 88
0 0 0 0 0 0 0 0 16 16 0 0 0 0 0 0 127 51 0;
egregore_data 56 35 0 0 0 124 0 0 0 0 0 0 0 0 0 127 38 1 0 51.4173
0 0 0 0 0 0 0 0 70.5512 111 0 0 58.8189 127 78 1 0 0 127 0 0 30 127
0 0 0 70 0 0 0 0 127 34 0 53 99 83 0 0 0 0 32 0 0 21 0 40 0 0 127 88
0 0 0 0 0 0 0 0 16 16 0 0 0 0 0 0 127 51 0;
egregore_data 56 35 0 0 0 125 0 0 0 0 0 0 0 0 0 127 38 1 0 51.2165
0 0 0 0 0 0 0 0 71.8898 111 0 0 58.9862 127 78 1 0 0 127 0 0 30 127
0 0 0 70 0 0 0 0 127 34 0 53 99 83 0 0 0 0 32 0 0 21 0 40 0 0 127 88
0 0 0 0 0 0 0 0 16 16 0 0 0 0 0 0 127 51 0;
egregore_data 56 35 0 0 0 125 0 0 0 0 0 0 0 0 0 127 38 1 0 51.2165
0 0 0 0 0 0 0 0 71.8898 111 0 0 58.9862 127 78 1 0 0 127 0 0 30 127
0 0 0 70 0 0 0 0 127 34 0 53 99 83 0 0 0 0 32 0 0 21 0 40 0 0 127 88
0 0 0 0 0 0 0 0 16 16 0 0 0 0 0 0 127 51 0;
egregore_data 56 35 0 0 0 125 0 0 0 0 0 0 0 0 0 127 38 1 0 51.2165
0 0 0 0 0 0 0 0 71.8898 111 0 0 58.9862 127 78 1 0 0 127 0 0 30 127
0 0 0 70 0 0 0 0 127 34 0 53 99 83 0 0 0 0 32 0 0 21 0 40 0 0 127 88
0 0 0 0 0 0 0 0 16 16 0 0 0 0 0 0 127 51 0;
egregore_data 56 35 0 0 0 127 0 0 0 0 0 0 0 0 0 127 38 1 0 51.2165
0 0 0 0 0 0 0 0 71.8898 111 0 0 58.9862 127 78 1 0 0 127 0 0 30 127
0 0 0 70 0 0 0 0 127 34 0 53 99 83 0 0 0 0 32 0 0 21 0 40 0 0 127 88
0 0 0 0 0 0 0 0 16 16 0 0 0 0 0 0 127 51 0;
egregore_data 56 35 0 0 0 127 0 0 0 0 0 0 0 0 0 127 38 1 0 51.2165
0 0 0 0 0 0 0 0 71.8898 111 0 0 58.9862 127 78 1 0 0 127 0 0 30 127
0 0 0 70 0 0 0 0 127 34 0 53 99 83 0 0 0 0 32 0 0 21 0 40 0 0 127 88
0 0 0 0 0 0 0 0 16 16 0 0 0 0 0 0 127 51 0;
egregore_data 56 34 0 0 0 127 0 0 0 0 0 0 0 0 0 127 38 1 0 50.815 0
0 0 0 0 0 0 0 74.5669 111 0 0 59.3209 127 78 1 0 0 127 0 0 30 127 0
0 0 70 0 0 0 0 127 34 0 53 99 83 0 0 0 0 32 0 0 21 0 40 0 0 127 88
0 0 0 0 0 0 0 0 16 16 0 0 0 0 0 0 127 51 0;
egregore_data 56 34 0 0 0 127 0 0 0 0 0 0 0 0 0 127 38 1 0 50.815 0
0 0 0 0 0 0 0 74.5669 111 0 0 59.3209 127 78 1 0 0 127 0 0 30 127 0
0 0 70 0 0 0 0 127 34 0 53 99 83 0 0 0 0 32 0 0 21 0 40 0 0 127 88
0 0 0 0 0 0 0 0 16 16 0 0 0 0 0 0 127 51 0;
egregore_data 56 34 0 0 0 127 0 0 0 0 0 0 0 0 0 127 38 1 0 50.815 0
0 0 0 0 0 0 0 74.5669 111 0 0 59.3209 127 78 1 0 0 127 0 0 30 127 0
0 0 70 0 0 0 0 127 34 0 53 99 83 0 0 0 0 32 0 0 21 0 40 0 0 127 88
0 0 0 0 0 0 0 0 16 16 0 0 0 0 0 0 127 51 0;
egregore_data 56 33 0 0 0 127 0 0 0 0 0 0 0 0 0 127 38 1 0 50.815 0
0 0 0 0 0 0 0 74.5669 111 0 0 59.3209 127 78 1 0 0 127 0 0 30 127 0
0 0 70 0 0 0 0 127 34 0 53 99 83 0 0 0 0 32 0 0 21 0 40 0 0 127 88
0 0 0 0 0 0 0 0 16 16 0 0 0 0 0 0 127 51 0;
egregore_data 56 33 0 0 0 127 0 0 0 0 0 0 0 0 0 127 38 1 0 50.815 0
0 0 0 0 0 0 0 74.5669 111 0 0 59.3209 127 78 1 0 0 127 0 0 30 127 0
0 0 70 0 0 0 0 127 34 0 53 99 83 0 0 0 0 32 0 0 21 0 40 0 0 127 88
0 0 0 0 0 0 0 0 16 16 0 0 0 0 0 0 127 51 0;
egregore_data 56 33 0 0 0 127 0 0 0 0 0 0 0 0 0 127 38 1 0 50.815 0
0 0 0 0 0 0 0 74.5669 111 0 0 59.3209 127 78 1 0 0 127 0 0 30 127 0
0 0 70 0 0 0 0 127 34 0 53 99 83 0 0 0 0 32 0 0 21 0 40 0 0 127 88
0 0 0 0 0 0 0 0 16 16 0 0 0 0 0 0 127 51 0;
egregore_data 56 33 0 0 0 127 0 0 0 0 0 0 0 0 0 127 38 1 0 50.815 0
0 0 0 0 0 0 0 74.5669 111 0 0 59.3209 127 78 1 0 0 127 0 0 30 127 0
0 0 70 0 0 0 0 127 34 0 53 99 83 0 0 0 0 32 0 0 21 0 40 0 0 127 88
0 0 0 0 0 0 0 0 16 16 0 0 0 0 0 0 127 51 0;
egregore_data 55 33 0 0 0 127 0 0 0 0 0 0 0 0 0 127 38 1 0 50.6142
0 0 0 0 0 0 0 0 75.9055 111 0 0 59.4882 127 78 1 0 0 127 0 0 30 127
0 0 0 70 0 0 0 0 127 34 0 53 99 83 0 0 0 0 32 0 0 21 0 40 0 0 127 88
0 0 0 0 0 0 0 0 16 16 0 0 0 0 0 0 127 51 0;
egregore_data 55 33 0 0 0 127 0 0 0 0 0 0 0 0 0 127 38 1 0 50.6142
0 0 0 0 0 0 0 0 75.9055 111 0 0 59.4882 127 78 1 0 0 127 0 0 30 127
0 0 0 70 0 0 0 0 127 34 0 53 99 83 0 0 0 0 32 0 0 21 0 40 0 0 127 88
0 0 0 0 0 0 0 0 16 16 0 0 0 0 0 0 127 51 0;
egregore_data 55 33 0 0 0 127 0 0 0 0 0 0 0 0 0 127 38 1 0 50.6142
0 0 0 0 0 0 0 0 75.9055 111 0 0 59.4882 127 78 1 0 0 127 0 0 30 127
0 0 0 70 0 0 0 0 127 34 0 53 99 83 0 0 0 0 32 0 0 21 0 40 0 0 127 88
0 0 0 0 0 0 0 0 16 16 0 0 0 0 0 0 127 51 0;
egregore_data 55 33 0 0 0 127 0 0 0 0 0 0 0 0 0 127 38 1 0 50.6142
0 0 0 0 0 0 0 0 75.9055 111 0 0 59.4882 127 78 1 0 0 127 0 0 30 127
0 0 0 70 0 0 0 0 127 34 0 53 99 83 0 0 0 0 32 0 0 21 0 40 0 0 127 88
0 0 0 0 0 0 0 0 16 16 0 0 0 0 0 0 127 51 0;
egregore_data 55 33 0 0 0 127 0 0 0 0 0 0 0 0 0 127 38 1 0 50.4134
0 0 0 0 0 0 0 0 77.2441 111 0 0 59.6555 127 78 1 0 0 127 0 0 30 127
0 0 0 70 0 0 0 0 127 34 0 53 99 83 0 0 0 0 32 0 0 21 0 40 0 0 127 88
0 0 0 0 0 0 0 0 16 16 0 0 0 0 0 0 127 51 0;
egregore_data 55 33 0 0 0 127 0 0 0 0 0 0 0 0 0 127 38 1 0 50.4134
0 0 0 0 0 0 0 0 77.2441 111 0 0 59.6555 127 78 1 0 0 127 0 0 30 127
0 0 0 70 0 0 0 0 127 34 0 53 99 83 0 0 0 0 32 0 0 21 0 40 0 0 127 88
0 0 0 0 0 0 0 0 16 16 0 0 0 0 0 0 127 51 0;
egregore_data 55 33 0 0 0 127 0 0 0 0 0 0 0 0 0 127 38 1 0 50.4134
0 0 0 0 0 0 0 0 77.2441 111 0 0 59.6555 127 78 1 0 0 127 0 0 30 127
0 0 0 70 0 0 0 0 127 34 0 53 99 83 0 0 0 0 32 0 0 21 0 40 0 0 127 88
0 0 0 0 0 0 0 0 16 16 0 0 0 0 0 0 127 51 0;
egregore_data 55 33 0 0 0 127 0 0 0 0 0 0 0 0 0 127 38 1 0 50.4134
0 0 0 0 0 0 0 0 77.2441 111 0 0 59.6555 127 78 1 0 0 127 0 0 30 127
0 0 0 70 0 0 0 0 127 34 0 53 99 83 0 0 0 0 32 0 0 21 0 40 0 0 127 88
0 0 0 0 0 0 0 0 16 16 0 0 0 0 0 0 127 51 0;
egregore_data 55 33 0 0 0 127 0 0 0 0 0 0 0 0 0 127 38 1 0 50.4134
0 0 0 0 0 0 0 0 77.2441 111 0 0 59.6555 127 78 1 0 0 127 0 0 30 127
0 0 0 70 0 0 0 0 127 34 0 53 99 83 0 0 0 0 32 0 0 21 0 40 0 0 127 88
0 0 0 0 0 0 0 0 16 16 0 0 0 0 0 0 127 51 0;
egregore_data 55 33 0 0 0 127 0 0 0 0 0 0 0 0 0 127 38 1 0 50.4134
0 0 0 0 0 0 0 0 77.2441 111 0 0 59.6555 127 78 1 0 0 127 0 0 30 127
0 0 0 70 0 0 0 0 127 34 0 53 99 83 0 0 0 0 32 0 0 21 0 40 0 0 127 88
0 0 0 0 0 0 0 0 16 16 0 0 0 0 0 0 127 51 0;
egregore_data 55 33 0 0 0 127 0 0 0 0 0 0 0 0 0 127 38 1 0 50.2126
0 0 0 0 0 0 0 0 78.5827 111 0 0 59.8228 127 78 1 0 0 127 0 0 30 127
0 0 0 70 0 0 0 0 127 34 0 53 99 83 0 0 0 0 32 0 0 21 0 40 0 0 127 88
0 0 0 0 0 0 0 0 16 16 0 0 0 0 0 0 127 51 0;
egregore_data 55 33 0 0 0 127 0 0 0 0 0 0 0 0 0 127 38 1 0 50.2126
0 0 0 0 0 0 0 0 78.5827 111 0 0 59.8228 127 78 1 0 0 127 0 0 30 127
0 0 0 70 0 0 0 0 127 34 0 53 99 83 0 0 0 0 32 0 0 21 0 40 0 0 127 88
0 0 0 0 0 0 0 0 16 16 0 0 0 0 0 0 127 51 0;
egregore_data 55 33 0 0 0 127 0 0 0 0 0 0 0 0 0 127 38 1 0 50.2126
0 0 0 0 0 0 0 0 78.5827 111 0 0 59.8228 127 78 1 0 0 127 0 0 30 127
0 0 0 70 0 0 0 0 127 34 0 53 99 83 0 0 0 0 32 0 0 21 0 40 0 0 127 88
0 0 0 0 0 0 0 0 16 16 0 0 0 0 0 0 127 51 0;
egregore_data 55 33 0 0 0 127 0 0 0 0 0 0 0 0 0 127 38 1 0 50.2126
0 0 0 0 0 0 0 0 78.5827 111 0 0 59.8228 127 78 1 0 0 127 0 0 30 127
0 0 0 70 0 0 0 0 127 34 0 53 99 83 0 0 0 0 32 0 0 21 0 40 0 0 127 88
0 0 0 0 0 0 0 0 16 16 0 0 0 0 0 0 127 51 0;
egregore_data 55 33 0 0 0 127 0 0 0 0 0 0 0 0 0 127 38 1 0 50.0118
0 0 0 0 0 0 0 0 79.9213 111 0 0 59.9902 127 78 1 0 0 127 0 0 30 127
0 0 0 70 0 0 0 0 127 34 0 53 99 83 0 0 0 0 32 0 0 21 0 40 0 0 127 88
0 0 0 0 0 0 0 0 16 16 0 0 0 0 0 0 127 51 0;
egregore_data 55 33 0 0 0 127 0 0 0 0 0 0 0 0 0 127 38 1 0 50.0118
0 0 0 0 0 0 0 0 79.9213 111 0 0 59.9902 127 78 1 0 0 127 0 0 30 127
0 0 0 70 0 0 0 0 127 34 0 53 99 83 0 0 0 0 32 0 0 21 0 40 0 0 127 88
0 0 0 0 0 0 0 0 16 16 0 0 0 0 0 0 127 51 0;
egregore_data 55 33 0 0 0 127 0 0 0 0 0 0 0 0 0 127 38 1 0 50.0118
0 0 0 0 0 0 0 0 79.9213 111 0 0 59.9902 127 78 1 0 0 127 0 0 30 127
0 0 0 70 0 0 0 0 127 34 0 53 99 83 0 0 0 0 32 0 0 21 0 40 0 0 127 88
0 0 0 0 0 0 0 0 16 16 0 0 0 0 0 0 127 51 0;
egregore_data 55 33 0 0 0 127 0 0 0 0 0 0 0 0 0 127 38 1 0 50.0118
0 0 0 0 0 0 0 0 79.9213 111 0 0 59.9902 127 78 1 0 0 127 0 0 30 127
0 0 0 70 0 0 0 0 127 34 0 53 99 83 0 0 0 0 32 0 0 21 0 40 0 0 127 88
0 0 0 0 0 0 0 0 16 16 0 0 0 0 0 0 127 51 0;
egregore_data 55 33 0 0 0 127 0 0 0 0 0 0 0 0 0 127 38 1 0 50.0118
0 0 0 0 0 0 0 0 79.9213 111 0 0 59.9902 127 78 1 0 0 127 0 0 30 127
0 0 0 70 0 0 0 0 127 34 0 53 99 83 0 0 0 0 32 0 0 21 0 40 0 0 127 88
0 0 0 0 0 0 0 0 16 16 0 0 0 0 0 0 127 51 0;
egregore_data 55 33 0 0 0 127 0 0 0 0 0 0 0 0 0 127 38 1 0 50.0118
0 0 0 0 0 0 0 0 79.9213 111 0 0 59.9902 127 78 1 0 0 127 0 0 30 127
0 0 0 70 0 0 0 0 127 34 0 53 99 83 0 0 0 0 32 0 0 21 0 40 0 0 127 88
0 0 0 0 0 0 0 0 16 16 0 0 0 0 0 0 127 51 0;
END;
