HTTP/1.1 200 OK
Date: Thu, 28 May 2015 12:24:51 GMT
Server: Apache
Last-Modified: Wed, 27 May 2015 19:17:12 GMT
Accept-Ranges: bytes
Content-Length: 23722
Vary: Accept-Encoding
Connection: close
Content-Type: text/plain

chdh_egregore_live_data;
egregore_data 0 0 127 0 0 127 0 0 0 0 0 0 0 0 0 127 38 0 127 0 0 0
0 0 0 0 0 0 0 100 0 0 127 127 78 1 93 90 42 2 6 127 11 65 0 0 70 0
0 40 3 127 34 1 53 99 83 0 0 0 0 32 0 0 21 0 40 0 0 127 88 0 0 0 0
0 0 0 0 16 16 0 0 0 0 0 0 127 51 0;
egregore_data 0 0 127 0 0 127 0 0 0 0 0 0 0 0 0 127 38 0 127 0 0 0
0 0 0 0 0 0 0 100 0 0 127 127 78 1 93 90 42 2 6 127 11 65 0 0 70 0
0 40 3 127 34 1 53 99 83 0 0 0 0 32 0 0 21 0 40 0 0 127 88 0 0 0 0
0 0 0 0 16 16 0 0 0 0 0 0 127 51 0;
egregore_data 0 0 127 0 0 127 0 0 0 0 0 0 0 0 0 127 38 0 127 0 0 0
0 0 0 0 0 0 0 100 0 0 127 127 78 1 93 90 42 2 6 127 11 65 0 0 70 0
0 40 3 127 34 1 53 99 83 0 0 0 0 32 0 0 21 0 40 0 0 127 88 0 0 0 0
0 0 0 0 16 16 0 0 0 0 0 0 127 51 0;
egregore_data 0 0 127 0 0 127 0 0 0 0 0 0 0 0 0 127 38 0 127 0 0 0
0 0 0 0 0 0 0 100 0 0 127 127 78 1 93 90 42 2 6 127 11 65 0 0 70 0
0 40 3 127 34 1 53 99 83 0 0 0 0 32 0 0 21 0 40 0 0 127 88 0 0 0 0
0 0 0 0 16 16 0 0 0 0 0 0 127 51 0;
egregore_data 0 0 127 0 0 127 0 0 0 0 0 0 0 0 0 127 38 0 127 0 0 0
0 0 0 0 0 0 0 100 0 0 127 127 78 1 93 90 42 2 6 127 11 65 0 0 70 0
0 40 3 127 34 1 53 99 83 0 0 0 0 32 0 0 21 0 40 0 0 127 88 0 0 0 0
0 0 0 0 16 16 0 0 0 0 0 0 127 51 0;
egregore_data 0 0 127 0 0 127 0 0 0 0 0 0 0 0 0 127 38 0 127 0 0 0
0 0 0 0 0 0 0 100 0 0 127 127 78 1 93 90 42 2 6 127 11 65 0 0 70 0
0 40 3 127 34 1 53 99 83 0 0 0 0 32 0 0 21 0 40 0 0 127 88 0 0 0 0
0 0 0 0 16 16 0 0 0 0 0 0 127 51 0;
egregore_data 0 0 127 0 0 127 0 0 0 0 0 0 0 0 0 127 38 0 127 0 0 0
0 0 0 0 0 0 0 100 0 0 127 127 78 1 93 90 42 2 6 127 11 65 0 0 70 0
0 40 3 127 34 1 53 99 83 0 0 0 0 32 0 0 21 0 40 0 0 127 88 0 0 0 0
0 0 0 0 16 16 0 0 0 0 0 0 127 51 0;
egregore_data 0 0 127 0 0 127 0 0 0 0 0 0 0 0 0 127 38 0 127 0 0 0
0 0 0 0 0 0 0 100 0 0 127 127 78 1 93 90 42 2 6 127 11 65 0 0 70 0
0 40 3 127 34 1 53 99 83 0 0 0 0 32 0 0 21 0 40 0 0 127 88 0 0 0 0
0 0 0 0 16 16 0 0 0 0 0 0 127 51 0;
egregore_data 0 0 127 0 0 127 0 0 0 0 0 0 0 0 0 127 38 0 127 0 0 0
0 0 0 0 0 0 0 100 0 0 127 127 78 1 93 90 42 2 6 127 11 65 0 0 70 0
0 40 3 127 34 1 53 99 83 0 0 0 0 32 0 0 21 0 40 0 0 127 88 0 0 0 0
0 0 0 0 16 16 0 0 0 0 0 0 127 51 0;
egregore_data 0 0 127 0 0 127 0 0 0 0 0 0 0 0 0 127 38 0 127 0 0 0
0 0 0 0 0 0 0 100 0 0 127 127 78 1 93 90 42 2 6 127 11 65 0 0 70 0
0 40 3 127 34 1 53 99 83 0 0 0 0 32 0 0 21 0 40 0 0 127 88 0 0 0 0
0 0 0 0 16 16 0 0 0 0 0 0 127 51 0;
egregore_data 0 0 127 0 0 127 0 0 0 0 0 0 0 0 0 127 38 0 127 0 0 0
0 0 0 0 0 0 0 100 0 0 127 127 78 1 93 90 42 2 6 127 11 65 0 0 70 0
0 41 3 127 34 1 53 99 83 0 0 0 0 32 0 0 21 0 40 0 0 127 88 0 0 0 0
0 0 0 0 16 16 0 0 0 0 0 0 127 51 0;
egregore_data 0 0 127 0 0 127 0 0 0 0 0 0 0 0 0 127 38 0 127 0 0 0
0 0 0 0 0 0 0 100 0 0 127 127 78 1 93 90 42 2 6 127 11 65 0 0 70 0
0 43 3 127 34 1 53 99 83 0 0 0 0 32 0 0 21 0 40 0 0 127 88 0 0 0 0
0 0 0 0 16 16 0 0 0 0 0 0 127 51 0;
egregore_data 0 0 127 0 0 127 0 0 0 0 0 0 0 0 0 127 38 0 127 0 0 0
0 0 0 0 0 0 0 100 0 0 127 127 78 1 93 90 42 2 7 127 11 65 0 0 70 0
0 44 3 127 34 1 53 99 83 0 0 0 0 32 0 0 21 0 40 0 0 127 88 0 0 0 0
0 0 0 0 16 16 0 0 0 0 0 0 127 51 0;
egregore_data 0 0 127 0 0 127 0 0 0 0 0 0 0 0 0 127 38 0 127 0 0 0
0 0 0 0 0 0 0 100 0 0 127 127 78 1 93 90 41 2 7 127 11 65 0 0 70 0
0 45 4 127 34 1 53 99 83 0 0 0 0 32 0 0 21 0 40 0 0 127 88 0 0 0 0
0 0 0 0 16 16 0 0 0 0 0 0 127 51 0;
egregore_data 0 0 127 0 0 127 0 0 0 0 0 0 0 0 0 127 38 0 127 0 0 0
0 0 0 0 0 0 0 100 0 0 127 127 78 1 93 90 41 2 7 127 11 65 0 0 70 0
0 46 4 127 34 1 53 99 83 0 0 0 0 32 0 0 21 0 40 0 0 127 88 0 0 0 0
0 0 0 0 16 16 0 0 0 0 0 0 127 51 0;
egregore_data 0 0 127 0 0 127 0 0 0 0 0 0 0 0 0 127 38 0 127 0 0 0
0 0 0 0 0 0 0 100 0 0 127 127 78 1 93 90 41 2 7 127 10 65 0 0 70 0
0 47 4 127 34 1 53 99 83 0 0 0 0 32 0 0 21 0 40 0 0 127 88 0 0 0 0
0 0 0 0 16 16 0 0 0 0 0 0 127 51 0;
egregore_data 0 0 127 0 0 127 0 0 0 0 0 0 0 0 0 127 38 0 127 0 0 0
0 0 0 0 0 0 0 100 0 0 127 127 78 1 93 90 41 2 7 127 10 66 0 0 70 0
0 48 4 127 34 1 53 99 83 0 0 0 0 32 0 0 21 0 40 0 0 127 88 0 0 0 0
0 0 0 0 16 16 0 0 0 0 0 0 127 51 0;
egregore_data 0 0 127 0 0 127 0 0 0 0 0 0 0 0 0 127 38 0 127 0 0 0
0 0 0 0 0 0 0 100 0 0 127 127 78 1 93 90 41 2 7 127 10 66 0 0 70 0
0 49 4 127 34 1 53 99 83 0 0 0 0 32 0 0 21 0 40 0 0 127 88 0 0 0 0
0 0 0 0 16 16 0 0 0 0 0 0 127 51 0;
egregore_data 0 0 127 0 0 127 0 0 0 0 0 0 0 0 0 127 38 0 127 0 0 0
0 0 0 0 0 0 0 100 0 0 127 127 78 1 93 90 41 2 8 127 10 66 0 0 70 0
0 50 4 127 34 1 53 99 83 0 0 0 0 32 0 0 21 0 40 0 0 127 88 0 0 0 0
0 0 0 0 16 16 0 0 0 0 0 0 127 51 0;
egregore_data 0 0 127 0 0 127 0 0 0 0 0 0 0 0 0 127 38 0 127 0 0 0
0 0 0 0 0 0 0 100 0 0 127 127 78 1 93 90 41 2 8 127 10 66 0 0 70 0
0 51 4 127 34 1 53 99 83 0 0 0 0 32 0 0 21 0 40 0 0 127 88 0 0 0 0
0 0 0 0 16 16 0 0 0 0 0 0 127 51 0;
egregore_data 0 0 127 0 0 127 0 0 0 0 0 0 0 0 0 127 38 0 127 0 0 0
0 0 0 0 0 0 0 100 0 0 127 127 78 1 93 90 40 2 8 127 10 66 0 0 70 0
0 51 4 127 34 1 53 99 83 0 0 0 0 32 0 0 21 0 40 0 0 127 88 0 0 0 0
0 0 0 0 16 16 0 0 0 0 0 0 127 51 0;
egregore_data 0 0 127 0 0 127 0 0 0 0 0 0 0 0 0 127 38 0 127 0 0 0
0 0 0 0 0 0 0 100 0 0 127 127 78 1 93 90 40 2 8 127 10 66 0 0 70 0
0 52 4 127 34 1 53 99 83 0 0 0 0 32 0 0 21 0 40 0 0 127 88 0 0 0 0
0 0 0 0 16 16 0 0 0 0 0 0 127 51 0;
egregore_data 0 0 127 0 0 127 0 0 0 0 0 0 0 0 0 127 38 0 127 0 0 0
0 0 0 0 0 0 0 100 0 0 127 127 78 1 93 90 40 2 8 127 10 66 0 0 70 0
0 52 4 127 34 1 53 99 83 0 0 0 0 32 0 0 21 0 40 0 0 127 88 0 0 0 0
0 0 0 0 16 16 0 0 0 0 0 0 127 51 0;
egregore_data 0 0 127 0 0 127 0 0 0 0 0 0 0 0 0 127 38 0 127 0 0 0
0 0 0 0 0 0 0 100 0 0 127 127 78 1 93 90 40 2 8 127 10 66 0 0 70 0
0 53 4 127 34 1 53 99 83 0 0 0 0 32 0 0 21 0 40 0 0 127 88 0 0 0 0
0 0 0 0 16 16 0 0 0 0 0 0 127 51 0;
egregore_data 0 0 127 0 0 127 0 0 0 0 0 0 0 0 0 127 38 0 127 0 0 0
0 0 0 0 0 0 0 100 0 0 127 127 78 1 93 90 40 2 8 127 10 66 0 0 70 0
0 53 4 127 34 1 53 99 83 0 0 0 0 32 0 0 21 0 40 0 0 127 88 0 0 0 0
0 0 0 0 16 16 0 0 0 0 0 0 127 51 0;
egregore_data 0 0 127 0 0 127 0 0 0 0 0 0 0 0 0 127 38 0 127 0 0 0
0 0 0 0 0 0 0 100 0 0 127 127 78 1 93 90 40 2 8 127 10 66 0 0 70 0
0 53 4 127 34 1 53 99 83 0 0 0 0 32 0 0 21 0 40 0 0 127 88 0 0 0 0
0 0 0 0 16 16 0 0 0 0 0 0 127 51 0;
egregore_data 0 0 127 0 0 127 0 0 0 0 0 0 0 0 0 127 38 0 127 0 0 0
0 0 0 0 0 0 0 100 0 0 127 127 78 1 93 90 40 2 8 127 10 66 0 0 70 0
0 53 4 127 34 1 53 99 83 0 0 0 0 32 0 0 21 0 40 0 0 127 88 0 0 0 0
0 0 0 0 16 16 0 0 0 0 0 0 127 51 0;
egregore_data 0 0 127 0 0 127 0 0 0 0 0 0 0 0 0 127 38 0 127 0 0 0
0 0 0 0 0 0 0 100 0 0 127 127 78 1 93 90 40 2 8 127 10 66 0 0 70 0
0 53 4 127 34 1 53 99 83 0 0 0 0 32 0 0 21 0 40 0 0 127 88 0 0 0 0
0 0 0 0 16 16 0 0 0 0 0 0 127 51 0;
egregore_data 0 0 127 0 0 127 0 0 0 0 0 0 0 0 0 127 38 0 127 0 0 0
0 0 0 0 0 0 0 100 0 0 127 127 78 1 93 90 40 2 8 127 10 66 0 0 70 0
0 53 4 127 34 1 53 99 83 0 0 0 0 32 0 0 21 0 40 0 0 127 88 0 0 0 0
0 0 0 0 16 16 0 0 0 0 0 0 127 51 0;
egregore_data 0 0 127 0 0 127 0 0 0 0 0 0 0 0 0 127 38 0 127 0 0 0
0 0 0 0 0 0 0 100 0 0 127 127 78 1 93 90 40 2 8 127 10 66 0 0 70 0
0 53 4 127 34 1 53 99 83 0 0 0 0 32 0 0 21 0 40 0 0 127 88 0 0 0 0
0 0 0 0 16 16 0 0 0 0 0 0 127 51 0;
egregore_data 0 0 127 0 0 127 0 0 0 0 0 0 0 0 0 127 38 0 127 0 0 0
0 0 0 0 0 0 0 100 0 0 127 127 78 1 93 90 40 2 8 127 10 66 0 0 70 0
0 53 4 127 34 1 53 99 83 0 0 0 0 32 0 0 21 0 40 0 0 127 88 0 0 0 0
0 0 0 0 16 16 0 0 0 0 0 0 127 51 0;
egregore_data 0 0 127 0 0 127 0 0 0 0 0 0 0 0 0 127 38 0 127 0 0 0
0 0 0 0 0 0 0 100 0 0 127 127 78 1 93 90 40 2 8 127 10 66 0 0 70 0
0 53 4 127 34 1 53 99 83 0 0 0 0 32 0 0 21 0 40 0 0 127 88 0 0 0 0
0 0 0 0 16 16 0 0 0 0 0 0 127 51 0;
egregore_data 0 0 127 0 0 127 0 0 0 0 0 0 0 0 0 127 38 0 127 0 0 0
0 0 0 0 0 0 0 100 0 0 127 127 78 1 93 90 40 2 8 127 10 66 0 0 70 0
0 53 4 127 34 1 53 99 83 0 0 0 0 32 0 0 21 0 40 0 0 127 88 0 0 0 0
0 0 0 0 16 16 0 0 0 0 0 0 127 51 0;
egregore_data 0 0 127 0 0 127 0 0 0 0 0 0 0 0 0 127 38 0 127 0 0 0
0 0 0 0 0 0 0 100 0 0 127 127 78 1 93 90 40 2 8 127 10 66 0 0 70 0
0 53 4 127 34 1 53 99 83 0 0 0 0 32 0 0 21 0 40 0 0 127 88 0 0 0 0
0 0 0 0 16 16 0 0 0 0 0 0 127 51 0;
egregore_data 0 0 127 0 0 127 0 0 0 0 0 0 0 0 0 127 38 0 127 0 0 0
0 0 0 0 0 0 0 100 0 0 127 127 78 1 93 90 40 2 8 127 10 66 0 0 70 0
0 53 4 127 34 1 53 99 83 0 0 0 0 32 0 0 21 0 40 0 0 127 88 0 0 0 0
0 0 0 0 16 16 0 0 0 0 0 0 127 51 0;
egregore_data 0 0 127 0 0 127 0 0 0 0 0 0 0 0 0 127 38 0 127 0 0 0
0 0 0 0 0 0 0 100 0 0 127 127 78 1 93 90 40 2 8 127 10 66 0 0 70 0
0 53 4 127 34 1 53 99 83 0 0 0 0 32 0 0 21 0 40 0 0 127 88 0 0 0 0
0 0 0 0 16 16 0 0 0 0 0 0 127 51 0;
egregore_data 0 0 127 0 0 127 0 0 0 0 0 0 0 0 0 127 38 0 127 0 0 0
0 0 0 0 0 0 0 100 0 0 127 127 78 1 93 90 40 2 8 127 10 66 0 0 70 0
0 53 4 127 34 1 53 99 83 0 0 0 0 32 0 0 21 0 40 0 0 127 88 0 0 0 0
0 0 0 0 16 16 0 0 0 0 0 0 127 51 0;
egregore_data 0 0 127 0 0 127 0 0 0 0 0 0 0 0 0 127 38 0 127 0 0 0
0 0 0 0 0 0 0 100 0 0 127 127 78 1 93 90 40 2 8 127 10 66 0 0 70 0
0 53 4 127 34 1 53 99 83 0 0 0 0 32 0 0 21 0 40 0 0 127 88 0 0 0 0
0 0 0 0 16 16 0 0 0 0 0 0 127 51 0;
egregore_data 0 0 127 0 0 127 0 0 0 0 0 0 0 0 0 127 38 0 127 0 0 0
0 0 0 0 0 0 0 100 0 0 127 127 78 1 93 90 40 2 8 127 10 66 0 0 70 0
0 53 4 127 34 1 53 99 83 0 0 0 0 32 0 0 21 0 40 0 0 127 88 0 0 0 0
0 0 0 0 16 16 0 0 0 0 0 0 127 51 0;
egregore_data 0 0 127 0 0 127 0 0 0 0 0 0 0 0 0 127 38 0 127 0 0 0
0 0 0 0 0 0 0 100 0 0 127 127 78 1 93 90 40 2 8 127 10 66 0 0 70 0
0 54 4 127 34 1 53 99 83 0 0 0 0 32 0 0 21 0 40 0 0 127 88 0 0 0 0
0 0 0 0 16 16 0 0 0 0 0 0 127 51 0;
egregore_data 0 0 127 0 0 127 0 0 0 0 0 0 0 0 0 127 38 0 127 0 0 0
0 0 0 0 0 0 0 100 0 0 127 127 78 1 93 90 40 2 8 127 10 66 0 0 70 0
0 55 4 127 34 1 53 99 83 0 0 0 0 32 0 0 21 0 40 0 0 127 88 0 0 0 0
0 0 0 0 16 16 0 0 0 0 0 0 127 51 0;
egregore_data 0 0 127 0 0 127 0 0 0 0 0 0 0 0 0 127 38 0 127 0 0 0
0 0 0 0 0 0 0 100 0 0 127 127 78 1 93 90 40 2 8 127 9 66 0 0 70 0 0
55 4 127 34 1 53 99 83 0 0 0 0 32 0 0 21 0 40 0 0 127 88 0 0 0 0 0
0 0 0 16 16 0 0 0 0 0 0 127 51 0;
egregore_data 0 0 127 0 0 127 0 0 0 0 0 0 0 0 0 127 38 0 127 0 0 0
0 0 0 0 0 0 0 100 0 0 127 127 78 1 93 90 40 2 8 127 9 66 0 0 70 0 0
56 4 127 34 1 53 99 83 0 0 0 0 32 0 0 21 0 40 0 0 127 88 0 0 0 0 0
0 0 0 16 16 0 0 0 0 0 0 127 51 0;
egregore_data 0 0 127 0 0 127 0 0 0 0 0 0 0 0 0 127 38 0 127 0 0 0
0 0 0 0 0 0 0 100 0 0 127 127 78 1 93 90 39 2 9 127 9 66 0 0 70 0 0
57 5 127 34 1 53 99 83 0 0 0 0 32 0 0 21 0 40 0 0 127 88 0 0 0 0 0
0 0 0 16 16 0 0 0 0 0 0 127 51 0;
egregore_data 0 0 127 0 0 127 0 0 0 0 0 0 0 0 0 127 38 0 127 0 0 0
0 0 0 0 0 0 0 100 0 0 127 127 78 1 93 90 39 2 9 127 9 67 0 0 70 0 0
59 5 127 34 1 53 99 83 0 0 0 0 32 0 0 21 0 40 0 0 127 88 0 0 0 0 0
0 0 0 16 16 0 0 0 0 0 0 127 51 0;
egregore_data 0 0 127 0 0 127 0 0 0 0 0 0 0 0 0 127 38 0 127 0 0 0
0 0 0 0 0 0 0 100 0 0 127 127 78 1 93 90 39 2 9 127 9 67 0 0 70 0 0
61 5 127 34 1 53 99 83 0 0 0 0 32 0 0 21 0 40 0 0 127 88 0 0 0 0 0
0 0 0 16 16 0 0 0 0 0 0 127 51 0;
egregore_data 0 0 127 0 0 127 0 0 0 0 0 0 0 0 0 127 38 0 127 0 0 0
0 0 0 0 0 0 0 100 0 0 127 127 78 1 93 90 39 2 9 127 9 67 0 0 70 0 0
61 5 127 34 1 53 99 83 0 0 0 0 32 0 0 21 0 40 0 0 127 88 0 0 0 0 0
0 0 0 16 16 0 0 0 0 0 0 127 51 0;
egregore_data 0 0 127 0 0 127 0 0 0 0 0 0 0 0 0 127 38 0 127 0 0 0
0 0 0 0 0 0 0 100 0 0 127 127 78 1 93 90 39 2 9 127 9 67 0 0 70 0 0
63 5 127 34 1 53 99 83 0 0 0 0 32 0 0 21 0 40 0 0 127 88 0 0 0 0 0
0 0 0 16 16 0 0 0 0 0 0 127 51 0;
egregore_data 0 0 127 0 0 127 0 0 0 0 0 0 0 0 0 127 38 0 127 0 0 0
0 0 0 0 0 0 0 100 0 0 127 127 78 1 93 90 39 2 9 127 9 67 0 0 70 0 0
63 5 127 34 1 53 99 83 0 0 0 0 32 0 0 21 0 40 0 0 127 88 0 0 0 0 0
0 0 0 16 16 0 0 0 0 0 0 127 51 0;
egregore_data 0 0 127 0 0 127 0 0 0 0 0 0 0 0 0 127 38 0 127 0 0 0
0 0 0 0 0 0 0 100 0 0 127 127 78 1 93 90 39 3 10 127 9 67 0 0 70 0
0 64 5 127 34 1 53 99 83 0 0 0 0 32 0 0 21 0 40 0 0 127 88 0 0 0 0
0 0 0 0 16 16 0 0 0 0 0 0 127 51 0;
egregore_data 0 0 127 0 0 127 0 0 0 0 0 0 0 0 0 127 38 0 127 0 0 0
0 0 0 0 0 0 0 100 0 0 127 127 78 1 93 90 38 3 10 127 8 67 0 0 70 0
0 65 5 127 34 1 53 99 83 0 0 0 0 32 0 0 21 0 40 0 0 127 88 0 0 0 0
0 0 0 0 16 16 0 0 0 0 0 0 127 51 0;
egregore_data 0 0 127 0 0 127 0 0 0 0 0 0 0 0 0 127 38 0 127 0 0 0
0 0 0 0 0 0 0 100 0 0 127 127 78 1 93 90 38 3 10 127 8 67 0 0 70 0
0 66 5 127 34 1 53 99 83 0 0 0 0 32 0 0 21 0 40 0 0 127 88 0 0 0 0
0 0 0 0 16 16 0 0 0 0 0 0 127 51 0;
egregore_data 0 0 127 0 0 127 0 0 0 0 0 0 0 0 0 127 38 0 127 0 0 0
0 0 0 0 0 0 0 100 0 0 127 127 78 1 93 90 38 3 10 127 8 67 0 0 70 0
0 67 5 127 34 1 53 99 83 0 0 0 0 32 0 0 21 0 40 0 0 127 88 0 0 0 0
0 0 0 0 16 16 0 0 0 0 0 0 127 51 0;
egregore_data 0 0 127 0 0 127 0 0 0 0 0 0 0 0 0 127 38 0 127 0 0 0
0 0 0 0 0 0 0 100 0 0 127 127 78 1 93 90 38 3 10 127 8 68 0 0 70 0
0 69 5 127 34 1 53 99 83 0 0 0 0 32 0 0 21 0 40 0 0 127 88 0 0 0 0
0 0 0 0 16 16 0 0 0 0 0 0 127 51 0;
egregore_data 0 0 127 0 0 127 0 0 0 0 0 0 0 0 0 127 38 0 127 0 0 0
0 0 0 0 0 0 0 100 0 0 127 127 78 1 93 90 38 3 10 127 8 68 0 0 70 0
0 69 5 127 34 1 53 99 83 0 0 0 0 32 0 0 21 0 40 0 0 127 88 0 0 0 0
0 0 0 0 16 16 0 0 0 0 0 0 127 51 0;
egregore_data 0 0 127 0 0 127 0 0 0 0 0 0 0 0 0 127 38 0 127 0 0 0
0 0 0 0 0 0 0 100 0 0 127 127 78 1 93 90 38 3 10 127 8 68 0 0 70 0
0 69 5 127 34 1 53 99 83 0 0 0 0 32 0 0 21 0 40 0 0 127 88 0 0 0 0
0 0 0 0 16 16 0 0 0 0 0 0 127 51 0;
egregore_data 0 0 127 0 0 127 0 0 0 0 0 0 0 0 0 127 38 0 127 0 0 0
0 0 0 0 0 0 0 100 0 0 127 127 78 1 93 90 38 3 10 127 8 68 0 0 70 0
0 69 5 127 34 1 53 99 83 0 0 0 0 32 0 0 21 0 40 0 0 127 88 0 0 0 0
0 0 0 0 16 16 0 0 0 0 0 0 127 51 0;
egregore_data 0 0 127 0 0 127 0 0 0 0 0 0 0 0 0 127 38 0 127 0 0 0
0 0 0 0 0 0 0 100 0 0 127 127 78 1 93 90 38 3 10 127 8 68 0 0 70 0
0 69 5 127 34 1 53 99 83 0 0 0 0 32 0 0 21 0 40 0 0 127 88 0 0 0 0
0 0 0 0 16 16 0 0 0 0 0 0 127 51 0;
egregore_data 0 0 127 0 0 127 0 0 0 0 0 0 0 0 0 127 38 0 127 0 0 0
0 0 0 0 0 0 0 100 0 0 127 127 78 1 93 90 38 3 10 127 8 68 0 0 70 0
0 69 5 127 34 1 53 99 83 0 0 0 0 32 0 0 21 0 40 0 0 127 88 0 0 0 0
0 0 0 0 16 16 0 0 0 0 0 0 127 51 0;
egregore_data 0 0 127 0 0 127 0 0 0 0 0 0 0 0 0 127 38 0 127 0 0 0
0 0 0 0 0 0 0 100 0 0 127 127 78 1 93 90 38 3 10 127 8 68 0 0 70 0
0 69 5 127 34 1 53 99 83 0 0 0 0 32 0 0 21 0 40 0 0 127 88 0 0 0 0
0 0 0 0 16 16 0 0 0 0 0 0 127 51 0;
egregore_data 0 0 127 0 0 127 0 0 0 0 0 0 0 0 0 127 38 0 127 0 0 0
0 0 0 0 0 0 0 100 0 0 127 127 78 1 93 90 38 3 10 127 8 68 0 0 70 0
0 69 5 127 34 1 53 99 83 0 0 0 0 32 0 0 21 0 40 0 0 127 88 0 0 0 0
0 0 0 0 16 16 0 0 0 0 0 0 127 51 0;
egregore_data 0 0 127 0 0 127 0 0 0 0 0 0 0 0 0 127 38 0 127 0 0 0
0 0 0 0 0 0 0 100 0 0 127 127 78 1 93 90 38 3 10 127 8 68 0 0 70 0
0 69 5 127 34 1 53 99 83 0 0 0 0 32 0 0 21 0 40 0 0 127 88 0 0 0 0
0 0 0 0 16 16 0 0 0 0 0 0 127 51 0;
egregore_data 0 0 127 0 0 127 0 0 0 0 0 0 0 0 0 127 38 0 127 0 0 0
0 0 0 0 0 0 0 100 0 0 127 127 78 1 93 90 38 3 10 127 8 68 0 0 70 0
0 69 5 127 34 1 53 99 83 0 0 0 0 32 0 0 21 0 40 0 0 127 88 0 0 0 0
0 0 0 0 16 16 0 0 0 0 0 0 127 51 0;
egregore_data 0 0 127 0 0 127 0 0 0 0 0 0 0 0 0 127 38 0 127 0 0 0
0 0 0 0 0 0 0 100 0 0 127 127 78 1 93 90 38 3 10 127 8 68 0 0 70 0
0 69 5 127 34 1 53 99 83 0 0 0 0 32 0 0 21 0 40 0 0 127 88 0 0 0 0
0 0 0 0 16 16 0 0 0 0 0 0 127 51 0;
egregore_data 0 0 127 0 0 127 0 0 0 0 0 0 0 0 0 127 38 0 127 0 0 0
0 0 0 0 0 0 0 100 0 0 127 127 78 1 93 90 38 3 10 127 8 68 0 0 70 0
0 69 5 127 34 1 53 99 83 0 0 0 0 32 0 0 21 0 40 0 0 127 88 0 0 0 0
0 0 0 0 16 16 0 0 0 0 0 0 127 51 0;
egregore_data 0 0 127 0 0 127 0 0 0 0 0 0 0 0 0 127 38 0 127 0 0 0
0 0 0 0 0 0 0 100 0 0 127 127 78 1 93 90 38 3 10 127 8 68 0 0 70 0
0 69 5 127 34 1 53 99 83 0 0 0 0 32 0 0 21 0 40 0 0 127 88 0 0 0 0
0 0 0 0 16 16 0 0 0 0 0 0 127 51 0;
egregore_data 0 0 127 0 0 127 0 0 0 0 0 0 0 0 0 127 38 0 127 0 0 0
0 0 0 0 0 0 0 100 0 0 127 127 78 1 93 90 38 3 10 127 8 68 0 0 70 0
0 69 5 127 34 1 53 99 83 0 0 0 0 32 0 0 21 0 40 0 0 127 88 0 0 0 0
0 0 0 0 16 16 0 0 0 0 0 0 127 51 0;
egregore_data 0 0 127 0 0 127 0 0 0 0 0 0 0 0 0 127 38 0 127 0 0 0
0 0 0 0 0 0 0 100 0 0 127 127 78 1 93 90 38 3 10 127 8 68 0 0 70 0
0 69 5 127 34 1 53 99 83 0 0 0 0 32 0 0 21 0 40 0 0 127 88 0 0 0 0
0 0 0 0 16 16 0 0 0 0 0 0 127 51 0;
egregore_data 0 0 127 0 0 127 0 0 0 0 0 0 0 0 0 127 38 0 127 0 0 0
0 0 0 0 0 0 0 100 0 0 127 127 78 1 93 90 38 3 10 127 8 68 0 0 70 0
0 69 5 127 34 1 53 99 83 0 0 0 0 32 0 0 21 0 40 0 0 127 88 0 0 0 0
0 0 0 0 16 16 0 0 0 0 0 0 127 51 0;
egregore_data 0 0 127 0 0 127 0 0 0 0 0 0 0 0 0 127 38 0 127 0 0 0
0 0 0 0 0 0 0 100 0 0 127 127 78 1 93 90 38 3 10 127 8 68 0 0 70 0
0 69 5 127 34 1 53 99 83 0 0 0 0 32 0 0 21 0 40 0 0 127 88 0 0 0 0
0 0 0 0 16 16 0 0 0 0 0 0 127 51 0;
egregore_data 0 0 127 0 0 127 0 0 0 0 0 0 0 0 0 127 38 0 127 0 0 0
0 0 0 0 0 0 0 100 0 0 127 127 78 1 93 90 38 3 10 127 8 68 0 0 70 0
0 69 5 127 34 1 53 99 83 0 0 0 0 32 0 0 21 0 40 0 0 127 88 0 0 0 0
0 0 0 0 16 16 0 0 0 0 0 0 127 51 0;
egregore_data 0 0 127 0 0 127 0 0 0 0 0 0 0 0 0 127 38 0 127 0 0 0
0 0 0 0 0 0 0 100 0 0 127 127 78 1 93 90 38 3 10 127 8 68 0 0 70 0
0 69 5 127 34 1 53 99 83 0 0 0 0 32 0 0 21 0 40 0 0 127 88 0 0 0 0
0 0 0 0 16 16 0 0 0 0 0 0 127 51 0;
egregore_data 0 0 127 0 0 127 0 0 0 0 0 0 0 0 0 127 38 0 127 0 0 0
0 0 0 0 0 0 0 100 0 0 127 127 78 1 93 90 38 3 10 127 8 68 0 0 70 0
0 69 5 127 34 1 53 99 83 0 0 0 0 32 0 0 21 0 40 0 0 127 88 0 0 0 0
0 0 0 0 16 16 0 0 0 0 0 0 127 51 0;
egregore_data 0 0 127 0 0 127 0 0 0 0 0 0 0 0 0 127 38 0 127 0 0 0
0 0 0 0 0 0 0 100 0 0 127 127 78 1 93 90 38 3 10 127 8 68 0 0 70 0
0 69 5 127 34 1 53 99 83 0 0 0 0 32 0 0 21 0 40 0 0 127 88 0 0 0 0
0 0 0 0 16 16 0 0 0 0 0 0 127 51 0;
egregore_data 0 0 127 0 0 127 0 0 0 0 0 0 0 0 0 127 38 0 127 0 0 0
0 0 0 0 0 0 0 100 0 0 127 127 78 1 93 90 38 3 10 127 8 68 0 0 70 0
0 69 5 127 34 1 53 99 83 0 0 0 0 32 0 0 21 0 40 0 0 127 88 0 0 0 0
0 0 0 0 16 16 0 0 0 0 0 0 127 51 0;
egregore_data 0 0 127 0 0 127 0 0 0 0 0 0 0 0 0 127 38 0 127 0 0 0
0 0 0 0 0 0 0 100 0 0 127 127 78 1 93 90 38 3 10 127 8 68 0 0 70 0
0 69 5 127 34 1 53 99 83 0 0 0 0 32 0 0 21 0 40 0 0 127 88 0 0 0 0
0 0 0 0 16 16 0 0 0 0 0 0 127 51 0;
egregore_data 0 0 127 0 0 127 0 0 0 0 0 0 0 0 0 127 38 0 127 0 0 0
0 0 0 0 0 0 0 100 0 0 127 127 78 1 93 90 38 3 10 127 8 68 0 0 70 0
0 69 5 127 34 1 53 99 83 0 0 0 0 32 0 0 21 0 40 0 0 127 88 0 0 0 0
0 0 0 0 16 16 0 0 0 0 0 0 127 51 0;
egregore_data 0 0 127 0 0 127 0 0 0 0 0 0 0 0 0 127 38 0 127 0 0 0
0 0 0 0 0 0 0 100 0 0 127 127 78 1 93 90 38 3 10 127 8 68 0 0 70 0
0 69 5 127 34 1 53 99 83 0 0 0 0 32 0 0 21 0 40 0 0 127 88 0 0 0 0
0 0 0 0 16 16 0 0 0 0 0 0 127 51 0;
egregore_data 0 0 127 0 0 127 0 0 0 0 0 0 0 0 0 127 38 0 127 0 0 0
0 0 0 0 0 0 0 100 0 0 127 127 78 1 93 90 38 3 10 127 8 68 0 0 70 0
0 69 5 127 34 1 53 99 83 0 0 0 0 32 0 0 21 0 40 0 0 127 88 0 0 0 0
0 0 0 0 16 16 0 0 0 0 0 0 127 51 0;
egregore_data 0 0 127 0 0 127 0 0 0 0 0 0 0 0 0 127 38 0 127 0 0 0
0 0 0 0 0 0 0 100 0 0 127 127 78 1 93 90 38 3 10 127 8 68 0 0 70 0
0 69 5 127 34 1 53 99 83 0 0 0 0 32 0 0 21 0 40 0 0 127 88 0 0 0 0
0 0 0 0 16 16 0 0 0 0 0 0 127 51 0;
egregore_data 0 0 127 0 0 127 0 0 0 0 0 0 0 0 0 127 38 0 127 0 0 0
0 0 0 0 0 0 0 100 0 0 127 127 78 1 93 90 38 3 10 127 8 68 0 0 70 0
0 69 5 127 34 1 53 99 83 0 0 0 0 32 0 0 21 0 40 0 0 127 88 0 0 0 0
0 0 0 0 16 16 0 0 0 0 0 0 127 51 0;
egregore_data 0 0 127 0 0 127 0 0 0 0 0 0 0 0 0 127 38 0 127 0 0 0
0 0 0 0 0 0 0 100 0 0 127 127 78 1 93 90 38 3 10 127 8 68 0 0 70 0
0 69 5 127 34 1 53 99 83 0 0 0 0 32 0 0 21 0 40 0 0 127 88 0 0 0 0
0 0 0 0 16 16 0 0 0 0 0 0 127 51 0;
egregore_data 0 0 127 0 0 127 0 0 0 0 0 0 0 0 0 127 38 0 127 0 0 0
0 0 0 0 0 0 0 100 0 0 127 127 78 1 93 90 38 3 10 127 8 68 0 0 70 0
0 69 5 127 34 1 53 99 83 0 0 0 0 32 0 0 21 0 40 0 0 127 88 0 0 0 0
0 0 0 0 16 16 0 0 0 0 0 0 127 51 0;
egregore_data 0 0 127 0 0 127 0 0 0 0 0 0 0 0 0 127 38 0 127 0 0 0
0 0 0 0 0 0 0 100 0 0 127 127 78 1 93 90 38 3 10 127 8 68 0 0 70 0
0 69 5 127 34 1 53 99 83 0 0 0 0 32 0 0 21 0 40 0 0 127 88 0 0 0 0
0 0 0 0 16 16 0 0 0 0 0 0 127 51 0;
egregore_data 0 0 127 0 0 127 0 0 0 0 0 0 0 0 0 127 38 0 127 0 0 0
0 0 0 0 0 0 0 100 0 0 127 127 78 1 93 90 38 3 10 127 8 68 0 0 70 0
0 69 5 127 34 1 53 99 83 0 0 0 0 32 0 0 21 0 40 0 0 127 88 0 0 0 0
0 0 0 0 16 16 0 0 0 0 0 0 127 51 0;
egregore_data 0 0 127 0 0 127 0 0 0 0 0 0 0 0 0 127 38 0 127 0 0 0
0 0 0 0 0 0 0 100 0 0 127 127 78 1 93 90 38 3 10 127 8 68 0 0 70 0
0 69 5 127 34 1 53 99 83 0 0 0 0 32 0 0 21 0 40 0 0 127 88 0 0 0 0
0 0 0 0 16 16 0 0 0 0 0 0 127 51 0;
egregore_data 0 0 127 0 0 127 0 0 0 0 0 0 0 0 0 127 38 0 127 0 0 0
0 0 0 0 0 0 0 100 0 0 127 127 78 1 93 90 38 3 10 127 8 68 0 0 70 0
0 69 5 127 34 1 53 99 83 0 0 0 0 32 0 0 21 0 40 0 0 127 88 0 0 0 0
0 0 0 0 16 16 0 0 0 0 0 0 127 51 0;
egregore_data 0 0 127 0 0 127 0 0 0 0 0 0 0 0 0 127 38 0 127 0 0 0
0 0 0 0 0 0 0 100 0 0 127 127 78 1 93 90 38 3 10 127 8 68 0 0 70 0
0 69 5 127 34 1 53 99 83 0 0 0 0 32 0 0 21 0 40 0 0 127 88 0 0 0 0
0 0 0 0 16 16 0 0 0 0 0 0 127 51 0;
egregore_data 0 0 127 0 0 127 0 0 0 0 0 0 0 0 0 127 38 0 127 0 0 0
0 0 0 0 0 0 0 100 0 0 127 127 78 1 93 90 38 3 10 127 8 68 0 0 70 0
0 69 5 127 34 1 53 99 83 0 0 0 0 32 0 0 21 0 40 0 0 127 88 0 0 0 0
0 0 0 0 16 16 0 0 0 0 0 0 127 51 0;
egregore_data 0 0 127 0 0 127 0 0 0 0 0 0 0 0 0 127 38 0 127 0 0 0
0 0 0 0 0 0 0 100 0 0 127 127 78 1 93 90 38 3 10 127 8 68 0 0 70 0
0 69 5 127 34 1 53 99 83 0 0 0 0 32 0 0 21 0 40 0 0 127 88 0 0 0 0
0 0 0 0 16 16 0 0 0 0 0 0 127 51 0;
egregore_data 0 0 127 0 0 127 0 0 0 0 0 0 0 0 0 127 38 0 127 0 0 0
0 0 0 0 0 0 0 100 0 0 127 127 78 1 93 90 38 3 10 127 8 68 0 0 70 0
0 69 5 127 34 1 53 99 83 0 0 0 0 32 0 0 21 0 40 0 0 127 88 0 0 0 0
0 0 0 0 16 16 0 0 0 0 0 0 127 51 0;
egregore_data 0 0 127 0 0 127 0 0 0 0 0 0 0 0 0 127 38 0 127 0 0 0
0 0 0 0 0 0 0 100 0 0 127 127 78 1 93 90 38 3 10 127 8 68 0 0 70 0
0 69 5 127 34 1 53 99 83 0 0 0 0 32 0 0 21 0 40 0 0 127 88 0 0 0 0
0 0 0 0 16 16 0 0 0 0 0 0 127 51 0;
egregore_data 0 0 127 0 0 127 0 0 0 0 0 0 0 0 0 127 38 0 127 0 0 0
0 0 0 0 0 0 0 100 0 0 127 127 78 1 93 90 38 3 10 127 8 68 0 0 70 0
0 69 5 127 34 1 53 99 83 0 0 0 0 32 0 0 21 0 40 0 0 127 88 0 0 0 0
0 0 0 0 16 16 0 0 0 0 0 0 127 51 0;
egregore_data 0 0 127 0 0 127 0 0 0 0 0 0 0 0 0 127 38 0 127 0 0 0
0 0 0 0 0 0 0 100 0 0 127 127 78 1 93 90 38 3 10 127 8 68 0 0 70 0
0 69 5 127 34 1 53 99 83 0 0 0 0 32 0 0 21 0 40 0 0 127 88 0 0 0 0
0 0 0 0 16 16 0 0 0 0 0 0 127 51 0;
egregore_data 0 0 127 0 0 127 0 0 0 0 0 0 0 0 0 127 38 0 127 0 0 0
0 0 0 0 0 0 0 100 0 0 127 127 78 1 93 90 38 3 10 127 8 68 0 0 70 0
0 69 5 127 34 1 53 99 83 0 0 0 0 32 0 0 21 0 40 0 0 127 88 0 0 0 0
0 0 0 0 16 16 0 0 0 0 0 0 127 51 0;
egregore_data 0 0 127 0 0 127 0 0 0 0 0 0 0 0 0 127 38 0 127 0 0 0
0 0 0 0 0 0 0 100 0 0 127 127 78 1 93 90 38 3 10 127 8 68 0 0 70 0
0 69 5 127 34 1 53 99 83 0 0 0 0 32 0 0 21 0 40 0 0 127 88 0 0 0 0
0 0 0 0 16 16 0 0 0 0 0 0 127 51 0;
egregore_data 0 0 127 0 0 127 0 0 0 0 0 0 0 0 0 127 38 0 127 0 0 0
0 0 0 0 0 0 0 100 0 0 127 127 78 1 93 90 38 3 10 127 8 68 0 0 70 0
0 69 5 127 34 1 53 99 83 0 0 0 0 32 0 0 21 0 40 0 0 127 88 0 0 0 0
0 0 0 0 16 16 0 0 0 0 0 0 127 51 0;
egregore_data 0 0 127 0 0 127 0 0 0 0 0 0 0 0 0 127 38 0 127 0 0 0
0 0 0 0 0 0 0 100 0 0 127 127 78 1 93 90 38 3 10 127 8 68 0 0 70 0
0 69 5 127 34 1 53 99 83 0 0 0 0 32 0 0 21 0 40 0 0 127 88 0 0 0 0
0 0 0 0 16 16 0 0 0 0 0 0 127 51 0;
egregore_data 0 0 127 0 0 127 0 0 0 0 0 0 0 0 0 127 38 0 127 0 0 0
0 0 0 0 0 0 0 100 0 0 127 127 78 1 93 90 38 3 10 127 8 68 0 0 70 0
0 69 5 127 34 1 53 99 83 0 0 0 0 32 0 0 21 0 40 0 0 127 88 0 0 0 0
0 0 0 0 16 16 0 0 0 0 0 0 127 51 0;
egregore_data 0 0 127 0 0 127 0 0 0 0 0 0 0 0 0 127 38 0 127 0 0 0
0 0 0 0 0 0 0 100 0 0 127 127 78 1 93 90 38 3 10 127 8 68 0 0 70 0
0 69 5 127 34 1 53 99 83 0 0 0 0 32 0 0 21 0 40 0 0 127 88 0 0 0 0
0 0 0 0 16 16 0 0 0 0 0 0 127 51 0;
END;
