HTTP/1.1 200 OK
Date: Thu, 28 May 2015 12:31:04 GMT
Server: Apache
Last-Modified: Wed, 27 May 2015 19:04:32 GMT
Accept-Ranges: bytes
Content-Length: 24757
Vary: Accept-Encoding
Connection: close
Content-Type: text/plain

chdh_egregore_live_data;
egregore_data 123 127 0 115 116 0 102 0 0 0 0 0 0 0 0 127 38 1 40.9941
0 0 0 0 0 0 0 0 6 0 127 0 0 12.2982 127 78 1 0 0 127 0 0 30 127 0 0
0 70 0 0 0 0 127 34 0 53 99 83 0 0 0 0 32 0 0 21 0 40 0 0 127 88 0
0 0 0 0 0 0 0 16 16 0 0 0 0 0 0 127 51 0;
egregore_data 123 127 0 115 115 0 102 0 0 0 0 0 0 0 0 127 38 1 40.9941
0 0 0 0 0 0 0 0 6 0 127 0 0 12.2982 127 78 1 0 0 127 0 0 30 127 0 0
0 70 0 0 0 0 127 34 0 53 99 83 0 0 0 0 32 0 0 21 0 40 0 0 127 88 0
0 0 0 0 0 0 0 16 16 0 0 0 0 0 0 127 51 0;
egregore_data 123 127 0 115 115 0 102 0 0 0 0 0 0 0 0 127 38 1 40.9941
0 0 0 0 0 0 0 0 6 0 127 0 0 12.2982 127 78 1 0 0 127 0 0 30 127 0 0
0 70 0 0 0 0 127 34 0 53 99 83 0 0 0 0 32 0 0 21 0 40 0 0 127 88 0
0 0 0 0 0 0 0 16 16 0 0 0 0 0 0 127 51 0;
egregore_data 123 127 0 115 115 0 102 0 0 0 0 0 0 0 0 127 38 1 40.9941
0 0 0 0 0 0 0 0 6 0 127 0 0 12.2982 127 78 1 0 0 127 0 0 30 127 0 0
0 70 0 0 0 0 127 34 0 53 99 83 0 0 0 0 32 0 0 21 0 40 0 0 127 88 0
0 0 0 0 0 0 0 16 16 0 0 0 0 0 0 127 51 0;
egregore_data 123 127 0 115 115 0 102 0 0 0 0 0 0 0 0 127 38 1 40.9941
0 0 0 0 0 0 0 0 6 0 127 0 0 12.2982 127 78 1 0 0 127 0 0 30 127 0 0
0 70 0 0 0 0 127 34 0 53 99 83 0 0 0 0 32 0 0 21 0 40 0 0 127 88 0
0 0 0 0 0 0 0 16 16 0 0 0 0 0 0 127 51 0;
egregore_data 123 127 0 115 115 0 102 0 0 0 0 0 0 0 0 127 38 1 40.9941
0 0 0 0 0 0 0 0 6 0 127 0 0 12.2982 127 78 1 0 0 127 0 0 30 127 0 0
0 70 0 0 0 0 127 34 0 53 99 83 0 0 0 0 32 0 0 21 0 40 0 0 127 88 0
0 0 0 0 0 0 0 16 16 0 0 0 0 0 0 127 51 0;
egregore_data 123 127 0 115 115 0 102 0 0 0 0 0 0 0 0 127 38 1 40.9941
0 0 0 0 0 0 0 0 6 0 127 0 0 12.2982 127 78 1 0 0 127 0 0 30 127 0 0
0 70 0 0 0 0 127 34 0 53 99 83 0 0 0 0 32 0 0 21 0 40 0 0 127 88 0
0 0 0 0 0 0 0 16 16 0 0 0 0 0 0 127 51 0;
egregore_data 123 127 0 115 115 0 102 0 0 0 0 0 0 0 0 127 38 1 40.9941
0 0 0 0 0 0 0 0 6 0 127 0 0 12.2982 127 78 1 0 0 127 0 0 30 127 0 0
0 70 0 0 0 0 127 34 0 53 99 83 0 0 0 0 32 0 0 21 0 40 0 0 127 88 0
0 0 0 0 0 0 0 16 16 0 0 0 0 0 0 127 51 0;
egregore_data 123 127 0 115 113 0 102 0 0 0 0 0 0 0 0 127 38 1 40.9941
0 0 0 0 0 0 0 0 6 0 127 0 0 12.2982 127 78 1 0 0 127 0 0 30 127 0 0
0 70 0 0 0 0 127 34 0 53 99 83 0 0 0 0 32 0 0 21 0 40 0 0 127 88 0
0 0 0 0 0 0 0 16 16 0 0 0 0 0 0 127 51 0;
egregore_data 123 127 0 115 112 0 102 0 0 0 0 0 0 0 0 127 38 1 42.1654
0 0 0 0 0 0 0 0 6 0 127 0 0 12.6496 127 78 1 0 0 127 0 0 30 127 0 0
0 70 0 0 0 0 127 34 0 53 99 83 0 0 0 0 32 0 0 21 0 40 0 0 127 88 0
0 0 0 0 0 0 0 16 16 0 0 0 0 0 0 127 51 0;
egregore_data 123 127 0 115 112 0 102 0 0 0 0 0 0 0 0 127 38 1 42.1654
0 0 0 0 0 0 0 0 6 0 127 0 0 12.6496 127 78 1 0 0 127 0 0 30 127 0 0
0 70 0 0 0 0 127 34 0 53 99 83 0 0 0 0 32 0 0 21 0 40 0 0 127 88 0
0 0 0 0 0 0 0 16 16 0 0 0 0 0 0 127 51 0;
egregore_data 123 127 0 115 112 0 102 0 0 0 0 0 0 0 0 127 38 1 42.1654
0 0 0 0 0 0 0 0 6 0 127 0 0 12.6496 127 78 1 0 0 127 0 0 30 127 0 0
0 70 0 0 0 0 127 34 0 53 99 83 0 0 0 0 32 0 0 21 0 40 0 0 127 88 0
0 0 0 0 0 0 0 16 16 0 0 0 0 0 0 127 51 0;
egregore_data 123 127 0 115 112 0 102 0 0 0 0 0 0 0 0 127 38 1 42.1654
0 0 0 0 0 0 0 0 6 0 127 0 0 12.6496 127 78 1 0 0 127 0 0 30 127 0 0
0 70 0 0 0 0 127 34 0 53 99 83 0 0 0 0 32 0 0 21 0 40 0 0 127 88 0
0 0 0 0 0 0 0 16 16 0 0 0 0 0 0 127 51 0;
egregore_data 123 127 0 115 112 0 100 0 0 0 0 0 0 0 0 127 38 1 42.1654
0 0 0 0 0 0 0 0 6 0 127 0 0 12.6496 127 78 1 0 0 127 0 0 30 127 0 0
0 70 0 0 0 0 127 34 0 53 99 83 0 0 0 0 32 0 0 21 0 40 0 0 127 88 0
0 0 0 0 0 0 0 16 16 0 0 0 0 0 0 127 51 0;
egregore_data 123 127 0 115 112 0 100 0 0 0 0 0 0 0 0 127 38 1 42.1654
0 0 0 0 0 0 0 0 6 0 127 0 0 12.6496 127 78 1 0 0 127 0 0 30 127 0 0
0 70 0 0 0 0 127 34 0 53 99 83 0 0 0 0 32 0 0 21 0 40 0 0 127 88 0
0 0 0 0 0 0 0 16 16 0 0 0 0 0 0 127 51 0;
egregore_data 123 127 0 115 112 0 100 0 0 0 0 0 0 0 0 127 38 1 42.1654
0 0 0 0 0 0 0 0 6 0 127 0 0 12.6496 127 78 1 0 0 127 0 0 30 127 0 0
0 70 0 0 0 0 127 34 0 53 99 83 0 0 0 0 32 0 0 21 0 40 0 0 127 88 0
0 0 0 0 0 0 0 16 16 0 0 0 0 0 0 127 51 0;
egregore_data 123 127 0 113 112 0 100 0 0 0 0 0 0 0 0 127 38 1 42.1654
0 0 0 0 0 0 0 0 6 0 127 0 0 12.6496 127 78 1 0 0 127 0 0 30 127 0 0
0 70 0 0 0 0 127 34 0 53 99 83 0 0 0 0 32 0 0 21 0 40 0 0 127 88 0
0 0 0 0 0 0 0 16 16 0 0 0 0 0 0 127 51 0;
egregore_data 123 127 0 113 112 0 100 0 0 0 0 0 0 0 0 127 38 1 42.1654
0 0 0 0 0 0 0 0 6 0 127 0 0 12.6496 127 78 1 0 0 127 0 0 30 127 0 0
0 70 0 0 0 0 127 34 0 53 99 83 0 0 0 0 32 0 0 21 0 40 0 0 127 88 0
0 0 0 0 0 0 0 16 16 0 0 0 0 0 0 127 51 0;
egregore_data 123 127 0 113 112 0 100 0 0 0 0 0 0 0 0 127 38 1 42.1654
0 0 0 0 0 0 0 0 6 0 127 0 0 12.6496 127 78 1 0 0 127 0 0 30 127 0 0
0 70 0 0 0 0 127 34 0 53 99 83 0 0 0 0 32 0 0 21 0 40 0 0 127 88 0
0 0 0 0 0 0 0 16 16 0 0 0 0 0 0 127 51 0;
egregore_data 123 127 0 113 112 0 100 0 0 0 0 0 0 0 0 127 38 1 42.1654
0 0 0 0 0 0 0 0 6 0 127 0 0 12.6496 127 78 1 0 0 127 0 0 30 127 0 0
0 70 0 0 0 0 127 34 0 53 99 83 0 0 0 0 32 0 0 21 0 40 0 0 127 88 0
0 0 0 0 0 0 0 16 16 0 0 0 0 0 0 127 51 0;
egregore_data 123 127 0 112 112 0 100 0 0 0 0 0 0 0 0 127 38 1 42.1654
0 0 0 0 0 0 0 0 6 0 127 0 0 12.6496 127 78 1 0 0 127 0 0 30 127 0 0
0 70 0 0 0 0 127 34 0 53 99 83 0 0 0 0 32 0 0 21 0 40 0 0 127 88 0
0 0 0 0 0 0 0 16 16 0 0 0 0 0 0 127 51 0;
egregore_data 123 127 0 112 111 0 100 0 0 0 0 0 0 0 0 127 38 1 42.1654
0 0 0 0 0 0 0 0 6 0 127 0 0 12.6496 127 78 1 0 0 127 0 0 30 127 0 0
0 70 0 0 0 0 127 34 0 53 99 83 0 0 0 0 32 0 0 21 0 40 0 0 127 88 0
0 0 0 0 0 0 0 16 16 0 0 0 0 0 0 127 51 0;
egregore_data 123 127 0 112 111 0 100 0 0 0 0 0 0 0 0 127 38 1 42.1654
0 0 0 0 0 0 0 0 6 0 127 0 0 12.6496 127 78 1 0 0 127 0 0 30 127 0 0
0 70 0 0 0 0 127 34 0 53 99 83 0 0 0 0 32 0 0 21 0 40 0 0 127 88 0
0 0 0 0 0 0 0 16 16 0 0 0 0 0 0 127 51 0;
egregore_data 123 127 0 112 110 0 100 0 0 0 0 0 0 0 0 127 38 1 42.1654
0 0 0 0 0 0 0 0 6 0 127 0 0 12.6496 127 78 1 0 0 127 0 0 30 127 0 0
0 70 0 0 0 0 127 34 0 53 99 83 0 0 0 0 32 0 0 21 0 40 0 0 127 88 0
0 0 0 0 0 0 0 16 16 0 0 0 0 0 0 127 51 0;
egregore_data 123 127 0 112 110 0 100 0 0 0 0 0 0 0 0 127 38 1 42.1654
0 0 0 0 0 0 0 0 6 0 127 0 0 12.6496 127 78 1 0 0 127 0 0 30 127 0 0
0 70 0 0 0 0 127 34 0 53 99 83 0 0 0 0 32 0 0 21 0 40 0 0 127 88 0
0 0 0 0 0 0 0 16 16 0 0 0 0 0 0 127 51 0;
egregore_data 123 127 0 112 110 0 100 0 0 0 0 0 0 0 0 127 38 1 42.1654
0 0 0 0 0 0 0 0 6 0 127 0 0 12.6496 127 78 1 0 0 127 0 0 30 127 0 0
0 70 0 0 0 0 127 34 0 53 99 83 0 0 0 0 32 0 0 21 0 40 0 0 127 88 0
0 0 0 0 0 0 0 16 16 0 0 0 0 0 0 127 51 0;
egregore_data 123 127 0 112 110 0 100 0 0 0 0 0 0 0 0 127 38 1 42.1654
0 0 0 0 0 0 0 0 6 0 127 0 0 12.6496 127 78 1 0 0 127 0 0 30 127 0 0
0 70 0 0 0 0 127 34 0 53 99 83 0 0 0 0 32 0 0 21 0 40 0 0 127 88 0
0 0 0 0 0 0 0 16 16 0 0 0 0 0 0 127 51 0;
egregore_data 123 127 0 112 110 0 100 0 0 0 0 0 0 0 0 127 38 1 42.1654
0 0 0 0 0 0 0 0 6 0 127 0 0 12.6496 127 78 1 0 0 127 0 0 30 127 0 0
0 70 0 0 0 0 127 34 0 53 99 83 0 0 0 0 32 0 0 21 0 40 0 0 127 88 0
0 0 0 0 0 0 0 16 16 0 0 0 0 0 0 127 51 0;
egregore_data 123 127 0 112 110 0 100 0 0 0 0 0 0 0 0 127 38 1 42.1654
0 0 0 0 0 0 0 0 6 0 127 0 0 12.6496 127 78 1 0 0 127 0 0 30 127 0 0
0 70 0 0 0 0 127 34 0 53 99 83 0 0 0 0 32 0 0 21 0 40 0 0 127 88 0
0 0 0 0 0 0 0 16 16 0 0 0 0 0 0 127 51 0;
egregore_data 123 127 0 112 110 0 100 0 0 0 0 0 0 0 0 127 38 1 42.1654
0 0 0 0 0 0 0 0 6 0 127 0 0 12.6496 127 78 1 0 0 127 0 0 30 127 0 0
0 70 0 0 0 0 127 34 0 53 99 83 0 0 0 0 32 0 0 21 0 40 0 0 127 88 0
0 0 0 0 0 0 0 16 16 0 0 0 0 0 0 127 51 0;
egregore_data 123 127 0 112 110 0 100 0 0 0 0 0 0 0 0 127 38 1 42.1654
0 0 0 0 0 0 0 0 6 0 127 0 0 12.6496 127 78 1 0 0 127 0 0 30 127 0 0
0 70 0 0 0 0 127 34 0 53 99 83 0 0 0 0 32 0 0 21 0 40 0 0 127 88 0
0 0 0 0 0 0 0 16 16 0 0 0 0 0 0 127 51 0;
egregore_data 123 127 0 112 110 0 99 0 0 0 0 0 0 0 0 127 38 1 42.1654
0 0 0 0 0 0 0 0 6 0 127 0 0 12.6496 127 78 1 0 0 127 0 0 30 127 0 0
0 70 0 0 0 0 127 34 0 53 99 83 0 0 0 0 32 0 0 21 0 40 0 0 127 88 0
0 0 0 0 0 0 0 16 16 0 0 0 0 0 0 127 51 0;
egregore_data 123 127 0 111 109 0 99 0 0 0 0 0 0 0 0 127 38 1 42.1654
0 0 0 0 0 0 0 0 6 0 127 0 0 12.6496 127 78 1 0 0 127 0 0 30 127 0 0
0 70 0 0 0 0 127 34 0 53 99 83 0 0 0 0 32 0 0 21 0 40 0 0 127 88 0
0 0 0 0 0 0 0 16 16 0 0 0 0 0 0 127 51 0;
egregore_data 123 127 0 111 109 0 99 0 0 0 0 0 0 0 0 127 38 1 42.1654
0 0 0 0 0 0 0 0 6 0 127 0 0 12.6496 127 78 1 0 0 127 0 0 30 127 0 0
0 70 0 0 0 0 127 34 0 53 99 83 0 0 0 0 32 0 0 21 0 40 0 0 127 88 0
0 0 0 0 0 0 0 16 16 0 0 0 0 0 0 127 51 0;
egregore_data 123 127 0 111 109 0 99 0 0 0 0 0 0 0 0 127 38 1 42.1654
0 0 0 0 0 0 0 0 6 0 127 0 0 12.6496 127 78 1 0 0 127 0 0 30 127 0 0
0 70 0 0 0 0 127 34 0 53 99 83 0 0 0 0 32 0 0 21 0 40 0 0 127 88 0
0 0 0 0 0 0 0 16 16 0 0 0 0 0 0 127 51 0;
egregore_data 123 127 0 111 109 0 98 0 0 0 0 0 0 0 0 127 38 1 42.1654
0 0 0 0 0 0 0 0 6 0 127 0 0 12.6496 127 78 1 0 0 127 0 0 30 127 0 0
0 70 0 0 0 0 127 34 0 53 99 83 0 0 0 0 32 0 0 21 0 40 0 0 127 88 0
0 0 0 0 0 0 0 16 16 0 0 0 0 0 0 127 51 0;
egregore_data 123 127 0 111 109 0 98 0 0 0 0 0 0 0 0 127 38 1 42.1654
0 0 0 0 0 0 0 0 6 0 127 0 0 12.6496 127 78 1 0 0 127 0 0 30 127 0 0
0 70 0 0 0 0 127 34 0 53 99 83 0 0 0 0 32 0 0 21 0 40 0 0 127 88 0
0 0 0 0 0 0 0 16 16 0 0 0 0 0 0 127 51 0;
egregore_data 123 127 0 111 109 0 98 0 0 0 0 0 0 0 0 127 38 1 42.1654
0 0 0 0 0 0 0 0 6 0 127 0 0 12.6496 127 78 1 0 0 127 0 0 30 127 0 0
0 70 0 0 0 0 127 34 0 53 99 83 0 0 0 0 32 0 0 21 0 40 0 0 127 88 0
0 0 0 0 0 0 0 16 16 0 0 0 0 0 0 127 51 0;
egregore_data 123 127 0 111 109 0 98 0 0 0 0 0 0 0 0 127 38 1 43.3366
0 0 0 0 0 0 0 0 6 0 127 0 0 13.001 127 78 1 0 0 127 0 0 30 127 0 0
0 70 0 0 0 0 127 34 0 53 99 83 0 0 0 0 32 0 0 21 0 40 0 0 127 88 0
0 0 0 0 0 0 0 16 16 0 0 0 0 0 0 127 51 0;
egregore_data 123 127 0 111 109 0 98 0 0 0 0 0 0 0 0 127 38 1 45.6791
0 0 0 0 0 0 0 0 6 0 127 0 0 13.7037 127 78 1 0 0 127 0 0 30 127 0 0
0 70 0 0 0 0 127 34 0 53 99 83 0 0 0 0 32 0 0 21 0 40 0 0 127 88 0
0 0 0 0 0 0 0 16 16 0 0 0 0 0 0 127 51 0;
egregore_data 123 127 0 111 109 0 98 0 0 0 0 0 0 0 0 127 38 1 45.6791
0 0 0 0 0 0 0 0 6 0 127 0 0 13.7037 127 78 1 0 0 127 0 0 30 127 0 0
0 70 0 0 0 0 127 34 0 53 99 83 0 0 0 0 32 0 0 21 0 40 0 0 127 88 0
0 0 0 0 0 0 0 16 16 0 0 0 0 0 0 127 51 0;
egregore_data 123 127 0 111 109 0 98 0 0 0 0 0 0 0 0 127 38 1 45.6791
0 0 0 0 0 0 0 0 6 0 127 0 0 13.7037 127 78 1 0 0 127 0 0 30 127 0 0
0 70 0 0 0 0 127 34 0 53 99 83 0 0 0 0 32 0 0 21 0 40 0 0 127 88 0
0 0 0 0 0 0 0 16 16 0 0 0 0 0 0 127 51 0;
egregore_data 123 127 0 111 109 0 98 0 0 0 0 0 0 0 0 127 38 1 45.6791
0 0 0 0 0 0 0 0 6 0 127 0 0 13.7037 127 78 1 0 0 127 0 0 30 127 0 0
0 70 0 0 0 0 127 34 0 53 99 83 0 0 0 0 32 0 0 21 0 40 0 0 127 88 0
0 0 0 0 0 0 0 16 16 0 0 0 0 0 0 127 51 0;
egregore_data 123 127 0 111 109 0 98 0 0 0 0 0 0 0 0 127 38 1 45.6791
0 0 0 0 0 0 0 0 6 0 127 0 0 13.7037 127 78 1 0 0 127 0 0 30 127 0 0
0 70 0 0 0 0 127 34 0 53 99 83 0 0 0 0 32 0 0 21 0 40 0 0 127 88 0
0 0 0 0 0 0 0 16 16 0 0 0 0 0 0 127 51 0;
egregore_data 123 127 0 111 109 0 98 0 0 0 0 0 0 0 0 127 38 1 45.6791
0 0 0 0 0 0 0 0 6 0 127 0 0 13.7037 127 78 1 0 0 127 0 0 30 127 0 0
0 70 0 0 0 0 127 34 0 53 99 83 0 0 0 0 32 0 0 21 0 40 0 0 127 88 0
0 0 0 0 0 0 0 16 16 0 0 0 0 0 0 127 51 0;
egregore_data 123 127 0 111 109 0 98 0 0 0 0 0 0 0 0 127 38 1 45.6791
0 0 0 0 0 0 0 0 6 0 127 0 0 13.7037 127 78 1 0 0 127 0 0 30 127 0 0
0 70 0 0 0 0 127 34 0 53 99 83 0 0 0 0 32 0 0 21 0 40 0 0 127 88 0
0 0 0 0 0 0 0 16 16 0 0 0 0 0 0 127 51 0;
egregore_data 123 127 0 111 109 0 98 0 0 0 0 0 0 0 0 127 38 1 45.6791
0 0 0 0 0 0 0 0 6 0 127 0 0 13.7037 127 78 1 0 0 127 0 0 30 127 0 0
0 70 0 0 0 0 127 34 0 53 99 83 0 0 0 0 32 0 0 21 0 40 0 0 127 88 0
0 0 0 0 0 0 0 16 16 0 0 0 0 0 0 127 51 0;
egregore_data 123 127 0 111 109 0 98 0 0 0 0 0 0 0 0 127 38 1 45.6791
0 0 0 0 0 0 0 0 6 0 127 0 0 13.7037 127 78 1 0 0 127 0 0 30 127 0 0
0 70 0 0 0 0 127 34 0 53 99 83 0 0 0 0 32 0 0 21 0 40 0 0 127 88 0
0 0 0 0 0 0 0 16 16 0 0 0 0 0 0 127 51 0;
egregore_data 123 127 0 111 109 0 98 0 0 0 0 0 0 0 0 127 38 1 45.6791
0 0 0 0 0 0 0 0 6 0 127 0 0 13.7037 127 78 1 0 0 127 0 0 30 127 0 0
0 70 0 0 0 0 127 34 0 53 99 83 0 0 0 0 32 0 0 21 0 40 0 0 127 88 0
0 0 0 0 0 0 0 16 16 0 0 0 0 0 0 127 51 0;
egregore_data 123 127 0 111 109 0 98 0 0 0 0 0 0 0 0 127 38 1 45.6791
0 0 0 0 0 0 0 0 6 0 127 0 0 13.7037 127 78 1 0 0 127 0 0 30 127 0 0
0 70 0 0 0 0 127 34 0 53 99 83 0 0 0 0 32 0 0 21 0 40 0 0 127 88 0
0 0 0 0 0 0 0 16 16 0 0 0 0 0 0 127 51 0;
egregore_data 123 127 0 111 109 0 98 0 0 0 0 0 0 0 0 127 38 1 45.6791
0 0 0 0 0 0 0 0 6 0 127 0 0 13.7037 127 78 1 0 0 127 0 0 30 127 0 0
0 70 0 0 0 0 127 34 0 53 99 83 0 0 0 0 32 0 0 21 0 40 0 0 127 88 0
0 0 0 0 0 0 0 16 16 0 0 0 0 0 0 127 51 0;
egregore_data 123 127 0 111 109 0 98 0 0 0 0 0 0 0 0 127 38 1 45.6791
0 0 0 0 0 0 0 0 6 0 127 0 0 13.7037 127 78 1 0 0 127 0 0 30 127 0 0
0 70 0 0 0 0 127 34 0 53 99 83 0 0 0 0 32 0 0 21 0 40 0 0 127 88 0
0 0 0 0 0 0 0 16 16 0 0 0 0 0 0 127 51 0;
egregore_data 123 127 0 111 109 0 98 0 0 0 0 0 0 0 0 127 38 1 45.6791
0 0 0 0 0 0 0 0 6 0 127 0 0 13.7037 127 78 1 0 0 127 0 0 30 127 0 0
0 70 0 0 0 0 127 34 0 53 99 83 0 0 0 0 32 0 0 21 0 40 0 0 127 88 0
0 0 0 0 0 0 0 16 16 0 0 0 0 0 0 127 51 0;
egregore_data 123 127 0 111 109 0 98 0 0 0 0 0 0 0 0 127 38 1 45.6791
0 0 0 0 0 0 0 0 6 0 127 0 0 13.7037 127 78 1 0 0 127 0 0 30 127 0 0
0 70 0 0 0 0 127 34 0 53 99 83 0 0 0 0 32 0 0 21 0 40 0 0 127 88 0
0 0 0 0 0 0 0 16 16 0 0 0 0 0 0 127 51 0;
egregore_data 123 127 0 111 109 0 98 0 0 0 0 0 0 0 0 127 38 1 46.8504
0 0 0 0 0 0 0 0 6 0 127 0 0 14.0551 127 78 1 0 0 127 0 0 30 127 0 0
0 70 0 0 0 0 127 34 0 53 99 83 0 0 0 0 32 0 0 21 0 40 0 0 127 88 0
0 0 0 0 0 0 0 16 16 0 0 0 0 0 0 127 51 0;
egregore_data 123 127 0 111 109 0 98 0 0 0 0 0 0 0 0 127 38 1 46.8504
0 0 0 0 0 0 0 0 6 0 127 0 0 14.0551 127 78 1 0 0 127 0 0 30 127 0 0
0 70 0 0 0 0 127 34 0 53 99 83 0 0 0 0 32 0 0 21 0 40 0 0 127 88 0
0 0 0 0 0 0 0 16 16 0 0 0 0 0 0 127 51 0;
egregore_data 123 127 0 111 108 0 97 0 0 0 0 0 0 0 0 127 38 1 46.8504
0 0 0 0 0 0 0 0 6 0 127 0 0 14.0551 127 78 1 0 0 127 0 0 30 127 0 0
0 70 0 0 0 0 127 34 0 53 99 83 0 0 0 0 32 0 0 21 0 40 0 0 127 88 0
0 0 0 0 0 0 0 16 16 0 0 0 0 0 0 127 51 0;
egregore_data 123 127 0 111 108 0 97 0 0 0 0 0 0 0 0 127 38 1 46.8504
0 0 0 0 0 0 0 0 6 0 127 0 0 14.0551 127 78 1 0 0 127 0 0 30 127 0 0
0 70 0 0 0 0 127 34 0 53 99 83 0 0 0 0 32 0 0 21 0 40 0 0 127 88 0
0 0 0 0 0 0 0 16 16 0 0 0 0 0 0 127 51 0;
egregore_data 123 127 0 110 106 0 97 0 0 0 0 0 0 0 0 127 38 1 46.8504
0 0 0 0 0 0 0 0 6 0 127 0 0 14.0551 127 78 1 0 0 127 0 0 30 127 0 0
0 70 0 0 0 0 127 34 0 53 99 83 0 0 0 0 32 0 0 21 0 40 0 0 127 88 0
0 0 0 0 0 0 0 16 16 0 0 0 0 0 0 127 51 0;
egregore_data 123 127 0 110 106 0 96 0 0 0 0 0 0 0 0 127 38 1 46.8504
0 0 0 0 0 0 0 0 6 0 127 0 0 14.0551 127 78 1 0 0 127 0 0 30 127 0 0
0 70 0 0 0 0 127 34 0 53 99 83 0 0 0 0 32 0 0 21 0 40 0 0 127 88 0
0 0 0 0 0 0 0 16 16 0 0 0 0 0 0 127 51 0;
egregore_data 123 127 0 110 106 0 96 0 0 0 0 0 0 0 0 127 38 1 46.8504
0 0 0 0 0 0 0 0 6 0 127 0 0 14.0551 127 78 1 0 0 127 0 0 30 127 0 0
0 70 0 0 0 0 127 34 0 53 99 83 0 0 0 0 32 0 0 21 0 40 0 0 127 88 0
0 0 0 0 0 0 0 16 16 0 0 0 0 0 0 127 51 0;
egregore_data 123 127 0 109 105 0 96 0 0 0 0 0 0 0 0 127 38 1 46.8504
0 0 0 0 0 0 0 0 6 0 127 0 0 14.0551 127 78 1 0 0 127 0 0 30 127 0 0
0 70 0 0 0 0 127 34 0 53 99 83 0 0 0 0 32 0 0 21 0 40 0 0 127 88 0
0 0 0 0 0 0 0 16 16 0 0 0 0 0 0 127 51 0;
egregore_data 123 127 0 109 105 0 96 0 0 0 0 0 0 0 0 127 38 1 46.8504
0 0 0 0 0 0 0 0 6 0 127 0 0 14.0551 127 78 1 0 0 127 0 0 30 127 0 0
0 70 0 0 0 0 127 34 0 53 99 83 0 0 0 0 32 0 0 21 0 40 0 0 127 88 0
0 0 0 0 0 0 0 16 16 0 0 0 0 0 0 127 51 0;
egregore_data 123 127 0 109 105 0 96 0 0 0 0 0 0 0 0 127 38 1 46.8504
0 0 0 0 0 0 0 0 6 0 127 0 0 14.0551 127 78 1 0 0 127 0 0 30 127 0 0
0 70 0 0 0 0 127 34 0 53 99 83 0 0 0 0 32 0 0 21 0 40 0 0 127 88 0
0 0 0 0 0 0 0 16 16 0 0 0 0 0 0 127 51 0;
egregore_data 123 127 0 109 105 0 96 0 0 0 0 0 0 0 0 127 38 1 46.8504
0 0 0 0 0 0 0 0 6 0 127 0 0 14.0551 127 78 1 0 0 127 0 0 30 127 0 0
0 70 0 0 0 0 127 34 0 53 99 83 0 0 0 0 32 0 0 21 0 40 0 0 127 88 0
0 0 0 0 0 0 0 16 16 0 0 0 0 0 0 127 51 0;
egregore_data 123 127 0 109 105 0 96 0 0 0 0 0 0 0 0 127 38 1 46.8504
0 0 0 0 0 0 0 0 6 0 127 0 0 14.0551 127 78 1 0 0 127 0 0 30 127 0 0
0 70 0 0 0 0 127 34 0 53 99 83 0 0 0 0 32 0 0 21 0 40 0 0 127 88 0
0 0 0 0 0 0 0 16 16 0 0 0 0 0 0 127 51 0;
egregore_data 123 127 0 109 105 0 96 0 0 0 0 0 0 0 0 127 38 1 46.8504
0 0 0 0 0 0 0 0 6 0 127 0 0 14.0551 127 78 1 0 0 127 0 0 30 127 0 0
0 70 0 0 0 0 127 34 0 53 99 83 0 0 0 0 32 0 0 21 0 40 0 0 127 88 0
0 0 0 0 0 0 0 16 16 0 0 0 0 0 0 127 51 0;
egregore_data 123 127 0 109 105 0 96 0 0 0 0 0 0 0 0 127 38 1 48.0217
0 0 0 0 0 0 0 0 6 0 127 0 0 14.4065 127 78 1 0 0 127 0 0 30 127 0 0
0 70 0 0 0 0 127 34 0 53 99 83 0 0 0 0 32 0 0 21 0 40 0 0 127 88 0
0 0 0 0 0 0 0 16 16 0 0 0 0 0 0 127 51 0;
egregore_data 123 127 0 109 105 0 96 0 0 0 0 0 0 0 0 127 38 1 48.0217
0 0 0 0 0 0 0 0 6 0 127 0 0 14.4065 127 78 1 0 0 127 0 0 30 127 0 0
0 70 0 0 0 0 127 34 0 53 99 83 0 0 0 0 32 0 0 21 0 40 0 0 127 88 0
0 0 0 0 0 0 0 16 16 0 0 0 0 0 0 127 51 0;
egregore_data 123 127 0 109 105 0 96 0 0 0 0 0 0 0 0 127 38 1 48.0217
0 0 0 0 0 0 0 0 6 0 127 0 0 14.4065 127 78 1 0 0 127 0 0 30 127 0 0
0 70 0 0 0 0 127 34 0 53 99 83 0 0 0 0 32 0 0 21 0 40 0 0 127 88 0
0 0 0 0 0 0 0 16 16 0 0 0 0 0 0 127 51 0;
egregore_data 123 127 0 109 105 0 96 0 0 0 0 0 0 0 0 127 38 1 48.0217
0 0 0 0 0 0 0 0 6 0 127 0 0 14.4065 127 78 1 0 0 127 0 0 30 127 0 0
0 70 0 0 0 0 127 34 0 53 99 83 0 0 0 0 32 0 0 21 0 40 0 0 127 88 0
0 0 0 0 0 0 0 16 16 0 0 0 0 0 0 127 51 0;
egregore_data 123 127 0 109 105 0 96 0 0 0 0 0 0 0 0 127 38 1 48.0217
0 0 0 0 0 0 0 0 6 0 127 0 0 14.4065 127 78 1 0 0 127 0 0 30 127 0 0
0 70 0 0 0 0 127 34 0 53 99 83 0 0 0 0 32 0 0 21 0 40 0 0 127 88 0
0 0 0 0 0 0 0 16 16 0 0 0 0 0 0 127 51 0;
egregore_data 123 127 0 109 105 0 96 0 0 0 0 0 0 0 0 127 38 1 48.0217
0 0 0 0 0 0 0 0 6 0 127 0 0 14.4065 127 78 1 0 0 127 0 0 30 127 0 0
0 70 0 0 0 0 127 34 0 53 99 83 0 0 0 0 32 0 0 21 0 40 0 0 127 88 0
0 0 0 0 0 0 0 16 16 0 0 0 0 0 0 127 51 0;
egregore_data 123 127 0 109 105 0 96 0 0 0 0 0 0 0 0 127 38 1 48.0217
0 0 0 0 0 0 0 0 6 0 127 0 0 14.4065 127 78 1 0 0 127 0 0 30 127 0 0
0 70 0 0 0 0 127 34 0 53 99 83 0 0 0 0 32 0 0 21 0 40 0 0 127 88 0
0 0 0 0 0 0 0 16 16 0 0 0 0 0 0 127 51 0;
egregore_data 123 127 0 109 105 0 96 0 0 0 0 0 0 0 0 127 38 1 48.0217
0 0 0 0 0 0 0 0 6 0 127 0 0 14.4065 127 78 1 0 0 127 0 0 30 127 0 0
0 70 0 0 0 0 127 34 0 53 99 83 0 0 0 0 32 0 0 21 0 40 0 0 127 88 0
0 0 0 0 0 0 0 16 16 0 0 0 0 0 0 127 51 0;
egregore_data 123 127 0 109 105 0 96 0 0 0 0 0 0 0 0 127 38 1 48.0217
0 0 0 0 0 0 0 0 6 0 127 0 0 14.4065 127 78 1 0 0 127 0 0 30 127 0 0
0 70 0 0 0 0 127 34 0 53 99 83 0 0 0 0 32 0 0 21 0 40 0 0 127 88 0
0 0 0 0 0 0 0 16 16 0 0 0 0 0 0 127 51 0;
egregore_data 123 127 0 109 105 0 96 0 0 0 0 0 0 0 0 127 38 1 49.1929
0 0 0 0 0 0 0 0 6 0 127 0 0 14.7579 127 78 1 0 0 127 0 0 30 127 0 0
0 70 0 0 0 0 127 34 0 53 99 83 0 0 0 0 32 0 0 21 0 40 0 0 127 88 0
0 0 0 0 0 0 0 16 16 0 0 0 0 0 0 127 51 0;
egregore_data 123 127 0 108 105 0 96 0 0 0 0 0 0 0 0 127 38 1 49.1929
0 0 0 0 0 0 0 0 6 0 127 0 0 14.7579 127 78 1 0 0 127 0 0 30 127 0 0
0 70 0 0 0 0 127 34 0 53 99 83 0 0 0 0 32 0 0 21 0 40 0 0 127 88 0
0 0 0 0 0 0 0 16 16 0 0 0 0 0 0 127 51 0;
egregore_data 123 127 0 108 105 0 96 0 0 0 0 0 0 0 0 127 38 1 49.1929
0 0 0 0 0 0 0 0 6 0 127 0 0 14.7579 127 78 1 0 0 127 0 0 30 127 0 0
0 70 0 0 0 0 127 34 0 53 99 83 0 0 0 0 32 0 0 21 0 40 0 0 127 88 0
0 0 0 0 0 0 0 16 16 0 0 0 0 0 0 127 51 0;
egregore_data 123 127 0 108 105 0 96 0 0 0 0 0 0 0 0 127 38 1 49.1929
0 0 0 0 0 0 0 0 6 0 127 0 0 14.7579 127 78 1 0 0 127 0 0 30 127 0 0
0 70 0 0 0 0 127 34 0 53 99 83 0 0 0 0 32 0 0 21 0 40 0 0 127 88 0
0 0 0 0 0 0 0 16 16 0 0 0 0 0 0 127 51 0;
egregore_data 123 127 0 108 105 0 96 0 0 0 0 0 0 0 0 127 38 1 49.1929
0 0 0 0 0 0 0 0 6 0 127 0 0 14.7579 127 78 1 0 0 127 0 0 30 127 0 0
0 70 0 0 0 0 127 34 0 53 99 83 0 0 0 0 32 0 0 21 0 40 0 0 127 88 0
0 0 0 0 0 0 0 16 16 0 0 0 0 0 0 127 51 0;
egregore_data 123 127 0 108 105 0 96 0 0 0 0 0 0 0 0 127 38 1 50.3642
0 0 0 0 0 0 0 0 6 0 127 0 0 15.1093 127 78 1 0 0 127 0 0 30 127 0 0
0 70 0 0 0 0 127 34 0 53 99 83 0 0 0 0 32 0 0 21 0 40 0 0 127 88 0
0 0 0 0 0 0 0 16 16 0 0 0 0 0 0 127 51 0;
egregore_data 123 127 0 106 105 0 94 0 0 0 0 0 0 0 0 127 38 1 50.3642
0 0 0 0 0 0 0 0 6 0 127 0 0 15.1093 127 78 1 0 0 127 0 0 30 127 0 0
0 70 0 0 0 0 127 34 0 53 99 83 0 0 0 0 32 0 0 21 0 40 0 0 127 88 0
0 0 0 0 0 0 0 16 16 0 0 0 0 0 0 127 51 0;
egregore_data 123 127 0 106 105 0 94 0 0 0 0 0 0 0 0 127 38 1 50.3642
0 0 0 0 0 0 0 0 6 0 127 0 0 15.1093 127 78 1 0 0 127 0 0 30 127 0 0
0 70 0 0 0 0 127 34 0 53 99 83 0 0 0 0 32 0 0 21 0 40 0 0 127 88 0
0 0 0 0 0 0 0 16 16 0 0 0 0 0 0 127 51 0;
egregore_data 123 127 0 106 105 0 94 0 0 0 0 0 0 0 0 127 38 1 50.3642
0 0 0 0 0 0 0 0 6 0 127 0 0 15.1093 127 78 1 0 0 127 0 0 30 127 0 0
0 70 0 0 0 0 127 34 0 53 99 83 0 0 0 0 32 0 0 21 0 40 0 0 127 88 0
0 0 0 0 0 0 0 16 16 0 0 0 0 0 0 127 51 0;
egregore_data 123 127 0 106 105 0 94 0 0 0 0 0 0 0 0 127 38 1 50.3642
0 0 0 0 0 0 0 0 6 0 127 0 0 15.1093 127 78 1 0 0 127 0 0 30 127 0 0
0 70 0 0 0 0 127 34 0 53 99 83 0 0 0 0 32 0 0 21 0 40 0 0 127 88 0
0 0 0 0 0 0 0 16 16 0 0 0 0 0 0 127 51 0;
egregore_data 123 127 0 106 105 0 94 0 0 0 0 0 0 0 0 127 38 1 50.3642
0 0 0 0 0 0 0 0 6 0 127 0 0 15.1093 127 78 1 0 0 127 0 0 30 127 0 0
0 70 0 0 0 0 127 34 0 53 99 83 0 0 0 0 32 0 0 21 0 40 0 0 127 88 0
0 0 0 0 0 0 0 16 16 0 0 0 0 0 0 127 51 0;
egregore_data 123 127 0 106 105 0 94 0 0 0 0 0 0 0 0 127 38 1 50.3642
0 0 0 0 0 0 0 0 6 0 127 0 0 15.1093 127 78 1 0 0 127 0 0 30 127 0 0
0 70 0 0 0 0 127 34 0 53 99 83 0 0 0 0 32 0 0 21 0 40 0 0 127 88 0
0 0 0 0 0 0 0 16 16 0 0 0 0 0 0 127 51 0;
egregore_data 123 127 0 106 105 0 94 0 0 0 0 0 0 0 0 127 38 1 50.3642
0 0 0 0 0 0 0 0 6 0 127 0 0 15.1093 127 78 1 0 0 127 0 0 30 127 0 0
0 70 0 0 0 0 127 34 0 53 99 83 0 0 0 0 32 0 0 21 0 40 0 0 127 88 0
0 0 0 0 0 0 0 16 16 0 0 0 0 0 0 127 51 0;
egregore_data 123 127 0 106 105 0 94 0 0 0 0 0 0 0 0 127 38 1 50.3642
0 0 0 0 0 0 0 0 6 0 127 0 0 15.1093 127 78 1 0 0 127 0 0 30 127 0 0
0 70 0 0 0 0 127 34 0 53 99 83 0 0 0 0 32 0 0 21 0 40 0 0 127 88 0
0 0 0 0 0 0 0 16 16 0 0 0 0 0 0 127 51 0;
egregore_data 123 127 0 106 105 0 94 0 0 0 0 0 0 0 0 127 38 1 50.3642
0 0 0 0 0 0 0 0 6 0 127 0 0 15.1093 127 78 1 0 0 127 0 0 30 127 0 0
0 70 0 0 0 0 127 34 0 53 99 83 0 0 0 0 32 0 0 21 0 40 0 0 127 88 0
0 0 0 0 0 0 0 16 16 0 0 0 0 0 0 127 51 0;
egregore_data 123 127 0 105 105 0 94 0 0 0 0 0 0 0 0 127 38 1 50.3642
0 0 0 0 0 0 0 0 6 0 127 0 0 15.1093 127 78 1 0 0 127 0 0 30 127 0 0
0 70 0 0 0 0 127 34 0 53 99 83 0 0 0 0 32 0 0 21 0 40 0 0 127 88 0
0 0 0 0 0 0 0 16 16 0 0 0 0 0 0 127 51 0;
egregore_data 123 127 0 105 105 0 94 0 0 0 0 0 0 0 0 127 38 1 50.3642
0 0 0 0 0 0 0 0 6 0 127 0 0 15.1093 127 78 1 0 0 127 0 0 30 127 0 0
0 70 0 0 0 0 127 34 0 53 99 83 0 0 0 0 32 0 0 21 0 40 0 0 127 88 0
0 0 0 0 0 0 0 16 16 0 0 0 0 0 0 127 51 0;
egregore_data 123 127 0 105 105 0 94 0 0 0 0 0 0 0 0 127 38 1 50.3642
0 0 0 0 0 0 0 0 6 0 127 0 0 15.1093 127 78 1 0 0 127 0 0 30 127 0 0
0 70 0 0 0 0 127 34 0 53 99 83 0 0 0 0 32 0 0 21 0 40 0 0 127 88 0
0 0 0 0 0 0 0 16 16 0 0 0 0 0 0 127 51 0;
egregore_data 123 127 0 104 104 0 94 0 0 0 0 0 0 0 0 127 38 1 50.3642
0 0 0 0 0 0 0 0 6 0 127 0 0 15.1093 127 78 1 0 0 127 0 0 30 127 0 0
0 70 0 0 0 0 127 34 0 53 99 83 0 0 0 0 32 0 0 21 0 40 0 0 127 88 0
0 0 0 0 0 0 0 16 16 0 0 0 0 0 0 127 51 0;
egregore_data 123 127 0 103 103 0 94 0 0 0 0 0 0 0 0 127 38 1 50.3642
0 0 0 0 0 0 0 0 6 0 127 0 0 15.1093 127 78 1 0 0 127 0 0 30 127 0 0
0 70 0 0 0 0 127 34 0 53 99 83 0 0 0 0 32 0 0 21 0 40 0 0 127 88 0
0 0 0 0 0 0 0 16 16 0 0 0 0 0 0 127 51 0;
egregore_data 123 127 0 103 103 0 94 0 0 0 0 0 0 0 0 127 38 1 50.3642
0 0 0 0 0 0 0 0 6 0 127 0 0 15.1093 127 78 1 0 0 127 0 0 30 127 0 0
0 70 0 0 0 0 127 34 0 53 99 83 0 0 0 0 32 0 0 21 0 40 0 0 127 88 0
0 0 0 0 0 0 0 16 16 0 0 0 0 0 0 127 51 0;
egregore_data 123 127 0 103 103 0 94 0 0 0 0 0 0 0 0 127 38 1 52.7067
0 0 0 0 0 0 0 0 6 0 127 0 0 15.812 127 78 1 0 0 127 0 0 30 127 0 0
0 70 0 0 0 0 127 34 0 53 99 83 0 0 0 0 32 0 0 21 0 40 0 0 127 88 0
0 0 0 0 0 0 0 16 16 0 0 0 0 0 0 127 51 0;
egregore_data 123 127 0 103 103 0 94 0 0 0 0 0 0 0 0 127 38 1 53.878
0 0 0 0 0 0 0 0 6 0 127 0 0 16.1634 127 78 1 0 0 127 0 0 30 127 0 0
0 70 0 0 0 0 127 34 0 53 99 83 0 0 0 0 32 0 0 21 0 40 0 0 127 88 0
0 0 0 0 0 0 0 16 16 0 0 0 0 0 0 127 51 0;
egregore_data 123 127 0 103 103 0 94 0 0 0 0 0 0 0 0 127 38 1 53.878
0 0 0 0 0 0 0 0 6 0 127 0 0 16.1634 127 78 1 0 0 127 0 0 30 127 0 0
0 70 0 0 0 0 127 34 0 53 99 83 0 0 0 0 32 0 0 21 0 40 0 0 127 88 0
0 0 0 0 0 0 0 16 16 0 0 0 0 0 0 127 51 0;
END;
