HTTP/1.1 200 OK
Date: Thu, 28 May 2015 12:31:08 GMT
Server: Apache
Last-Modified: Wed, 27 May 2015 19:05:52 GMT
Accept-Ranges: bytes
Content-Length: 25529
Vary: Accept-Encoding
Connection: close
Content-Type: text/plain

chdh_egregore_live_data;
egregore_data 58 51 0 10 10 34 13 0 0 0 0 0 0 0 0 127 38 1 4.87205
57.4823 0 0 0 0 0 0 0 0.531497 0 112.417 0 0 49.2913 127 78 1 0 0 127
0 0 30 127 0 0 0 70 0 0 0 0 127 34 0 53 99 83 0 0 0 0 32 0 0 21 0 40
0 0 127 88 0 0 0 0 0 0 0 0 16 16 0 0 0 0 0 0 127 51 0;
egregore_data 59 51 0 10 10 34 13 0 0 0 0 0 0 0 0 127 38 1 4.87205
57.4823 0 0 0 0 0 0 0 0.531497 0 112.417 0 0 49.2913 127 78 1 0 0 127
0 0 30 127 0 0 0 70 0 0 0 0 127 34 0 53 99 83 0 0 0 0 32 0 0 21 0 40
0 0 127 88 0 0 0 0 0 0 0 0 16 16 0 0 0 0 0 0 127 51 0;
egregore_data 59 51 0 10 10 34 13 0 0 0 0 0 0 0 0 127 38 1 4.87205
57.4823 0 0 0 0 0 0 0 0.531497 0 112.417 0 0 49.2913 127 78 1 0 0 127
0 0 30 127 0 0 0 70 0 0 0 0 127 34 0 53 99 83 0 0 0 0 32 0 0 21 0 40
0 0 127 88 0 0 0 0 0 0 0 0 16 16 0 0 0 0 0 0 127 51 0;
egregore_data 59 51 0 10 10 34 13 0 0 0 0 0 0 0 0 127 38 1 4.87205
57.4823 0 0 0 0 0 0 0 0.531497 0 112.417 0 0 49.2913 127 78 1 0 0 127
0 0 30 127 0 0 0 70 0 0 0 0 127 34 0 53 99 83 0 0 0 0 32 0 0 21 0 40
0 0 127 88 0 0 0 0 0 0 0 0 16 16 0 0 0 0 0 0 127 51 0;
egregore_data 59 51 0 10 10 34 13 0 0 0 0 0 0 0 0 127 38 1 4.87205
57.4823 0 0 0 0 0 0 0 0.531497 0 112.417 0 0 49.2913 127 78 1 0 0 127
0 0 30 127 0 0 0 70 0 0 0 0 127 34 0 53 99 83 0 0 0 0 32 0 0 21 0 40
0 0 127 88 0 0 0 0 0 0 0 0 16 16 0 0 0 0 0 0 127 51 0;
egregore_data 59 51 0 10 10 34 13 0 0 0 0 0 0 0 0 127 38 1 4.87205
57.4823 0 0 0 0 0 0 0 0.531497 0 112.417 0 0 49.2913 127 78 1 0 0 127
0 0 30 127 0 0 0 70 0 0 0 0 127 34 0 53 99 83 0 0 0 0 32 0 0 21 0 40
0 0 127 88 0 0 0 0 0 0 0 0 16 16 0 0 0 0 0 0 127 51 0;
egregore_data 59 51 0 10 10 34 13 0 0 0 0 0 0 0 0 127 38 1 4.87205
57.4823 0 0 0 0 0 0 0 0.531497 0 112.417 0 0 49.2913 127 78 1 0 0 127
0 0 30 127 0 0 0 70 0 0 0 0 127 34 0 53 99 83 0 0 0 0 32 0 0 21 0 40
0 0 127 88 0 0 0 0 0 0 0 0 16 16 0 0 0 0 0 0 127 51 0;
egregore_data 59 51 0 10 10 34 13 0 0 0 0 0 0 0 0 127 38 1 4.87205
57.4823 0 0 0 0 0 0 0 0.531497 0 112.417 0 0 49.2913 127 78 1 0 0 127
0 0 30 127 0 0 0 70 0 0 0 0 127 34 0 53 99 83 0 0 0 0 32 0 0 21 0 40
0 0 127 88 0 0 0 0 0 0 0 0 16 16 0 0 0 0 0 0 127 51 0;
egregore_data 59 51 0 10 10 34 13 0 0 0 0 0 0 0 0 127 38 1 4.87205
57.4823 0 0 0 0 0 0 0 0.531497 0 112.417 0 0 49.2913 127 78 1 0 0 127
0 0 30 127 0 0 0 70 0 0 0 0 127 34 0 53 99 83 0 0 0 0 32 0 0 21 0 40
0 0 127 88 0 0 0 0 0 0 0 0 16 16 0 0 0 0 0 0 127 51 0;
egregore_data 59 51 0 10 10 34 13 0 0 0 0 0 0 0 0 127 38 1 4.87205
57.4823 0 0 0 0 0 0 0 0.531497 0 112.417 0 0 49.2913 127 78 1 0 0 127
0 0 30 127 0 0 0 70 0 0 0 0 127 34 0 53 99 83 0 0 0 0 32 0 0 21 0 40
0 0 127 88 0 0 0 0 0 0 0 0 16 16 0 0 0 0 0 0 127 51 0;
egregore_data 59 51 0 10 10 34 13 0 0 0 0 0 0 0 0 127 38 1 3.95177
58.3356 0 0 0 0 0 0 0 0.431102 0 112.15 0 0 49.4252 127 78 1 0 0 127
0 0 30 127 0 0 0 70 0 0 0 0 127 34 0 53 99 83 0 0 0 0 32 0 0 21 0 40
0 0 127 88 0 0 0 0 0 0 0 0 16 16 0 0 0 0 0 0 127 51 0;
egregore_data 59 51 0 10 10 34 13 0 0 0 0 0 0 0 0 127 38 1 3.95177
58.3356 0 0 0 0 0 0 0 0.431102 0 112.15 0 0 49.4252 127 78 1 0 0 127
0 0 30 127 0 0 0 70 0 0 0 0 127 34 0 53 99 83 0 0 0 0 32 0 0 21 0 40
0 0 127 88 0 0 0 0 0 0 0 0 16 16 0 0 0 0 0 0 127 51 0;
egregore_data 59 51 0 10 10 34 13 0 0 0 0 0 0 0 0 127 38 1 3.95177
58.3356 0 0 0 0 0 0 0 0.431102 0 112.15 0 0 49.4252 127 78 1 0 0 127
0 0 30 127 0 0 0 70 0 0 0 0 127 34 0 53 99 83 0 0 0 0 32 0 0 21 0 40
0 0 127 88 0 0 0 0 0 0 0 0 16 16 0 0 0 0 0 0 127 51 0;
egregore_data 59 51 0 10 10 34 13 0 0 0 0 0 0 0 0 127 38 1 3.95177
58.3356 0 0 0 0 0 0 0 0.431102 0 112.15 0 0 49.4252 127 78 1 0 0 127
0 0 30 127 0 0 0 70 0 0 0 0 127 34 0 53 99 83 0 0 0 0 32 0 0 21 0 40
0 0 127 88 0 0 0 0 0 0 0 0 16 16 0 0 0 0 0 0 127 51 0;
egregore_data 59 51 0 10 10 34 13 0 0 0 0 0 0 0 0 127 38 1 3.95177
58.3356 0 0 0 0 0 0 0 0.431102 0 112.15 0 0 49.4252 127 78 1 0 0 127
0 0 30 127 0 0 0 70 0 0 0 0 127 34 0 53 99 83 0 0 0 0 32 0 0 21 0 40
0 0 127 88 0 0 0 0 0 0 0 0 16 16 0 0 0 0 0 0 127 51 0;
egregore_data 59 51 0 9 8 34 13 0 0 0 0 0 0 0 0 127 38 1 3.95177 58.3356
0 0 0 0 0 0 0 0.431102 0 112.15 0 0 49.4252 127 78 1 0 0 127 0 0 30
127 0 0 0 70 0 0 0 0 127 34 0 53 99 83 0 0 0 0 32 0 0 21 0 40 0 0 127
88 0 0 0 0 0 0 0 0 16 16 0 0 0 0 0 0 127 51 0;
egregore_data 59 49 0 8 8 34 13 0 0 0 0 0 0 0 0 127 38 1 3.95177 58.3356
0 0 0 0 0 0 0 0.431102 0 112.15 0 0 49.4252 127 78 1 0 0 127 0 0 30
127 0 0 0 70 0 0 0 0 127 34 0 53 99 83 0 0 0 0 32 0 0 21 0 40 0 0 127
88 0 0 0 0 0 0 0 0 16 16 0 0 0 0 0 0 127 51 0;
egregore_data 60 49 0 8 8 34 13 0 0 0 0 0 0 0 0 127 38 1 3.95177 58.3356
0 0 0 0 0 0 0 0.431102 0 112.15 0 0 49.4252 127 78 1 0 0 127 0 0 30
127 0 0 0 70 0 0 0 0 127 34 0 53 99 83 0 0 0 0 32 0 0 21 0 40 0 0 127
88 0 0 0 0 0 0 0 0 16 16 0 0 0 0 0 0 127 51 0;
egregore_data 60 48 0 8 8 34 13 0 0 0 0 0 0 0 0 127 38 1 3.95177 58.3356
0 0 0 0 0 0 0 0.431102 0 112.15 0 0 49.4252 127 78 1 0 0 127 0 0 30
127 0 0 0 70 0 0 0 0 127 34 0 53 99 83 0 0 0 0 32 0 0 21 0 40 0 0 127
88 0 0 0 0 0 0 0 0 16 16 0 0 0 0 0 0 127 51 0;
egregore_data 61 48 0 8 8 34 13 0 0 0 0 0 0 0 0 127 38 1 3.95177 58.3356
0 0 0 0 0 0 0 0.431102 0 112.15 0 0 49.4252 127 78 1 0 0 127 0 0 30
127 0 0 0 70 0 0 0 0 127 34 0 53 99 83 0 0 0 0 32 0 0 21 0 40 0 0 127
88 0 0 0 0 0 0 0 0 16 16 0 0 0 0 0 0 127 51 0;
egregore_data 62 48 0 8 8 34 13 0 0 0 0 0 0 0 0 127 38 1 3.95177 58.3356
0 0 0 0 0 0 0 0.431102 0 112.15 0 0 49.4252 127 78 1 0 0 127 0 0 30
127 0 0 0 70 0 0 0 0 127 34 0 53 99 83 0 0 0 0 32 0 0 21 0 40 0 0 127
88 0 0 0 0 0 0 0 0 16 16 0 0 0 0 0 0 127 51 0;
egregore_data 62 48 0 8 8 34 13 0 0 0 0 0 0 0 0 127 38 1 3.95177 58.3356
0 0 0 0 0 0 0 0.431102 0 112.15 0 0 49.4252 127 78 1 0 0 127 0 0 30
127 0 0 0 70 0 0 0 0 127 34 0 53 99 83 0 0 0 0 32 0 0 21 0 40 0 0 127
88 0 0 0 0 0 0 0 0 16 16 0 0 0 0 0 0 127 51 0;
egregore_data 64 48 0 8 8 34 13 0 0 0 0 0 0 0 0 127 38 1 3.95177 58.3356
0 0 0 0 0 0 0 0.431102 0 112.15 0 0 49.4252 127 78 1 0 0 127 0 0 30
127 0 0 0 70 0 0 0 0 127 34 0 53 99 83 0 0 0 0 32 0 0 21 0 40 0 0 127
88 0 0 0 0 0 0 0 0 16 16 0 0 0 0 0 0 127 51 0;
egregore_data 64 48 0 8 8 34 13 0 0 0 0 0 0 0 0 127 38 1 3.95177 58.3356
0 0 0 0 0 0 0 0.431102 0 112.15 0 0 49.4252 127 78 1 0 0 127 0 0 30
127 0 0 0 70 0 0 0 0 127 34 0 53 99 83 0 0 0 0 32 0 0 21 0 40 0 0 127
88 0 0 0 0 0 0 0 0 16 16 0 0 0 0 0 0 127 51 0;
egregore_data 64 48 0 8 8 34 13 0 0 0 0 0 0 0 0 127 38 1 3.95177 58.3356
0 0 0 0 0 0 0 0.431102 0 112.15 0 0 49.4252 127 78 1 0 0 127 0 0 30
127 0 0 0 70 0 0 0 0 127 34 0 53 99 83 0 0 0 0 32 0 0 21 0 40 0 0 127
88 0 0 0 0 0 0 0 0 16 16 0 0 0 0 0 0 127 51 0;
egregore_data 64 48 0 8 8 34 13 0 0 0 0 0 0 0 0 127 38 1 3.95177 58.3356
0 0 0 0 0 0 0 0.431102 0 112.15 0 0 49.4252 127 78 1 0 0 127 0 0 30
127 0 0 0 70 0 0 0 0 127 34 0 53 99 83 0 0 0 0 32 0 0 21 0 40 0 0 127
88 0 0 0 0 0 0 0 0 16 16 0 0 0 0 0 0 127 51 0;
egregore_data 64 48 0 8 8 34 13 0 0 0 0 0 0 0 0 127 38 1 3.95177 58.3356
0 0 0 0 0 0 0 0.431102 0 112.15 0 0 49.4252 127 78 1 0 0 127 0 0 30
127 0 0 0 70 0 0 0 0 127 34 0 53 99 83 0 0 0 0 32 0 0 21 0 40 0 0 127
88 0 0 0 0 0 0 0 0 16 16 0 0 0 0 0 0 127 51 0;
egregore_data 64 48 0 8 8 34 13 0 0 0 0 0 0 0 0 127 38 1 3.95177 58.3356
0 0 0 0 0 0 0 0.431102 0 112.15 0 0 49.4252 127 78 1 0 0 127 0 0 30
127 0 0 0 70 0 0 0 0 127 34 0 53 99 83 0 0 0 0 32 0 0 21 0 40 0 0 127
88 0 0 0 0 0 0 0 0 16 16 0 0 0 0 0 0 127 51 0;
egregore_data 64 48 0 8 8 34 13 0 0 0 0 0 0 0 0 127 38 1 3.03149 59.189
0 0 0 0 0 0 0 0.330709 0 111.882 0 0 49.5591 127 78 1 0 0 127 0 0 30
127 0 0 0 70 0 0 0 0 127 34 0 53 99 83 0 0 0 0 32 0 0 21 0 40 0 0 127
88 0 0 0 0 0 0 0 0 16 16 0 0 0 0 0 0 127 51 0;
egregore_data 64 48 0 8 8 34 13 0 0 0 0 0 0 0 0 127 38 1 3.03149 59.189
0 0 0 0 0 0 0 0.330709 0 111.882 0 0 49.5591 127 78 1 0 0 127 0 0 30
127 0 0 0 70 0 0 0 0 127 34 0 53 99 83 0 0 0 0 32 0 0 21 0 40 0 0 127
88 0 0 0 0 0 0 0 0 16 16 0 0 0 0 0 0 127 51 0;
egregore_data 64 48 0 8 8 34 13 0 0 0 0 0 0 0 0 127 38 1 3.03149 59.189
0 0 0 0 0 0 0 0.330709 0 111.882 0 0 49.5591 127 78 1 0 0 127 0 0 30
127 0 0 0 70 0 0 0 0 127 34 0 53 99 83 0 0 0 0 32 0 0 21 0 40 0 0 127
88 0 0 0 0 0 0 0 0 16 16 0 0 0 0 0 0 127 51 0;
egregore_data 64 48 0 8 8 34 13 0 0 0 0 0 0 0 0 127 38 1 3.03149 59.189
0 0 0 0 0 0 0 0.330709 0 111.882 0 0 49.5591 127 78 1 0 0 127 0 0 30
127 0 0 0 70 0 0 0 0 127 34 0 53 99 83 0 0 0 0 32 0 0 21 0 40 0 0 127
88 0 0 0 0 0 0 0 0 16 16 0 0 0 0 0 0 127 51 0;
egregore_data 65 48 0 8 8 34 13 0 0 0 0 0 0 0 0 127 38 1 3.03149 59.189
0 0 0 0 0 0 0 0.330709 0 111.882 0 0 49.5591 127 78 1 0 0 127 0 0 30
127 0 0 0 70 0 0 0 0 127 34 0 53 99 83 0 0 0 0 32 0 0 21 0 40 0 0 127
88 0 0 0 0 0 0 0 0 16 16 0 0 0 0 0 0 127 51 0;
egregore_data 66 48 0 7 7 34 13 0 0 0 0 0 0 0 0 127 38 1 3.03149 59.189
0 0 0 0 0 0 0 0.330709 0 111.882 0 0 49.5591 127 78 1 0 0 127 0 0 30
127 0 0 0 70 0 0 0 0 127 34 0 53 99 83 0 0 0 0 32 0 0 21 0 40 0 0 127
88 0 0 0 0 0 0 0 0 16 16 0 0 0 0 0 0 127 51 0;
egregore_data 66 48 0 5 7 34 13 0 0 0 0 0 0 0 0 127 38 1 3.03149 59.189
0 0 0 0 0 0 0 0.330709 0 111.882 0 0 49.5591 127 78 1 0 0 127 0 0 30
127 0 0 0 70 0 0 0 0 127 34 0 53 99 83 0 0 0 0 32 0 0 21 0 40 0 0 127
88 0 0 0 0 0 0 0 0 16 16 0 0 0 0 0 0 127 51 0;
egregore_data 66 48 0 5 7 34 13 0 0 0 0 0 0 0 0 127 38 1 3.03149 59.189
0 0 0 0 0 0 0 0.330709 0 111.882 0 0 49.5591 127 78 1 0 0 127 0 0 30
127 0 0 0 70 0 0 0 0 127 34 0 53 99 83 0 0 0 0 32 0 0 21 0 40 0 0 127
88 0 0 0 0 0 0 0 0 16 16 0 0 0 0 0 0 127 51 0;
egregore_data 66 48 0 4 5 34 13 0 0 0 0 0 0 0 0 127 38 1 3.03149 59.189
0 0 0 0 0 0 0 0.330709 0 111.882 0 0 49.5591 127 78 1 0 0 127 0 0 30
127 0 0 0 70 0 0 0 0 127 34 0 53 99 83 0 0 0 0 32 0 0 21 0 40 0 0 127
88 0 0 0 0 0 0 0 0 16 16 0 0 0 0 0 0 127 51 0;
egregore_data 66 48 0 4 4 34 13 0 0 0 0 0 0 0 0 127 38 1 3.03149 59.189
0 0 0 0 0 0 0 0.330709 0 111.882 0 0 49.5591 127 78 1 0 0 127 0 0 30
127 0 0 0 70 0 0 0 0 127 34 0 53 99 83 0 0 0 0 32 0 0 21 0 40 0 0 127
88 0 0 0 0 0 0 0 0 16 16 0 0 0 0 0 0 127 51 0;
egregore_data 66 48 0 3 4 34 13 0 0 0 0 0 0 0 0 127 38 1 1.19094 60.8957
0 0 0 0 0 0 0 0.12992 0 111.346 0 0 49.8268 127 78 1 0 0 127 0 0 30
127 0 0 0 70 0 0 0 0 127 34 0 53 99 83 0 0 0 0 32 0 0 21 0 40 0 0 127
88 0 0 0 0 0 0 0 0 16 16 0 0 0 0 0 0 127 51 0;
egregore_data 66 48 0 3 3 34 13 0 0 0 0 0 0 0 0 127 38 1 1.19094 60.8957
0 0 0 0 0 0 0 0.12992 0 111.346 0 0 49.8268 127 78 1 0 0 127 0 0 30
127 0 0 0 70 0 0 0 0 127 34 0 53 99 83 0 0 0 0 32 0 0 21 0 40 0 0 127
88 0 0 0 0 0 0 0 0 16 16 0 0 0 0 0 0 127 51 0;
egregore_data 66 48 0 2 2 34 13 0 0 0 0 0 0 0 0 127 38 1 1.19094 60.8957
0 0 0 0 0 0 0 0.12992 0 111.346 0 0 49.8268 127 78 1 0 0 127 0 0 30
127 0 0 0 70 0 0 0 0 127 34 0 53 99 83 0 0 0 0 32 0 0 21 0 40 0 0 127
88 0 0 0 0 0 0 0 0 16 16 0 0 0 0 0 0 127 51 0;
egregore_data 66 48 0 2 2 34 13 0 0 0 0 0 0 0 0 127 38 1 1.19094 60.8957
0 0 0 0 0 0 0 0.12992 0 111.346 0 0 49.8268 127 78 1 0 0 127 0 0 30
127 0 0 0 70 0 0 0 0 127 34 0 53 99 83 0 0 0 0 32 0 0 21 0 40 0 0 127
88 0 0 0 0 0 0 0 0 16 16 0 0 0 0 0 0 127 51 0;
egregore_data 66 48 0 1 2 34 13 0 0 0 0 0 0 0 0 127 38 1 1.19094 60.8957
0 0 0 0 0 0 0 0.12992 0 111.346 0 0 49.8268 127 78 1 0 0 127 0 0 30
127 0 0 0 70 0 0 0 0 127 34 0 53 99 83 0 0 0 0 32 0 0 21 0 40 0 0 127
88 0 0 0 0 0 0 0 0 16 16 0 0 0 0 0 0 127 51 0;
egregore_data 66 48 0 0 0 34 13 0 0 0 0 0 0 0 0 127 38 1 1.19094 60.8957
0 0 0 0 0 0 0 0.12992 0 111.346 0 0 49.8268 127 78 1 0 0 127 0 0 30
127 0 0 0 70 0 0 0 0 127 34 0 53 99 83 0 0 0 0 32 0 0 21 0 40 0 0 127
88 0 0 0 0 0 0 0 0 16 16 0 0 0 0 0 0 127 51 0;
egregore_data 66 48 0 0 0 34 13 0 0 0 0 0 0 0 0 127 38 1 1.19094 60.8957
0 0 0 0 0 0 0 0.12992 0 111.346 0 0 49.8268 127 78 1 0 0 127 0 0 30
127 0 0 0 70 0 0 0 0 127 34 0 53 99 83 0 0 0 0 32 0 0 21 0 40 0 0 127
88 0 0 0 0 0 0 0 0 16 16 0 0 0 0 0 0 127 51 0;
egregore_data 66 48 0 0 0 34 13 0 0 0 0 0 0 0 0 127 38 1 0.270666 61.749
0 0 0 0 0 0 0 0.0295272 0 111.079 0 0 49.9606 127 78 1 0 0 127 0 0
30 127 0 0 0 70 0 0 0 0 127 34 0 53 99 83 0 0 0 0 32 0 0 21 0 40 0
0 127 88 0 0 0 0 0 0 0 0 16 16 0 0 0 0 0 0 127 51 0;
egregore_data 66 48 0 0 0 34 13 0 0 0 0 0 0 0 0 127 38 1 0.270666 61.749
0 0 0 0 0 0 0 0.0295272 0 111.079 0 0 49.9606 127 78 1 0 0 127 0 0
30 127 0 0 0 70 0 0 0 0 127 34 0 53 99 83 0 0 0 0 32 0 0 21 0 40 0
0 127 88 0 0 0 0 0 0 0 0 16 16 0 0 0 0 0 0 127 51 0;
egregore_data 66 48 0 0 0 34 13 0 0 0 0 0 0 0 0 127 38 1 0.270666 61.749
0 0 0 0 0 0 0 0.0295272 0 111.079 0 0 49.9606 127 78 1 0 0 127 0 0
30 127 0 0 0 70 0 0 0 0 127 34 0 53 99 83 0 0 0 0 32 0 0 21 0 40 0
0 127 88 0 0 0 0 0 0 0 0 16 16 0 0 0 0 0 0 127 51 0;
egregore_data 66 48 0 0 0 34 13 0 0 0 0 0 0 0 0 127 38 1 0.270666 61.749
0 0 0 0 0 0 0 0.0295272 0 111.079 0 0 49.9606 127 78 1 0 0 127 0 0
30 127 0 0 0 70 0 0 0 0 127 34 0 53 99 83 0 0 0 0 32 0 0 21 0 40 0
0 127 88 0 0 0 0 0 0 0 0 16 16 0 0 0 0 0 0 127 51 0;
egregore_data 66 48 0 0 0 34 13 0 0 0 0 0 0 0 0 127 38 1 0.270666 61.749
0 0 0 0 0 0 0 0.0295272 0 111.079 0 0 49.9606 127 78 1 0 0 127 0 0
30 127 0 0 0 70 0 0 0 0 127 34 0 53 99 83 0 0 0 0 32 0 0 21 0 40 0
0 127 88 0 0 0 0 0 0 0 0 16 16 0 0 0 0 0 0 127 51 0;
egregore_data 66 48 0 0 0 34 13 0 0 0 0 0 0 0 0 127 38 1 0.270666 61.749
0 0 0 0 0 0 0 0.0295272 0 111.079 0 0 49.9606 127 78 1 0 0 127 0 0
30 127 0 0 0 70 0 0 0 0 127 34 0 53 99 83 0 0 0 0 32 0 0 21 0 40 0
0 127 88 0 0 0 0 0 0 0 0 16 16 0 0 0 0 0 0 127 51 0;
egregore_data 66 48 0 0 0 34 13 0 0 0 0 0 0 0 0 127 38 1 0.270666 61.749
0 0 0 0 0 0 0 0.0295272 0 111.079 0 0 49.9606 127 78 1 0 0 127 0 0
30 127 0 0 0 70 0 0 0 0 127 34 0 53 99 83 0 0 0 0 32 0 0 21 0 40 0
0 127 88 0 0 0 0 0 0 0 0 16 16 0 0 0 0 0 0 127 51 0;
egregore_data 66 48 0 0 0 34 13 0 0 0 0 0 0 0 0 127 38 1 0.270666 61.749
0 0 0 0 0 0 0 0.0295272 0 111.079 0 0 49.9606 127 78 1 0 0 127 0 0
30 127 0 0 0 70 0 0 0 0 127 34 0 53 99 83 0 0 0 0 32 0 0 21 0 40 0
0 127 88 0 0 0 0 0 0 0 0 16 16 0 0 0 0 0 0 127 51 0;
egregore_data 66 48 0 0 0 34 13 0 0 0 0 0 0 0 0 127 38 1 0.270666 61.749
0 0 0 0 0 0 0 0.0295272 0 111.079 0 0 49.9606 127 78 1 0 0 127 0 0
30 127 0 0 0 70 0 0 0 0 127 34 0 53 99 83 0 0 0 0 32 0 0 21 0 40 0
0 127 88 0 0 0 0 0 0 0 0 16 16 0 0 0 0 0 0 127 51 0;
egregore_data 66 48 0 0 0 34 13 0 0 0 0 0 0 0 0 127 38 1 0.270666 61.749
0 0 0 0 0 0 0 0.0295272 0 111.079 0 0 49.9606 127 78 1 0 0 127 0 0
30 127 0 0 0 70 0 0 0 0 127 34 0 53 99 83 0 0 0 0 32 0 0 21 0 40 0
0 127 88 0 0 0 0 0 0 0 0 16 16 0 0 0 0 0 0 127 51 0;
egregore_data 66 48 0 0 0 34 13 0 0 0 0 0 0 0 0 127 38 1 0.270666 61.749
0 0 0 0 0 0 0 0.0295272 0 111.079 0 0 49.9606 127 78 1 0 0 127 0 0
30 127 0 0 0 70 0 0 0 0 127 34 0 53 99 83 0 0 0 0 32 0 0 21 0 40 0
0 127 88 0 0 0 0 0 0 0 0 16 16 0 0 0 0 0 0 127 51 0;
egregore_data 66 48 0 0 0 34 13 0 0 0 0 0 0 0 0 127 38 1 0.270666 61.749
0 0 0 0 0 0 0 0.0295272 0 111.079 0 0 49.9606 127 78 1 0 0 127 0 0
30 127 0 0 0 70 0 0 0 0 127 34 0 53 99 83 0 0 0 0 32 0 0 21 0 40 0
0 127 88 0 0 0 0 0 0 0 0 16 16 0 0 0 0 0 0 127 51 0;
egregore_data 66 48 0 0 0 34 13 0 0 0 0 0 0 0 0 127 38 1 0.270666 61.749
0 0 0 0 0 0 0 0.0295272 0 111.079 0 0 49.9606 127 78 1 0 0 127 0 0
30 127 0 0 0 70 0 0 0 0 127 34 0 53 99 83 0 0 0 0 32 0 0 21 0 40 0
0 127 88 0 0 0 0 0 0 0 0 16 16 0 0 0 0 0 0 127 51 0;
egregore_data 66 48 0 0 0 34 13 0 0 0 0 0 0 0 0 127 38 1 0.270666 61.749
0 0 0 0 0 0 0 0.0295272 0 111.079 0 0 49.9606 127 78 1 0 0 127 0 0
30 127 0 0 0 70 0 0 0 0 127 34 0 53 99 83 0 0 0 0 32 0 0 21 0 40 0
0 127 88 0 0 0 0 0 0 0 0 16 16 0 0 0 0 0 0 127 51 0;
egregore_data 66 48 0 0 0 34 13 0 0 0 0 0 0 0 0 127 38 1 0.270666 61.749
0 0 0 0 0 0 0 0.0295272 0 111.079 0 0 49.9606 127 78 1 0 0 127 0 0
30 127 0 0 0 70 0 0 0 0 127 34 0 53 99 83 0 0 0 0 32 0 0 21 0 40 0
0 127 88 0 0 0 0 0 0 0 0 16 16 0 0 0 0 0 0 127 51 0;
egregore_data 66 48 0 0 0 34 13 0 0 0 0 0 0 0 0 127 38 1 0.270666 61.749
0 0 0 0 0 0 0 0.0295272 0 111.079 0 0 49.9606 127 78 1 0 0 127 0 0
30 127 0 0 0 70 0 0 0 0 127 34 0 53 99 83 0 0 0 0 32 0 0 21 0 40 0
0 127 88 0 0 0 0 0 0 0 0 16 16 0 0 0 0 0 0 127 51 0;
egregore_data 66 48 0 0 0 34 13 0 0 0 0 0 0 0 0 127 38 1 0.270666 61.749
0 0 0 0 0 0 0 0.0295272 0 111.079 0 0 49.9606 127 78 1 0 0 127 0 0
30 127 0 0 0 70 0 0 0 0 127 34 0 53 99 83 0 0 0 0 32 0 0 21 0 40 0
0 127 88 0 0 0 0 0 0 0 0 16 16 0 0 0 0 0 0 127 51 0;
egregore_data 66 48 0 0 0 34 13 0 0 0 0 0 0 0 0 127 38 1 0 61.8583
0 0 0 0 0 0 0 0 0.944881 111 0 0 50.1181 127 78 1 0 0 127 0 0 30 127
0 0 0 70 0 0 0 0 127 34 0 53 99 83 0 0 0 0 32 0 0 21 0 40 0 0 127 88
0 0 0 0 0 0 0 0 16 16 0 0 0 0 0 0 127 51 0;
egregore_data 66 48 0 0 0 34 13 0 0 0 0 0 0 0 0 127 38 1 0 61.8583
0 0 0 0 0 0 0 0 0.944881 111 0 0 50.1181 127 78 1 0 0 127 0 0 30 127
0 0 0 70 0 0 0 0 127 34 0 53 99 83 0 0 0 0 32 0 0 21 0 40 0 0 127 88
0 0 0 0 0 0 0 0 16 16 0 0 0 0 0 0 127 51 0;
egregore_data 66 48 0 0 0 34 13 0 0 0 0 0 0 0 0 127 38 1 0 61.8583
0 0 0 0 0 0 0 0 0.944881 111 0 0 50.1181 127 78 1 0 0 127 0 0 30 127
0 0 0 70 0 0 0 0 127 34 0 53 99 83 0 0 0 0 32 0 0 21 0 40 0 0 127 88
0 0 0 0 0 0 0 0 16 16 0 0 0 0 0 0 127 51 0;
egregore_data 66 48 0 0 0 34 13 0 0 0 0 0 0 0 0 127 38 1 0 61.8583
0 0 0 0 0 0 0 0 0.944881 111 0 0 50.1181 127 78 1 0 0 127 0 0 30 127
0 0 0 70 0 0 0 0 127 34 0 53 99 83 0 0 0 0 32 0 0 21 0 40 0 0 127 88
0 0 0 0 0 0 0 0 16 16 0 0 0 0 0 0 127 51 0;
egregore_data 66 48 0 0 0 37 13 0 0 0 0 0 0 0 0 127 38 1 0 61.8583
0 0 0 0 0 0 0 0 0.944881 111 0 0 50.1181 127 78 1 0 0 127 0 0 30 127
0 0 0 70 0 0 0 0 127 34 0 53 99 83 0 0 0 0 32 0 0 21 0 40 0 0 127 88
0 0 0 0 0 0 0 0 16 16 0 0 0 0 0 0 127 51 0;
egregore_data 66 48 0 0 0 40 13 0 0 0 0 0 0 0 0 127 38 1 0 61.8583
0 0 0 0 0 0 0 0 0.944881 111 0 0 50.1181 127 78 1 0 0 127 0 0 30 127
0 0 0 70 0 0 0 0 127 34 0 53 99 83 0 0 0 0 32 0 0 21 0 40 0 0 127 88
0 0 0 0 0 0 0 0 16 16 0 0 0 0 0 0 127 51 0;
egregore_data 66 48 0 0 0 41 13 0 0 0 0 0 0 0 0 127 38 1 0 61.8583
0 0 0 0 0 0 0 0 0.944881 111 0 0 50.1181 127 78 1 0 0 127 0 0 30 127
0 0 0 70 0 0 0 0 127 34 0 53 99 83 0 0 0 0 32 0 0 21 0 40 0 0 127 88
0 0 0 0 0 0 0 0 16 16 0 0 0 0 0 0 127 51 0;
egregore_data 66 48 0 0 0 43 13 0 0 0 0 0 0 0 0 127 38 1 0 61.8583
0 0 0 0 0 0 0 0 0.944881 111 0 0 50.1181 127 78 1 0 0 127 0 0 30 127
0 0 0 70 0 0 0 0 127 34 0 53 99 83 0 0 0 0 32 0 0 21 0 40 0 0 127 88
0 0 0 0 0 0 0 0 16 16 0 0 0 0 0 0 127 51 0;
egregore_data 66 48 0 0 0 46 13 0 0 0 0 0 0 0 0 127 38 1 0 61.8583
0 0 0 0 0 0 0 0 0.944881 111 0 0 50.1181 127 78 1 0 0 127 0 0 30 127
0 0 0 70 0 0 0 0 127 34 0 53 99 83 0 0 0 0 32 0 0 21 0 40 0 0 127 88
0 0 0 0 0 0 0 0 16 16 0 0 0 0 0 0 127 51 0;
egregore_data 66 48 0 0 0 49 13 0 0 0 0 0 0 0 0 127 38 1 0 61.8583
0 0 0 0 0 0 0 0 0.944881 111 0 0 50.1181 127 78 1 0 0 127 0 0 30 127
0 0 0 70 0 0 0 0 127 34 0 53 99 83 0 0 0 0 32 0 0 21 0 40 0 0 127 88
0 0 0 0 0 0 0 0 16 16 0 0 0 0 0 0 127 51 0;
egregore_data 66 48 0 0 0 52 13 0 0 0 0 0 0 0 0 127 38 1 0 61.8583
0 0 0 0 0 0 0 0 0.944881 111 0 0 50.1181 127 78 1 0 0 127 0 0 30 127
0 0 0 70 0 0 0 0 127 34 0 53 99 83 0 0 0 0 32 0 0 21 0 40 0 0 127 88
0 0 0 0 0 0 0 0 16 16 0 0 0 0 0 0 127 51 0;
egregore_data 66 48 0 0 0 53 13 0 0 0 0 0 0 0 0 127 38 1 0 61.8583
0 0 0 0 0 0 0 0 0.944881 111 0 0 50.1181 127 78 1 0 0 127 0 0 30 127
0 0 0 70 0 0 0 0 127 34 0 53 99 83 0 0 0 0 32 0 0 21 0 40 0 0 127 88
0 0 0 0 0 0 0 0 16 16 0 0 0 0 0 0 127 51 0;
egregore_data 66 48 0 0 0 54 13 0 0 0 0 0 0 0 0 127 38 1 0 61.8583
0 0 0 0 0 0 0 0 0.944881 111 0 0 50.1181 127 78 1 0 0 127 0 0 30 127
0 0 0 70 0 0 0 0 127 34 0 53 99 83 0 0 0 0 32 0 0 21 0 40 0 0 127 88
0 0 0 0 0 0 0 0 16 16 0 0 0 0 0 0 127 51 0;
egregore_data 66 48 0 0 0 55 13 0 0 0 0 0 0 0 0 127 38 1 0 61.6575
0 0 0 0 0 0 0 0 2.28348 111 0 0 50.2854 127 78 1 0 0 127 0 0 30 127
0 0 0 70 0 0 0 0 127 34 0 53 99 83 0 0 0 0 32 0 0 21 0 40 0 0 127 88
0 0 0 0 0 0 0 0 16 16 0 0 0 0 0 0 127 51 0;
egregore_data 66 48 0 0 0 55 13 0 0 0 0 0 0 0 0 127 38 1 0 61.6575
0 0 0 0 0 0 0 0 2.28348 111 0 0 50.2854 127 78 1 0 0 127 0 0 30 127
0 0 0 70 0 0 0 0 127 34 0 53 99 83 0 0 0 0 32 0 0 21 0 40 0 0 127 88
0 0 0 0 0 0 0 0 16 16 0 0 0 0 0 0 127 51 0;
egregore_data 66 48 0 0 0 55 13 0 0 0 0 0 0 0 0 127 38 1 0 61.6575
0 0 0 0 0 0 0 0 2.28348 111 0 0 50.2854 127 78 1 0 0 127 0 0 30 127
0 0 0 70 0 0 0 0 127 34 0 53 99 83 0 0 0 0 32 0 0 21 0 40 0 0 127 88
0 0 0 0 0 0 0 0 16 16 0 0 0 0 0 0 127 51 0;
egregore_data 66 48 0 0 0 55 13 0 0 0 0 0 0 0 0 127 38 1 0 61.6575
0 0 0 0 0 0 0 0 2.28348 111 0 0 50.2854 127 78 1 0 0 127 0 0 30 127
0 0 0 70 0 0 0 0 127 34 0 53 99 83 0 0 0 0 32 0 0 21 0 40 0 0 127 88
0 0 0 0 0 0 0 0 16 16 0 0 0 0 0 0 127 51 0;
egregore_data 66 48 0 0 0 55 13 0 0 0 0 0 0 0 0 127 38 1 0 61.6575
0 0 0 0 0 0 0 0 2.28348 111 0 0 50.2854 127 78 1 0 0 127 0 0 30 127
0 0 0 70 0 0 0 0 127 34 0 53 99 83 0 0 0 0 32 0 0 21 0 40 0 0 127 88
0 0 0 0 0 0 0 0 16 16 0 0 0 0 0 0 127 51 0;
egregore_data 66 48 0 0 0 55 13 0 0 0 0 0 0 0 0 127 38 1 0 61.6575
0 0 0 0 0 0 0 0 2.28348 111 0 0 50.2854 127 78 1 0 0 127 0 0 30 127
0 0 0 70 0 0 0 0 127 34 0 53 99 83 0 0 0 0 32 0 0 21 0 40 0 0 127 88
0 0 0 0 0 0 0 0 16 16 0 0 0 0 0 0 127 51 0;
egregore_data 66 48 0 0 0 56 13 0 0 0 0 0 0 0 0 127 38 1 0 61.6575
0 0 0 0 0 0 0 0 2.28348 111 0 0 50.2854 127 78 1 0 0 127 0 0 30 127
0 0 0 70 0 0 0 0 127 34 0 53 99 83 0 0 0 0 32 0 0 21 0 40 0 0 127 88
0 0 0 0 0 0 0 0 16 16 0 0 0 0 0 0 127 51 0;
egregore_data 66 48 0 0 0 56 13 0 0 0 0 0 0 0 0 127 38 1 0 61.6575
0 0 0 0 0 0 0 0 2.28348 111 0 0 50.2854 127 78 1 0 0 127 0 0 30 127
0 0 0 70 0 0 0 0 127 34 0 53 99 83 0 0 0 0 32 0 0 21 0 40 0 0 127 88
0 0 0 0 0 0 0 0 16 16 0 0 0 0 0 0 127 51 0;
egregore_data 66 48 0 0 0 56 13 0 0 0 0 0 0 0 0 127 38 1 0 61.6575
0 0 0 0 0 0 0 0 2.28348 111 0 0 50.2854 127 78 1 0 0 127 0 0 30 127
0 0 0 70 0 0 0 0 127 34 0 53 99 83 0 0 0 0 32 0 0 21 0 40 0 0 127 88
0 0 0 0 0 0 0 0 16 16 0 0 0 0 0 0 127 51 0;
egregore_data 66 48 0 0 0 56 13 0 0 0 0 0 0 0 0 127 38 1 0 61.6575
0 0 0 0 0 0 0 0 2.28348 111 0 0 50.2854 127 78 1 0 0 127 0 0 30 127
0 0 0 70 0 0 0 0 127 34 0 53 99 83 0 0 0 0 32 0 0 21 0 40 0 0 127 88
0 0 0 0 0 0 0 0 16 16 0 0 0 0 0 0 127 51 0;
egregore_data 66 48 0 0 0 56 13 0 0 0 0 0 0 0 0 127 38 1 0 61.6575
0 0 0 0 0 0 0 0 2.28348 111 0 0 50.2854 127 78 1 0 0 127 0 0 30 127
0 0 0 70 0 0 0 0 127 34 0 53 99 83 0 0 0 0 32 0 0 21 0 40 0 0 127 88
0 0 0 0 0 0 0 0 16 16 0 0 0 0 0 0 127 51 0;
egregore_data 66 48 0 0 0 56 13 0 0 0 0 0 0 0 0 127 38 1 0 61.6575
0 0 0 0 0 0 0 0 2.28348 111 0 0 50.2854 127 78 1 0 0 127 0 0 30 127
0 0 0 70 0 0 0 0 127 34 0 53 99 83 0 0 0 0 32 0 0 21 0 40 0 0 127 88
0 0 0 0 0 0 0 0 16 16 0 0 0 0 0 0 127 51 0;
egregore_data 66 48 0 0 0 56 13 0 0 0 0 0 0 0 0 127 38 1 0 61.6575
0 0 0 0 0 0 0 0 2.28348 111 0 0 50.2854 127 78 1 0 0 127 0 0 30 127
0 0 0 70 0 0 0 0 127 34 0 53 99 83 0 0 0 0 32 0 0 21 0 40 0 0 127 88
0 0 0 0 0 0 0 0 16 16 0 0 0 0 0 0 127 51 0;
egregore_data 66 48 0 0 0 56 13 0 0 0 0 0 0 0 0 127 38 1 0 61.6575
0 0 0 0 0 0 0 0 2.28348 111 0 0 50.2854 127 78 1 0 0 127 0 0 30 127
0 0 0 70 0 0 0 0 127 34 0 53 99 83 0 0 0 0 32 0 0 21 0 40 0 0 127 88
0 0 0 0 0 0 0 0 16 16 0 0 0 0 0 0 127 51 0;
egregore_data 66 48 0 0 0 56 13 0 0 0 0 0 0 0 0 127 38 1 0 61.4567
0 0 0 0 0 0 0 0 3.62206 111 0 0 50.4528 127 78 1 0 0 127 0 0 30 127
0 0 0 70 0 0 0 0 127 34 0 53 99 83 0 0 0 0 32 0 0 21 0 40 0 0 127 88
0 0 0 0 0 0 0 0 16 16 0 0 0 0 0 0 127 51 0;
egregore_data 66 48 0 0 0 56 13 0 0 0 0 0 0 0 0 127 38 1 0 61.4567
0 0 0 0 0 0 0 0 3.62206 111 0 0 50.4528 127 78 1 0 0 127 0 0 30 127
0 0 0 70 0 0 0 0 127 34 0 53 99 83 0 0 0 0 32 0 0 21 0 40 0 0 127 88
0 0 0 0 0 0 0 0 16 16 0 0 0 0 0 0 127 51 0;
egregore_data 66 48 0 0 0 56 13 0 0 0 0 0 0 0 0 127 38 1 0 61.4567
0 0 0 0 0 0 0 0 3.62206 111 0 0 50.4528 127 78 1 0 0 127 0 0 30 127
0 0 0 70 0 0 0 0 127 34 0 53 99 83 0 0 0 0 32 0 0 21 0 40 0 0 127 88
0 0 0 0 0 0 0 0 16 16 0 0 0 0 0 0 127 51 0;
egregore_data 66 48 0 0 0 56 3 0 0 0 0 0 0 0 0 127 38 1 0 61.4567 0
0 0 0 0 0 0 0 3.62206 111 0 0 50.4528 127 78 1 0 0 127 0 0 30 127 0
0 0 70 0 0 0 0 127 34 0 53 99 83 0 0 0 0 32 0 0 21 0 40 0 0 127 88
0 0 0 0 0 0 0 0 16 16 0 0 0 0 0 0 127 51 0;
egregore_data 66 48 0 0 0 56 3 0 0 0 0 0 0 0 0 127 38 1 0 61.4567 0
0 0 0 0 0 0 0 3.62206 111 0 0 50.4528 127 78 1 0 0 127 0 0 30 127 0
0 0 70 0 0 0 0 127 34 0 53 99 83 0 0 0 0 32 0 0 21 0 40 0 0 127 88
0 0 0 0 0 0 0 0 16 16 0 0 0 0 0 0 127 51 0;
egregore_data 66 48 0 0 0 56 3 0 0 0 0 0 0 0 0 127 38 1 0 61.4567 0
0 0 0 0 0 0 0 3.62206 111 0 0 50.4528 127 78 1 0 0 127 0 0 30 127 0
0 0 70 0 0 0 0 127 34 0 53 99 83 0 0 0 0 32 0 0 21 0 40 0 0 127 88
0 0 0 0 0 0 0 0 16 16 0 0 0 0 0 0 127 51 0;
egregore_data 66 48 0 0 0 56 3 0 0 0 0 0 0 0 0 127 38 1 0 61.4567 0
0 0 0 0 0 0 0 3.62206 111 0 0 50.4528 127 78 1 0 0 127 0 0 30 127 0
0 0 70 0 0 0 0 127 34 0 53 99 83 0 0 0 0 32 0 0 21 0 40 0 0 127 88
0 0 0 0 0 0 0 0 16 16 0 0 0 0 0 0 127 51 0;
egregore_data 66 48 0 0 0 58 3 0 0 0 0 0 0 0 0 127 38 1 0 61.4567 0
0 0 0 0 0 0 0 3.62206 111 0 0 50.4528 127 78 1 0 0 127 0 0 30 127 0
0 0 70 0 0 0 0 127 34 0 53 99 83 0 0 0 0 32 0 0 21 0 40 0 0 127 88
0 0 0 0 0 0 0 0 16 16 0 0 0 0 0 0 127 51 0;
egregore_data 66 48 0 0 0 59 3 0 0 0 0 0 0 0 0 127 38 1 0 61.4567 0
0 0 0 0 0 0 0 3.62206 111 0 0 50.4528 127 78 1 0 0 127 0 0 30 127 0
0 0 70 0 0 0 0 127 34 0 53 99 83 0 0 0 0 32 0 0 21 0 40 0 0 127 88
0 0 0 0 0 0 0 0 16 16 0 0 0 0 0 0 127 51 0;
egregore_data 66 48 0 0 0 59 3 0 0 0 0 0 0 0 0 127 38 1 0 61.4567 0
0 0 0 0 0 0 0 3.62206 111 0 0 50.4528 127 78 1 0 0 127 0 0 30 127 0
0 0 70 0 0 0 0 127 34 0 53 99 83 0 0 0 0 32 0 0 21 0 40 0 0 127 88
0 0 0 0 0 0 0 0 16 16 0 0 0 0 0 0 127 51 0;
egregore_data 66 48 0 0 0 59 3 0 0 0 0 0 0 0 0 127 38 1 0 61.4567 0
0 0 0 0 0 0 0 3.62206 111 0 0 50.4528 127 78 1 0 0 127 0 0 30 127 0
0 0 70 0 0 0 0 127 34 0 53 99 83 0 0 0 0 32 0 0 21 0 40 0 0 127 88
0 0 0 0 0 0 0 0 16 16 0 0 0 0 0 0 127 51 0;
END;
