HTTP/1.1 200 OK
Date: Thu, 28 May 2015 12:30:58 GMT
Server: Apache
Last-Modified: Wed, 27 May 2015 19:02:32 GMT
Accept-Ranges: bytes
Content-Length: 23257
Vary: Accept-Encoding
Connection: close
Content-Type: text/plain

chdh_egregore_live_data;
egregore_data 87 85 0 1 1 0 127 0 0 0 0 0 0 0 0 127 38 1 0 0 0 0 0
0 0 0 0 6 0 127 0 0 0 127 78 0 0 0 127 0 0 30 127 0 0 0 70 0 0 0 0
127 34 0 53 99 83 0 0 0 0 32 0 0 21 0 40 0 0 127 88 0 0 0 0 0 0 0 0
16 16 0 0 0 0 0 0 127 51 0;
egregore_data 87 85 0 3 3 0 127 0 0 0 0 0 0 0 0 127 38 1 0 0 0 0 0
0 0 0 0 6 0 127 0 0 0 127 78 0 0 0 127 0 0 30 127 0 0 0 70 0 0 0 0
127 34 0 53 99 83 0 0 0 0 32 0 0 21 0 40 0 0 127 88 0 0 0 0 0 0 0 0
16 16 0 0 0 0 0 0 127 51 0;
egregore_data 87 85 0 3 3 0 127 0 0 0 0 0 0 0 0 127 38 1 0 0 0 0 0
0 0 0 0 6 0 127 0 0 0 127 78 0 0 0 127 0 0 30 127 0 0 0 70 0 0 0 0
127 34 0 53 99 83 0 0 0 0 32 0 0 21 0 40 0 0 127 88 0 0 0 0 0 0 0 0
16 16 0 0 0 0 0 0 127 51 0;
egregore_data 89 85 0 4 3 0 127 0 0 0 0 0 0 0 0 127 38 1 0 0 0 0 0
0 0 0 0 6 0 127 0 0 0 127 78 0 0 0 127 0 0 30 127 0 0 0 70 0 0 0 0
127 34 0 53 99 83 0 0 0 0 32 0 0 21 0 40 0 0 127 88 0 0 0 0 0 0 0 0
16 16 0 0 0 0 0 0 127 51 0;
egregore_data 89 85 0 4 4 0 127 0 0 0 0 0 0 0 0 127 38 1 0 0 0 0 0
0 0 0 0 6 0 127 0 0 0 127 78 0 0 0 127 0 0 30 127 0 0 0 70 0 0 0 0
127 34 0 53 99 83 0 0 0 0 32 0 0 21 0 40 0 0 127 88 0 0 0 0 0 0 0 0
16 16 0 0 0 0 0 0 127 51 0;
egregore_data 89 85 0 4 4 0 127 0 0 0 0 0 0 0 0 127 38 1 0 0 0 0 0
0 0 0 0 6 0 127 0 0 0 127 78 0 0 0 127 0 0 30 127 0 0 0 70 0 0 0 0
127 34 0 53 99 83 0 0 0 0 32 0 0 21 0 40 0 0 127 88 0 0 0 0 0 0 0 0
16 16 0 0 0 0 0 0 127 51 0;
egregore_data 89 85 0 5 5 0 127 0 0 0 0 0 0 0 0 127 38 1 0 0 0 0 0
0 0 0 0 6 0 127 0 0 0 127 78 0 0 0 127 0 0 30 127 0 0 0 70 0 0 0 0
127 34 0 53 99 83 0 0 0 0 32 0 0 21 0 40 0 0 127 88 0 0 0 0 0 0 0 0
16 16 0 0 0 0 0 0 127 51 0;
egregore_data 89 85 0 7 7 0 127 0 0 0 0 0 0 0 0 127 38 1 0 0 0 0 0
0 0 0 0 6 0 127 0 0 0 127 78 0 0 0 127 0 0 30 127 0 0 0 70 0 0 0 0
127 34 0 53 99 83 0 0 0 0 32 0 0 21 0 40 0 0 127 88 0 0 0 0 0 0 0 0
16 16 0 0 0 0 0 0 127 51 0;
egregore_data 89 86 0 7 8 0 127 0 0 0 0 0 0 0 0 127 38 1 0 0 0 0 0
0 0 0 0 6 0 127 0 0 0 127 78 0 0 0 127 0 0 30 127 0 0 0 70 0 0 0 0
127 34 0 53 99 83 0 0 0 0 32 0 0 21 0 40 0 0 127 88 0 0 0 0 0 0 0 0
16 16 0 0 0 0 0 0 127 51 0;
egregore_data 89 86 0 7 8 0 127 0 0 0 0 0 0 0 0 127 38 1 0 0 0 0 0
0 0 0 0 6 0 127 0 0 0 127 78 0 0 0 127 0 0 30 127 0 0 0 70 0 0 0 0
127 34 0 53 99 83 0 0 0 0 32 0 0 21 0 40 0 0 127 88 0 0 0 0 0 0 0 0
16 16 0 0 0 0 0 0 127 51 0;
egregore_data 89 86 0 8 9 0 127 0 0 0 0 0 0 0 0 127 38 1 0 0 0 0 0
0 0 0 0 6 0 127 0 0 0 127 78 0 0 0 127 0 0 30 127 0 0 0 70 0 0 0 0
127 34 0 53 99 83 0 0 0 0 32 0 0 21 0 40 0 0 127 88 0 0 0 0 0 0 0 0
16 16 0 0 0 0 0 0 127 51 0;
egregore_data 89 86 0 8 9 0 127 0 0 0 0 0 0 0 0 127 38 1 0 0 0 0 0
0 0 0 0 6 0 127 0 0 0 127 78 0 0 0 127 0 0 30 127 0 0 0 70 0 0 0 0
127 34 0 53 99 83 0 0 0 0 32 0 0 21 0 40 0 0 127 88 0 0 0 0 0 0 0 0
16 16 0 0 0 0 0 0 127 51 0;
egregore_data 89 86 0 8 9 0 127 0 0 0 0 0 0 0 0 127 38 1 0 0 0 0 0
0 0 0 0 6 0 127 0 0 0 127 78 0 0 0 127 0 0 30 127 0 0 0 70 0 0 0 0
127 34 0 53 99 83 0 0 0 0 32 0 0 21 0 40 0 0 127 88 0 0 0 0 0 0 0 0
16 16 0 0 0 0 0 0 127 51 0;
egregore_data 89 86 0 9 10 0 127 0 0 0 0 0 0 0 0 127 38 1 0 0 0 0 0
0 0 0 0 6 0 127 0 0 0 127 78 0 0 0 127 0 0 30 127 0 0 0 70 0 0 0 0
127 34 0 53 99 83 0 0 0 0 32 0 0 21 0 40 0 0 127 88 0 0 0 0 0 0 0 0
16 16 0 0 0 0 0 0 127 51 0;
egregore_data 89 86 0 9 10 0 127 0 0 0 0 0 0 0 0 127 38 1 0 0 0 0 0
0 0 0 0 6 0 127 0 0 0 127 78 0 0 0 127 0 0 30 127 0 0 0 70 0 0 0 0
127 34 0 53 99 83 0 0 0 0 32 0 0 21 0 40 0 0 127 88 0 0 0 0 0 0 0 0
16 16 0 0 0 0 0 0 127 51 0;
egregore_data 89 87 0 9 10 0 127 0 0 0 0 0 0 0 0 127 38 1 0 0 0 0 0
0 0 0 0 6 0 127 0 0 0 127 78 0 0 0 127 0 0 30 127 0 0 0 70 0 0 0 0
127 34 0 53 99 83 0 0 0 0 32 0 0 21 0 40 0 0 127 88 0 0 0 0 0 0 0 0
16 16 0 0 0 0 0 0 127 51 0;
egregore_data 90 87 0 9 10 0 127 0 0 0 0 0 0 0 0 127 38 1 0 0 0 0 0
0 0 0 0 6 0 127 0 0 0 127 78 0 0 0 127 0 0 30 127 0 0 0 70 0 0 0 0
127 34 0 53 99 83 0 0 0 0 32 0 0 21 0 40 0 0 127 88 0 0 0 0 0 0 0 0
16 16 0 0 0 0 0 0 127 51 0;
egregore_data 90 87 0 9 10 0 127 0 0 0 0 0 0 0 0 127 38 1 0 0 0 0 0
0 0 0 0 6 0 127 0 0 0 127 78 0 0 0 127 0 0 30 127 0 0 0 70 0 0 0 0
127 34 0 53 99 83 0 0 0 0 32 0 0 21 0 40 0 0 127 88 0 0 0 0 0 0 0 0
16 16 0 0 0 0 0 0 127 51 0;
egregore_data 90 89 0 9 10 0 127 0 0 0 0 0 0 0 0 127 38 1 0 0 0 0 0
0 0 0 0 6 0 127 0 0 0 127 78 0 0 0 127 0 0 30 127 0 0 0 70 0 0 0 0
127 34 0 53 99 83 0 0 0 0 32 0 0 21 0 40 0 0 127 88 0 0 0 0 0 0 0 0
16 16 0 0 0 0 0 0 127 51 0;
egregore_data 90 89 0 10 11 0 127 0 0 0 0 0 0 0 0 127 38 1 0 0 0 0
0 0 0 0 0 6 0 127 0 0 0 127 78 0 0 0 127 0 0 30 127 0 0 0 70 0 0 0
0 127 34 0 53 99 83 0 0 0 0 32 0 0 21 0 40 0 0 127 88 0 0 0 0 0 0 0
0 16 16 0 0 0 0 0 0 127 51 0;
egregore_data 90 89 0 11 13 0 127 0 0 0 0 0 0 0 0 127 38 1 0 0 0 0
0 0 0 0 0 6 0 127 0 0 0 127 78 0 0 0 127 0 0 30 127 0 0 0 70 0 0 0
0 127 34 0 53 99 83 0 0 0 0 32 0 0 21 0 40 0 0 127 88 0 0 0 0 0 0 0
0 16 16 0 0 0 0 0 0 127 51 0;
egregore_data 90 89 0 11 13 0 127 0 0 0 0 0 0 0 0 127 38 1 0 0 0 0
0 0 0 0 0 6 0 127 0 0 0 127 78 0 0 0 127 0 0 30 127 0 0 0 70 0 0 0
0 127 34 0 53 99 83 0 0 0 0 32 0 0 21 0 40 0 0 127 88 0 0 0 0 0 0 0
0 16 16 0 0 0 0 0 0 127 51 0;
egregore_data 91 89 0 11 13 0 127 0 0 0 0 0 0 0 0 127 38 1 0 0 0 0
0 0 0 0 0 6 0 127 0 0 0 127 78 0 0 0 127 0 0 30 127 0 0 0 70 0 0 0
0 127 34 0 53 99 83 0 0 0 0 32 0 0 21 0 40 0 0 127 88 0 0 0 0 0 0 0
0 16 16 0 0 0 0 0 0 127 51 0;
egregore_data 91 89 0 11 13 0 127 0 0 0 0 0 0 0 0 127 38 1 0 0 0 0
0 0 0 0 0 6 0 127 0 0 0 127 78 0 0 0 127 0 0 30 127 0 0 0 70 0 0 0
0 127 34 0 53 99 83 0 0 0 0 32 0 0 21 0 40 0 0 127 88 0 0 0 0 0 0 0
0 16 16 0 0 0 0 0 0 127 51 0;
egregore_data 91 89 0 11 14 0 127 0 0 0 0 0 0 0 0 127 38 1 0 0 0 0
0 0 0 0 0 6 0 127 0 0 0 127 78 0 0 0 127 0 0 30 127 0 0 0 70 0 0 0
0 127 34 0 53 99 83 0 0 0 0 32 0 0 21 0 40 0 0 127 88 0 0 0 0 0 0 0
0 16 16 0 0 0 0 0 0 127 51 0;
egregore_data 91 89 0 13 14 0 127 0 0 0 0 0 0 0 0 127 38 1 0 0 0 0
0 0 0 0 0 6 0 127 0 0 0 127 78 0 0 0 127 0 0 30 127 0 0 0 70 0 0 0
0 127 34 0 53 99 83 0 0 0 0 32 0 0 21 0 40 0 0 127 88 0 0 0 0 0 0 0
0 16 16 0 0 0 0 0 0 127 51 0;
egregore_data 91 90 0 13 14 0 127 0 0 0 0 0 0 0 0 127 38 1 0 0 0 0
0 0 0 0 0 6 0 127 0 0 0 127 78 0 0 0 127 0 0 30 127 0 0 0 70 0 0 0
0 127 34 0 53 99 83 0 0 0 0 32 0 0 21 0 40 0 0 127 88 0 0 0 0 0 0 0
0 16 16 0 0 0 0 0 0 127 51 0;
egregore_data 91 90 0 13 14 0 127 0 0 0 0 0 0 0 0 127 38 1 0 0 0 0
0 0 0 0 0 6 0 127 0 0 0 127 78 0 0 0 127 0 0 30 127 0 0 0 70 0 0 0
0 127 34 0 53 99 83 0 0 0 0 32 0 0 21 0 40 0 0 127 88 0 0 0 0 0 0 0
0 16 16 0 0 0 0 0 0 127 51 0;
egregore_data 92 90 0 14 15 0 127 0 0 0 0 0 0 0 0 127 38 1 0 0 0 0
0 0 0 0 0 6 0 127 0 0 0 127 78 0 0 0 127 0 0 30 127 0 0 0 70 0 0 0
0 127 34 0 53 99 83 0 0 0 0 32 0 0 21 0 40 0 0 127 88 0 0 0 0 0 0 0
0 16 16 0 0 0 0 0 0 127 51 0;
egregore_data 92 90 0 14 15 0 127 0 0 0 0 0 0 0 0 127 38 1 0 0 0 0
0 0 0 0 0 6 0 127 0 0 0 127 78 0 0 0 127 0 0 30 127 0 0 0 70 0 0 0
0 127 34 0 53 99 83 0 0 0 0 32 0 0 21 0 40 0 0 127 88 0 0 0 0 0 0 0
0 16 16 0 0 0 0 0 0 127 51 0;
egregore_data 92 90 0 15 16 0 127 0 0 0 0 0 0 0 0 127 38 1 0 0 0 0
0 0 0 0 0 6 0 127 0 0 0 127 78 0 0 0 127 0 0 30 127 0 0 0 70 0 0 0
0 127 34 0 53 99 83 0 0 0 0 32 0 0 21 0 40 0 0 127 88 0 0 0 0 0 0 0
0 16 16 0 0 0 0 0 0 127 51 0;
egregore_data 92 90 0 15 16 0 127 0 0 0 0 0 0 0 0 127 38 1 0 0 0 0
0 0 0 0 0 6 0 127 0 0 0 127 78 0 0 0 127 0 0 30 127 0 0 0 70 0 0 0
0 127 34 0 53 99 83 0 0 0 0 32 0 0 21 0 40 0 0 127 88 0 0 0 0 0 0 0
0 16 16 0 0 0 0 0 0 127 51 0;
egregore_data 92 90 0 15 16 0 127 0 0 0 0 0 0 0 0 127 38 1 0 0 0 0
0 0 0 0 0 6 0 127 0 0 0 127 78 0 0 0 127 0 0 30 127 0 0 0 70 0 0 0
0 127 34 0 53 99 83 0 0 0 0 32 0 0 21 0 40 0 0 127 88 0 0 0 0 0 0 0
0 16 16 0 0 0 0 0 0 127 51 0;
egregore_data 92 90 0 15 16 0 127 0 0 0 0 0 0 0 0 127 38 1 0 0 0 0
0 0 0 0 0 6 0 127 0 0 0 127 78 0 0 0 127 0 0 30 127 0 0 0 70 0 0 0
0 127 34 0 53 99 83 0 0 0 0 32 0 0 21 0 40 0 0 127 88 0 0 0 0 0 0 0
0 16 16 0 0 0 0 0 0 127 51 0;
egregore_data 92 90 0 15 16 0 127 0 0 0 0 0 0 0 0 127 38 1 0 0 0 0
0 0 0 0 0 6 0 127 0 0 0 127 78 0 0 0 127 0 0 30 127 0 0 0 70 0 0 0
0 127 34 0 53 99 83 0 0 0 0 32 0 0 21 0 40 0 0 127 88 0 0 0 0 0 0 0
0 16 16 0 0 0 0 0 0 127 51 0;
egregore_data 92 90 0 15 16 0 127 0 0 0 0 0 0 0 0 127 38 1 0 0 0 0
0 0 0 0 0 6 0 127 0 0 0 127 78 0 0 0 127 0 0 30 127 0 0 0 70 0 0 0
0 127 34 0 53 99 83 0 0 0 0 32 0 0 21 0 40 0 0 127 88 0 0 0 0 0 0 0
0 16 16 0 0 0 0 0 0 127 51 0;
egregore_data 92 90 0 15 16 0 127 0 0 0 0 0 0 0 0 127 38 1 0 0 0 0
0 0 0 0 0 6 0 127 0 0 0 127 78 0 0 0 127 0 0 30 127 0 0 0 70 0 0 0
0 127 34 0 53 99 83 0 0 0 0 32 0 0 21 0 40 0 0 127 88 0 0 0 0 0 0 0
0 16 16 0 0 0 0 0 0 127 51 0;
egregore_data 92 90 0 15 16 0 127 0 0 0 0 0 0 0 0 127 38 1 0 0 0 0
0 0 0 0 0 6 0 127 0 0 0 127 78 0 0 0 127 0 0 30 127 0 0 0 70 0 0 0
0 127 34 0 53 99 83 0 0 0 0 32 0 0 21 0 40 0 0 127 88 0 0 0 0 0 0 0
0 16 16 0 0 0 0 0 0 127 51 0;
egregore_data 94 91 0 15 16 0 127 0 0 0 0 0 0 0 0 127 38 1 0 0 0 0
0 0 0 0 0 6 0 127 0 0 0 127 78 0 0 0 127 0 0 30 127 0 0 0 70 0 0 0
0 127 34 0 53 99 83 0 0 0 0 32 0 0 21 0 40 0 0 127 88 0 0 0 0 0 0 0
0 16 16 0 0 0 0 0 0 127 51 0;
egregore_data 94 92 0 15 16 0 127 0 0 0 0 0 0 0 0 127 38 1 0 0 0 0
0 0 0 0 0 6 0 127 0 0 0 127 78 0 0 0 127 0 0 30 127 0 0 0 70 0 0 0
0 127 34 0 53 99 83 0 0 0 0 32 0 0 21 0 40 0 0 127 88 0 0 0 0 0 0 0
0 16 16 0 0 0 0 0 0 127 51 0;
egregore_data 97 93 0 16 17 0 127 0 0 0 0 0 0 0 0 127 38 1 0 0 0 0
0 0 0 0 0 6 0 127 0 0 0 127 78 0 0 0 127 0 0 30 127 0 0 0 70 0 0 0
0 127 34 0 53 99 83 0 0 0 0 32 0 0 21 0 40 0 0 127 88 0 0 0 0 0 0 0
0 16 16 0 0 0 0 0 0 127 51 0;
egregore_data 97 93 0 17 20 0 127 0 0 0 0 0 0 0 0 127 38 1 0 0 0 0
0 0 0 0 0 6 0 127 0 0 0 127 78 0 0 0 127 0 0 30 127 0 0 0 70 0 0 0
0 127 34 0 53 99 83 0 0 0 0 32 0 0 21 0 40 0 0 127 88 0 0 0 0 0 0 0
0 16 16 0 0 0 0 0 0 127 51 0;
egregore_data 97 93 0 17 20 0 127 0 0 0 0 0 0 0 0 127 38 1 0 0 0 0
0 0 0 0 0 6 0 127 0 0 0 127 78 0 0 0 127 0 0 30 127 0 0 0 70 0 0 0
0 127 34 0 53 99 83 0 0 0 0 32 0 0 21 0 40 0 0 127 88 0 0 0 0 0 0 0
0 16 16 0 0 0 0 0 0 127 51 0;
egregore_data 97 93 0 17 20 0 127 0 0 0 0 0 0 0 0 127 38 1 0 0 0 0
0 0 0 0 0 6 0 127 0 0 0 127 78 0 0 0 127 0 0 30 127 0 0 0 70 0 0 0
0 127 34 0 53 99 83 0 0 0 0 32 0 0 21 0 40 0 0 127 88 0 0 0 0 0 0 0
0 16 16 0 0 0 0 0 0 127 51 0;
egregore_data 97 93 0 17 20 0 127 0 0 0 0 0 0 0 0 127 38 1 0 0 0 0
0 0 0 0 0 6 0 127 0 0 0 127 78 0 0 0 127 0 0 30 127 0 0 0 70 0 0 0
0 127 34 0 53 99 83 0 0 0 0 32 0 0 21 0 40 0 0 127 88 0 0 0 0 0 0 0
0 16 16 0 0 0 0 0 0 127 51 0;
egregore_data 97 93 0 17 20 0 127 0 0 0 0 0 0 0 0 127 38 1 0 0 0 0
0 0 0 0 0 6 0 127 0 0 0 127 78 0 0 0 127 0 0 30 127 0 0 0 70 0 0 0
0 127 34 0 53 99 83 0 0 0 0 32 0 0 21 0 40 0 0 127 88 0 0 0 0 0 0 0
0 16 16 0 0 0 0 0 0 127 51 0;
egregore_data 97 93 0 17 20 0 127 0 0 0 0 0 0 0 0 127 38 1 0 0 0 0
0 0 0 0 0 6 0 127 0 0 0 127 78 0 0 0 127 0 0 30 127 0 0 0 70 0 0 0
0 127 34 0 53 99 83 0 0 0 0 32 0 0 21 0 40 0 0 127 88 0 0 0 0 0 0 0
0 16 16 0 0 0 0 0 0 127 51 0;
egregore_data 97 93 0 17 20 0 127 0 0 0 0 0 0 0 0 127 38 1 0 0 0 0
0 0 0 0 0 6 0 127 0 0 0 127 78 0 0 0 127 0 0 30 127 0 0 0 70 0 0 0
0 127 34 0 53 99 83 0 0 0 0 32 0 0 21 0 40 0 0 127 88 0 0 0 0 0 0 0
0 16 16 0 0 0 0 0 0 127 51 0;
egregore_data 97 93 0 17 20 0 127 0 0 0 0 0 0 0 0 127 38 1 0 0 0 0
0 0 0 0 0 6 0 127 0 0 0 127 78 0 0 0 127 0 0 30 127 0 0 0 70 0 0 0
0 127 34 0 53 99 83 0 0 0 0 32 0 0 21 0 40 0 0 127 88 0 0 0 0 0 0 0
0 16 16 0 0 0 0 0 0 127 51 0;
egregore_data 97 93 0 17 20 0 127 0 0 0 0 0 0 0 0 127 38 1 0 0 0 0
0 0 0 0 0 6 0 127 0 0 0 127 78 0 0 0 127 0 0 30 127 0 0 0 70 0 0 0
0 127 34 0 53 99 83 0 0 0 0 32 0 0 21 0 40 0 0 127 88 0 0 0 0 0 0 0
0 16 16 0 0 0 0 0 0 127 51 0;
egregore_data 97 93 0 21 21 0 127 0 0 0 0 0 0 0 0 127 38 1 0 0 0 0
0 0 0 0 0 6 0 127 0 0 0 127 78 0 0 0 127 0 0 30 127 0 0 0 70 0 0 0
0 127 34 0 53 99 83 0 0 0 0 32 0 0 21 0 40 0 0 127 88 0 0 0 0 0 0 0
0 16 16 0 0 0 0 0 0 127 51 0;
egregore_data 97 93 0 21 22 0 127 0 0 0 0 0 0 0 0 127 38 1 0 0 0 0
0 0 0 0 0 6 0 127 0 0 0 127 78 0 0 0 127 0 0 30 127 0 0 0 70 0 0 0
0 127 34 0 53 99 83 0 0 0 0 32 0 0 21 0 40 0 0 127 88 0 0 0 0 0 0 0
0 16 16 0 0 0 0 0 0 127 51 0;
egregore_data 98 93 0 21 22 0 127 0 0 0 0 0 0 0 0 127 38 1 0 0 0 0
0 0 0 0 0 6 0 127 0 0 0 127 78 0 0 0 127 0 0 30 127 0 0 0 70 0 0 0
0 127 34 0 53 99 83 0 0 0 0 32 0 0 21 0 40 0 0 127 88 0 0 0 0 0 0 0
0 16 16 0 0 0 0 0 0 127 51 0;
egregore_data 98 93 0 21 22 0 127 0 0 0 0 0 0 0 0 127 38 1 0 0 0 0
0 0 0 0 0 6 0 127 0 0 0 127 78 0 0 0 127 0 0 30 127 0 0 0 70 0 0 0
0 127 34 0 53 99 83 0 0 0 0 32 0 0 21 0 40 0 0 127 88 0 0 0 0 0 0 0
0 16 16 0 0 0 0 0 0 127 51 0;
egregore_data 98 93 0 21 22 0 127 0 0 0 0 0 0 0 0 127 38 1 0 0 0 0
0 0 0 0 0 6 0 127 0 0 0 127 78 0 0 0 127 0 0 30 127 0 0 0 70 0 0 0
0 127 34 0 53 99 83 0 0 0 0 32 0 0 21 0 40 0 0 127 88 0 0 0 0 0 0 0
0 16 16 0 0 0 0 0 0 127 51 0;
egregore_data 98 93 0 21 22 0 127 0 0 0 0 0 0 0 0 127 38 1 0 0 0 0
0 0 0 0 0 6 0 127 0 0 0 127 78 0 0 0 127 0 0 30 127 0 0 0 70 0 0 0
0 127 34 0 53 99 83 0 0 0 0 32 0 0 21 0 40 0 0 127 88 0 0 0 0 0 0 0
0 16 16 0 0 0 0 0 0 127 51 0;
egregore_data 99 93 0 22 23 0 127 0 0 0 0 0 0 0 0 127 38 1 0 0 0 0
0 0 0 0 0 6 0 127 0 0 0 127 78 0 0 0 127 0 0 30 127 0 0 0 70 0 0 0
0 127 34 0 53 99 83 0 0 0 0 32 0 0 21 0 40 0 0 127 88 0 0 0 0 0 0 0
0 16 16 0 0 0 0 0 0 127 51 0;
egregore_data 99 93 0 22 23 0 127 0 0 0 0 0 0 0 0 127 38 1 0 0 0 0
0 0 0 0 0 6 0 127 0 0 0 127 78 0 0 0 127 0 0 30 127 0 0 0 70 0 0 0
0 127 34 0 53 99 83 0 0 0 0 32 0 0 21 0 40 0 0 127 88 0 0 0 0 0 0 0
0 16 16 0 0 0 0 0 0 127 51 0;
egregore_data 99 93 0 22 24 0 127 0 0 0 0 0 0 0 0 127 38 1 0 0 0 0
0 0 0 0 0 6 0 127 0 0 0 127 78 0 0 0 127 0 0 30 127 0 0 0 70 0 0 0
0 127 34 0 53 99 83 0 0 0 0 32 0 0 21 0 40 0 0 127 88 0 0 0 0 0 0 0
0 16 16 0 0 0 0 0 0 127 51 0;
egregore_data 100 96 0 24 26 0 127 0 0 0 0 0 0 0 0 127 38 1 0 0 0 0
0 0 0 0 0 6 0 127 0 0 0 127 78 0 0 0 127 0 0 30 127 0 0 0 70 0 0 0
0 127 34 0 53 99 83 0 0 0 0 32 0 0 21 0 40 0 0 127 88 0 0 0 0 0 0 0
0 16 16 0 0 0 0 0 0 127 51 0;
egregore_data 100 96 0 27 28 0 127 0 0 0 0 0 0 0 0 127 38 1 0 0 0 0
0 0 0 0 0 6 0 127 0 0 0 127 78 0 0 0 127 0 0 30 127 0 0 0 70 0 0 0
0 127 34 0 53 99 83 0 0 0 0 32 0 0 21 0 40 0 0 127 88 0 0 0 0 0 0 0
0 16 16 0 0 0 0 0 0 127 51 0;
egregore_data 100 97 0 27 28 0 127 0 0 0 0 0 0 0 0 127 38 1 0 0 0 0
0 0 0 0 0 6 0 127 0 0 0 127 78 0 0 0 127 0 0 30 127 0 0 0 70 0 0 0
0 127 34 0 53 99 83 0 0 0 0 32 0 0 21 0 40 0 0 127 88 0 0 0 0 0 0 0
0 16 16 0 0 0 0 0 0 127 51 0;
egregore_data 100 97 0 27 28 0 127 0 0 0 0 0 0 0 0 127 38 1 0 0 0 0
0 0 0 0 0 6 0 127 0 0 0 127 78 0 0 0 127 0 0 30 127 0 0 0 70 0 0 0
0 127 34 0 53 99 83 0 0 0 0 32 0 0 21 0 40 0 0 127 88 0 0 0 0 0 0 0
0 16 16 0 0 0 0 0 0 127 51 0;
egregore_data 100 97 0 27 28 0 127 0 0 0 0 0 0 0 0 127 38 1 0 0 0 0
0 0 0 0 0 6 0 127 0 0 0 127 78 0 0 0 127 0 0 30 127 0 0 0 70 0 0 0
0 127 34 0 53 99 83 0 0 0 0 32 0 0 21 0 40 0 0 127 88 0 0 0 0 0 0 0
0 16 16 0 0 0 0 0 0 127 51 0;
egregore_data 100 97 0 27 28 0 127 0 0 0 0 0 0 0 0 127 38 1 0 0 0 0
0 0 0 0 0 6 0 127 0 0 0 127 78 0 0 0 127 0 0 30 127 0 0 0 70 0 0 0
0 127 34 0 53 99 83 0 0 0 0 32 0 0 21 0 40 0 0 127 88 0 0 0 0 0 0 0
0 16 16 0 0 0 0 0 0 127 51 0;
egregore_data 102 97 0 28 29 0 127 0 0 0 0 0 0 0 0 127 38 1 0 0 0 0
0 0 0 0 0 6 0 127 0 0 0 127 78 0 0 0 127 0 0 30 127 0 0 0 70 0 0 0
0 127 34 0 53 99 83 0 0 0 0 32 0 0 21 0 40 0 0 127 88 0 0 0 0 0 0 0
0 16 16 0 0 0 0 0 0 127 51 0;
egregore_data 102 97 0 28 30 0 127 0 0 0 0 0 0 0 0 127 38 1 0 0 0 0
0 0 0 0 0 6 0 127 0 0 0 127 78 0 0 0 127 0 0 30 127 0 0 0 70 0 0 0
0 127 34 0 53 99 83 0 0 0 0 32 0 0 21 0 40 0 0 127 88 0 0 0 0 0 0 0
0 16 16 0 0 0 0 0 0 127 51 0;
egregore_data 102 97 0 28 30 0 127 0 0 0 0 0 0 0 0 127 38 1 0 0 0 0
0 0 0 0 0 6 0 127 0 0 0 127 78 0 0 0 127 0 0 30 127 0 0 0 70 0 0 0
0 127 34 0 53 99 83 0 0 0 0 32 0 0 21 0 40 0 0 127 88 0 0 0 0 0 0 0
0 16 16 0 0 0 0 0 0 127 51 0;
egregore_data 102 97 0 28 30 0 127 0 0 0 0 0 0 0 0 127 38 1 0 0 0 0
0 0 0 0 0 6 0 127 0 0 0 127 78 0 0 0 127 0 0 30 127 0 0 0 70 0 0 0
0 127 34 0 53 99 83 0 0 0 0 32 0 0 21 0 40 0 0 127 88 0 0 0 0 0 0 0
0 16 16 0 0 0 0 0 0 127 51 0;
egregore_data 102 97 0 28 30 0 127 0 0 0 0 0 0 0 0 127 38 1 0 0 0 0
0 0 0 0 0 6 0 127 0 0 0 127 78 0 0 0 127 0 0 30 127 0 0 0 70 0 0 0
0 127 34 0 53 99 83 0 0 0 0 32 0 0 21 0 40 0 0 127 88 0 0 0 0 0 0 0
0 16 16 0 0 0 0 0 0 127 51 0;
egregore_data 102 97 0 28 30 0 127 0 0 0 0 0 0 0 0 127 38 1 0 0 0 0
0 0 0 0 0 6 0 127 0 0 0 127 78 0 0 0 127 0 0 30 127 0 0 0 70 0 0 0
0 127 34 0 53 99 83 0 0 0 0 32 0 0 21 0 40 0 0 127 88 0 0 0 0 0 0 0
0 16 16 0 0 0 0 0 0 127 51 0;
egregore_data 102 97 0 28 30 0 127 0 0 0 0 0 0 0 0 127 38 1 0 0 0 0
0 0 0 0 0 6 0 127 0 0 0 127 78 0 0 0 127 0 0 30 127 0 0 0 70 0 0 0
0 127 34 0 53 99 83 0 0 0 0 32 0 0 21 0 40 0 0 127 88 0 0 0 0 0 0 0
0 16 16 0 0 0 0 0 0 127 51 0;
egregore_data 102 97 0 28 30 0 127 0 0 0 0 0 0 0 0 127 38 1 0 0 0 0
0 0 0 0 0 6 0 127 0 0 0 127 78 0 0 0 127 0 0 30 127 0 0 0 70 0 0 0
0 127 34 0 53 99 83 0 0 0 0 32 0 0 21 0 40 0 0 127 88 0 0 0 0 0 0 0
0 16 16 0 0 0 0 0 0 127 51 0;
egregore_data 102 97 0 28 30 0 127 0 0 0 0 0 0 0 0 127 38 1 0 0 0 0
0 0 0 0 0 6 0 127 0 0 0 127 78 0 0 0 127 0 0 30 127 0 0 0 70 0 0 0
0 127 34 0 53 99 83 0 0 0 0 32 0 0 21 0 40 0 0 127 88 0 0 0 0 0 0 0
0 16 16 0 0 0 0 0 0 127 51 0;
egregore_data 102 97 0 28 30 0 127 0 0 0 0 0 0 0 0 127 38 1 0 0 0 0
0 0 0 0 0 6 0 127 0 0 0 127 78 0 0 0 127 0 0 30 127 0 0 0 70 0 0 0
0 127 34 0 53 99 83 0 0 0 0 32 0 0 21 0 40 0 0 127 88 0 0 0 0 0 0 0
0 16 16 0 0 0 0 0 0 127 51 0;
egregore_data 100 97 0 28 30 0 127 0 0 0 0 0 0 0 0 127 38 1 0 0 0 0
0 0 0 0 0 6 0 127 0 0 0 127 78 0 0 0 127 0 0 30 127 0 0 0 70 0 0 0
0 127 34 0 53 99 83 0 0 0 0 32 0 0 21 0 40 0 0 127 88 0 0 0 0 0 0 0
0 16 16 0 0 0 0 0 0 127 51 0;
egregore_data 102 98 0 29 30 0 127 0 0 0 0 0 0 0 0 127 38 1 0 0 0 0
0 0 0 0 0 6 0 127 0 0 0 127 78 0 0 0 127 0 0 30 127 0 0 0 70 0 0 0
0 127 34 0 53 99 83 0 0 0 0 32 0 0 21 0 40 0 0 127 88 0 0 0 0 0 0 0
0 16 16 0 0 0 0 0 0 127 51 0;
egregore_data 102 98 0 29 30 0 127 0 0 0 0 0 0 0 0 127 38 1 0 0 0 0
0 0 0 0 0 6 0 127 0 0 0 127 78 0 0 0 127 0 0 30 127 0 0 0 70 0 0 0
0 127 34 0 53 99 83 0 0 0 0 32 0 0 21 0 40 0 0 127 88 0 0 0 0 0 0 0
0 16 16 0 0 0 0 0 0 127 51 0;
egregore_data 103 99 0 29 30 0 127 0 0 0 0 0 0 0 0 127 38 1 0 0 0 0
0 0 0 0 0 6 0 127 0 0 0 127 78 0 0 0 127 0 0 30 127 0 0 0 70 0 0 0
0 127 34 0 53 99 83 0 0 0 0 32 0 0 21 0 40 0 0 127 88 0 0 0 0 0 0 0
0 16 16 0 0 0 0 0 0 127 51 0;
egregore_data 104 99 0 30 32 0 127 0 0 0 0 0 0 0 0 127 38 1 0 0 0 0
0 0 0 0 0 6 0 127 0 0 0 127 78 0 0 0 127 0 0 30 127 0 0 0 70 0 0 0
0 127 34 0 53 99 83 0 0 0 0 32 0 0 21 0 40 0 0 127 88 0 0 0 0 0 0 0
0 16 16 0 0 0 0 0 0 127 51 0;
egregore_data 104 99 0 30 32 0 127 0 0 0 0 0 0 0 0 127 38 1 0 0 0 0
0 0 0 0 0 6 0 127 0 0 0 127 78 0 0 0 127 0 0 30 127 0 0 0 70 0 0 0
0 127 34 0 53 99 83 0 0 0 0 32 0 0 21 0 40 0 0 127 88 0 0 0 0 0 0 0
0 16 16 0 0 0 0 0 0 127 51 0;
egregore_data 104 99 0 32 33 0 127 0 0 0 0 0 0 0 0 127 38 1 0 0 0 0
0 0 0 0 0 6 0 127 0 0 0 127 78 0 0 0 127 0 0 30 127 0 0 0 70 0 0 0
0 127 34 0 53 99 83 0 0 0 0 32 0 0 21 0 40 0 0 127 88 0 0 0 0 0 0 0
0 16 16 0 0 0 0 0 0 127 51 0;
egregore_data 105 100 0 32 33 0 127 0 0 0 0 0 0 0 0 127 38 1 0 0 0
0 0 0 0 0 0 6 0 127 0 0 0 127 78 0 0 0 127 0 0 30 127 0 0 0 70 0 0
0 0 127 34 0 53 99 83 0 0 0 0 32 0 0 21 0 40 0 0 127 88 0 0 0 0 0 0
0 0 16 16 0 0 0 0 0 0 127 51 0;
egregore_data 105 100 0 32 33 0 127 0 0 0 0 0 0 0 0 127 38 1 0 0 0
0 0 0 0 0 0 6 0 127 0 0 0 127 78 0 0 0 127 0 0 30 127 0 0 0 70 0 0
0 0 127 34 0 53 99 83 0 0 0 0 32 0 0 21 0 40 0 0 127 88 0 0 0 0 0 0
0 0 16 16 0 0 0 0 0 0 127 51 0;
egregore_data 105 100 0 32 33 0 127 0 0 0 0 0 0 0 0 127 38 1 0 0 0
0 0 0 0 0 0 6 0 127 0 0 0 127 78 0 0 0 127 0 0 30 127 0 0 0 70 0 0
0 0 127 34 0 53 99 83 0 0 0 0 32 0 0 21 0 40 0 0 127 88 0 0 0 0 0 0
0 0 16 16 0 0 0 0 0 0 127 51 0;
egregore_data 105 100 0 32 33 0 127 0 0 0 0 0 0 0 0 127 38 1 0 0 0
0 0 0 0 0 0 6 0 127 0 0 0 127 78 0 0 0 127 0 0 30 127 0 0 0 70 0 0
0 0 127 34 0 53 99 83 0 0 0 0 32 0 0 21 0 40 0 0 127 88 0 0 0 0 0 0
0 0 16 16 0 0 0 0 0 0 127 51 0;
egregore_data 105 100 0 32 33 0 127 0 0 0 0 0 0 0 0 127 38 1 0 0 0
0 0 0 0 0 0 6 0 127 0 0 0 127 78 0 0 0 127 0 0 30 127 0 0 0 70 0 0
0 0 127 34 0 53 99 83 0 0 0 0 32 0 0 21 0 40 0 0 127 88 0 0 0 0 0 0
0 0 16 16 0 0 0 0 0 0 127 51 0;
egregore_data 105 100 0 33 34 0 127 0 0 0 0 0 0 0 0 127 38 1 0 0 0
0 0 0 0 0 0 6 0 127 0 0 0 127 78 0 0 0 127 0 0 30 127 0 0 0 70 0 0
0 0 127 34 0 53 99 83 0 0 0 0 32 0 0 21 0 40 0 0 127 88 0 0 0 0 0 0
0 0 16 16 0 0 0 0 0 0 127 51 0;
egregore_data 105 100 0 34 35 0 127 0 0 0 0 0 0 0 0 127 38 1 0 0 0
0 0 0 0 0 0 6 0 127 0 0 0 127 78 0 0 0 127 0 0 30 127 0 0 0 70 0 0
0 0 127 34 0 53 99 83 0 0 0 0 32 0 0 21 0 40 0 0 127 88 0 0 0 0 0 0
0 0 16 16 0 0 0 0 0 0 127 51 0;
egregore_data 105 100 0 35 35 0 127 0 0 0 0 0 0 0 0 127 38 1 0 0 0
0 0 0 0 0 0 6 0 127 0 0 0 127 78 0 0 0 127 0 0 30 127 0 0 0 70 0 0
0 0 127 34 0 53 99 83 0 0 0 0 32 0 0 21 0 40 0 0 127 88 0 0 0 0 0 0
0 0 16 16 0 0 0 0 0 0 127 51 0;
egregore_data 105 100 0 35 36 0 127 0 0 0 0 0 0 0 0 127 38 1 0 0 0
0 0 0 0 0 0 6 0 127 0 0 0 127 78 0 0 0 127 0 0 30 127 0 0 0 70 0 0
0 0 127 34 0 53 99 83 0 0 0 0 32 0 0 21 0 40 0 0 127 88 0 0 0 0 0 0
0 0 16 16 0 0 0 0 0 0 127 51 0;
egregore_data 105 100 0 35 36 0 127 0 0 0 0 0 0 0 0 127 38 1 0 0 0
0 0 0 0 0 0 6 0 127 0 0 0 127 78 0 0 0 127 0 0 30 127 0 0 0 70 0 0
0 0 127 34 0 53 99 83 0 0 0 0 32 0 0 21 0 40 0 0 127 88 0 0 0 0 0 0
0 0 16 16 0 0 0 0 0 0 127 51 0;
egregore_data 105 100 0 35 36 0 127 0 0 0 0 0 0 0 0 127 38 1 0 0 0
0 0 0 0 0 0 6 0 127 0 0 0 127 78 0 0 0 127 0 0 30 127 0 0 0 70 0 0
0 0 127 34 0 53 99 83 0 0 0 0 32 0 0 21 0 40 0 0 127 88 0 0 0 0 0 0
0 0 16 16 0 0 0 0 0 0 127 51 0;
egregore_data 105 100 0 36 36 0 127 0 0 0 0 0 0 0 0 127 38 1 0 0 0
0 0 0 0 0 0 6 0 127 0 0 0 127 78 0 0 0 127 0 0 30 127 0 0 0 70 0 0
0 0 127 34 0 53 99 83 0 0 0 0 32 0 0 21 0 40 0 0 127 88 0 0 0 0 0 0
0 0 16 16 0 0 0 0 0 0 127 51 0;
egregore_data 105 100 0 36 36 0 127 0 0 0 0 0 0 0 0 127 38 1 0 0 0
0 0 0 0 0 0 6 0 127 0 0 0 127 78 0 0 0 127 0 0 30 127 0 0 0 70 0 0
0 0 127 34 0 53 99 83 0 0 0 0 32 0 0 21 0 40 0 0 127 88 0 0 0 0 0 0
0 0 16 16 0 0 0 0 0 0 127 51 0;
egregore_data 105 100 0 36 36 0 127 0 0 0 0 0 0 0 0 127 38 1 0 0 0
0 0 0 0 0 0 6 0 127 0 0 0 127 78 0 0 0 127 0 0 30 127 0 0 0 70 0 0
0 0 127 34 0 53 99 83 0 0 0 0 32 0 0 21 0 40 0 0 127 88 0 0 0 0 0 0
0 0 16 16 0 0 0 0 0 0 127 51 0;
egregore_data 105 100 0 36 36 0 127 0 0 0 0 0 0 0 0 127 38 1 0 0 0
0 0 0 0 0 0 6 0 127 0 0 0 127 78 0 0 0 127 0 0 30 127 0 0 0 70 0 0
0 0 127 34 0 53 99 83 0 0 0 0 32 0 0 21 0 40 0 0 127 88 0 0 0 0 0 0
0 0 16 16 0 0 0 0 0 0 127 51 0;
egregore_data 105 100 0 36 36 0 127 0 0 0 0 0 0 0 0 127 38 1 0 0 0
0 0 0 0 0 0 6 0 127 0 0 0 127 78 0 0 0 127 0 0 30 127 0 0 0 70 0 0
0 0 127 34 0 53 99 83 0 0 0 0 32 0 0 21 0 40 0 0 127 88 0 0 0 0 0 0
0 0 16 16 0 0 0 0 0 0 127 51 0;
egregore_data 105 100 0 36 36 0 127 0 0 0 0 0 0 0 0 127 38 1 0 0 0
0 0 0 0 0 0 6 0 127 0 0 0 127 78 0 0 0 127 0 0 30 127 0 0 0 70 0 0
0 0 127 34 0 53 99 83 0 0 0 0 32 0 0 21 0 40 0 0 127 88 0 0 0 0 0 0
0 0 16 16 0 0 0 0 0 0 127 51 0;
egregore_data 105 100 0 36 36 0 127 0 0 0 0 0 0 0 0 127 38 1 0 0 0
0 0 0 0 0 0 6 0 127 0 0 0 127 78 0 0 0 127 0 0 30 127 0 0 0 70 0 0
0 0 127 34 0 53 99 83 0 0 0 0 32 0 0 21 0 40 0 0 127 88 0 0 0 0 0 0
0 0 16 16 0 0 0 0 0 0 127 51 0;
END;
