HTTP/1.1 200 OK
Date: Thu, 28 May 2015 12:31:10 GMT
Server: Apache
Last-Modified: Wed, 27 May 2015 19:06:42 GMT
Accept-Ranges: bytes
Content-Length: 24341
Vary: Accept-Encoding
Connection: close
Content-Type: text/plain

chdh_egregore_live_data;
egregore_data 45 29 3 0 0 127 0 0 0 0 0 0 0 0 0 127 38 1 0 57.6772
0 0 0 0 0 0 0 0 80 111 0 0 63.8386 127 78 1 0 0 127 0 0 30 127 0 0
0 70 0 0 0 0 127 34 0 53 99 83 0 0 0 0 32 0 0 21 0 40 0 0 127 88 0
0 0 0 0 0 0 0 16 16 0 0 0 0 0 0 127 51 0;
egregore_data 45 29 3 0 0 127 0 0 0 0 0 0 0 0 0 127 38 1 0 58.3465
0 0 0 0 0 0 0 0 80 111 0 0 64.1732 127 78 1 0 0 127 0 0 30 127 0 0
0 70 0 0 0 0 127 34 0 53 99 83 0 0 0 0 32 0 0 21 0 40 0 0 127 88 0
0 0 0 0 0 0 0 16 16 0 0 0 0 0 0 127 51 0;
egregore_data 45 29 3 0 0 127 0 0 0 0 0 0 0 0 0 127 38 1 0 58.6811
0 0 0 0 0 0 0 0 80 111 0 0 64.3405 127 78 1 0 0 127 0 0 30 127 0 0
0 70 0 0 0 0 127 34 0 53 99 83 0 0 0 0 32 0 0 21 0 40 0 0 127 88 0
0 0 0 0 0 0 0 16 16 0 0 0 0 0 0 127 51 0;
egregore_data 45 29 3 0 0 127 0 0 0 0 0 0 0 0 0 127 38 1 0 58.6811
0 0 0 0 0 0 0 0 80 111 0 0 64.3405 127 78 1 0 0 127 0 0 30 127 0 0
0 70 0 0 0 0 127 34 0 53 99 83 0 0 0 0 32 0 0 21 0 40 0 0 127 88 0
0 0 0 0 0 0 0 16 16 0 0 0 0 0 0 127 51 0;
egregore_data 45 29 3 0 0 127 0 0 0 0 0 0 0 0 0 127 38 1 0 58.6811
0 0 0 0 0 0 0 0 80 111 0 0 64.3405 127 78 1 0 0 127 0 0 30 127 0 0
0 70 0 0 0 0 127 34 0 53 99 83 0 0 0 0 32 0 0 21 0 40 0 0 127 88 0
0 0 0 0 0 0 0 16 16 0 0 0 0 0 0 127 51 0;
egregore_data 45 29 3 0 0 127 0 0 0 0 0 0 0 0 0 127 38 1 0 58.6811
0 0 0 0 0 0 0 0 80 111 0 0 64.3405 127 78 1 0 0 127 0 0 30 127 0 0
0 70 0 0 0 0 127 34 0 53 99 83 0 0 0 0 32 0 0 21 0 40 0 0 127 88 0
0 0 0 0 0 0 0 16 16 0 0 0 0 0 0 127 51 0;
egregore_data 45 29 3 0 0 127 0 0 0 0 0 0 0 0 0 127 38 1 0 58.6811
0 0 0 0 0 0 0 0 80 111 0 0 64.3405 127 78 1 0 0 127 0 0 30 127 0 0
0 70 0 0 0 0 127 34 0 53 99 83 0 0 0 0 32 0 0 21 0 40 0 0 127 88 0
0 0 0 0 0 0 0 16 16 0 0 0 0 0 0 127 51 0;
egregore_data 45 29 3 0 0 127 0 0 0 0 0 0 0 0 0 127 38 1 0 58.6811
0 0 0 0 0 0 0 0 80 111 0 0 64.3405 127 78 1 0 0 127 0 0 30 127 0 0
0 70 0 0 0 0 127 34 0 53 99 83 0 0 0 0 32 0 0 21 0 40 0 0 127 88 0
0 0 0 0 0 0 0 16 16 0 0 0 0 0 0 127 51 0;
egregore_data 43 29 3 0 0 127 0 0 0 0 0 0 0 0 0 127 38 1 0 58.6811
0 0 0 0 0 0 0 0 80 111 0 0 64.3405 127 78 1 0 0 127 0 0 30 127 0 0
0 70 0 0 0 0 127 34 0 53 99 83 0 0 0 0 32 0 0 21 0 40 0 0 127 88 0
0 0 0 0 0 0 0 16 16 0 0 0 0 0 0 127 51 0;
egregore_data 43 29 3 0 0 127 0 0 0 0 0 0 0 0 0 127 38 1 0 58.6811
0 0 0 0 0 0 0 0 80 111 0 0 64.3405 127 78 1 0 0 127 0 0 30 127 0 0
0 70 0 0 0 0 127 34 0 53 99 83 0 0 0 0 32 0 0 21 0 40 0 0 127 88 0
0 0 0 0 0 0 0 16 16 0 0 0 0 0 0 127 51 0;
egregore_data 43 29 3 0 0 127 0 0 0 0 0 0 0 0 0 127 38 1 0 58.6811
0 0 0 0 0 0 0 0 80 111 0 0 64.3405 127 78 1 0 0 127 0 0 30 127 0 0
0 70 0 0 0 0 127 34 0 53 99 83 0 0 0 0 32 0 0 21 0 40 0 0 127 88 0
0 0 0 0 0 0 0 16 16 0 0 0 0 0 0 127 51 0;
egregore_data 43 29 3 0 0 127 0 0 0 0 0 0 0 0 0 127 38 1 0 58.6811
0 0 0 0 0 0 0 0 80 111 0 0 64.3405 127 78 1 0 0 127 0 0 30 127 0 0
0 70 0 0 0 0 127 34 0 53 99 83 0 0 0 0 32 0 0 21 0 40 0 0 127 88 0
0 0 0 0 0 0 0 16 16 0 0 0 0 0 0 127 51 0;
egregore_data 42 29 3 0 0 127 0 0 0 0 0 0 0 0 0 127 38 1 0 58.6811
0 0 0 0 0 0 0 0 80 111 0 0 64.3405 127 78 1 0 0 127 0 0 30 127 0 0
0 70 0 0 0 0 127 34 0 53 99 83 0 0 0 0 32 0 0 21 0 40 0 0 127 88 0
0 0 0 0 0 0 0 16 16 0 0 0 0 0 0 127 51 0;
egregore_data 42 29 3 0 0 127 0 0 0 0 0 0 0 0 0 127 38 1 0 58.6811
0 0 0 0 0 0 0 0 80 111 0 0 64.3405 127 78 1 0 0 127 0 0 30 127 0 0
0 70 0 0 0 0 127 34 0 53 99 83 0 0 0 0 32 0 0 21 0 40 0 0 127 88 0
0 0 0 0 0 0 0 16 16 0 0 0 0 0 0 127 51 0;
egregore_data 42 29 3 0 0 127 0 0 0 0 0 0 0 0 0 127 38 1 0 58.6811
0 0 0 0 0 0 0 0 80 111 0 0 64.3405 127 78 1 0 0 127 0 0 30 127 0 0
0 70 0 0 0 0 127 34 0 53 99 83 0 0 0 0 32 0 0 21 0 40 0 0 127 88 0
0 0 0 0 0 0 0 16 16 0 0 0 0 0 0 127 51 0;
egregore_data 42 29 3 0 0 127 0 0 0 0 0 0 0 0 0 127 38 1 0 58.6811
0 0 0 0 0 0 0 0 80 111 0 0 64.3405 127 78 1 0 0 127 0 0 30 127 0 0
0 70 0 0 0 0 127 34 0 53 99 83 0 0 0 0 32 0 0 21 0 40 0 0 127 88 0
0 0 0 0 0 0 0 16 16 0 0 0 0 0 0 127 51 0;
egregore_data 42 29 3 0 0 127 0 0 0 0 0 0 0 0 0 127 38 1 0 58.6811
0 0 0 0 0 0 0 0 80 111 0 0 64.3405 127 78 1 0 0 127 0 0 30 127 0 0
0 70 0 0 0 0 127 34 0 53 99 83 0 0 0 0 32 0 0 21 0 40 0 0 127 88 0
0 0 0 0 0 0 0 16 16 0 0 0 0 0 0 127 51 0;
egregore_data 41 29 3 0 0 127 0 0 0 0 0 0 0 0 0 127 38 1 0 58.6811
0 0 0 0 0 0 0 0 80 111 0 0 64.3405 127 78 1 0 0 127 0 0 30 127 0 0
0 70 0 0 0 0 127 34 0 53 99 83 0 0 0 0 32 0 0 21 0 40 0 0 127 88 0
0 0 0 0 0 0 0 16 16 0 0 0 0 0 0 127 51 0;
egregore_data 41 29 3 0 0 127 0 0 0 0 0 0 0 0 0 127 38 1 0 58.6811
0 0 0 0 0 0 0 0 80 111 0 0 64.3405 127 78 1 0 0 127 0 0 30 127 0 0
0 70 0 0 0 0 127 34 0 53 99 83 0 0 0 0 32 0 0 21 0 40 0 0 127 88 0
0 0 0 0 0 0 0 16 16 0 0 0 0 0 0 127 51 0;
egregore_data 40 29 3 0 0 127 0 0 0 0 0 0 0 0 0 127 38 1 0 58.6811
0 0 0 0 0 0 0 0 80 111 0 0 64.3405 127 78 1 0 0 127 0 0 30 127 0 0
0 70 0 0 0 0 127 34 0 53 99 83 0 0 0 0 32 0 0 21 0 40 0 0 127 88 0
0 0 0 0 0 0 0 16 16 0 0 0 0 0 0 127 51 0;
egregore_data 40 28 4 0 0 127 0 0 0 0 0 0 0 0 0 127 38 1 0 58.6811
0 0 0 0 0 0 0 0 80 111 0 0 64.3405 127 78 1 0 0 127 0 0 30 127 0 0
0 70 0 0 0 0 127 34 0 53 99 83 0 0 0 0 32 0 0 21 0 40 0 0 127 88 0
0 0 0 0 0 0 0 16 16 0 0 0 0 0 0 127 51 0;
egregore_data 40 28 4 0 0 127 0 0 0 0 0 0 0 0 0 127 38 1 0 58.6811
0 0 0 0 0 0 0 0 80 111 0 0 64.3405 127 78 1 0 0 127 0 0 30 127 0 0
0 70 0 0 0 0 127 34 0 53 99 83 0 0 0 0 32 0 0 21 0 40 0 0 127 88 0
0 0 0 0 0 0 0 16 16 0 0 0 0 0 0 127 51 0;
egregore_data 40 28 4 0 0 127 0 0 0 0 0 0 0 0 0 127 38 1 0 58.6811
0 0 0 0 0 0 0 0 80 111 0 0 64.3405 127 78 1 0 0 127 0 0 30 127 0 0
0 70 0 0 0 0 127 34 0 53 99 83 0 0 0 0 32 0 0 21 0 40 0 0 127 88 0
0 0 0 0 0 0 0 16 16 0 0 0 0 0 0 127 51 0;
egregore_data 40 28 4 0 0 127 0 0 0 0 0 0 0 0 0 127 38 1 0 58.6811
0 0 0 0 0 0 0 0 80 111 0 0 64.3405 127 78 1 0 0 127 0 0 30 127 0 0
0 70 0 0 0 0 127 34 0 53 99 83 0 0 0 0 32 0 0 21 0 40 0 0 127 88 0
0 0 0 0 0 0 0 16 16 0 0 0 0 0 0 127 51 0;
egregore_data 40 28 4 0 0 127 0 0 0 0 0 0 0 0 0 127 38 1 0 58.6811
0 0 0 0 0 0 0 0 80 111 0 0 64.3405 127 78 1 0 0 127 0 0 30 127 0 0
0 70 0 0 0 0 127 34 0 53 99 83 0 0 0 0 32 0 0 21 0 40 0 0 127 88 0
0 0 0 0 0 0 0 16 16 0 0 0 0 0 0 127 51 0;
egregore_data 40 28 4 0 0 127 0 0 0 0 0 0 0 0 0 127 38 1 0 58.6811
0 0 0 0 0 0 0 0 80 111 0 0 64.3405 127 78 1 0 0 127 0 0 30 127 0 0
0 70 0 0 0 0 127 34 0 53 99 83 0 0 0 0 32 0 0 21 0 40 0 0 127 88 0
0 0 0 0 0 0 0 16 16 0 0 0 0 0 0 127 51 0;
egregore_data 39 28 4 0 0 127 0 0 0 0 0 0 0 0 0 127 38 1 0 58.6811
0 0 0 0 0 0 0 0 80 111 0 0 64.3405 127 78 1 0 0 127 0 0 30 127 0 0
0 70 0 0 0 0 127 34 0 53 99 83 0 0 0 0 32 0 0 21 0 40 0 0 127 88 0
0 0 0 0 0 0 0 16 16 0 0 0 0 0 0 127 51 0;
egregore_data 39 28 5 0 0 127 0 0 0 0 0 0 0 0 0 127 38 1 0 58.6811
0 0 0 0 0 0 0 0 80 111 0 0 64.3405 127 78 1 0 0 127 0 0 30 127 0 0
0 70 0 0 0 0 127 34 0 53 99 83 0 0 0 0 32 0 0 21 0 40 0 0 127 88 0
0 0 0 0 0 0 0 16 16 0 0 0 0 0 0 127 51 0;
egregore_data 39 27 5 0 0 127 0 0 0 0 0 0 0 0 0 127 38 1 0 58.6811
0 0 0 0 0 0 0 0 80 111 0 0 64.3405 127 78 1 0 0 127 0 0 30 127 0 0
0 70 0 0 0 0 127 34 0 53 99 83 0 0 0 0 32 0 0 21 0 40 0 0 127 88 0
0 0 0 0 0 0 0 16 16 0 0 0 0 0 0 127 51 0;
egregore_data 39 27 5 0 0 127 0 0 0 0 0 0 0 0 0 127 38 1 0 58.6811
0 0 0 0 0 0 0 0 80 111 0 0 64.3405 127 78 1 0 0 127 0 0 30 127 0 0
0 70 0 0 0 0 127 34 0 53 99 83 0 0 0 0 32 0 0 21 0 40 0 0 127 88 0
0 0 0 0 0 0 0 16 16 0 0 0 0 0 0 127 51 0;
egregore_data 39 27 5 0 0 127 0 0 0 0 0 0 0 0 0 127 38 1 0 58.6811
0 0 0 0 0 0 0 0 80 111 0 0 64.3405 127 78 1 0 0 127 0 0 30 127 0 0
0 70 0 0 0 0 127 34 0 53 99 83 0 0 0 0 32 0 0 21 0 40 0 0 127 88 0
0 0 0 0 0 0 0 16 16 0 0 0 0 0 0 127 51 0;
egregore_data 39 27 5 0 0 127 0 0 0 0 0 0 0 0 0 127 38 1 0 58.6811
0 0 0 0 0 0 0 0 80 111 0 0 64.3405 127 78 1 0 0 127 0 0 30 127 0 0
0 70 0 0 0 0 127 34 0 53 99 83 0 0 0 0 32 0 0 21 0 40 0 0 127 88 0
0 0 0 0 0 0 0 16 16 0 0 0 0 0 0 127 51 0;
egregore_data 37 27 5 0 0 127 0 0 0 0 0 0 0 0 0 127 38 1 0 58.6811
0 0 0 0 0 0 0 0 80 111 0 0 64.3405 127 78 1 0 0 127 0 0 30 127 0 0
0 70 0 0 0 0 127 34 0 53 99 83 0 0 0 0 32 0 0 21 0 40 0 0 127 88 0
0 0 0 0 0 0 0 16 16 0 0 0 0 0 0 127 51 0;
egregore_data 37 27 5 0 0 127 0 0 0 0 0 0 0 0 0 127 38 1 0 58.6811
0 0 0 0 0 0 0 0 80 111 0 0 64.3405 127 78 1 0 0 127 0 0 30 127 0 0
0 70 0 0 0 0 127 34 0 53 99 83 0 0 0 0 32 0 0 21 0 40 0 0 127 88 0
0 0 0 0 0 0 0 16 16 0 0 0 0 0 0 127 51 0;
egregore_data 37 27 5 0 0 127 0 0 0 0 0 0 0 0 0 127 38 1 0 58.6811
0 0 0 0 0 0 0 0 80 111 0 0 64.3405 127 78 1 0 0 127 0 0 30 127 0 0
0 70 0 0 0 0 127 34 0 53 99 83 0 0 0 0 32 0 0 21 0 40 0 0 127 88 0
0 0 0 0 0 0 0 16 16 0 0 0 0 0 0 127 51 0;
egregore_data 37 27 5 0 0 127 0 0 0 0 0 0 0 0 0 127 38 1 0 58.6811
0 0 0 0 0 0 0 0 80 111 0 0 64.3405 127 78 1 0 0 127 0 0 30 127 0 0
0 70 0 0 0 0 127 34 0 53 99 83 0 0 0 0 32 0 0 21 0 40 0 0 127 88 0
0 0 0 0 0 0 0 16 16 0 0 0 0 0 0 127 51 0;
egregore_data 37 27 7 0 0 127 0 0 0 0 0 0 0 0 0 127 38 1 0 58.6811
0 0 0 0 0 0 0 0 80 111 0 0 64.3405 127 78 1 0 0 127 0 0 30 127 0 0
0 70 0 0 0 0 127 34 0 53 99 83 0 0 0 0 32 0 0 21 0 40 0 0 127 88 0
0 0 0 0 0 0 0 16 16 0 0 0 0 0 0 127 51 0;
egregore_data 36 26 7 0 0 127 0 0 0 0 0 0 0 0 0 127 38 1 0 58.6811
0 0 0 0 0 0 0 0 80 111 0 0 64.3405 127 78 1 0 0 127 0 0 30 127 0 0
0 70 0 0 0 0 127 34 0 53 99 83 0 0 0 0 32 0 0 21 0 40 0 0 127 88 0
0 0 0 0 0 0 0 16 16 0 0 0 0 0 0 127 51 0;
egregore_data 36 26 7 0 0 127 0 0 0 0 0 0 0 0 0 127 38 1 0 58.6811
0 0 0 0 0 0 0 0 80 111 0 0 64.3405 127 78 1 0 0 127 0 0 30 127 0 0
0 70 0 0 0 0 127 34 0 53 99 83 0 0 0 0 32 0 0 21 0 40 0 0 127 88 0
0 0 0 0 0 0 0 16 16 0 0 0 0 0 0 127 51 0;
egregore_data 36 26 7 0 0 127 0 0 0 0 0 0 0 0 0 127 38 1 0 58.6811
0 0 0 0 0 0 0 0 80 111 0 0 64.3405 127 78 1 0 0 127 0 0 30 127 0 0
0 70 0 0 0 0 127 34 0 53 99 83 0 0 0 0 32 0 0 21 0 40 0 0 127 88 0
0 0 0 0 0 0 0 16 16 0 0 0 0 0 0 127 51 0;
egregore_data 34 26 7 0 0 127 0 0 0 0 0 0 0 0 0 127 38 1 0 58.6811
0 0 0 0 0 0 0 0 80 111 0 0 64.3405 127 78 1 0 0 127 0 0 30 127 0 0
0 70 0 0 0 0 127 34 0 53 99 83 0 0 0 0 32 0 0 21 0 40 0 0 127 88 0
0 0 0 0 0 0 0 16 16 0 0 0 0 0 0 127 51 0;
egregore_data 34 24 7 0 0 127 0 0 0 0 0 0 0 0 0 127 38 1 0 58.6811
0 0 0 0 0 0 0 0 80 111 0 0 64.3405 127 78 1 0 0 127 0 0 30 127 0 0
0 70 0 0 0 0 127 34 0 53 99 83 0 0 0 0 32 0 0 21 0 40 0 0 127 88 0
0 0 0 0 0 0 0 16 16 0 0 0 0 0 0 127 51 0;
egregore_data 34 24 7 0 0 127 0 0 0 0 0 0 0 0 0 127 38 1 0 58.6811
0 0 0 0 0 0 0 0 80 111 0 0 64.3405 127 78 1 0 0 127 0 0 30 127 0 0
0 70 0 0 0 0 127 34 0 53 99 83 0 0 0 0 32 0 0 21 0 40 0 0 127 88 0
0 0 0 0 0 0 0 16 16 0 0 0 0 0 0 127 51 0;
egregore_data 34 24 7 0 0 127 0 0 0 0 0 0 0 0 0 127 38 1 0 58.6811
0 0 0 0 0 0 0 0 80 111 0 0 64.3405 127 78 1 0 0 127 0 0 30 127 0 0
0 70 0 0 0 0 127 34 0 53 99 83 0 0 0 0 32 0 0 21 0 40 0 0 127 88 0
0 0 0 0 0 0 0 16 16 0 0 0 0 0 0 127 51 0;
egregore_data 34 24 7 0 0 127 0 0 0 0 0 0 0 0 0 127 38 1 0 58.6811
0 0 0 0 0 0 0 0 80 111 0 0 64.3405 127 78 1 0 0 127 0 0 30 127 0 0
0 70 0 0 0 0 127 34 0 53 99 83 0 0 0 0 32 0 0 21 0 40 0 0 127 88 0
0 0 0 0 0 0 0 16 16 0 0 0 0 0 0 127 51 0;
egregore_data 34 24 8 0 0 127 0 0 0 0 0 0 0 0 0 127 38 1 0 58.6811
0 0 0 0 0 0 0 0 80 111 0 0 64.3405 127 78 1 0 0 127 0 0 30 127 0 0
0 70 0 0 0 0 127 34 0 53 99 83 0 0 0 0 32 0 0 21 0 40 0 0 127 88 0
0 0 0 0 0 0 0 16 16 0 0 0 0 0 0 127 51 0;
egregore_data 34 24 8 0 0 127 0 0 0 0 0 0 0 0 0 127 38 1 0 58.6811
0 0 0 0 0 0 0 0 80 111 0 0 64.3405 127 78 1 0 0 127 0 0 30 127 0 0
0 70 0 0 0 0 127 34 0 53 99 83 0 0 0 0 32 0 0 21 0 40 0 0 127 88 0
0 0 0 0 0 0 0 16 16 0 0 0 0 0 0 127 51 0;
egregore_data 34 24 8 0 0 127 0 0 0 0 0 0 0 0 0 127 38 1 0 58.6811
0 0 0 0 0 0 0 0 80 111 0 0 64.3405 127 78 1 0 0 127 0 0 30 127 0 0
0 70 0 0 0 0 127 34 0 53 99 83 0 0 0 0 32 0 0 21 0 40 0 0 127 88 0
0 0 0 0 0 0 0 16 16 0 0 0 0 0 0 127 51 0;
egregore_data 34 24 8 0 0 127 0 0 0 0 0 0 0 0 0 127 38 1 0 58.6811
0 0 0 0 0 0 0 0 80 111 0 0 64.3405 127 78 1 0 0 127 0 0 30 127 0 0
0 70 0 0 0 0 127 34 0 53 99 83 0 0 0 0 32 0 0 21 0 40 0 0 127 88 0
0 0 0 0 0 0 0 16 16 0 0 0 0 0 0 127 51 0;
egregore_data 34 24 8 0 0 127 0 0 0 0 0 0 0 0 0 127 38 1 0 58.6811
0 0 0 0 0 0 0 0 80 111 0 0 64.3405 127 78 1 0 0 127 0 0 30 127 0 0
0 70 0 0 0 0 127 34 0 53 99 83 0 0 0 0 32 0 0 21 0 40 0 0 127 88 0
0 0 0 0 0 0 0 16 16 0 0 0 0 0 0 127 51 0;
egregore_data 34 24 8 0 0 127 0 0 0 0 0 0 0 0 0 127 38 1 0 59.3504
0 0 0 0 0 0 0 0 80 111 0 0 64.6752 127 78 1 0 0 127 0 0 30 127 0 0
0 70 0 0 0 0 127 34 0 53 99 83 0 0 0 0 32 0 0 21 0 40 0 0 127 88 0
0 0 0 0 0 0 0 16 16 0 0 0 0 0 0 127 51 0;
egregore_data 34 24 8 0 0 127 0 0 0 0 0 0 0 0 0 127 38 1 0 59.3504
0 0 0 0 0 0 0 0 80 111 0 0 64.6752 127 78 1 0 0 127 0 0 30 127 0 0
0 70 0 0 0 0 127 34 0 53 99 83 0 0 0 0 32 0 0 21 0 40 0 0 127 88 0
0 0 0 0 0 0 0 16 16 0 0 0 0 0 0 127 51 0;
egregore_data 34 24 8 0 0 127 0 0 0 0 0 0 0 0 0 127 38 1 0 59.3504
0 0 0 0 0 0 0 0 80 111 0 0 64.6752 127 78 1 0 0 127 0 0 30 127 0 0
0 70 0 0 0 0 127 34 0 53 99 83 0 0 0 0 32 0 0 21 0 40 0 0 127 88 0
0 0 0 0 0 0 0 16 16 0 0 0 0 0 0 127 51 0;
egregore_data 34 24 8 0 0 127 0 0 0 0 0 0 0 0 0 127 38 1 0 59.685 0
0 0 0 0 0 0 0 80 111 0 0 64.8425 127 78 1 0 0 127 0 0 30 127 0 0 0
70 0 0 0 0 127 34 0 53 99 83 0 0 0 0 32 0 0 21 0 40 0 0 127 88 0 0
0 0 0 0 0 0 16 16 0 0 0 0 0 0 127 51 0;
egregore_data 34 24 8 0 0 127 0 0 0 0 0 0 0 0 0 127 38 1 0 59.685 0
0 0 0 0 0 0 0 80 111 0 0 64.8425 127 78 1 0 0 127 0 0 30 127 0 0 0
70 0 0 0 0 127 34 0 53 99 83 0 0 0 0 32 0 0 21 0 40 0 0 127 88 0 0
0 0 0 0 0 0 16 16 0 0 0 0 0 0 127 51 0;
egregore_data 34 24 8 0 0 127 0 0 0 0 0 0 0 0 0 127 38 1 0 59.685 0
0 0 0 0 0 0 0 80 111 0 0 64.8425 127 78 1 0 0 127 0 0 30 127 0 0 0
70 0 0 0 0 127 34 0 53 99 83 0 0 0 0 32 0 0 21 0 40 0 0 127 88 0 0
0 0 0 0 0 0 16 16 0 0 0 0 0 0 127 51 0;
egregore_data 33 24 8 0 0 127 0 0 0 0 0 0 0 0 0 127 38 1 0 59.685 0
0 0 0 0 0 0 0 80 111 0 0 64.8425 127 78 1 0 0 127 0 0 30 127 0 0 0
70 0 0 0 0 127 34 0 53 99 83 0 0 0 0 32 0 0 21 0 40 0 0 127 88 0 0
0 0 0 0 0 0 16 16 0 0 0 0 0 0 127 51 0;
egregore_data 33 24 8 0 0 127 0 0 0 0 0 0 0 0 0 127 38 1 0 59.685 0
0 0 0 0 0 0 0 80 111 0 0 64.8425 127 78 1 0 0 127 0 0 30 127 0 0 0
70 0 0 0 0 127 34 0 53 99 83 0 0 0 0 32 0 0 21 0 40 0 0 127 88 0 0
0 0 0 0 0 0 16 16 0 0 0 0 0 0 127 51 0;
egregore_data 33 24 8 0 0 127 0 0 0 0 0 0 0 0 0 127 38 1 0 60.0197
0 0 0 0 0 0 0 0 80 111 0 0 65.0098 127 78 1 0 0 127 0 0 30 127 0 0
0 70 0 0 0 0 127 34 0 53 99 83 0 0 0 0 32 0 0 21 0 40 0 0 127 88 0
0 0 0 0 0 0 0 16 16 0 0 0 0 0 0 127 51 0;
egregore_data 33 24 8 0 0 127 0 0 0 0 0 0 0 0 0 127 38 1 0 60.0197
0 0 0 0 0 0 0 0 80 111 0 0 65.0098 127 78 1 0 0 127 0 0 30 127 0 0
0 70 0 0 0 0 127 34 0 53 99 83 0 0 0 0 32 0 0 21 0 40 0 0 127 88 0
0 0 0 0 0 0 0 16 16 0 0 0 0 0 0 127 51 0;
egregore_data 33 24 8 0 0 127 0 0 0 0 0 0 0 0 0 127 38 1 0 60.3543
0 0 0 0 0 0 0 0 80 111 0 0 65.1772 127 78 1 0 0 127 0 0 30 127 0 0
0 70 0 0 0 0 127 34 0 53 99 83 0 0 0 0 32 0 0 21 0 40 0 0 127 88 0
0 0 0 0 0 0 0 16 16 0 0 0 0 0 0 127 51 0;
egregore_data 33 24 8 0 0 127 0 0 0 0 0 0 0 0 0 127 38 1 0 60.3543
0 0 0 0 0 0 0 0 80 111 0 0 65.1772 127 78 1 0 0 127 0 0 30 127 0 0
0 70 0 0 0 0 127 34 0 53 99 83 0 0 0 0 32 0 0 21 0 40 0 0 127 88 0
0 0 0 0 0 0 0 16 16 0 0 0 0 0 0 127 51 0;
egregore_data 33 24 8 0 0 127 0 0 0 0 0 0 0 0 0 127 38 1 0 60.3543
0 0 0 0 0 0 0 0 80 111 0 0 65.1772 127 78 1 0 0 127 0 0 30 127 0 0
0 70 0 0 0 0 127 34 0 53 99 83 0 0 0 0 32 0 0 21 0 40 0 0 127 88 0
0 0 0 0 0 0 0 16 16 0 0 0 0 0 0 127 51 0;
egregore_data 32 24 8 0 0 127 0 0 0 0 0 0 0 0 0 127 38 1 0 60.3543
0 0 0 0 0 0 0 0 80 111 0 0 65.1772 127 78 1 0 0 127 0 0 30 127 0 0
0 70 0 0 0 0 127 34 0 53 99 83 0 0 0 0 32 0 0 21 0 40 0 0 127 88 0
0 0 0 0 0 0 0 16 16 0 0 0 0 0 0 127 51 0;
egregore_data 30 24 8 0 0 127 0 0 0 0 0 0 0 0 0 127 38 1 0 60.3543
0 0 0 0 0 0 0 0 80 111 0 0 65.1772 127 78 1 0 0 127 0 0 30 127 0 0
0 70 0 0 0 0 127 34 0 53 99 83 0 0 0 0 32 0 0 21 0 40 0 0 127 88 0
0 0 0 0 0 0 0 16 16 0 0 0 0 0 0 127 51 0;
egregore_data 30 24 8 0 0 127 0 0 0 0 0 0 0 0 0 127 38 1 0 60.3543
0 0 0 0 0 0 0 0 80 111 0 0 65.1772 127 78 1 0 0 127 0 0 30 127 0 0
0 70 0 0 0 0 127 34 0 53 99 83 0 0 0 0 32 0 0 21 0 40 0 0 127 88 0
0 0 0 0 0 0 0 16 16 0 0 0 0 0 0 127 51 0;
egregore_data 29 24 8 0 0 127 0 0 0 0 0 0 0 0 0 127 38 1 0 60.689 0
0 0 0 0 0 0 0 80 111 0 0 65.3445 127 78 1 0 0 127 0 0 30 127 0 0 0
70 0 0 0 0 127 34 0 53 99 83 0 0 0 0 32 0 0 21 0 40 0 0 127 88 0 0
0 0 0 0 0 0 16 16 0 0 0 0 0 0 127 51 0;
egregore_data 29 24 8 0 0 127 0 0 0 0 0 0 0 0 0 127 38 1 0 60.689 0
0 0 0 0 0 0 0 80 111 0 0 65.3445 127 78 1 0 0 127 0 0 30 127 0 0 0
70 0 0 0 0 127 34 0 53 99 83 0 0 0 0 32 0 0 21 0 40 0 0 127 88 0 0
0 0 0 0 0 0 16 16 0 0 0 0 0 0 127 51 0;
egregore_data 28 24 8 0 0 127 0 0 0 0 0 0 0 0 0 127 38 1 0 60.689 0
0 0 0 0 0 0 0 80 111 0 0 65.3445 127 78 1 0 0 127 0 0 30 127 0 0 0
70 0 0 0 0 127 34 0 53 99 83 0 0 0 0 32 0 0 21 0 40 0 0 127 88 0 0
0 0 0 0 0 0 16 16 0 0 0 0 0 0 127 51 0;
egregore_data 27 24 8 0 0 127 0 0 0 0 0 0 0 0 0 127 38 1 0 60.689 0
0 0 0 0 0 0 0 80 111 0 0 65.3445 127 78 1 0 0 127 0 0 30 127 0 0 0
70 0 0 0 0 127 34 0 53 99 83 0 0 0 0 32 0 0 21 0 40 0 0 127 88 0 0
0 0 0 0 0 0 16 16 0 0 0 0 0 0 127 51 0;
egregore_data 26 24 8 0 0 127 0 0 0 0 0 0 0 0 0 127 38 1 0 61.0236
0 0 0 0 0 0 0 0 80 111 0 0 65.5118 127 78 1 0 0 127 0 0 30 127 0 0
0 70 0 0 0 0 127 34 0 53 99 83 0 0 0 0 32 0 0 21 0 40 0 0 127 88 0
0 0 0 0 0 0 0 16 16 0 0 0 0 0 0 127 51 0;
egregore_data 26 24 8 0 0 127 0 0 0 0 0 0 0 0 0 127 38 1 0 61.0236
0 0 0 0 0 0 0 0 80 111 0 0 65.5118 127 78 1 0 0 127 0 0 30 127 0 0
0 70 0 0 0 0 127 34 0 53 99 83 0 0 0 0 32 0 0 21 0 40 0 0 127 88 0
0 0 0 0 0 0 0 16 16 0 0 0 0 0 0 127 51 0;
egregore_data 26 24 8 0 0 127 0 0 0 0 0 0 0 0 0 127 38 1 0 61.0236
0 0 0 0 0 0 0 0 80 111 0 0 65.5118 127 78 1 0 0 127 0 0 30 127 0 0
0 70 0 0 0 0 127 34 0 53 99 83 0 0 0 0 32 0 0 21 0 40 0 0 127 88 0
0 0 0 0 0 0 0 16 16 0 0 0 0 0 0 127 51 0;
egregore_data 26 24 8 0 0 127 0 0 0 0 0 0 0 0 0 127 38 1 0 61.0236
0 0 0 0 0 0 0 0 80 111 0 0 65.5118 127 78 1 0 0 127 0 0 30 127 0 0
0 70 0 0 0 0 127 34 0 53 99 83 0 0 0 0 32 0 0 21 0 40 0 0 127 88 0
0 0 0 0 0 0 0 16 16 0 0 0 0 0 0 127 51 0;
egregore_data 26 24 8 0 0 127 0 0 0 0 0 0 0 0 0 127 38 1 0 61.0236
0 0 0 0 0 0 0 0 80 111 0 0 65.5118 127 78 1 0 0 127 0 0 30 127 0 0
0 70 0 0 0 0 127 34 0 53 99 83 0 0 0 0 32 0 0 21 0 40 0 0 127 88 0
0 0 0 0 0 0 0 16 16 0 0 0 0 0 0 127 51 0;
egregore_data 26 24 8 0 0 127 0 0 0 0 0 0 0 0 0 127 38 1 0 61.6929
0 0 0 0 0 0 0 0 80 111 0 0 65.8465 127 78 1 0 0 127 0 0 30 127 0 0
0 70 0 0 0 0 127 34 0 53 99 83 0 0 0 0 32 0 0 21 0 40 0 0 127 88 0
0 0 0 0 0 0 0 16 16 0 0 0 0 0 0 127 51 0;
egregore_data 24 24 9 0 0 127 0 0 0 0 0 0 0 0 0 127 38 1 0 61.6929
0 0 0 0 0 0 0 0 80 111 0 0 65.8465 127 78 1 0 0 127 0 0 30 127 0 0
0 70 0 0 0 0 127 34 0 53 99 83 0 0 0 0 32 0 0 21 0 40 0 0 127 88 0
0 0 0 0 0 0 0 16 16 0 0 0 0 0 0 127 51 0;
egregore_data 23 24 9 0 0 127 0 0 0 0 0 0 0 0 0 127 38 1 0 61.6929
0 0 0 0 0 0 0 0 80 111 0 0 65.8465 127 78 1 0 0 127 0 0 30 127 0 0
0 70 0 0 0 0 127 34 0 53 99 83 0 0 0 0 32 0 0 21 0 40 0 0 127 88 0
0 0 0 0 0 0 0 16 16 0 0 0 0 0 0 127 51 0;
egregore_data 23 24 9 0 0 127 0 0 0 0 0 0 0 0 0 127 38 1 0 61.6929
0 0 0 0 0 0 0 0 80 111 0 0 65.8465 127 78 1 0 0 127 0 0 30 127 0 0
0 70 0 0 0 0 127 34 0 53 99 83 0 0 0 0 32 0 0 21 0 40 0 0 127 88 0
0 0 0 0 0 0 0 16 16 0 0 0 0 0 0 127 51 0;
egregore_data 23 23 9 0 0 127 0 0 0 0 0 0 0 0 0 127 38 1 0 61.6929
0 0 0 0 0 0 0 0 80 111 0 0 65.8465 127 78 1 0 0 127 0 0 30 127 0 0
0 70 0 0 0 0 127 34 0 53 99 83 0 0 0 0 32 0 0 21 0 40 0 0 127 88 0
0 0 0 0 0 0 0 16 16 0 0 0 0 0 0 127 51 0;
egregore_data 23 23 10 0 0 127 0 0 0 0 0 0 0 0 0 127 38 1 0 61.6929
0 0 0 0 0 0 0 0 80 111 0 0 65.8465 127 78 1 0 0 127 0 0 30 127 0 0
0 70 0 0 0 0 127 34 0 53 99 83 0 0 0 0 32 0 0 21 0 40 0 0 127 88 0
0 0 0 0 0 0 0 16 16 0 0 0 0 0 0 127 51 0;
egregore_data 23 23 10 0 0 127 0 0 0 0 0 0 0 0 0 127 38 1 0 61.6929
0 0 0 0 0 0 0 0 80 111 0 0 65.8465 127 78 1 0 0 127 0 0 30 127 0 0
0 70 0 0 0 0 127 34 0 53 99 83 0 0 0 0 32 0 0 21 0 40 0 0 127 88 0
0 0 0 0 0 0 0 16 16 0 0 0 0 0 0 127 51 0;
egregore_data 23 23 10 0 0 127 0 0 0 0 0 0 0 0 0 127 38 1 0 62.0276
0 0 0 0 0 0 0 0 80 111 0 0 66.0138 127 78 1 0 0 127 0 0 30 127 0 0
0 70 0 0 0 0 127 34 0 53 99 83 0 0 0 0 32 0 0 21 0 40 0 0 127 88 0
0 0 0 0 0 0 0 16 16 0 0 0 0 0 0 127 51 0;
egregore_data 23 22 10 0 0 127 0 0 0 0 0 0 0 0 0 127 38 1 0 62.0276
0 0 0 0 0 0 0 0 80 111 0 0 66.0138 127 78 1 0 0 127 0 0 30 127 0 0
0 70 0 0 0 0 127 34 0 53 99 83 0 0 0 0 32 0 0 21 0 40 0 0 127 88 0
0 0 0 0 0 0 0 16 16 0 0 0 0 0 0 127 51 0;
egregore_data 23 22 10 0 0 127 0 0 0 0 0 0 0 0 0 127 38 1 0 62.0276
0 0 0 0 0 0 0 0 80 111 0 0 66.0138 127 78 1 0 0 127 0 0 30 127 0 0
0 70 0 0 0 0 127 34 0 53 99 83 0 0 0 0 32 0 0 21 0 40 0 0 127 88 0
0 0 0 0 0 0 0 16 16 0 0 0 0 0 0 127 51 0;
egregore_data 23 22 10 0 0 127 0 0 0 0 0 0 0 0 0 127 38 1 0 62.0276
0 0 0 0 0 0 0 0 80 111 0 0 66.0138 127 78 1 0 0 127 0 0 30 127 0 0
0 70 0 0 0 0 127 34 0 53 99 83 0 0 0 0 32 0 0 21 0 40 0 0 127 88 0
0 0 0 0 0 0 0 16 16 0 0 0 0 0 0 127 51 0;
egregore_data 23 22 10 0 0 127 0 0 0 0 0 0 0 0 0 127 38 1 0 62.0276
0 0 0 0 0 0 0 0 80 111 0 0 66.0138 127 78 1 0 0 127 0 0 30 127 0 0
0 70 0 0 0 0 127 34 0 53 99 83 0 0 0 0 32 0 0 21 0 40 0 0 127 88 0
0 0 0 0 0 0 0 16 16 0 0 0 0 0 0 127 51 0;
egregore_data 23 22 11 0 0 127 0 0 0 0 0 0 0 0 0 127 38 1 0 62.0276
0 0 0 0 0 0 0 0 80 111 0 0 66.0138 127 78 1 0 0 127 0 0 30 127 0 0
0 70 0 0 0 0 127 34 0 53 99 83 0 0 0 0 32 0 0 21 0 40 0 0 127 88 0
0 0 0 0 0 0 0 16 16 0 0 0 0 0 0 127 51 0;
egregore_data 23 22 11 0 0 127 0 0 0 0 0 0 0 0 0 127 38 1 0 62.3622
0 0 0 0 0 0 0 0 80 111 0 0 66.1811 127 78 1 0 0 127 0 0 30 127 0 0
0 70 0 0 0 0 127 34 0 53 99 83 0 0 0 0 32 0 0 21 0 40 0 0 127 88 0
0 0 0 0 0 0 0 16 16 0 0 0 0 0 0 127 51 0;
egregore_data 23 22 11 0 0 127 0 0 0 0 0 0 0 0 0 127 38 1 0 62.3622
0 0 0 0 0 0 0 0 80 111 0 0 66.1811 127 78 1 0 0 127 0 0 30 127 0 0
0 70 0 0 0 0 127 34 0 53 99 83 0 0 0 0 32 0 0 21 0 40 0 0 127 88 0
0 0 0 0 0 0 0 16 16 0 0 0 0 0 0 127 51 0;
egregore_data 23 22 11 0 0 127 0 0 0 0 0 0 0 0 0 127 38 1 0 62.3622
0 0 0 0 0 0 0 0 80 111 0 0 66.1811 127 78 1 0 0 127 0 0 30 127 0 0
0 70 0 0 0 0 127 34 0 53 99 83 0 0 0 0 32 0 0 21 0 40 0 0 127 88 0
0 0 0 0 0 0 0 16 16 0 0 0 0 0 0 127 51 0;
egregore_data 23 22 11 0 0 127 0 0 0 0 0 0 0 0 0 127 38 1 0 62.3622
0 0 0 0 0 0 0 0 80 111 0 0 66.1811 127 78 1 0 0 127 0 0 30 127 0 0
0 70 0 0 0 0 127 34 0 53 99 83 0 0 0 0 32 0 0 21 0 40 0 0 127 88 0
0 0 0 0 0 0 0 16 16 0 0 0 0 0 0 127 51 0;
egregore_data 23 22 11 0 0 127 0 0 0 0 0 0 0 0 0 127 38 1 0 62.3622
0 0 0 0 0 0 0 0 80 111 0 0 66.1811 127 78 1 0 0 127 0 0 30 127 0 0
0 70 0 0 0 0 127 34 0 53 99 83 0 0 0 0 32 0 0 21 0 40 0 0 127 88 0
0 0 0 0 0 0 0 16 16 0 0 0 0 0 0 127 51 0;
egregore_data 23 22 11 0 0 127 0 0 0 0 0 0 0 0 0 127 38 1 0 62.3622
0 0 0 0 0 0 0 0 80 111 0 0 66.1811 127 78 1 0 0 127 0 0 30 127 0 0
0 70 0 0 0 0 127 34 0 53 99 83 0 0 0 0 32 0 0 21 0 40 0 0 127 88 0
0 0 0 0 0 0 0 16 16 0 0 0 0 0 0 127 51 0;
egregore_data 23 22 11 0 0 127 0 0 0 0 0 0 0 0 0 127 38 1 0 62.3622
0 0 0 0 0 0 0 0 80 111 0 0 66.1811 127 78 1 0 0 127 0 0 30 127 0 0
0 70 0 0 0 0 127 34 0 53 99 83 0 0 0 0 32 0 0 21 0 40 0 0 127 88 0
0 0 0 0 0 0 0 16 16 0 0 0 0 0 0 127 51 0;
egregore_data 23 22 11 0 0 127 0 0 0 0 0 0 0 0 0 127 38 1 0 62.3622
0 0 0 0 0 0 0 0 80 111 0 0 66.1811 127 78 1 0 0 127 0 0 30 127 0 0
0 70 0 0 0 0 127 34 0 53 99 83 0 0 0 0 32 0 0 21 0 40 0 0 127 88 0
0 0 0 0 0 0 0 16 16 0 0 0 0 0 0 127 51 0;
egregore_data 23 22 11 0 0 127 0 0 0 0 0 0 0 0 0 127 38 1 0 62.3622
0 0 0 0 0 0 0 0 80 111 0 0 66.1811 127 78 1 0 0 127 0 0 30 127 0 0
0 70 0 0 0 0 127 34 0 53 99 83 0 0 0 0 32 0 0 21 0 40 0 0 127 88 0
0 0 0 0 0 0 0 16 16 0 0 0 0 0 0 127 51 0;
egregore_data 23 22 11 0 0 127 0 0 0 0 0 0 0 0 0 127 38 1 0 62.3622
0 0 0 0 0 0 0 0 80 111 0 0 66.1811 127 78 1 0 0 127 0 0 30 127 0 0
0 70 0 0 0 0 127 34 0 53 99 83 0 0 0 0 32 0 0 21 0 40 0 0 127 88 0
0 0 0 0 0 0 0 16 16 0 0 0 0 0 0 127 51 0;
egregore_data 23 22 11 0 0 127 0 0 0 0 0 0 0 0 0 127 38 1 0 62.3622
0 0 0 0 0 0 0 0 80 111 0 0 66.1811 127 78 1 0 0 127 0 0 30 127 0 0
0 70 0 0 0 0 127 34 0 53 99 83 0 0 0 0 32 0 0 21 0 40 0 0 127 88 0
0 0 0 0 0 0 0 16 16 0 0 0 0 0 0 127 51 0;
egregore_data 23 22 11 0 0 127 0 0 0 0 0 0 0 0 0 127 38 1 0 62.3622
0 0 0 0 0 0 0 0 80 111 0 0 66.1811 127 78 1 0 0 127 0 0 30 127 0 0
0 70 0 0 0 0 127 34 0 53 99 83 0 0 0 0 32 0 0 21 0 40 0 0 127 88 0
0 0 0 0 0 0 0 16 16 0 0 0 0 0 0 127 51 0;
END;
