HTTP/1.1 200 OK
Date: Thu, 28 May 2015 12:25:24 GMT
Server: Apache
Last-Modified: Wed, 27 May 2015 19:28:12 GMT
Accept-Ranges: bytes
Content-Length: 31853
Vary: Accept-Encoding
Connection: close
Content-Type: text/plain

chdh_egregore_live_data;
egregore_data 0 0 127 0 0 127 0 0 0 0 0 0 0 0 0 127 38 0 127 0 0 0
0 0 0 0 0 0 0 100 0 0 127 127 78 0 93 90 127 0 19 127 127 0 0 0 70
0 0 0 127 127 34 0 88.4773 83.7045 65.5455 54.8409 119.019 0.734848
122.371 0.848485 53.0152 122.833 5.38186 0 0.310606 37.8409 3.84848
127 81.8066 1 0 0 0 0 0 0 0 16 16 0 0 0 0 0 0 127 51 0;
egregore_data 0 0 127 0 0 127 0 0 0 0 0 0 0 0 0 127 38 0 127 0 0 0
0 0 0 0 0 0 0 100 0 0 127 127 78 0 93 90 127 0 19 127 127 0 0 0 70
0 0 0 127 127 34 0 88.4773 83.7045 65.5455 54.8409 119.019 0.734848
122.371 0.848485 53.0152 122.833 5.38186 0 0.310606 37.8409 3.84848
127 81.8066 1 0 0 0 0 0 0 0 16 16 0 0 0 0 0 0 127 51 0;
egregore_data 0 0 127 0 0 127 0 0 0 0 0 0 0 0 0 127 38 0 127 0 0 0
0 0 0 0 0 0 0 100 0 0 127 127 78 0 93 90 127 0 19 127 127 0 0 0 70
0 0 0 127 127 34 0 88.4773 83.7045 65.5455 54.8409 119.019 0.734848
122.371 0.848485 53.0152 122.833 5.38186 0 0.310606 37.8409 3.84848
127 81.8066 1 0 0 0 0 0 0 0 16 16 0 0 0 0 0 0 127 51 0;
egregore_data 0 0 127 0 0 127 0 0 0 0 0 0 0 0 0 127 38 0 127 0 0 0
0 0 0 0 0 0 0 100 0 0 127 127 78 0 93 90 127 0 19 127 127 0 0 0 70
0 0 0 127 127 34 0 88.4773 83.7045 65.5455 54.8409 119.019 0.734848
122.371 0.848485 53.0152 122.833 5.38186 0 0.310606 37.8409 3.84848
127 81.8066 1 0 0 0 0 0 0 0 16 16 0 0 0 0 0 0 127 51 0;
egregore_data 0 0 127 0 0 127 0 0 0 0 0 0 0 0 0 127 38 0 127 0 0 0
0 0 0 0 0 0 0 100 0 0 127 127 78 0 93 90 127 0 19 127 127 0 0 0 70
0 0 0 127 127 34 0 88.4773 83.7045 65.5455 54.8409 119.019 0.734848
122.371 0.848485 53.0152 122.833 5.38186 0 0.310606 37.8409 3.84848
127 81.8066 1 0 0 0 0 0 0 0 16 16 0 0 0 0 0 0 127 51 0;
egregore_data 0 0 127 0 0 127 0 0 0 0 0 0 0 0 0 127 38 0 127 0 0 0
0 0 0 0 0 0 0 100 0 0 127 127 78 0 93 90 127 0 19 127 127 0 0 0 70
0 0 0 127 127 34 0 88.4773 83.7045 65.5455 54.8409 119.019 0.734848
122.371 0.848485 53.0152 122.833 5.38186 0 0.310606 37.8409 3.84848
127 81.8066 1 0 0 0 0 0 0 0 16 16 0 0 0 0 0 0 127 51 0;
egregore_data 0 0 127 0 0 127 0 0 0 0 0 0 0 0 0 127 38 0 127 0 0 0
0 0 0 0 0 0 0 100 0 0 127 127 78 0 93 90 127 0 19 127 127 0 0 0 70
0 0 0 127 127 34 0 88.4773 83.7045 65.5455 54.8409 119.019 0.734848
122.371 0.848485 53.0152 122.833 5.38186 0 0.310606 37.8409 3.84848
127 81.8066 1 0 0 0 0 0 0 0 16 16 0 0 0 0 0 0 127 51 0;
egregore_data 0 0 127 0 0 127 0 0 0 0 0 0 0 0 0 127 38 0 127 0 0 0
0 0 0 0 0 0 0 100 0 0 127 127 78 0 93 90 127 0 19 127 127 0 0 0 70
0 0 0 127 127 34 0 88.4773 83.7045 65.5455 54.8409 119.019 0.734848
122.371 0.848485 53.0152 122.833 5.38186 0 0.310606 37.8409 3.84848
127 81.8066 1 0 0 0 0 0 0 0 16 16 0 0 0 0 0 0 127 51 0;
egregore_data 0 0 127 0 0 127 0 0 0 0 0 0 0 0 0 127 38 0 127 0 0 0
0 0 0 0 0 0 0 100 0 0 127 127 78 0 93 90 127 0 19 127 127 0 0 0 70
0 0 0 127 127 34 0 88.4773 83.7045 65.5455 54.8409 119.019 0.734848
122.371 0.848485 53.0152 122.833 5.38186 0 0.310606 37.8409 3.84848
127 81.8066 1 0 0 0 0 0 0 0 16 16 0 0 0 0 0 0 127 51 0;
egregore_data 0 0 127 0 0 127 0 0 0 0 0 0 0 0 0 127 38 0 127 0 0 0
0 0 0 0 0 0 0 100 0 0 127 127 78 0 93 90 127 0 19 127 127 0 0 0 70
0 0 0 127 127 34 0 88.4773 83.7045 65.5455 54.8409 119.019 0.734848
122.371 0.848485 53.0152 122.833 5.38186 0 0.310606 37.8409 3.84848
127 81.8066 1 0 0 0 0 0 0 0 16 16 0 0 0 0 0 0 127 51 0;
egregore_data 0 0 127 0 0 127 0 0 0 0 0 0 0 0 0 127 38 0 127 0 0 0
0 0 0 0 0 0 0 100 0 0 127 127 78 0 93 90 127 0 19 127 127 0 0 0 70
0 0 0 127 127 34 0 88.4773 83.7045 65.5455 54.8409 119.019 0.734848
122.371 0.848485 53.0152 122.833 5.38186 0 0.310606 37.8409 3.84848
127 81.8066 1 0 0 0 0 0 0 0 16 16 0 0 0 0 0 0 127 51 0;
egregore_data 0 0 127 0 0 127 0 0 0 0 0 0 0 0 0 127 38 0 127 0 0 0
0 0 0 0 0 0 0 100 0 0 127 127 78 0 93 90 127 0 19 127 127 0 0 0 70
0 0 0 127 127 34 0 88.4773 83.7045 65.5455 54.8409 119.019 0.734848
122.371 0.848485 53.0152 122.833 5.38186 0 0.310606 37.8409 3.84848
127 81.8066 1 0 0 0 0 0 0 0 16 16 0 0 0 0 0 0 127 51 0;
egregore_data 0 0 127 0 0 127 0 0 0 0 0 0 0 0 0 127 38 0 127 0 0 0
0 0 0 0 0 0 0 100 0 0 127 127 78 0 93 90 127 0 19 127 127 0 0 0 70
0 0 0 127 127 34 0 88.4773 83.7045 65.5455 54.8409 119.019 0.734848
122.371 0.848485 53.0152 122.833 5.38186 0 0.310606 37.8409 3.84848
127 81.8066 1 0 0 0 0 0 0 0 16 16 0 0 0 0 0 0 127 51 0;
egregore_data 0 0 127 0 0 127 0 0 0 0 0 0 0 0 0 127 38 0 127 0 0 0
0 0 0 0 0 0 0 100 0 0 127 127 78 0 93 90 127 0 19 127 127 0 0 0 70
0 0 0 127 127 34 0 88.4773 83.7045 65.5455 54.8409 119.019 0.734848
122.371 0.848485 53.0152 122.833 5.38186 0 0.310606 37.8409 3.84848
127 81.8066 1 0 0 0 0 0 0 0 16 16 0 0 0 0 0 0 127 51 0;
egregore_data 0 0 127 0 0 127 0 0 0 0 0 0 0 0 0 127 38 0 127 0 0 0
0 0 0 0 0 0 0 100 0 0 127 127 78 0 93 90 127 0 19 127 127 0 0 0 70
0 0 0 127 127 34 0 88.4773 83.7045 65.5455 54.8409 119.019 0.734848
122.371 0.848485 53.0152 122.833 5.38186 0 0.310606 37.8409 3.84848
127 81.8066 1 0 0 0 0 0 0 0 16 16 0 0 0 0 0 0 127 51 0;
egregore_data 0 0 127 0 0 127 0 0 0 0 0 0 0 0 0 127 38 0 127 0 0 0
0 0 0 0 0 0 0 100 0 0 127 127 78 0 93 90 127 0 19 127 127 0 0 0 70
0 0 0 127 127 34 0 88.4773 83.7045 65.5455 54.8409 119.019 0.734848
122.371 0.848485 53.0152 122.833 5.38186 0 0.310606 37.8409 3.84848
127 81.8066 1 0 0 0 0 0 0 0 16 16 0 0 0 0 0 0 127 51 0;
egregore_data 0 0 127 0 0 127 0 0 0 0 0 0 0 0 0 127 38 0 127 0 0 0
0 0 0 0 0 0 0 100 0 0 127 127 78 0 93 90 127 0 19 127 127 0 0 0 70
0 0 0 127 127 34 0 88.4773 83.7045 65.5455 54.8409 119.019 0.734848
122.371 0.848485 53.0152 122.833 5.38186 0 0.310606 37.8409 3.84848
127 81.8066 1 0 0 0 0 0 0 0 16 16 0 0 0 0 0 0 127 51 0;
egregore_data 0 0 127 0 0 127 0 0 0 0 0 0 0 0 0 127 38 0 127 0 0 0
0 0 0 0 0 0 0 100 0 0 127 127 78 0 93 90 127 0 19 127 127 0 0 0 70
0 0 0 127 127 34 0 88.4773 83.7045 65.5455 54.8409 119.019 0.734848
122.371 0.848485 53.0152 122.833 5.38186 0 0.310606 37.8409 3.84848
127 81.8066 1 0 0 0 0 0 0 0 16 16 0 0 0 0 0 0 127 51 0;
egregore_data 0 0 127 0 0 127 0 0 0 0 0 0 0 0 0 127 38 0 127 0 0 0
0 0 0 0 0 0 0 100 0 0 127 127 78 0 93 90 127 0 19 127 127 0 0 0 70
0 0 0 127 127 34 0 88.4773 83.7045 65.5455 54.8409 119.019 0.734848
122.371 0.848485 53.0152 122.833 5.38186 0 0.310606 37.8409 3.84848
127 81.8066 1 0 0 0 0 0 0 0 16 16 0 0 0 0 0 0 127 51 0;
egregore_data 0 0 127 0 0 127 0 0 0 0 0 0 0 0 0 127 38 0 127 0 0 0
0 0 0 0 0 0 0 100 0 0 127 127 78 0 93 90 127 0 19 127 127 0 0 0 70
0 0 0 127 127 34 0 88.4773 83.7045 65.5455 54.8409 119.019 0.734848
122.371 0.848485 53.0152 122.833 5.38186 0 0.310606 37.8409 3.84848
127 81.8066 1 0 0 0 0 0 0 0 16 16 0 0 0 0 0 0 127 51 0;
egregore_data 0 0 127 0 0 127 0 0 0 0 0 0 0 0 0 127 38 0 127 0 0 0
0 0 0 0 0 0 0 100 0 0 127 127 78 0 93 90 127 0 19 127 127 0 0 0 70
0 0 0 127 127 34 0 88.4773 83.7045 65.5455 54.8409 119.019 0.734848
122.371 0.848485 53.0152 122.833 5.38186 0 0.310606 37.8409 3.84848
127 81.8066 1 0 0 0 0 0 0 0 16 16 0 0 0 0 0 0 127 51 0;
egregore_data 0 0 127 0 0 127 0 0 0 0 0 0 0 0 0 127 38 0 127 0 0 0
0 0 0 0 0 0 0 100 0 0 127 127 78 0 93 90 127 0 19 127 127 0 0 0 70
0 0 0 127 127 34 0 88.4773 83.7045 65.5455 54.8409 119.019 0.734848
122.371 0.848485 53.0152 122.833 5.38186 0 0.310606 37.8409 3.84848
127 81.8066 1 0 0 0 0 0 0 0 16 16 0 0 0 0 0 0 127 51 0;
egregore_data 0 0 127 0 0 127 0 0 0 0 0 0 0 0 0 127 38 0 127 0 0 0
0 0 0 0 0 0 0 100 0 0 127 127 78 0 93 90 127 0 19 127 127 0 0 0 70
0 0 0 127 127 34 0 88.4773 83.7045 65.5455 54.8409 119.019 0.734848
122.371 0.848485 53.0152 122.833 5.38186 0 0.310606 37.8409 3.84848
127 81.8066 1 0 0 0 0 0 0 0 16 16 0 0 0 0 0 0 127 51 0;
egregore_data 0 0 127 0 0 127 0 0 0 0 0 0 0 0 0 127 38 0 127 0 0 0
0 0 0 0 0 0 0 100 0 0 127 127 78 0 93 90 127 0 19 127 127 0 0 0 70
0 0 0 127 127 34 0 88.4773 83.7045 65.5455 54.8409 119.019 0.734848
122.371 0.848485 53.0152 122.833 5.38186 0 0.310606 37.8409 3.84848
127 81.8066 1 0 0 0 0 0 0 0 16 16 0 0 0 0 0 0 127 51 0;
egregore_data 0 0 127 0 0 127 0 0 0 0 0 0 0 0 0 127 38 0 127 0 0 0
0 0 0 0 0 0 0 100 0 0 127 127 78 0 93 90 127 0 19 127 127 0 0 0 70
0 0 0 127 127 34 0 88.4773 83.7045 65.5455 54.8409 119.019 0.734848
122.371 0.848485 53.0152 122.833 5.38186 0 0.310606 37.8409 3.84848
127 81.8066 1 0 0 0 0 0 0 0 16 16 0 0 0 0 0 0 127 51 0;
egregore_data 0 0 127 0 0 127 0 0 0 0 0 0 0 0 0 127 38 0 127 0 0 0
0 0 0 0 0 0 0 100 0 0 127 127 78 0 93 90 127 0 19 127 127 0 0 0 70
0 0 0 127 127 34 0 88.4773 83.7045 65.5455 54.8409 119.019 0.734848
122.371 0.848485 53.0152 122.833 5.38186 0 0.310606 37.8409 3.84848
127 81.8066 1 0 0 0 0 0 0 0 16 16 0 0 0 0 0 0 127 51 0;
egregore_data 0 0 127 0 0 127 0 0 0 0 0 0 0 0 0 127 38 0 127 0 0 0
0 0 0 0 0 0 0 100 0 0 127 127 78 0 93 90 127 0 19 127 127 0 0 0 70
0 0 0 127 127 34 0 88.4773 83.7045 65.5455 54.8409 119.019 0.734848
122.371 0.848485 53.0152 122.833 5.38186 0 0.310606 37.8409 3.84848
127 81.8066 1 0 0 0 0 0 0 0 16 16 0 0 0 0 0 0 127 51 0;
egregore_data 0 0 127 0 0 127 0 0 0 0 0 0 0 0 0 127 38 0 127 0 0 0
0 0 0 0 0 0 0 100 0 0 127 127 78 0 93 90 127 0 19 127 127 0 0 0 70
0 0 0 127 127 34 0 88.4773 83.7045 65.5455 54.8409 119.019 0.734848
122.371 0.848485 53.0152 122.833 5.38186 0 0.310606 37.8409 3.84848
127 81.8066 1 0 0 0 0 0 0 0 16 16 0 0 0 0 0 0 127 51 0;
egregore_data 0 0 127 0 0 127 0 0 0 0 0 0 0 0 0 127 38 0 127 0 0 0
0 0 0 0 0 0 0 100 0 0 127 127 78 0 93 90 127 0 19 127 127 0 0 0 70
0 0 0 127 127 34 0 88.4773 83.7045 65.5455 54.8409 119.019 0.734848
122.371 0.848485 53.0152 122.833 5.38186 0 0.310606 37.8409 3.84848
127 81.8066 1 0 0 0 0 0 0 0 16 16 0 0 0 0 0 0 127 51 0;
egregore_data 0 0 127 0 0 127 0 0 0 0 0 0 0 0 0 127 38 0 127 0 0 0
0 0 0 0 0 0 0 100 0 0 127 127 78 0 93 90 127 0 19 127 127 0 0 0 70
0 0 0 127 127 34 0 88.4773 83.7045 65.5455 54.8409 119.019 0.734848
122.371 0.848485 53.0152 122.833 5.38186 0 0.310606 37.8409 3.84848
127 81.8066 1 0 0 0 0 0 0 0 16 16 0 0 0 0 0 0 127 51 0;
egregore_data 0 0 127 0 0 127 0 0 0 0 0 0 0 0 0 127 38 0 127 0 0 0
0 0 0 0 0 0 0 100 0 0 127 127 78 0 93 90 127 0 19 127 127 0 0 0 70
0 0 0 127 127 34 0 88.4773 83.7045 65.5455 54.8409 119.019 0.734848
122.371 0.848485 53.0152 122.833 5.38186 0 0.310606 37.8409 3.84848
127 81.8066 1 0 0 0 0 0 0 0 16 16 0 0 0 0 0 0 127 51 0;
egregore_data 0 0 127 0 0 127 0 0 0 0 0 0 0 0 0 127 38 0 127 0 0 0
0 0 0 0 0 0 0 100 0 0 127 127 78 0 93 90 127 0 19 127 127 0 0 0 70
0 0 0 127 127 34 0 88.4773 83.7045 65.5455 54.8409 119.019 0.734848
122.371 0.848485 53.0152 122.833 5.38186 0 0.310606 37.8409 3.84848
127 81.8066 1 0 0 0 0 0 0 0 16 16 0 0 0 0 0 0 127 51 0;
egregore_data 0 0 127 0 0 127 0 0 0 0 0 0 0 0 0 127 38 0 127 0 0 0
0 0 0 0 0 0 0 100 0 0 127 127 78 0 93 90 127 0 19 127 127 0 0 0 70
0 0 0 127 127 34 0 88.4773 83.7045 65.5455 54.8409 119.019 0.734848
122.371 0.848485 53.0152 122.833 5.38186 0 0.310606 37.8409 3.84848
127 81.8066 1 0 0 0 0 0 0 0 16 16 0 0 0 0 0 0 127 51 0;
egregore_data 0 0 127 0 0 127 0 0 0 0 0 0 0 0 0 127 38 0 127 0 0 0
0 0 0 0 0 0 0 100 0 0 127 127 78 0 93 90 127 0 19 127 127 0 0 0 70
0 0 0 127 127 34 0 88.4773 83.7045 65.5455 54.8409 119.019 0.734848
122.371 0.848485 53.0152 122.833 5.38186 0 0.310606 37.8409 3.84848
127 81.8066 1 0 0 0 0 0 0 0 16 16 0 0 0 0 0 0 127 51 0;
egregore_data 0 0 127 0 0 127 0 0 0 0 0 0 0 0 0 127 38 0 127 0 0 0
0 0 0 0 0 0 0 100 0 0 127 127 78 0 93 90 127 0 19 127 127 0 0 0 70
0 0 0 127 127 34 0 88.4773 83.7045 65.5455 54.8409 119.019 0.734848
122.371 0.848485 53.0152 122.833 5.38186 0 0.310606 37.8409 3.84848
127 81.8066 1 0 0 0 0 0 0 0 16 16 0 0 0 0 0 0 127 51 0;
egregore_data 0 0 127 0 0 127 0 0 0 0 0 0 0 0 0 127 38 0 127 0 0 0
0 0 0 0 0 0 0 100 0 0 127 127 78 0 93 90 127 0 19 127 127 0 0 0 70
0 0 0 127 127 34 0 88.4773 83.7045 65.5455 54.8409 119.019 0.734848
122.371 0.848485 53.0152 122.833 5.38186 0 0.310606 37.8409 3.84848
127 81.8066 1 0 0 0 0 0 0 0 16 16 0 0 0 0 0 0 127 51 0;
egregore_data 0 0 127 0 0 127 0 0 0 0 0 0 0 0 0 127 38 0 127 0 0 0
0 0 0 0 0 0 0 100 0 0 127 127 78 0 93 90 127 0 19 127 127 0 0 0 70
0 0 0 127 127 34 0 88.4773 83.7045 65.5455 54.8409 119.019 0.734848
122.371 0.848485 53.0152 122.833 5.38186 0 0.310606 37.8409 3.84848
127 81.8066 1 0 0 0 0 0 0 0 16 16 0 0 0 0 0 0 127 51 0;
egregore_data 0 0 127 0 0 127 0 0 0 0 0 0 0 0 0 127 38 0 127 0 0 0
0 0 0 0 0 0 0 100 0 0 127 127 78 0 93 90 127 0 19 127 127 0 0 0 70
0 0 0 127 127 34 0 88.4773 83.7045 65.5455 54.8409 119.019 0.734848
122.371 0.848485 53.0152 122.833 5.38186 0 0.310606 37.8409 3.84848
127 81.8066 1 0 0 0 0 0 0 0 16 16 0 0 0 0 0 0 127 51 0;
egregore_data 0 0 127 0 0 127 0 0 0 0 0 0 0 0 0 127 38 0 127 0 0 0
0 0 0 0 0 0 0 100 0 0 127 127 78 0 93 90 127 0 19 127 127 0 0 0 70
0 0 0 127 127 34 0 88.4773 83.7045 65.5455 54.8409 119.019 0.734848
122.371 0.848485 53.0152 122.833 5.38186 0 0.310606 37.8409 3.84848
127 81.8066 1 0 0 0 0 0 0 0 16 16 0 0 0 0 0 0 127 51 0;
egregore_data 0 0 127 0 0 127 0 0 0 0 0 0 0 0 0 127 38 0 127 0 0 0
0 0 0 0 0 0 0 100 0 0 127 127 78 0 93 90 127 0 19 127 127 0 0 0 70
0 0 0 127 127 34 0 88.4773 83.7045 65.5455 54.8409 119.019 0.734848
122.371 0.848485 53.0152 122.833 5.38186 0 0.310606 37.8409 3.84848
127 81.8066 1 0 0 0 0 0 0 0 16 16 0 0 0 0 0 0 127 51 0;
egregore_data 0 0 127 0 0 127 0 0 0 0 0 0 0 0 0 127 38 0 127 0 0 0
0 0 0 0 0 0 0 100 0 0 127 127 78 0 93 90 127 0 19 127 127 0 0 0 70
0 0 0 127 127 34 0 88.4773 83.7045 65.5455 54.8409 119.019 0.734848
122.371 0.848485 53.0152 122.833 5.38186 0 0.310606 37.8409 3.84848
127 81.8066 1 0 0 0 0 0 0 0 16 16 0 0 0 0 0 0 127 51 0;
egregore_data 0 0 127 0 0 127 0 0 0 0 0 0 0 0 0 127 38 0 127 0 0 0
0 0 0 0 0 0 0 100 0 0 127 127 78 0 93 90 127 0 19 127 127 0 0 0 70
0 0 0 127 127 34 0 88.4773 83.7045 65.5455 54.8409 119.019 0.734848
122.371 0.848485 53.0152 122.833 5.38186 0 0.310606 37.8409 3.84848
127 81.8066 1 0 0 0 0 0 0 0 16 16 0 0 0 0 0 0 127 51 0;
egregore_data 0 0 127 0 0 127 0 0 0 0 0 0 0 0 0 127 38 0 127 0 0 0
0 0 0 0 0 0 0 100 0 0 127 127 78 0 93 90 127 0 19 127 127 0 0 0 70
0 0 0 127 127 34 0 88.4773 83.7045 65.5455 54.8409 119.019 0.734848
122.371 0.848485 53.0152 122.833 5.38186 0 0.310606 37.8409 3.84848
127 81.8066 1 0 0 0 0 0 0 0 16 16 0 0 0 0 0 0 127 51 0;
egregore_data 0 0 127 0 0 127 0 0 0 0 0 0 0 0 0 127 38 0 127 0 0 0
0 0 0 0 0 0 0 100 0 0 127 127 78 0 93 90 127 0 19 127 127 0 0 0 70
0 0 0 127 127 34 0 88.4773 83.7045 65.5455 54.8409 119.019 0.734848
122.371 0.848485 53.0152 122.833 5.38186 0 0.310606 37.8409 3.84848
127 81.8066 1 0 0 0 0 0 0 0 16 16 0 0 0 0 0 0 127 51 0;
egregore_data 0 0 127 0 0 127 0 0 0 0 0 0 0 0 0 127 38 0 127 0 0 0
0 0 0 0 0 0 0 100 0 0 127 127 78 0 93 90 127 0 19 127 127 0 0 0 70
0 0 0 127 127 34 0 88.4773 83.7045 65.5455 54.8409 119.019 0.734848
122.371 0.848485 53.0152 122.833 5.38186 0 0.310606 37.8409 3.84848
127 81.8066 1 0 0 0 0 0 0 0 16 16 0 0 0 0 0 0 127 51 0;
egregore_data 0 0 127 0 0 127 0 0 0 0 0 0 0 0 0 127 38 0 127 0 0 0
0 0 0 0 0 0 0 100 0 0 127 127 78 0 93 90 127 0 19 127 127 0 0 0 70
0 0 0 127 127 34 0 88.4773 83.7045 65.5455 54.8409 119.019 0.734848
122.371 0.848485 53.0152 122.833 5.38186 0 0.310606 37.8409 3.84848
127 81.8066 1 0 0 0 0 0 0 0 16 16 0 0 0 0 0 0 127 51 0;
egregore_data 0 0 127 0 0 127 0 0 0 0 0 0 0 0 0 127 38 0 127 0 0 0
0 0 0 0 0 0 0 100 0 0 127 127 78 0 93 90 127 0 19 127 127 0 0 0 70
0 0 0 127 127 34 0 88.4773 83.7045 65.5455 54.8409 119.019 0.734848
122.371 0.848485 53.0152 122.833 5.38186 0 0.310606 37.8409 3.84848
127 81.8066 1 0 0 0 0 0 0 0 16 16 0 0 0 0 0 0 127 51 0;
egregore_data 0 0 127 0 0 127 0 0 0 0 0 0 0 0 0 127 38 0 127 0 0 0
0 0 0 0 0 0 0 100 0 0 127 127 78 0 93 90 127 0 19 127 127 0 0 0 70
0 0 0 127 127 34 0 88.4773 83.7045 65.5455 54.8409 119.019 0.734848
122.371 0.848485 53.0152 122.833 5.38186 0 0.310606 37.8409 3.84848
127 81.8066 1 0 0 0 0 0 0 0 16 16 0 0 0 0 0 0 127 51 0;
egregore_data 0 0 127 0 0 127 0 0 0 0 0 0 0 0 0 127 38 0 127 0 0 0
0 0 0 0 0 0 0 100 0 0 127 127 78 0 93 90 127 0 19 127 127 0 0 0 70
0 0 0 127 127 34 0 88.4773 83.7045 65.5455 54.8409 119.019 0.734848
122.371 0.848485 53.0152 122.833 5.38186 0 0.310606 37.8409 3.84848
127 81.8066 1 0 0 0 0 0 0 0 16 16 0 0 0 0 0 0 127 51 0;
egregore_data 0 0 127 0 0 127 0 0 0 0 0 0 0 0 0 127 38 0 127 0 0 0
0 0 0 0 0 0 0 100 0 0 127 127 78 0 93 90 127 0 19 127 127 0 0 0 70
0 0 0 127 127 34 0 88.4773 83.7045 65.5455 54.8409 119.019 0.734848
122.371 0.848485 53.0152 122.833 5.38186 0 0.310606 37.8409 3.84848
127 81.8066 1 0 0 0 0 0 0 0 16 16 0 0 0 0 0 0 127 51 0;
egregore_data 0 0 127 0 0 127 0 0 0 0 0 0 0 0 0 127 38 0 127 0 0 0
0 0 0 0 0 0 0 100 0 0 127 127 78 0 93 90 127 0 19 127 127 0 0 0 70
0 0 0 127 127 34 0 88.4773 83.7045 65.5455 54.8409 119.019 0.734848
122.371 0.848485 53.0152 122.833 5.38186 0 0.310606 37.8409 3.84848
127 81.8066 1 0 0 0 0 0 0 0 16 16 0 0 0 0 0 0 127 51 0;
egregore_data 0 0 127 0 0 127 0 0 0 0 0 0 0 0 0 127 38 0 127 0 0 0
0 0 0 0 0 0 0 100 0 0 127 127 78 0 93 90 127 0 19 127 127 0 0 0 70
0 0 0 127 127 34 0 88.4773 83.7045 65.5455 54.8409 119.019 0.734848
122.371 0.848485 53.0152 122.833 5.38186 0 0.310606 37.8409 3.84848
127 81.8066 1 0 0 0 0 0 0 0 16 16 0 0 0 0 0 0 127 51 0;
egregore_data 0 0 127 0 0 127 0 0 0 0 0 0 0 0 0 127 38 0 127 0 0 0
0 0 0 0 0 0 0 100 0 0 127 127 78 0 93 90 127 0 19 127 127 0 0 0 70
0 0 0 127 127 34 0 88.4773 83.7045 65.5455 54.8409 119.019 0.734848
122.371 0.848485 53.0152 122.833 5.38186 0 0.310606 37.8409 3.84848
127 81.8066 1 0 0 0 0 0 0 0 16 16 0 0 0 0 0 0 127 51 0;
egregore_data 0 0 127 0 0 127 0 0 0 0 0 0 0 0 0 127 38 0 127 0 0 0
0 0 0 0 0 0 0 100 0 0 127 127 78 0 93 90 127 0 19 127 127 0 0 0 70
0 0 0 127 127 34 0 88.4773 83.7045 65.5455 54.8409 119.019 0.734848
122.371 0.848485 53.0152 122.833 5.38186 0 0.310606 37.8409 3.84848
127 81.8066 1 0 0 0 0 0 0 0 16 16 0 0 0 0 0 0 127 51 0;
egregore_data 0 0 127 0 0 127 0 0 0 0 0 0 0 0 0 127 38 0 127 0 0 0
0 0 0 0 0 0 0 100 0 0 127 127 78 0 93 90 127 0 19 127 127 0 0 0 70
0 0 0 127 127 34 0 88.4773 83.7045 65.5455 54.8409 119.019 0.734848
122.371 0.848485 53.0152 122.833 5.38186 0 0.310606 37.8409 3.84848
127 81.8066 1 0 0 0 0 0 0 0 16 16 0 0 0 0 0 0 127 51 0;
egregore_data 0 0 127 0 0 127 0 0 0 0 0 0 0 0 0 127 38 0 127 0 0 0
0 0 0 0 0 0 0 100 0 0 127 127 78 0 93 90 127 0 19 127 127 0 0 0 70
0 0 0 127 127 34 0 88.4773 83.7045 65.5455 54.8409 119.019 0.734848
122.371 0.848485 53.0152 122.833 5.38186 0 0.310606 37.8409 3.84848
127 81.8066 1 0 0 0 0 0 0 0 16 16 0 0 0 0 0 0 127 51 0;
egregore_data 0 0 127 0 0 127 0 0 0 0 0 0 0 0 0 127 38 0 127 0 0 0
0 0 0 0 0 0 0 100 0 0 127 127 78 0 93 90 127 0 19 127 127 0 0 0 70
0 0 0 127 127 34 0 88.4773 83.7045 65.5455 54.8409 119.019 0.734848
122.371 0.848485 53.0152 122.833 5.38186 0 0.310606 37.8409 3.84848
127 81.8066 1 0 0 0 0 0 0 0 16 16 0 0 0 0 0 0 127 51 0;
egregore_data 0 0 127 0 0 127 0 0 0 0 0 0 0 0 0 127 38 0 127 0 0 0
0 0 0 0 0 0 0 100 0 0 127 127 78 0 93 90 127 0 19 127 127 0 0 0 70
0 0 0 127 127 34 0 88.4773 83.7045 65.5455 54.8409 119.019 0.734848
122.371 0.848485 53.0152 122.833 5.38186 0 0.310606 37.8409 3.84848
127 81.8066 1 0 0 0 0 0 0 0 16 16 0 0 0 0 0 0 127 51 0;
egregore_data 0 0 127 0 0 127 0 0 0 0 0 0 0 0 0 127 38 0 127 0 0 0
0 0 0 0 0 0 0 100 0 0 127 127 78 0 93 90 127 0 19 127 127 0 0 0 70
0 0 0 127 127 34 0 88.4773 83.7045 65.5455 54.8409 119.019 0.734848
122.371 0.848485 53.0152 122.833 5.38186 0 0.310606 37.8409 3.84848
127 81.8066 1 0 0 0 0 0 0 0 16 16 0 0 0 0 0 0 127 51 0;
egregore_data 0 0 127 0 0 127 0 0 0 0 0 0 0 0 0 127 38 0 127 0 0 0
0 0 0 0 0 0 0 100 0 0 127 127 78 0 93 90 127 0 19 127 127 0 0 0 70
0 0 0 127 127 34 0 88.4773 83.7045 65.5455 54.8409 119.019 0.734848
122.371 0.848485 53.0152 122.833 5.38186 0 0.310606 37.8409 3.84848
127 81.8066 1 0 0 0 0 0 0 0 16 16 0 0 0 0 0 0 127 51 0;
egregore_data 0 0 127 0 0 127 0 0 0 0 0 0 0 0 0 127 38 0 127 0 0 0
0 0 0 0 0 0 0 100 0 0 127 127 78 0 93 90 127 0 19 127 127 0 0 0 70
0 0 0 127 127 34 0 88.4773 83.7045 65.5455 54.8409 119.019 0.734848
122.371 0.848485 53.0152 122.833 5.38186 0 0.310606 37.8409 3.84848
127 81.8066 1 0 0 0 0 0 0 0 16 16 0 0 0 0 0 0 127 51 0;
egregore_data 0 0 127 0 0 127 0 0 0 0 0 0 0 0 0 127 38 0 127 0 0 0
0 0 0 0 0 0 0 100 0 0 127 127 78 0 93 90 127 0 19 127 127 0 0 0 70
0 0 0 127 127 34 0 88.4773 83.7045 65.5455 54.8409 119.019 0.734848
122.371 0.848485 53.0152 122.833 5.38186 0 0.310606 37.8409 3.84848
127 81.8066 1 0 0 0 0 0 0 0 16 16 0 0 0 0 0 0 127 51 0;
egregore_data 0 0 127 0 0 127 0 0 0 0 0 0 0 0 0 127 38 0 127 0 0 0
0 0 0 0 0 0 0 100 0 0 127 127 78 0 93 90 127 0 19 127 127 0 0 0 70
0 0 0 127 127 34 0 88.4773 83.7045 65.5455 54.8409 119.019 0.734848
122.371 0.848485 53.0152 122.833 5.38186 0 0.310606 37.8409 3.84848
127 81.8066 1 0 0 0 0 0 0 0 16 16 0 0 0 0 0 0 127 51 0;
egregore_data 0 0 127 0 0 127 0 0 0 0 0 0 0 0 0 127 38 0 127 0 0 0
0 0 0 0 0 0 0 100 0 0 127 127 78 0 93 90 127 0 19 127 127 0 0 0 70
0 0 0 127 127 34 0 88.7557 84.3435 65.9237 54.2901 119.118 0 123.122
0 53.4198 123.122 4.96493 0 0 37.8092 3.87786 127 81.8066 1 0 0 0 0
0 0 0 16 16 0 0 0 0 0 0 127 51 0;
egregore_data 0 0 127 0 0 127 0 0 0 0 0 0 0 0 0 127 38 0 127 0 0 0
0 0 0 0 0 0 0 100 0 0 127 127 78 0 93 90 127 0 19 127 127 0 0 0 70
0 0 0 127 127 34 0 88.7557 84.3435 65.9237 54.2901 119.118 0 123.122
0 53.4198 123.122 4.96493 0 0 37.8092 3.87786 127 81.8066 1 0 0 0 0
0 0 0 16 16 0 0 0 0 0 0 127 51 0;
egregore_data 0 0 127 0 0 127 0 0 0 0 0 0 0 0 0 127 38 0 127 0 0 0
0 0 0 0 0 0 0 100 0 0 127 127 78 0 93 90 127 0 19 127 127 0 0 0 70
0 0 0 127 127 34 0 88.7557 84.3435 65.9237 54.2901 119.118 0 123.122
0 53.4198 123.122 4.96493 0 0 37.8092 3.87786 127 81.8066 1 0 0 0 0
0 0 0 16 16 0 0 0 0 0 0 127 51 0;
egregore_data 0 0 127 0 0 127 0 0 0 0 0 0 0 0 0 127 38 0 127 0 0 0
0 0 0 0 0 0 0 100 0 0 127 127 78 0 93 90 127 0 19 127 127 0 0 0 70
0 0 0 127 127 34 0 88.7557 84.3435 65.9237 54.2901 119.118 0 123.122
0 53.4198 123.122 4.96493 0 0 37.8092 3.87786 127 81.8066 1 0 0 0 0
0 0 0 16 16 0 0 0 0 0 0 127 51 0;
egregore_data 0 0 127 0 0 127 0 0 0 0 0 0 0 0 0 127 38 0 127 0 0 0
0 0 0 0 0 0 0 100 0 0 127 127 78 0 93 90 127 0 19 127 127 0 0 0 70
0 0 0 127 127 34 0 88.7557 84.3435 65.9237 54.2901 119.118 0 123.122
0 53.4198 123.122 4.96493 0 0 37.8092 3.87786 127 81.8066 1 0 0 0 0
0 0 0 16 16 0 0 0 0 0 0 127 51 0;
egregore_data 0 0 127 0 0 127 0 0 0 0 0 0 0 0 0 127 38 0 127 0 0 0
0 0 0 0 0 0 0 100 0 0 127 127 78 0 93 90 127 0 19 127 127 0 0 0 70
0 0 0 127 127 34 0 88.7557 84.3435 65.9237 54.2901 119.118 0 123.122
0 53.4198 123.122 4.96493 0 0 37.8092 3.87786 127 81.8066 1 0 0 0 0
0 0 0 16 16 0 0 0 0 0 0 127 51 0;
egregore_data 0 0 127 0 0 127 0 0 0 0 0 0 0 0 0 127 38 0 127 0 0 0
0 0 0 0 0 0 0 100 0 0 127 127 78 0 93 90 127 0 19 127 127 0 0 0 70
0 0 0 127 127 34 0 88.7557 84.3435 65.9237 54.2901 119.118 0 123.122
0 53.4198 123.122 4.96493 0 0 37.8092 3.87786 127 81.8066 1 0 0 0 0
0 0 0 16 16 0 0 0 0 0 0 127 51 0;
egregore_data 0 0 127 0 0 127 0 0 0 0 0 0 0 0 0 127 38 0 127 0 0 0
0 0 0 0 0 0 0 100 0 0 127 127 78 0 93 90 127 0 19 127 127 0 0 0 70
0 0 0 127 127 34 0 88.7557 84.3435 65.9237 54.2901 119.118 0 123.122
0 53.4198 123.122 4.96493 0 0 37.8092 3.87786 127 81.8066 1 0 0 0 0
0 0 0 16 16 0 0 0 0 0 0 127 51 0;
egregore_data 0 0 127 0 0 127 0 0 0 0 0 0 0 0 0 127 38 0 127 0 0 0
0 0 0 0 0 0 0 100 0 0 127 127 78 0 93 90 127 0 19 127 127 0 0 0 70
0 0 0 127 127 34 0 88.7557 84.3435 65.9237 54.2901 119.118 0 123.122
0 53.4198 123.122 4.96493 0 0 37.8092 3.87786 127 81.8066 1 0 0 0 0
0 0 0 16 16 0 0 0 0 0 0 127 51 0;
egregore_data 0 0 127 0 0 127 0 0 0 0 0 0 0 0 0 127 38 0 127 0 0 0
0 0 0 0 0 0 0 100 0 0 127 127 78 0 93 90 127 0 19 127 127 0 0 0 70
0 0 0 127 127 34 0 88.7557 84.3435 65.9237 54.2901 119.118 0 123.122
0 53.4198 123.122 4.96493 0 0 37.8092 3.87786 127 81.8066 1 0 0 0 0
0 0 0 16 16 0 0 0 0 0 0 127 51 0;
egregore_data 0 0 127 0 0 127 0 0 0 0 0 0 0 0 0 127 38 0 127 0 0 0
0 0 0 0 0 0 0 100 0 0 127 127 78 0 93 90 127 0 19 127 127 0 0 0 70
0 0 0 127 127 34 0 88.7557 84.3435 65.9237 54.2901 119.118 0 123.122
0 53.4198 123.122 4.96493 0 0 37.8092 3.87786 127 81.8066 1 0 0 0 0
0 0 0 16 16 0 0 0 0 0 0 127 51 0;
egregore_data 0 0 127 0 0 127 0 0 0 0 0 0 0 0 0 127 38 0 127 0 0 0
0 0 0 0 0 0 0 100 0 0 127 127 78 0 93 90 127 0 19 127 127 0 0 0 70
0 0 0 127 127 34 0 88.7557 84.3435 65.9237 54.2901 119.118 0 123.122
0 53.4198 123.122 4.96493 0 0 37.8092 3.87786 127 81.8066 1 0 0 0 0
0 0 0 16 16 0 0 0 0 0 0 127 51 0;
egregore_data 0 0 127 0 0 127 0 0 0 0 0 0 0 0 0 127 38 0 127 0 0 0
0 0 0 0 0 0 0 100 0 0 127 127 78 0 93 90 127 0 19 127 127 0 0 0 70
0 0 0 127 127 34 0 88.7557 84.3435 65.9237 54.2901 119.118 0 123.122
0 53.4198 123.122 4.96493 0 0 37.8092 3.87786 127 81.8066 1 0 0 0 0
0 0 0 16 16 0 0 0 0 0 0 127 51 0;
egregore_data 0 0 127 0 0 127 0 0 0 0 0 0 0 0 0 127 38 0 127 0 0 0
0 0 0 0 0 0 0 100 0 0 127 127 78 0 93 90 127 0 19 127 127 0 0 0 70
0 0 0 127 127 34 0 88.7557 84.3435 65.9237 54.2901 119.118 0 123.122
0 53.4198 123.122 4.96493 0 0 37.8092 3.87786 127 81.8066 1 0 0 0 0
0 0 0 16 16 0 0 0 0 0 0 127 51 0;
egregore_data 0 0 127 0 0 127 0 0 0 0 0 0 0 0 0 127 38 0 127 0 0 0
0 0 0 0 0 0 0 100 0 0 127 127 78 0 93 90 127 0 19 127 127 0 0 0 70
0 0 0 127 127 34 0 88.7557 84.3435 65.9237 54.2901 119.118 0 123.122
0 53.4198 123.122 4.96493 0 0 37.8092 3.87786 127 81.8066 1 0 0 0 0
0 0 0 16 16 0 0 0 0 0 0 127 51 0;
egregore_data 0 0 127 0 0 127 0 0 0 0 0 0 0 0 0 127 38 0 127 0 0 0
0 0 0 0 0 0 0 100 0 0 127 127 78 0 93 90 127 0 19 127 127 0 0 0 70
0 0 0 127 127 34 0 88.7557 84.3435 65.9237 54.2901 119.118 0 123.122
0 53.4198 123.122 4.96493 0 0 37.8092 3.87786 127 81.8066 1 0 0 0 0
0 0 0 16 16 0 0 0 0 0 0 127 51 0;
egregore_data 0 0 127 0 0 127 0 0 0 0 0 0 0 0 0 127 38 0 127 0 0 0
0 0 0 0 0 0 0 100 0 0 127 127 78 0 93 90 127 0 19 127 127 0 0 0 70
0 0 0 127 127 34 0 88.7557 84.3435 65.9237 54.2901 119.118 0 123.122
0 53.4198 123.122 4.96493 0 0 37.8092 3.87786 127 81.8066 1 0 0 0 0
0 0 0 16 16 0 0 0 0 0 0 127 51 0;
egregore_data 0 0 127 0 0 127 0 0 0 0 0 0 0 0 0 127 38 0 127 0 0 0
0 0 0 0 0 0 0 100 0 0 127 127 78 0 93 90 127 0 19 127 127 0 0 0 70
0 0 0 127 127 34 0 88.7557 84.3435 65.9237 54.2901 119.118 0 123.122
0 53.4198 123.122 4.96493 0 0 37.8092 3.87786 127 81.8066 1 0 0 0 0
0 0 0 16 16 0 0 0 0 0 0 127 51 0;
egregore_data 0 0 127 0 0 127 0 0 0 0 0 0 0 0 0 127 38 0 127 0 0 0
0 0 0 0 0 0 0 100 0 0 127 127 78 0 93 90 127 0 19 127 127 0 0 0 70
0 0 0 127 127 34 0 88.7557 84.3435 65.9237 54.2901 119.118 0 123.122
0 53.4198 123.122 4.96493 0 0 37.8092 3.87786 127 81.8066 1 0 0 0 0
0 0 0 16 16 0 0 0 0 0 0 127 51 0;
egregore_data 0 0 127 0 0 127 0 0 0 0 0 0 0 0 0 127 38 0 127 0 0 0
0 0 0 0 0 0 0 100 0 0 127 127 78 0 93 90 127 0 19 127 127 0 0 0 70
0 0 0 127 127 34 0 88.7557 84.3435 65.9237 54.2901 119.118 0 123.122
0 53.4198 123.122 4.96493 0 0 37.8092 3.87786 127 81.8066 1 0 0 0 0
0 0 0 16 16 0 0 0 0 0 0 127 51 0;
egregore_data 0 0 127 0 0 127 0 0 0 0 0 0 0 0 0 127 38 0 127 0 0 0
0 0 0 0 0 0 0 100 0 0 127 127 78 0 93 90 127 0 19 127 127 0 0 0 70
0 0 0 127 127 34 0 88.7557 84.3435 65.9237 54.2901 119.118 0 123.122
0 53.4198 123.122 4.96493 0 0 37.8092 3.87786 127 81.8066 1 0 0 0 0
0 0 0 16 16 0 0 0 0 0 0 127 51 0;
egregore_data 0 0 127 0 0 127 0 0 0 0 0 0 0 0 0 127 38 0 127 0 0 0
0 0 0 0 0 0 0 100 0 0 127 127 78 0 93 90 127 0 19 127 127 0 0 0 70
0 0 0 127 127 34 0 88.7557 84.3435 65.9237 54.2901 119.118 0 123.122
0 53.4198 123.122 4.96493 0 0 37.8092 3.87786 127 81.8066 1 0 0 0 0
0 0 0 16 16 0 0 0 0 0 0 127 51 0;
egregore_data 0 0 127 0 0 127 0 0 0 0 0 0 0 0 0 127 38 0 127 0 0 0
0 0 0 0 0 0 0 100 0 0 127 127 78 0 93 90 127 0 19 127 127 0 0 0 70
0 0 0 127 127 34 0 88.7557 84.3435 65.9237 54.2901 119.118 0 123.122
0 53.4198 123.122 4.96493 0 0 37.8092 3.87786 127 81.8066 1 0 0 0 0
0 0 0 16 16 0 0 0 0 0 0 127 51 0;
egregore_data 0 0 127 0 0 127 0 0 0 0 0 0 0 0 0 127 38 0 127 0 0 0
0 0 0 0 0 0 0 100 0 0 127 127 78 0 93 90 127 0 19 127 127 0 0 0 70
0 0 0 127 127 34 0 88.7557 84.3435 65.9237 54.2901 119.118 0 123.122
0 53.4198 123.122 4.96493 0 0 37.8092 3.87786 127 81.8066 1 0 0 0 0
0 0 0 16 16 0 0 0 0 0 0 127 51 0;
egregore_data 0 0 127 0 0 127 0 0 0 0 0 0 0 0 0 127 38 0 127 0 0 0
0 0 0 0 0 0 0 100 0 0 127 127 78 0 93 90 127 0 19 127 127 0 0 0 70
0 0 0 127 127 34 0 88.7557 84.3435 65.9237 54.2901 119.118 0 123.122
0 53.4198 123.122 4.96493 0 0 37.8092 3.87786 127 81.8066 1 0 0 0 0
0 0 0 16 16 0 0 0 0 0 0 127 51 0;
egregore_data 0 0 127 0 0 127 0 0 0 0 0 0 0 0 0 127 38 0 127 0 0 0
0 0 0 0 0 0 0 100 0 0 127 127 78 0 93 90 127 0 19 127 127 0 0 0 70
0 0 0 127 127 34 0 88.7557 84.3435 65.9237 54.2901 119.118 0 123.122
0 53.4198 123.122 4.96493 0 0 37.8092 3.87786 127 81.8066 1 0 0 0 0
0 0 0 16 16 0 0 0 0 0 0 127 51 0;
egregore_data 0 0 127 0 0 127 0 0 0 0 0 0 0 0 0 127 38 0 127 0 0 0
0 0 0 0 0 0 0 100 0 0 127 127 78 0 93 90 127 0 19 127 127 0 0 0 70
0 0 0 127 127 34 0 88.7557 84.3435 65.9237 54.2901 119.118 0 123.122
0 53.4198 123.122 4.96493 0 0 37.8092 3.87786 127 81.8066 1 0 0 0 0
0 0 0 16 16 0 0 0 0 0 0 127 51 0;
egregore_data 0 0 127 0 0 127 0 0 0 0 0 0 0 0 0 127 38 0 127 0 0 0
0 0 0 0 0 0 0 100 0 0 127 127 78 0 93 90 127 0 19 127 127 0 0 0 70
0 0 0 127 127 34 0 88.7557 84.3435 65.9237 54.2901 119.118 0 123.122
0 53.4198 123.122 4.96493 0 0 37.8092 3.87786 127 81.8066 1 0 0 0 0
0 0 0 16 16 0 0 0 0 0 0 127 51 0;
egregore_data 0 0 127 0 0 127 0 0 0 0 0 0 0 0 0 127 38 0 127 0 0 0
0 0 0 0 0 0 0 100 0 0 127 127 78 0 93 90 127 0 19 127 127 0 0 0 70
0 0 0 127 127 34 0 88.7557 84.3435 65.9237 54.2901 119.118 0 123.122
0 53.4198 123.122 4.96493 0 0 37.8092 3.87786 127 81.8066 1 0 0 0 0
0 0 0 16 16 0 0 0 0 0 0 127 51 0;
egregore_data 0 0 127 0 0 127 0 0 0 0 0 0 0 0 0 127 38 0 127 0 0 0
0 0 0 0 0 0 0 100 0 0 127 127 78 0 93 90 127 0 19 127 127 0 0 0 70
0 0 0 127 127 34 0 88.7557 84.3435 65.9237 54.2901 119.118 0 123.122
0 53.4198 123.122 4.96493 0 0 37.8092 3.87786 127 81.8066 1 0 0 0 0
0 0 0 16 16 0 0 0 0 0 0 127 51 0;
egregore_data 0 0 127 0 0 127 0 0 0 0 0 0 0 0 0 127 38 0 127 0 0 0
0 0 0 0 0 0 0 100 0 0 127 127 78 0 93 90 127 0 19 127 127 0 0 0 70
0 0 0 127 127 34 0 88.7557 84.3435 65.9237 54.2901 119.118 0 123.122
0 53.4198 123.122 4.96493 0 0 37.8092 3.87786 127 81.8066 1 0 0 0 0
0 0 0 16 16 0 0 0 0 0 0 127 51 0;
egregore_data 0 0 127 0 0 127 0 0 0 0 0 0 0 0 0 127 38 0 127 0 0 0
0 0 0 0 0 0 0 100 0 0 127 127 78 0 93 90 127 0 19 127 127 0 0 0 70
0 0 0 127 127 34 0 88.7557 84.3435 65.9237 54.2901 119.118 0 123.122
0 53.4198 123.122 4.96493 0 0 37.8092 3.87786 127 81.8066 1 0 0 0 0
0 0 0 16 16 0 0 0 0 0 0 127 51 0;
egregore_data 0 0 127 0 0 127 0 0 0 0 0 0 0 0 0 127 38 0 127 0 0 0
0 0 0 0 0 0 0 100 0 0 127 127 78 0 93 90 127 0 19 127 127 0 0 0 70
0 0 0 127 127 34 0 88.7557 84.3435 65.9237 54.2901 119.118 0 123.122
0 53.4198 123.122 4.96493 0 0 37.8092 3.87786 127 81.8066 1 0 0 0 0
0 0 0 16 16 0 0 0 0 0 0 127 51 0;
egregore_data 0 0 127 0 0 127 0 0 0 0 0 0 0 0 0 127 38 0 127 0 0 0
0 0 0 0 0 0 0 100 0 0 127 127 78 0 93 90 127 0 19 127 127 0 0 0 70
0 0 0 127 127 34 0 88.7557 84.3435 65.9237 54.2901 119.118 0 123.122
0 53.4198 123.122 4.96493 0 0 37.8092 3.87786 127 81.8066 1 0 0 0 0
0 0 0 16 16 0 0 0 0 0 0 127 51 0;
egregore_data 0 0 127 0 0 127 0 0 0 0 0 0 0 0 0 127 38 0 127 0 0 0
0 0 0 0 0 0 0 100 0 0 127 127 78 0 93 90 127 0 19 127 127 0 0 0 70
0 0 0 127 127 34 0 88.7557 84.3435 65.9237 54.2901 119.118 0 123.122
0 53.4198 123.122 4.96493 0 0 37.8092 3.87786 127 81.8066 1 0 0 0 0
0 0 0 16 16 0 0 0 0 0 0 127 51 0;
egregore_data 0 0 127 0 0 127 0 0 0 0 0 0 0 0 0 127 38 0 127 0 0 0
0 0 0 0 0 0 0 100 0 0 127 127 78 0 93 90 127 0 19 127 127 0 0 0 70
0 0 0 127 127 34 0 88.7557 84.3435 65.9237 54.2901 119.118 0 123.122
0 53.4198 123.122 4.96493 0 0 37.8092 3.87786 127 81.8066 1 0 0 0 0
0 0 0 16 16 0 0 0 0 0 0 127 51 0;
egregore_data 0 0 127 0 0 127 0 0 0 0 0 0 0 0 0 127 38 0 127 0 0 0
0 0 0 0 0 0 0 100 0 0 127 127 78 0 93 90 127 0 19 127 127 0 0 0 70
0 0 0 127 127 34 0 88.7557 84.3435 65.9237 54.2901 119.118 0 123.122
0 53.4198 123.122 4.96493 0 0 37.8092 3.87786 127 81.8066 1 0 0 0 0
0 0 0 16 16 0 0 0 0 0 0 127 51 0;
END;
