HTTP/1.1 200 OK
Date: Thu, 28 May 2015 12:24:52 GMT
Server: Apache
Last-Modified: Wed, 27 May 2015 19:17:22 GMT
Accept-Ranges: bytes
Content-Length: 23743
Vary: Accept-Encoding
Connection: close
Content-Type: text/plain

chdh_egregore_live_data;
egregore_data 0 0 127 0 0 127 0 0 0 0 0 0 0 0 0 127 38 0 127 0 0 0
0 0 0 0 0 0 0 100 0 0 127 127 78 1 93 90 38 3 10 127 8 68 0 0 70 0
0 69 5 127 34 1 53 99 83 0 0 0 0 32 0 0 21 0 40 0 0 127 88 0 0 0 0
0 0 0 0 16 16 0 0 0 0 0 0 127 51 0;
egregore_data 0 0 127 0 0 127 0 0 0 0 0 0 0 0 0 127 38 0 127 0 0 0
0 0 0 0 0 0 0 100 0 0 127 127 78 1 93 90 38 3 10 127 8 68 0 0 70 0
0 69 5 127 34 1 53 99 83 0 0 0 0 32 0 0 21 0 40 0 0 127 88 0 0 0 0
0 0 0 0 16 16 0 0 0 0 0 0 127 51 0;
egregore_data 0 0 127 0 0 127 0 0 0 0 0 0 0 0 0 127 38 0 127 0 0 0
0 0 0 0 0 0 0 100 0 0 127 127 78 1 93 90 38 3 10 127 8 68 0 0 70 0
0 69 5 127 34 1 53 99 83 0 0 0 0 32 0 0 21 0 40 0 0 127 88 0 0 0 0
0 0 0 0 16 16 0 0 0 0 0 0 127 51 0;
egregore_data 0 0 127 0 0 127 0 0 0 0 0 0 0 0 0 127 38 0 127 0 0 0
0 0 0 0 0 0 0 100 0 0 127 127 78 1 93 90 38 3 10 127 8 68 0 0 70 0
0 69 5 127 34 1 53 99 83 0 0 0 0 32 0 0 21 0 40 0 0 127 88 0 0 0 0
0 0 0 0 16 16 0 0 0 0 0 0 127 51 0;
egregore_data 0 0 127 0 0 127 0 0 0 0 0 0 0 0 0 127 38 0 127 0 0 0
0 0 0 0 0 0 0 100 0 0 127 127 78 1 93 90 38 3 10 127 8 68 0 0 70 0
0 69 5 127 34 1 53 99 83 0 0 0 0 32 0 0 21 0 40 0 0 127 88 0 0 0 0
0 0 0 0 16 16 0 0 0 0 0 0 127 51 0;
egregore_data 0 0 127 0 0 127 0 0 0 0 0 0 0 0 0 127 38 0 127 0 0 0
0 0 0 0 0 0 0 100 0 0 127 127 78 1 93 90 38 3 10 127 8 68 0 0 70 0
0 69 5 127 34 1 53 99 83 0 0 0 0 32 0 0 21 0 40 0 0 127 88 0 0 0 0
0 0 0 0 16 16 0 0 0 0 0 0 127 51 0;
egregore_data 0 0 127 0 0 127 0 0 0 0 0 0 0 0 0 127 38 0 127 0 0 0
0 0 0 0 0 0 0 100 0 0 127 127 78 1 93 90 38 3 10 127 8 68 0 0 70 0
0 69 5 127 34 1 53 99 83 0 0 0 0 32 0 0 21 0 40 0 0 127 88 0 0 0 0
0 0 0 0 16 16 0 0 0 0 0 0 127 51 0;
egregore_data 0 0 127 0 0 127 0 0 0 0 0 0 0 0 0 127 38 0 127 0 0 0
0 0 0 0 0 0 0 100 0 0 127 127 78 1 93 90 38 3 10 127 8 68 0 0 70 0
0 69 5 127 34 1 53 99 83 0 0 0 0 32 0 0 21 0 40 0 0 127 88 0 0 0 0
0 0 0 0 16 16 0 0 0 0 0 0 127 51 0;
egregore_data 0 0 127 0 0 127 0 0 0 0 0 0 0 0 0 127 38 0 127 0 0 0
0 0 0 0 0 0 0 100 0 0 127 127 78 1 93 90 38 3 10 127 8 68 0 0 70 0
0 69 5 127 34 1 53 99 83 0 0 0 0 32 0 0 21 0 40 0 0 127 88 0 0 0 0
0 0 0 0 16 16 0 0 0 0 0 0 127 51 0;
egregore_data 0 0 127 0 0 127 0 0 0 0 0 0 0 0 0 127 38 0 127 0 0 0
0 0 0 0 0 0 0 100 0 0 127 127 78 1 93 90 38 3 10 127 8 68 0 0 70 0
0 69 5 127 34 1 53 99 83 0 0 0 0 32 0 0 21 0 40 0 0 127 88 0 0 0 0
0 0 0 0 16 16 0 0 0 0 0 0 127 51 0;
egregore_data 0 0 127 0 0 127 0 0 0 0 0 0 0 0 0 127 38 0 127 0 0 0
0 0 0 0 0 0 0 100 0 0 127 127 78 1 93 90 38 3 10 127 8 68 0 0 70 0
0 69 5 127 34 1 53 99 83 0 0 0 0 32 0 0 21 0 40 0 0 127 88 0 0 0 0
0 0 0 0 16 16 0 0 0 0 0 0 127 51 0;
egregore_data 0 0 127 0 0 127 0 0 0 0 0 0 0 0 0 127 38 0 127 0 0 0
0 0 0 0 0 0 0 100 0 0 127 127 78 1 93 90 38 3 10 127 8 68 0 0 70 0
0 69 5 127 34 1 53 99 83 0 0 0 0 32 0 0 21 0 40 0 0 127 88 0 0 0 0
0 0 0 0 16 16 0 0 0 0 0 0 127 51 0;
egregore_data 0 0 127 0 0 127 0 0 0 0 0 0 0 0 0 127 38 0 127 0 0 0
0 0 0 0 0 0 0 100 0 0 127 127 78 1 93 90 38 3 10 127 8 68 0 0 70 0
0 69 5 127 34 1 53 99 83 0 0 0 0 32 0 0 21 0 40 0 0 127 88 0 0 0 0
0 0 0 0 16 16 0 0 0 0 0 0 127 51 0;
egregore_data 0 0 127 0 0 127 0 0 0 0 0 0 0 0 0 127 38 0 127 0 0 0
0 0 0 0 0 0 0 100 0 0 127 127 78 1 93 90 37 3 10 127 8 68 0 0 70 0
0 70 5 127 34 1 53 99 83 0 0 0 0 32 0 0 21 0 40 0 0 127 88 0 0 0 0
0 0 0 0 16 16 0 0 0 0 0 0 127 51 0;
egregore_data 0 0 127 0 0 127 0 0 0 0 0 0 0 0 0 127 38 0 127 0 0 0
0 0 0 0 0 0 0 100 0 0 127 127 78 1 93 90 37 3 11 127 8 68 0 0 70 0
0 71 6 127 34 1 53 99 83 0 0 0 0 32 0 0 21 0 40 0 0 127 88 0 0 0 0
0 0 0 0 16 16 0 0 0 0 0 0 127 51 0;
egregore_data 0 0 127 0 0 127 0 0 0 0 0 0 0 0 0 127 38 0 127 0 0 0
0 0 0 0 0 0 0 100 0 0 127 127 78 1 93 90 37 3 11 127 7 68 0 0 70 0
0 72 6 127 34 1 53 99 83 0 0 0 0 32 0 0 21 0 40 0 0 127 88 0 0 0 0
0 0 0 0 16 16 0 0 0 0 0 0 127 51 0;
egregore_data 0 0 127 0 0 127 0 0 0 0 0 0 0 0 0 127 38 0 127 0 0 0
0 0 0 0 0 0 0 100 0 0 127 127 78 1 93 90 37 3 11 127 7 68 0 0 70 0
0 72 6 127 34 1 53 99 83 0 0 0 0 32 0 0 21 0 40 0 0 127 88 0 0 0 0
0 0 0 0 16 16 0 0 0 0 0 0 127 51 0;
egregore_data 0 0 127 0 0 127 0 0 0 0 0 0 0 0 0 127 38 0 127 0 0 0
0 0 0 0 0 0 0 100 0 0 127 127 78 1 93 90 37 3 11 127 7 68 0 0 70 0
0 73 6 127 34 1 53 99 83 0 0 0 0 32 0 0 21 0 40 0 0 127 88 0 0 0 0
0 0 0 0 16 16 0 0 0 0 0 0 127 51 0;
egregore_data 0 0 127 0 0 127 0 0 0 0 0 0 0 0 0 127 38 0 127 0 0 0
0 0 0 0 0 0 0 100 0 0 127 127 78 1 93 90 37 3 11 127 7 68 0 0 70 0
0 74 6 127 34 1 53 99 83 0 0 0 0 32 0 0 21 0 40 0 0 127 88 0 0 0 0
0 0 0 0 16 16 0 0 0 0 0 0 127 51 0;
egregore_data 0 0 127 0 0 127 0 0 0 0 0 0 0 0 0 127 38 0 127 0 0 0
0 0 0 0 0 0 0 100 0 0 127 127 78 1 93 90 37 3 11 127 7 68 0 0 70 0
0 74 6 127 34 1 53 99 83 0 0 0 0 32 0 0 21 0 40 0 0 127 88 0 0 0 0
0 0 0 0 16 16 0 0 0 0 0 0 127 51 0;
egregore_data 0 0 127 0 0 127 0 0 0 0 0 0 0 0 0 127 38 0 127 0 0 0
0 0 0 0 0 0 0 100 0 0 127 127 78 1 93 90 37 3 11 127 7 68 0 0 70 0
0 76 6 127 34 1 53 99 83 0 0 0 0 32 0 0 21 0 40 0 0 127 88 0 0 0 0
0 0 0 0 16 16 0 0 0 0 0 0 127 51 0;
egregore_data 0 0 127 0 0 127 0 0 0 0 0 0 0 0 0 127 38 0 127 0 0 0
0 0 0 0 0 0 0 100 0 0 127 127 78 1 93 90 36 3 11 127 7 68 0 0 70 0
0 77 6 127 34 1 53 99 83 0 0 0 0 32 0 0 21 0 40 0 0 127 88 0 0 0 0
0 0 0 0 16 16 0 0 0 0 0 0 127 51 0;
egregore_data 0 0 127 0 0 127 0 0 0 0 0 0 0 0 0 127 38 0 127 0 0 0
0 0 0 0 0 0 0 100 0 0 127 127 78 1 93 90 36 3 12 127 7 68 0 0 70 0
0 77 6 127 34 1 53 99 83 0 0 0 0 32 0 0 21 0 40 0 0 127 88 0 0 0 0
0 0 0 0 16 16 0 0 0 0 0 0 127 51 0;
egregore_data 0 0 127 0 0 127 0 0 0 0 0 0 0 0 0 127 38 0 127 0 0 0
0 0 0 0 0 0 0 100 0 0 127 127 78 1 93 90 36 3 12 127 7 68 0 0 70 0
0 77 6 127 34 1 53 99 83 0 0 0 0 32 0 0 21 0 40 0 0 127 88 0 0 0 0
0 0 0 0 16 16 0 0 0 0 0 0 127 51 0;
egregore_data 0 0 127 0 0 127 0 0 0 0 0 0 0 0 0 127 38 0 127 0 0 0
0 0 0 0 0 0 0 100 0 0 127 127 78 1 93 90 36 3 12 127 7 68 0 0 70 0
0 77 6 127 34 1 53 99 83 0 0 0 0 32 0 0 21 0 40 0 0 127 88 0 0 0 0
0 0 0 0 16 16 0 0 0 0 0 0 127 51 0;
egregore_data 0 0 127 0 0 127 0 0 0 0 0 0 0 0 0 127 38 0 127 0 0 0
0 0 0 0 0 0 0 100 0 0 127 127 78 1 93 90 36 3 12 127 7 68 0 0 70 0
0 77 6 127 34 1 53 99 83 0 0 0 0 32 0 0 21 0 40 0 0 127 88 0 0 0 0
0 0 0 0 16 16 0 0 0 0 0 0 127 51 0;
egregore_data 0 0 127 0 0 127 0 0 0 0 0 0 0 0 0 127 38 0 127 0 0 0
0 0 0 0 0 0 0 100 0 0 127 127 78 1 93 90 36 3 12 127 7 68 0 0 70 0
0 77 6 127 34 1 53 99 83 0 0 0 0 32 0 0 21 0 40 0 0 127 88 0 0 0 0
0 0 0 0 16 16 0 0 0 0 0 0 127 51 0;
egregore_data 0 0 127 0 0 127 0 0 0 0 0 0 0 0 0 127 38 0 127 0 0 0
0 0 0 0 0 0 0 100 0 0 127 127 78 1 93 90 36 3 12 127 7 68 0 0 70 0
0 77 6 127 34 1 53 99 83 0 0 0 0 32 0 0 21 0 40 0 0 127 88 0 0 0 0
0 0 0 0 16 16 0 0 0 0 0 0 127 51 0;
egregore_data 0 0 127 0 0 127 0 0 0 0 0 0 0 0 0 127 38 0 127 0 0 0
0 0 0 0 0 0 0 100 0 0 127 127 78 1 93 90 36 3 12 127 7 68 0 0 70 0
0 77 6 127 34 1 53 99 83 0 0 0 0 32 0 0 21 0 40 0 0 127 88 0 0 0 0
0 0 0 0 16 16 0 0 0 0 0 0 127 51 0;
egregore_data 0 0 127 0 0 127 0 0 0 0 0 0 0 0 0 127 38 0 127 0 0 0
0 0 0 0 0 0 0 100 0 0 127 127 78 1 93 90 36 3 12 127 7 68 0 0 70 0
0 77 6 127 34 1 53 99 83 0 0 0 0 32 0 0 21 0 40 0 0 127 88 0 0 0 0
0 0 0 0 16 16 0 0 0 0 0 0 127 51 0;
egregore_data 0 0 127 0 0 127 0 0 0 0 0 0 0 0 0 127 38 0 127 0 0 0
0 0 0 0 0 0 0 100 0 0 127 127 78 1 93 90 36 3 12 127 7 68 0 0 70 0
0 77 6 127 34 1 53 99 83 0 0 0 0 32 0 0 21 0 40 0 0 127 88 0 0 0 0
0 0 0 0 16 16 0 0 0 0 0 0 127 51 0;
egregore_data 0 0 127 0 0 127 0 0 0 0 0 0 0 0 0 127 38 0 127 0 0 0
0 0 0 0 0 0 0 100 0 0 127 127 78 1 93 90 36 3 12 127 7 68 0 0 70 0
0 78 6 127 34 1 53 99 83 0 0 0 0 32 0 0 21 0 40 0 0 127 88 0 0 0 0
0 0 0 0 16 16 0 0 0 0 0 0 127 51 0;
egregore_data 0 0 127 0 0 127 0 0 0 0 0 0 0 0 0 127 38 0 127 0 0 0
0 0 0 0 0 0 0 100 0 0 127 127 78 1 93 90 36 3 12 127 7 68 0 0 70 0
0 78 6 127 34 1 53 99 83 0 0 0 0 32 0 0 21 0 40 0 0 127 88 0 0 0 0
0 0 0 0 16 16 0 0 0 0 0 0 127 51 0;
egregore_data 0 0 127 0 0 127 0 0 0 0 0 0 0 0 0 127 38 0 127 0 0 0
0 0 0 0 0 0 0 100 0 0 127 127 78 1 93 90 36 3 12 127 7 68 0 0 70 0
0 78 6 127 34 1 53 99 83 0 0 0 0 32 0 0 21 0 40 0 0 127 88 0 0 0 0
0 0 0 0 16 16 0 0 0 0 0 0 127 51 0;
egregore_data 0 0 127 0 0 127 0 0 0 0 0 0 0 0 0 127 38 0 127 0 0 0
0 0 0 0 0 0 0 100 0 0 127 127 78 1 93 90 36 3 12 127 7 68 0 0 70 0
0 78 6 127 34 1 53 99 83 0 0 0 0 32 0 0 21 0 40 0 0 127 88 0 0 0 0
0 0 0 0 16 16 0 0 0 0 0 0 127 51 0;
egregore_data 0 0 127 0 0 127 0 0 0 0 0 0 0 0 0 127 38 0 127 0 0 0
0 0 0 0 0 0 0 100 0 0 127 127 78 1 93 90 36 3 12 127 7 68 0 0 70 0
0 78 6 127 34 1 53 99 83 0 0 0 0 32 0 0 21 0 40 0 0 127 88 0 0 0 0
0 0 0 0 16 16 0 0 0 0 0 0 127 51 0;
egregore_data 0 0 127 0 0 127 0 0 0 0 0 0 0 0 0 127 38 0 127 0 0 0
0 0 0 0 0 0 0 100 0 0 127 127 78 1 93 90 36 3 12 127 7 69 0 0 70 0
0 79 6 127 34 1 53 99 83 0 0 0 0 32 0 0 21 0 40 0 0 127 88 0 0 0 0
0 0 0 0 16 16 0 0 0 0 0 0 127 51 0;
egregore_data 0 0 127 0 0 127 0 0 0 0 0 0 0 0 0 127 38 0 127 0 0 0
0 0 0 0 0 0 0 100 0 0 127 127 78 1 93 90 36 3 12 127 7 69 0 0 70 0
0 80 6 127 34 1 53 99 83 0 0 0 0 32 0 0 21 0 40 0 0 127 88 0 0 0 0
0 0 0 0 16 16 0 0 0 0 0 0 127 51 0;
egregore_data 0 0 127 0 0 127 0 0 0 0 0 0 0 0 0 127 38 0 127 0 0 0
0 0 0 0 0 0 0 100 0 0 127 127 78 1 93 90 36 3 12 127 6 69 0 0 70 0
0 81 6 127 34 1 53 99 83 0 0 0 0 32 0 0 21 0 40 0 0 127 88 0 0 0 0
0 0 0 0 16 16 0 0 0 0 0 0 127 51 0;
egregore_data 0 0 127 0 0 127 0 0 0 0 0 0 0 0 0 127 38 0 127 0 0 0
0 0 0 0 0 0 0 100 0 0 127 127 78 1 93 90 35 3 12 127 6 69 0 0 70 0
0 82 6 127 34 1 53 99 83 0 0 0 0 32 0 0 21 0 40 0 0 127 88 0 0 0 0
0 0 0 0 16 16 0 0 0 0 0 0 127 51 0;
egregore_data 0 0 127 0 0 127 0 0 0 0 0 0 0 0 0 127 38 0 127 0 0 0
0 0 0 0 0 0 0 100 0 0 127 127 78 1 93 90 35 3 12 127 6 69 0 0 70 0
0 83 7 127 34 1 53 99 83 0 0 0 0 32 0 0 21 0 40 0 0 127 88 0 0 0 0
0 0 0 0 16 16 0 0 0 0 0 0 127 51 0;
egregore_data 0 0 127 0 0 127 0 0 0 0 0 0 0 0 0 127 38 0 127 0 0 0
0 0 0 0 0 0 0 100 0 0 127 127 78 1 93 90 35 3 13 127 6 69 0 0 70 0
0 84 7 127 34 1 53 99 83 0 0 0 0 32 0 0 21 0 40 0 0 127 88 0 0 0 0
0 0 0 0 16 16 0 0 0 0 0 0 127 51 0;
egregore_data 0 0 127 0 0 127 0 0 0 0 0 0 0 0 0 127 38 0 127 0 0 0
0 0 0 0 0 0 0 100 0 0 127 127 78 1 93 90 35 3 13 127 6 69 0 0 70 0
0 84 7 127 34 1 53 99 83 0 0 0 0 32 0 0 21 0 40 0 0 127 88 0 0 0 0
0 0 0 0 16 16 0 0 0 0 0 0 127 51 0;
egregore_data 0 0 127 0 0 127 0 0 0 0 0 0 0 0 0 127 38 0 127 0 0 0
0 0 0 0 0 0 0 100 0 0 127 127 78 1 93 90 35 3 13 127 6 69 0 0 70 0
0 86 7 127 34 1 53 99 83 0 0 0 0 32 0 0 21 0 40 0 0 127 88 0 0 0 0
0 0 0 0 16 16 0 0 0 0 0 0 127 51 0;
egregore_data 0 0 127 0 0 127 0 0 0 0 0 0 0 0 0 127 38 0 127 0 0 0
0 0 0 0 0 0 0 100 0 0 127 127 78 1 93 90 35 3 13 127 6 69 0 0 70 0
0 86 7 127 34 1 53 99 83 0 0 0 0 32 0 0 21 0 40 0 0 127 88 0 0 0 0
0 0 0 0 16 16 0 0 0 0 0 0 127 51 0;
egregore_data 0 0 127 0 0 127 0 0 0 0 0 0 0 0 0 127 38 0 127 0 0 0
0 0 0 0 0 0 0 100 0 0 127 127 78 1 93 90 35 3 13 127 6 69 0 0 70 0
0 86 7 127 34 1 53 99 83 0 0 0 0 32 0 0 21 0 40 0 0 127 88 0 0 0 0
0 0 0 0 16 16 0 0 0 0 0 0 127 51 0;
egregore_data 0 0 127 0 0 127 0 0 0 0 0 0 0 0 0 127 38 0 127 0 0 0
0 0 0 0 0 0 0 100 0 0 127 127 78 1 93 90 35 3 13 127 6 69 0 0 70 0
0 86 7 127 34 1 53 99 83 0 0 0 0 32 0 0 21 0 40 0 0 127 88 0 0 0 0
0 0 0 0 16 16 0 0 0 0 0 0 127 51 0;
egregore_data 0 0 127 0 0 127 0 0 0 0 0 0 0 0 0 127 38 0 127 0 0 0
0 0 0 0 0 0 0 100 0 0 127 127 78 1 93 90 35 3 13 127 6 69 0 0 70 0
0 86 7 127 34 1 53 99 83 0 0 0 0 32 0 0 21 0 40 0 0 127 88 0 0 0 0
0 0 0 0 16 16 0 0 0 0 0 0 127 51 0;
egregore_data 0 0 127 0 0 127 0 0 0 0 0 0 0 0 0 127 38 0 127 0 0 0
0 0 0 0 0 0 0 100 0 0 127 127 78 1 93 90 35 3 13 127 6 69 0 0 70 0
0 86 7 127 34 1 53 99 83 0 0 0 0 32 0 0 21 0 40 0 0 127 88 0 0 0 0
0 0 0 0 16 16 0 0 0 0 0 0 127 51 0;
egregore_data 0 0 127 0 0 127 0 0 0 0 0 0 0 0 0 127 38 0 127 0 0 0
0 0 0 0 0 0 0 100 0 0 127 127 78 1 93 90 35 3 13 127 6 69 0 0 70 0
0 86 7 127 34 1 53 99 83 0 0 0 0 32 0 0 21 0 40 0 0 127 88 0 0 0 0
0 0 0 0 16 16 0 0 0 0 0 0 127 51 0;
egregore_data 0 0 127 0 0 127 0 0 0 0 0 0 0 0 0 127 38 0 127 0 0 0
0 0 0 0 0 0 0 100 0 0 127 127 78 1 93 90 35 3 13 127 6 69 0 0 70 0
0 86 7 127 34 1 53 99 83 0 0 0 0 32 0 0 21 0 40 0 0 127 88 0 0 0 0
0 0 0 0 16 16 0 0 0 0 0 0 127 51 0;
egregore_data 0 0 127 0 0 127 0 0 0 0 0 0 0 0 0 127 38 0 127 0 0 0
0 0 0 0 0 0 0 100 0 0 127 127 78 1 93 90 35 3 13 127 6 69 0 0 70 0
0 86 7 127 34 1 53 99 83 0 0 0 0 32 0 0 21 0 40 0 0 127 88 0 0 0 0
0 0 0 0 16 16 0 0 0 0 0 0 127 51 0;
egregore_data 0 0 127 0 0 127 0 0 0 0 0 0 0 0 0 127 38 0 127 0 0 0
0 0 0 0 0 0 0 100 0 0 127 127 78 1 93 90 35 3 13 127 6 69 0 0 70 0
0 87 7 127 34 1 53 99 83 0 0 0 0 32 0 0 21 0 40 0 0 127 88 0 0 0 0
0 0 0 0 16 16 0 0 0 0 0 0 127 51 0;
egregore_data 0 0 127 0 0 127 0 0 0 0 0 0 0 0 0 127 38 0 127 0 0 0
0 0 0 0 0 0 0 100 0 0 127 127 78 1 93 90 34 3 13 127 6 69 0 0 70 0
0 88 7 127 34 1 53 99 83 0 0 0 0 32 0 0 21 0 40 0 0 127 88 0 0 0 0
0 0 0 0 16 16 0 0 0 0 0 0 127 51 0;
egregore_data 0 0 127 0 0 127 0 0 0 0 0 0 0 0 0 127 38 0 127 0 0 0
0 0 0 0 0 0 0 100 0 0 127 127 78 1 93 90 34 3 13 127 6 69 0 0 70 0
0 89 7 127 34 1 53 99 83 0 0 0 0 32 0 0 21 0 40 0 0 127 88 0 0 0 0
0 0 0 0 16 16 0 0 0 0 0 0 127 51 0;
egregore_data 0 0 127 0 0 127 0 0 0 0 0 0 0 0 0 127 38 0 127 0 0 0
0 0 0 0 0 0 0 100 0 0 127 127 78 1 93 90 34 4 13 127 5 69 0 0 70 0
0 90 7 127 34 1 53 99 83 0 0 0 0 32 0 0 21 0 40 0 0 127 88 0 0 0 0
0 0 0 0 16 16 0 0 0 0 0 0 127 51 0;
egregore_data 0 0 127 0 0 127 0 0 0 0 0 0 0 0 0 127 38 0 127 0 0 0
0 0 0 0 0 0 0 100 0 0 127 127 78 1 93 90 34 4 14 127 5 70 0 0 70 0
0 91 7 127 34 1 53 99 83 0 0 0 0 32 0 0 21 0 40 0 0 127 88 0 0 0 0
0 0 0 0 16 16 0 0 0 0 0 0 127 51 0;
egregore_data 0 0 127 0 0 127 0 0 0 0 0 0 0 0 0 127 38 0 127 0 0 0
0 0 0 0 0 0 0 100 0 0 127 127 78 1 93 90 34 4 14 127 5 70 0 0 70 0
0 91 7 127 34 1 53 99 83 0 0 0 0 32 0 0 21 0 40 0 0 127 88 0 0 0 0
0 0 0 0 16 16 0 0 0 0 0 0 127 51 0;
egregore_data 0 0 127 0 0 127 0 0 0 0 0 0 0 0 0 127 38 0 127 0 0 0
0 0 0 0 0 0 0 100 0 0 127 127 78 1 93 90 34 4 14 127 5 70 0 0 70 0
0 92 7 127 34 1 53 99 83 0 0 0 0 32 0 0 21 0 40 0 0 127 88 0 0 0 0
0 0 0 0 16 16 0 0 0 0 0 0 127 51 0;
egregore_data 0 0 127 0 0 127 0 0 0 0 0 0 0 0 0 127 38 0 127 0 0 0
0 0 0 0 0 0 0 100 0 0 127 127 78 1 93 90 34 4 14 127 5 70 0 0 70 0
0 93 7 127 34 1 53 99 83 0 0 0 0 32 0 0 21 0 40 0 0 127 88 0 0 0 0
0 0 0 0 16 16 0 0 0 0 0 0 127 51 0;
egregore_data 0 0 127 0 0 127 0 0 0 0 0 0 0 0 0 127 38 0 127 0 0 0
0 0 0 0 0 0 0 100 0 0 127 127 78 1 93 90 34 4 14 127 5 70 0 0 70 0
0 94 7 127 34 1 53 99 83 0 0 0 0 32 0 0 21 0 40 0 0 127 88 0 0 0 0
0 0 0 0 16 16 0 0 0 0 0 0 127 51 0;
egregore_data 0 0 127 0 0 127 0 0 0 0 0 0 0 0 0 127 38 0 127 0 0 0
0 0 0 0 0 0 0 100 0 0 127 127 78 1 93 90 33 4 14 127 5 70 0 0 70 0
0 95 7 127 34 1 53 99 83 0 0 0 0 32 0 0 21 0 40 0 0 127 88 0 0 0 0
0 0 0 0 16 16 0 0 0 0 0 0 127 51 0;
egregore_data 0 0 127 0 0 127 0 0 0 0 0 0 0 0 0 127 38 0 127 0 0 0
0 0 0 0 0 0 0 100 0 0 127 127 78 1 93 90 33 4 14 127 5 70 0 0 70 0
0 95 7 127 34 1 53 99 83 0 0 0 0 32 0 0 21 0 40 0 0 127 88 0 0 0 0
0 0 0 0 16 16 0 0 0 0 0 0 127 51 0;
egregore_data 0 0 127 0 0 127 0 0 0 0 0 0 0 0 0 127 38 0 127 0 0 0
0 0 0 0 0 0 0 100 0 0 127 127 78 1 93 90 33 4 14 127 5 70 0 0 70 0
0 95 7 127 34 1 53 99 83 0 0 0 0 32 0 0 21 0 40 0 0 127 88 0 0 0 0
0 0 0 0 16 16 0 0 0 0 0 0 127 51 0;
egregore_data 0 0 127 0 0 127 0 0 0 0 0 0 0 0 0 127 38 0 127 0 0 0
0 0 0 0 0 0 0 100 0 0 127 127 78 1 93 90 33 4 14 127 5 70 0 0 70 0
0 95 7 127 34 1 53 99 83 0 0 0 0 32 0 0 21 0 40 0 0 127 88 0 0 0 0
0 0 0 0 16 16 0 0 0 0 0 0 127 51 0;
egregore_data 0 0 127 0 0 127 0 0 0 0 0 0 0 0 0 127 38 0 127 0 0 0
0 0 0 0 0 0 0 100 0 0 127 127 78 1 93 90 33 4 14 127 5 70 0 0 70 0
0 95 7 127 34 1 53 99 83 0 0 0 0 32 0 0 21 0 40 0 0 127 88 0 0 0 0
0 0 0 0 16 16 0 0 0 0 0 0 127 51 0;
egregore_data 0 0 127 0 0 127 0 0 0 0 0 0 0 0 0 127 38 0 127 0 0 0
0 0 0 0 0 0 0 100 0 0 127 127 78 1 93 90 33 4 14 127 5 70 0 0 70 0
0 95 7 127 34 1 53 99 83 0 0 0 0 32 0 0 21 0 40 0 0 127 88 0 0 0 0
0 0 0 0 16 16 0 0 0 0 0 0 127 51 0;
egregore_data 0 0 127 0 0 127 0 0 0 0 0 0 0 0 0 127 38 0 127 0 0 0
0 0 0 0 0 0 0 100 0 0 127 127 78 1 93 90 33 4 14 127 5 70 0 0 70 0
0 95 7 127 34 1 53 99 83 0 0 0 0 32 0 0 21 0 40 0 0 127 88 0 0 0 0
0 0 0 0 16 16 0 0 0 0 0 0 127 51 0;
egregore_data 0 0 127 0 0 127 0 0 0 0 0 0 0 0 0 127 38 0 127 0 0 0
0 0 0 0 0 0 0 100 0 0 127 127 78 1 93 90 33 4 14 127 5 70 0 0 70 0
0 95 7 127 34 1 53 99 83 0 0 0 0 32 0 0 21 0 40 0 0 127 88 0 0 0 0
0 0 0 0 16 16 0 0 0 0 0 0 127 51 0;
egregore_data 0 0 127 0 0 127 0 0 0 0 0 0 0 0 0 127 38 0 127 0 0 0
0 0 0 0 0 0 0 100 0 0 127 127 78 1 93 90 33 4 14 127 5 70 0 0 70 0
0 95 7 127 34 1 53 99 83 0 0 0 0 32 0 0 21 0 40 0 0 127 88 0 0 0 0
0 0 0 0 16 16 0 0 0 0 0 0 127 51 0;
egregore_data 0 0 127 0 0 127 0 0 0 0 0 0 0 0 0 127 38 0 127 0 0 0
0 0 0 0 0 0 0 100 0 0 127 127 78 1 93 90 33 4 14 127 5 70 0 0 70 0
0 95 7 127 34 1 53 99 83 0 0 0 0 32 0 0 21 0 40 0 0 127 88 0 0 0 0
0 0 0 0 16 16 0 0 0 0 0 0 127 51 0;
egregore_data 0 0 127 0 0 127 0 0 0 0 0 0 0 0 0 127 38 0 127 0 0 0
0 0 0 0 0 0 0 100 0 0 127 127 78 1 93 90 33 4 14 127 5 70 0 0 70 0
0 95 7 127 34 1 53 99 83 0 0 0 0 32 0 0 21 0 40 0 0 127 88 0 0 0 0
0 0 0 0 16 16 0 0 0 0 0 0 127 51 0;
egregore_data 0 0 127 0 0 127 0 0 0 0 0 0 0 0 0 127 38 0 127 0 0 0
0 0 0 0 0 0 0 100 0 0 127 127 78 1 93 90 33 4 14 127 5 70 0 0 70 0
0 95 7 127 34 1 53 99 83 0 0 0 0 32 0 0 21 0 40 0 0 127 88 0 0 0 0
0 0 0 0 16 16 0 0 0 0 0 0 127 51 0;
egregore_data 0 0 127 0 0 127 0 0 0 0 0 0 0 0 0 127 38 0 127 0 0 0
0 0 0 0 0 0 0 100 0 0 127 127 78 1 93 90 33 4 14 127 5 70 0 0 70 0
0 95 7 127 34 1 53 99 83 0 0 0 0 32 0 0 21 0 40 0 0 127 88 0 0 0 0
0 0 0 0 16 16 0 0 0 0 0 0 127 51 0;
egregore_data 0 0 127 0 0 127 0 0 0 0 0 0 0 0 0 127 38 0 127 0 0 0
0 0 0 0 0 0 0 100 0 0 127 127 78 1 93 90 33 4 14 127 5 70 0 0 70 0
0 95 7 127 34 1 53 99 83 0 0 0 0 32 0 0 21 0 40 0 0 127 88 0 0 0 0
0 0 0 0 16 16 0 0 0 0 0 0 127 51 0;
egregore_data 0 0 127 0 0 127 0 0 0 0 0 0 0 0 0 127 38 0 127 0 0 0
0 0 0 0 0 0 0 100 0 0 127 127 78 1 93 90 33 4 14 127 5 70 0 0 70 0
0 95 7 127 34 1 53 99 83 0 0 0 0 32 0 0 21 0 40 0 0 127 88 0 0 0 0
0 0 0 0 16 16 0 0 0 0 0 0 127 51 0;
egregore_data 0 0 127 0 0 127 0 0 0 0 0 0 0 0 0 127 38 0 127 0 0 0
0 0 0 0 0 0 0 100 0 0 127 127 78 1 93 90 33 4 14 127 5 70 0 0 70 0
0 95 7 127 34 1 53 99 83 0 0 0 0 32 0 0 21 0 40 0 0 127 88 0 0 0 0
0 0 0 0 16 16 0 0 0 0 0 0 127 51 0;
egregore_data 0 0 127 0 0 127 0 0 0 0 0 0 0 0 0 127 38 0 127 0 0 0
0 0 0 0 0 0 0 100 0 0 127 127 78 1 93 90 33 4 14 127 5 70 0 0 70 0
0 95 7 127 34 1 53 99 83 0 0 0 0 32 0 0 21 0 40 0 0 127 88 0 0 0 0
0 0 0 0 16 16 0 0 0 0 0 0 127 51 0;
egregore_data 0 0 127 0 0 127 0 0 0 0 0 0 0 0 0 127 38 0 127 0 0 0
0 0 0 0 0 0 0 100 0 0 127 127 78 1 93 90 33 4 14 127 5 70 0 0 70 0
0 95 7 127 34 1 53 99 83 0 0 0 0 32 0 0 21 0 40 0 0 127 88 0 0 0 0
0 0 0 0 16 16 0 0 0 0 0 0 127 51 0;
egregore_data 0 0 127 0 0 127 0 0 0 0 0 0 0 0 0 127 38 0 127 0 0 0
0 0 0 0 0 0 0 100 0 0 127 127 78 1 93 90 33 4 14 127 5 70 0 0 70 0
0 95 7 127 34 1 53 99 83 0 0 0 0 32 0 0 21 0 40 0 0 127 88 0 0 0 0
0 0 0 0 16 16 0 0 0 0 0 0 127 51 0;
egregore_data 0 0 127 0 0 127 0 0 0 0 0 0 0 0 0 127 38 0 127 0 0 0
0 0 0 0 0 0 0 100 0 0 127 127 78 1 93 90 33 4 14 127 5 70 0 0 70 0
0 95 7 127 34 1 53 99 83 0 0 0 0 32 0 0 21 0 40 0 0 127 88 0 0 0 0
0 0 0 0 16 16 0 0 0 0 0 0 127 51 0;
egregore_data 0 0 127 0 0 127 0 0 0 0 0 0 0 0 0 127 38 0 127 0 0 0
0 0 0 0 0 0 0 100 0 0 127 127 78 1 93 90 33 4 14 127 5 70 0 0 70 0
0 95 7 127 34 1 53 99 83 0 0 0 0 32 0 0 21 0 40 0 0 127 88 0 0 0 0
0 0 0 0 16 16 0 0 0 0 0 0 127 51 0;
egregore_data 0 0 127 0 0 127 0 0 0 0 0 0 0 0 0 127 38 0 127 0 0 0
0 0 0 0 0 0 0 100 0 0 127 127 78 1 93 90 33 4 14 127 5 70 0 0 70 0
0 95 7 127 34 1 53 99 83 0 0 0 0 32 0 0 21 0 40 0 0 127 88 0 0 0 0
0 0 0 0 16 16 0 0 0 0 0 0 127 51 0;
egregore_data 0 0 127 0 0 127 0 0 0 0 0 0 0 0 0 127 38 0 127 0 0 0
0 0 0 0 0 0 0 100 0 0 127 127 78 1 93 90 33 4 14 127 5 70 0 0 70 0
0 96 8 127 34 1 53 99 83 0 0 0 0 32 0 0 21 0 40 0 0 127 88 0 0 0 0
0 0 0 0 16 16 0 0 0 0 0 0 127 51 0;
egregore_data 0 0 127 0 0 127 0 0 0 0 0 0 0 0 0 127 38 0 127 0 0 0
0 0 0 0 0 0 0 100 0 0 127 127 78 1 93 90 33 4 14 127 5 70 0 0 70 0
0 97 8 127 34 1 53 99 83 0 0 0 0 32 0 0 21 0 40 0 0 127 88 0 0 0 0
0 0 0 0 16 16 0 0 0 0 0 0 127 51 0;
egregore_data 0 0 127 0 0 127 0 0 0 0 0 0 0 0 0 127 38 0 127 0 0 0
0 0 0 0 0 0 0 100 0 0 127 127 78 1 93 90 33 4 15 127 4 70 0 0 70 0
0 98 8 127 34 1 53 99 83 0 0 0 0 32 0 0 21 0 40 0 0 127 88 0 0 0 0
0 0 0 0 16 16 0 0 0 0 0 0 127 51 0;
egregore_data 0 0 127 0 0 127 0 0 0 0 0 0 0 0 0 127 38 0 127 0 0 0
0 0 0 0 0 0 0 100 0 0 127 127 78 1 93 90 33 4 15 127 4 70 0 0 70 0
0 99 8 127 34 1 53 99 83 0 0 0 0 32 0 0 21 0 40 0 0 127 88 0 0 0 0
0 0 0 0 16 16 0 0 0 0 0 0 127 51 0;
egregore_data 0 0 127 0 0 127 0 0 0 0 0 0 0 0 0 127 38 0 127 0 0 0
0 0 0 0 0 0 0 100 0 0 127 127 78 1 93 90 32 4 15 127 4 71 0 0 70 0
0 101 8 127 34 1 53 99 83 0 0 0 0 32 0 0 21 0 40 0 0 127 88 0 0 0 0
0 0 0 0 16 16 0 0 0 0 0 0 127 51 0;
egregore_data 0 0 127 0 0 127 0 0 0 0 0 0 0 0 0 127 38 0 127 0 0 0
0 0 0 0 0 0 0 100 0 0 127 127 78 1 93 90 32 4 15 127 4 71 0 0 70 0
0 101 8 127 34 1 53 99 83 0 0 0 0 32 0 0 21 0 40 0 0 127 88 0 0 0 0
0 0 0 0 16 16 0 0 0 0 0 0 127 51 0;
egregore_data 0 0 127 0 0 127 0 0 0 0 0 0 0 0 0 127 38 0 127 0 0 0
0 0 0 0 0 0 0 100 0 0 127 127 78 1 93 90 32 4 15 127 4 71 0 0 70 0
0 101 8 127 34 1 53 99 83 0 0 0 0 32 0 0 21 0 40 0 0 127 88 0 0 0 0
0 0 0 0 16 16 0 0 0 0 0 0 127 51 0;
egregore_data 0 0 127 0 0 127 0 0 0 0 0 0 0 0 0 127 38 0 127 0 0 0
0 0 0 0 0 0 0 100 0 0 127 127 78 1 93 90 32 4 15 127 4 71 0 0 70 0
0 101 8 127 34 1 53 99 83 0 0 0 0 32 0 0 21 0 40 0 0 127 88 0 0 0 0
0 0 0 0 16 16 0 0 0 0 0 0 127 51 0;
egregore_data 0 0 127 0 0 127 0 0 0 0 0 0 0 0 0 127 38 0 127 0 0 0
0 0 0 0 0 0 0 100 0 0 127 127 78 1 93 90 32 4 15 127 4 71 0 0 70 0
0 101 8 127 34 1 53 99 83 0 0 0 0 32 0 0 21 0 40 0 0 127 88 0 0 0 0
0 0 0 0 16 16 0 0 0 0 0 0 127 51 0;
egregore_data 0 0 127 0 0 127 0 0 0 0 0 0 0 0 0 127 38 0 127 0 0 0
0 0 0 0 0 0 0 100 0 0 127 127 78 1 93 90 32 4 15 127 4 71 0 0 70 0
0 101 8 127 34 1 53 99 83 0 0 0 0 32 0 0 21 0 40 0 0 127 88 0 0 0 0
0 0 0 0 16 16 0 0 0 0 0 0 127 51 0;
egregore_data 0 0 127 0 0 127 0 0 0 0 0 0 0 0 0 127 38 0 127 0 0 0
0 0 0 0 0 0 0 100 0 0 127 127 78 1 93 90 32 4 15 127 4 71 0 0 70 0
0 101 8 127 34 1 53 99 83 0 0 0 0 32 0 0 21 0 40 0 0 127 88 0 0 0 0
0 0 0 0 16 16 0 0 0 0 0 0 127 51 0;
egregore_data 0 0 127 0 0 127 0 0 0 0 0 0 0 0 0 127 38 0 127 0 0 0
0 0 0 0 0 0 0 100 0 0 127 127 78 1 93 90 32 4 15 127 4 71 0 0 70 0
0 101 8 127 34 1 53 99 83 0 0 0 0 32 0 0 21 0 40 0 0 127 88 0 0 0 0
0 0 0 0 16 16 0 0 0 0 0 0 127 51 0;
egregore_data 0 0 127 0 0 127 0 0 0 0 0 0 0 0 0 127 38 0 127 0 0 0
0 0 0 0 0 0 0 100 0 0 127 127 78 1 93 90 32 4 15 127 4 71 0 0 70 0
0 101 8 127 34 1 53 99 83 0 0 0 0 32 0 0 21 0 40 0 0 127 88 0 0 0 0
0 0 0 0 16 16 0 0 0 0 0 0 127 51 0;
egregore_data 0 0 127 0 0 127 0 0 0 0 0 0 0 0 0 127 38 0 127 0 0 0
0 0 0 0 0 0 0 100 0 0 127 127 78 1 93 90 32 4 15 127 4 71 0 0 70 0
0 102 8 127 34 1 53 99 83 0 0 0 0 32 0 0 21 0 40 0 0 127 88 0 0 0 0
0 0 0 0 16 16 0 0 0 0 0 0 127 51 0;
egregore_data 0 0 127 0 0 127 0 0 0 0 0 0 0 0 0 127 38 0 127 0 0 0
0 0 0 0 0 0 0 100 0 0 127 127 78 1 93 90 32 4 15 127 4 71 0 0 70 0
0 103 8 127 34 1 53 99 83 0 0 0 0 32 0 0 21 0 40 0 0 127 88 0 0 0 0
0 0 0 0 16 16 0 0 0 0 0 0 127 51 0;
egregore_data 0 0 127 0 0 127 0 0 0 0 0 0 0 0 0 127 38 0 127 0 0 0
0 0 0 0 0 0 0 100 0 0 127 127 78 1 93 90 32 4 15 127 4 71 0 0 70 0
0 103 8 127 34 1 53 99 83 0 0 0 0 32 0 0 21 0 40 0 0 127 88 0 0 0 0
0 0 0 0 16 16 0 0 0 0 0 0 127 51 0;
egregore_data 0 0 127 0 0 127 0 0 0 0 0 0 0 0 0 127 38 0 127 0 0 0
0 0 0 0 0 0 0 100 0 0 127 127 78 1 93 90 32 4 16 127 4 71 0 0 70 0
0 104 8 127 34 1 53 99 83 0 0 0 0 32 0 0 21 0 40 0 0 127 88 0 0 0 0
0 0 0 0 16 16 0 0 0 0 0 0 127 51 0;
END;
