HTTP/1.1 200 OK
Date: Thu, 28 May 2015 12:25:50 GMT
Server: Apache
Last-Modified: Wed, 27 May 2015 19:36:42 GMT
Accept-Ranges: bytes
Content-Length: 31141
Vary: Accept-Encoding
Connection: close
Content-Type: text/plain

chdh_egregore_live_data;
egregore_data 0 0 127 0 0 127 0 0 0 0 0 0 0 0 0 127 38 0 127 0 0 0
0 0 0 0 0 0 0 100 0 0 127 127 78 0 93 90 127 0 19 127 127 0 0 0 70
0 0 0 127 127 34 0 125.536 39.9058 19.7681 0 89.3116 37.971 0 94.4004
1.68116 63.6522 60.5507 9.42029 5.52174 44.0145 0 127 43.9337 1 56
20 0 0 0 0 46 16 16 0 0 0 0 0 0 127 51 1;
egregore_data 0 0 127 0 0 127 0 0 0 0 0 0 0 0 0 127 38 0 127 0 0 0
0 0 0 0 0 0 0 100 0 0 127 127 78 0 93 90 127 0 19 127 127 0 0 0 70
0 0 0 127 127 34 0 125.536 39.9058 19.7681 0 89.3116 37.971 0 94.4004
1.68116 63.6522 60.5507 9.42029 5.52174 44.0145 0 127 43.9337 1 56
20 0 0 0 0 46 16 16 0 0 0 0 0 0 127 51 1;
egregore_data 0 0 127 0 0 127 0 0 0 0 0 0 0 0 0 127 38 0 127 0 0 0
0 0 0 0 0 0 0 100 0 0 127 127 78 0 93 90 127 0 19 127 127 0 0 0 70
0 0 0 127 127 34 0 125.536 39.9058 19.7681 0 89.3116 37.971 0 94.4004
1.68116 63.6522 60.5507 9.42029 5.52174 44.0145 0 127 43.9337 1 56
20 0 0 0 0 46 16 16 0 0 0 0 0 0 127 51 1;
egregore_data 0 0 127 0 0 127 0 0 0 0 0 0 0 0 0 127 38 0 127 0 0 0
0 0 0 0 0 0 0 100 0 0 127 127 78 0 93 90 127 0 19 127 127 0 0 0 70
0 0 0 127 127 34 0 125.536 39.9058 19.7681 0 89.3116 37.971 0 94.4004
1.68116 63.6522 60.5507 9.42029 5.52174 44.0145 0 127 43.9337 1 56
20 0 0 0 0 46 16 16 0 0 0 0 0 0 127 51 1;
egregore_data 0 0 127 0 0 127 0 0 0 0 0 0 0 0 0 127 38 0 127 0 0 0
0 0 0 0 0 0 0 100 0 0 127 127 78 0 93 90 127 0 19 127 127 0 0 0 70
0 0 0 127 127 34 0 125.536 39.9058 19.7681 0 89.3116 37.971 0 94.4004
1.68116 63.6522 60.5507 9.42029 5.52174 44.0145 0 127 43.9337 1 56
20 0 0 0 0 46 16 16 0 0 0 0 0 0 127 51 1;
egregore_data 0 0 127 0 0 127 0 0 0 0 0 0 0 0 0 127 38 0 127 0 0 0
0 0 0 0 0 0 0 100 0 0 127 127 78 0 93 90 127 0 19 127 127 0 0 0 70
0 0 0 127 127 34 0 125.536 39.9058 19.7681 0 89.3116 37.971 0 94.4004
1.68116 63.6522 60.5507 9.42029 5.52174 44.0145 0 127 43.9337 1 56
21 0 0 0 0 46 16 16 0 0 0 0 0 0 127 51 1;
egregore_data 0 0 127 0 0 127 0 0 0 0 0 0 0 0 0 127 38 0 127 0 0 0
0 0 0 0 0 0 0 100 0 0 127 127 78 0 93 90 127 0 19 127 127 0 0 0 70
0 0 0 127 127 34 0 125.536 39.9058 19.7681 0 89.3116 37.971 0 94.4004
1.68116 63.6522 60.5507 9.42029 5.52174 44.0145 0 127 43.9337 1 56
21 0 0 0 0 46 16 16 0 0 0 0 0 0 127 51 1;
egregore_data 0 0 127 0 0 127 0 0 0 0 0 0 0 0 0 127 38 0 127 0 0 0
0 0 0 0 0 0 0 100 0 0 127 127 78 0 93 90 127 0 19 127 127 0 0 0 70
0 0 0 127 127 34 0 125.536 39.9058 19.7681 0 89.3116 37.971 0 94.4004
1.68116 63.6522 60.5507 9.42029 5.52174 44.0145 0 127 43.9337 1 56
21 0 0 0 0 46 16 16 0 0 0 0 0 0 127 51 1;
egregore_data 0 0 127 0 0 127 0 0 0 0 0 0 0 0 0 127 38 0 127 0 0 0
0 0 0 0 0 0 0 100 0 0 127 127 78 0 93 90 127 0 19 127 127 0 0 0 70
0 0 0 127 127 34 0 125.536 39.9058 19.7681 0 89.3116 37.971 0 94.4004
1.68116 63.6522 60.5507 9.42029 5.52174 44.0145 0 127 43.9337 1 56
21 0 0 0 0 46 16 16 0 0 0 0 0 0 127 51 1;
egregore_data 0 0 127 0 0 127 0 0 0 0 0 0 0 0 0 127 38 0 127 0 0 0
0 0 0 0 0 0 0 100 0 0 127 127 78 0 93 90 127 0 19 127 127 0 0 0 70
0 0 0 127 127 34 0 125.536 39.9058 19.7681 0 89.3116 37.971 0 94.4004
1.68116 63.6522 60.5507 9.42029 5.52174 44.0145 0 127 43.9337 1 56
21 0 0 0 0 46 16 16 0 0 0 0 0 0 127 51 1;
egregore_data 0 0 127 0 0 127 0 0 0 0 0 0 0 0 0 127 38 0 127 0 0 0
0 0 0 0 0 0 0 100 0 0 127 127 78 0 93 90 127 0 19 127 127 0 0 0 70
0 0 0 127 127 34 0 125.536 39.9058 19.7681 0 89.3116 37.971 0 94.4004
1.68116 63.6522 60.5507 9.42029 5.52174 44.0145 0 127 43.9337 1 56
21 0 0 0 0 46 16 16 0 0 0 0 0 0 127 51 1;
egregore_data 0 0 127 0 0 127 0 0 0 0 0 0 0 0 0 127 38 0 127 0 0 0
0 0 0 0 0 0 0 100 0 0 127 127 78 0 93 90 127 0 19 127 127 0 0 0 70
0 0 0 127 127 34 0 125.536 39.9058 19.7681 0 89.3116 37.971 0 94.4004
1.68116 63.6522 60.5507 9.42029 5.52174 44.0145 0 127 43.9337 1 56
21 0 0 0 0 46 16 16 0 0 0 0 0 0 127 51 1;
egregore_data 0 0 127 0 0 127 0 0 0 0 0 0 0 0 0 127 38 0 127 0 0 0
0 0 0 0 0 0 0 100 0 0 127 127 78 0 93 90 127 0 19 127 127 0 0 0 70
0 0 0 127 127 34 0 125.216 39.6187 19.7698 0 88.6691 37.777 0 94.394
1.66906 63.482 60.1151 9.42446 5.48201 43.6978 0 127 43.9337 1 56 21
0 0 0 0 46 16 16 0 0 0 0 0 0 127 51 1;
egregore_data 0 0 127 0 0 127 0 0 0 0 0 0 0 0 0 127 38 0 127 0 0 0
0 0 0 0 0 0 0 100 0 0 127 127 78 0 93 90 127 0 19 127 127 0 0 0 70
0 0 0 127 127 34 0 125.216 39.6187 19.7698 0 88.6691 37.777 0 94.394
1.66906 63.482 60.1151 9.42446 5.48201 43.6978 0 127 43.9337 1 56 21
0 0 0 0 46 16 16 0 0 0 0 0 0 127 51 1;
egregore_data 0 0 127 0 0 127 0 0 0 0 0 0 0 0 0 127 38 0 127 0 0 0
0 0 0 0 0 0 0 100 0 0 127 127 78 0 93 90 127 0 19 127 127 0 0 0 70
0 0 0 127 127 34 0 125.216 39.6187 19.7698 0 88.6691 37.777 0 94.394
1.66906 63.482 60.1151 9.42446 5.48201 43.6978 0 127 43.9337 1 56 21
0 0 0 0 46 16 16 0 0 0 0 0 0 127 51 1;
egregore_data 0 0 127 0 0 127 0 0 0 0 0 0 0 0 0 127 38 0 127 0 0 0
0 0 0 0 0 0 0 100 0 0 127 127 78 0 93 90 127 0 19 127 127 0 0 0 70
0 0 0 127 127 34 0 125.216 39.6187 19.7698 0 88.6691 37.777 0 94.394
1.66906 63.482 60.1151 9.42446 5.48201 43.6978 0 127 43.9337 1 56 21
0 0 0 0 46 16 16 0 0 0 0 0 0 127 51 1;
egregore_data 0 0 127 0 0 127 0 0 0 0 0 0 0 0 0 127 38 0 127 0 0 0
0 0 0 0 0 0 0 100 0 0 127 127 78 0 93 90 127 0 19 127 127 0 0 0 70
0 0 0 127 127 34 0 125.216 39.6187 19.7698 0 88.6691 37.777 0 94.394
1.66906 63.482 60.1151 9.42446 5.48201 43.6978 0 127 43.9337 1 56 21
0 0 0 0 46 16 16 0 0 0 0 0 0 127 51 1;
egregore_data 0 0 127 0 0 127 0 0 0 0 0 0 0 0 0 127 38 0 127 0 0 0
0 0 0 0 0 0 0 100 0 0 127 127 78 0 93 90 127 0 19 127 127 0 0 0 70
0 0 0 127 127 34 0 125.216 39.6187 19.7698 0 88.6691 37.777 0 94.394
1.66906 63.482 60.1151 9.42446 5.48201 43.6978 0 127 43.9337 1 56 21
0 0 0 0 46 16 16 0 0 0 0 0 0 127 51 1;
egregore_data 0 0 127 0 0 127 0 0 0 0 0 0 0 0 0 127 38 0 127 0 0 0
0 0 0 0 0 0 0 100 0 0 127 127 78 0 93 90 127 0 19 127 127 0 0 0 70
0 0 0 127 127 34 0 125.216 39.6187 19.7698 0 88.6691 37.777 0 94.394
1.66906 63.482 60.1151 9.42446 5.48201 43.6978 0 127 43.9337 1 56 21
0 0 0 0 46 16 16 0 0 0 0 0 0 127 51 1;
egregore_data 0 0 127 0 0 127 0 0 0 0 0 0 0 0 0 127 38 0 127 0 0 0
0 0 0 0 0 0 0 100 0 0 127 127 78 0 93 90 127 0 19 127 127 0 0 0 70
0 0 0 127 127 34 0 125.216 39.6187 19.7698 0 88.6691 37.777 0 94.394
1.66906 63.482 60.1151 9.42446 5.48201 43.6978 0 127 43.9337 1 56 21
0 0 0 0 46 16 16 0 0 0 0 0 0 127 51 1;
egregore_data 0 0 127 0 0 127 0 0 0 0 0 0 0 0 0 127 38 0 127 0 0 0
0 0 0 0 0 0 0 100 0 0 127 127 78 0 93 90 127 0 19 127 127 0 0 0 70
0 0 0 127 127 34 0 125.216 39.6187 19.7698 0 88.6691 37.777 0 94.394
1.66906 63.482 60.1151 9.42446 5.48201 43.6978 0 127 43.9337 1 56 21
0 0 0 0 46 16 16 0 0 0 0 0 0 127 51 1;
egregore_data 0 0 127 0 0 127 0 0 0 0 0 0 0 0 0 127 38 0 127 0 0 0
0 0 0 0 0 0 0 100 0 0 127 127 78 0 93 90 127 0 19 127 127 0 0 0 70
0 0 0 127 127 34 0 125.216 39.6187 19.7698 0 88.6691 37.777 0 94.394
1.66906 63.482 60.1151 9.42446 5.48201 43.6978 0 127 43.9337 1 56 21
0 0 0 0 46 16 16 0 0 0 0 0 0 127 51 1;
egregore_data 0 0 127 0 0 127 0 0 0 0 0 0 0 0 0 127 38 0 127 0 0 0
0 0 0 0 0 0 0 100 0 0 127 127 78 0 93 90 127 0 19 127 127 0 0 0 70
0 0 0 127 127 34 0 125.216 39.6187 19.7698 0 88.6691 37.777 0 94.394
1.66906 63.482 60.1151 9.42446 5.48201 43.6978 0 127 43.9337 1 56 21
0 0 0 0 47 16 16 0 0 0 0 0 0 127 51 1;
egregore_data 0 0 127 0 0 127 0 0 0 0 0 0 0 0 0 127 38 0 127 0 0 0
0 0 0 0 0 0 0 100 0 0 127 127 78 0 93 90 127 0 19 127 127 0 0 0 70
0 0 0 127 127 34 0 125.216 39.6187 19.7698 0 88.6691 37.777 0 94.394
1.66906 63.482 60.1151 9.42446 5.48201 43.6978 0 127 43.9337 1 56 21
0 0 0 0 47 16 16 0 0 0 0 0 0 127 51 1;
egregore_data 0 0 127 0 0 127 0 0 0 0 0 0 0 0 0 127 38 0 127 0 0 0
0 0 0 0 0 0 0 100 0 0 127 127 78 0 93 90 127 0 19 127 127 0 0 0 70
0 0 0 127 127 34 0 125.216 39.6187 19.7698 0 88.6691 37.777 0 94.394
1.66906 63.482 60.1151 9.42446 5.48201 43.6978 0 127 43.9337 1 56 21
0 0 0 0 47 16 16 0 0 0 0 0 0 127 51 1;
egregore_data 0 0 127 0 0 127 0 0 0 0 0 0 0 0 0 127 38 0 127 0 0 0
0 0 0 0 0 0 0 100 0 0 127 127 78 0 93 90 127 0 19 127 127 0 0 0 70
0 0 0 127 127 34 0 125.216 39.6187 19.7698 0 88.6691 37.777 0 94.394
1.66906 63.482 60.1151 9.42446 5.48201 43.6978 0 127 43.9337 1 56 21
0 0 0 0 47 16 16 0 0 0 0 0 0 127 51 1;
egregore_data 0 0 127 0 0 127 0 0 0 0 0 0 0 0 0 127 38 0 127 0 0 0
0 0 0 0 0 0 0 100 0 0 127 127 78 0 93 90 127 0 19 127 127 0 0 0 70
0 0 0 127 127 34 0 125.216 39.6187 19.7698 0 88.6691 37.777 0 94.394
1.66906 63.482 60.1151 9.42446 5.48201 43.6978 0 127 43.9337 1 56 21
0 0 0 0 47 16 16 0 0 0 0 0 0 127 51 1;
egregore_data 0 0 127 0 0 127 0 0 0 0 0 0 0 0 0 127 38 0 127 0 0 0
0 0 0 0 0 0 0 100 0 0 127 127 78 0 93 90 127 0 19 127 127 0 0 0 70
0 0 0 127 127 34 0 125.216 39.6187 19.7698 0 88.6691 37.777 0 94.394
1.66906 63.482 60.1151 9.42446 5.48201 43.6978 0 127 43.9337 1 56 21
0 0 0 0 47 16 16 0 0 0 0 0 0 127 51 1;
egregore_data 0 0 127 0 0 127 0 0 0 0 0 0 0 0 0 127 38 0 127 0 0 0
0 0 0 0 0 0 0 100 0 0 127 127 78 0 93 90 127 0 19 127 127 0 0 0 70
0 0 0 127 127 34 0 125.216 39.6187 19.7698 0 88.6691 37.777 0 94.394
1.66906 63.482 60.1151 9.42446 5.48201 43.6978 0 127 43.9337 1 56 21
0 0 0 0 48 16 16 0 0 0 0 0 0 127 51 1;
egregore_data 0 0 127 0 0 127 0 0 0 0 0 0 0 0 0 127 38 0 127 0 0 0
0 0 0 0 0 0 0 100 0 0 127 127 78 0 93 90 127 0 19 127 127 0 0 0 70
0 0 0 127 127 34 0 125.216 39.6187 19.7698 0 88.6691 37.777 0 94.394
1.66906 63.482 60.1151 9.42446 5.48201 43.6978 0 127 43.9337 1 56 21
0 0 0 0 48 16 16 0 0 0 0 0 0 127 51 1;
egregore_data 0 0 127 0 0 127 0 0 0 0 0 0 0 0 0 127 38 0 127 0 0 0
0 0 0 0 0 0 0 100 0 0 127 127 78 0 93 90 127 0 19 127 127 0 0 0 70
0 0 0 127 127 34 0 125.216 39.6187 19.7698 0 88.6691 37.777 0 94.394
1.66906 63.482 60.1151 9.42446 5.48201 43.6978 0 127 43.9337 1 56 21
0 0 0 0 49 16 16 0 0 0 0 0 0 127 51 1;
egregore_data 0 0 127 0 0 127 0 0 0 0 0 0 0 0 0 127 38 0 127 0 0 0
0 0 0 0 0 0 0 100 0 0 127 127 78 0 93 90 127 0 19 127 127 0 0 0 70
0 0 0 127 127 34 0 125.216 39.6187 19.7698 0 88.6691 37.777 0 94.394
1.66906 63.482 60.1151 9.42446 5.48201 43.6978 0 127 43.9337 1 56 21
0 0 0 0 49 16 16 0 0 0 0 0 0 127 51 1;
egregore_data 0 0 127 0 0 127 0 0 0 0 0 0 0 0 0 127 38 0 127 0 0 0
0 0 0 0 0 0 0 100 0 0 127 127 78 0 93 90 127 0 19 127 127 0 0 0 70
0 0 0 127 127 34 0 125.216 39.6187 19.7698 0 88.6691 37.777 0 94.394
1.66906 63.482 60.1151 9.42446 5.48201 43.6978 0 127 43.9337 1 56 21
0 0 0 0 49 16 16 0 0 0 0 0 0 127 51 1;
egregore_data 0 0 127 0 0 127 0 0 0 0 0 0 0 0 0 127 38 0 127 0 0 0
0 0 0 0 0 0 0 100 0 0 127 127 78 0 93 90 127 0 19 127 127 0 0 0 70
0 0 0 127 127 34 0 125.261 39.1739 19.7971 0 88.6159 38.0507 0 94.2881
1.47101 63.4565 59.8841 9.49275 5.52174 43.8044 0 127 43.9337 1 56
21 0 0 0 0 49 16 16 0 0 0 0 0 0 127 51 1;
egregore_data 0 0 127 0 0 127 0 0 0 0 0 0 0 0 0 127 38 0 127 0 0 0
0 0 0 0 0 0 0 100 0 0 127 127 78 0 93 90 127 0 19 127 127 0 0 0 70
0 0 0 127 127 34 0 125.261 39.1739 19.7971 0 88.6159 38.0507 0 94.2881
1.47101 63.4565 59.8841 9.49275 5.52174 43.8044 0 127 43.9337 1 56
21 0 0 0 0 49 16 16 0 0 0 0 0 0 127 51 1;
egregore_data 0 0 127 0 0 127 0 0 0 0 0 0 0 0 0 127 38 0 127 0 0 0
0 0 0 0 0 0 0 100 0 0 127 127 78 0 93 90 127 0 19 127 127 0 0 0 70
0 0 0 127 127 34 0 125.261 39.1739 19.7971 0 88.6159 38.0507 0 94.2881
1.47101 63.4565 59.8841 9.49275 5.52174 43.8044 0 127 43.9337 1 56
21 0 0 0 0 51 16 16 0 0 0 0 0 0 127 51 1;
egregore_data 0 0 127 0 0 127 0 0 0 0 0 0 0 0 0 127 38 0 127 0 0 0
0 0 0 0 0 0 0 100 0 0 127 127 78 0 93 90 127 0 19 127 127 0 0 0 70
0 0 0 127 127 34 0 125.261 39.1739 19.7971 0 88.6159 38.0507 0 94.2881
1.47101 63.4565 59.8841 9.49275 5.52174 43.8044 0 127 43.9337 1 56
21 0 0 0 0 51 16 16 0 0 0 0 0 0 127 51 1;
egregore_data 0 0 127 0 0 127 0 0 0 0 0 0 0 0 0 127 38 0 127 0 0 0
0 0 0 0 0 0 0 100 0 0 127 127 78 0 93 90 127 0 19 127 127 0 0 0 70
0 0 0 127 127 34 0 125.261 39.1739 19.7971 0 88.6159 38.0507 0 94.2881
1.47101 63.4565 59.8841 9.49275 5.52174 43.8044 0 127 43.9337 1 56
21 0 0 0 0 51 16 16 0 0 0 0 0 0 127 51 1;
egregore_data 0 0 127 0 0 127 0 0 0 0 0 0 0 0 0 127 38 0 127 0 0 0
0 0 0 0 0 0 0 100 0 0 127 127 78 0 93 90 127 0 19 127 127 0 0 0 70
0 0 0 127 127 34 0 125.261 39.1739 19.7971 0 88.6159 38.0507 0 94.2881
1.47101 63.4565 59.8841 9.49275 5.52174 43.8044 0 127 43.9337 1 56
21 0 0 0 0 51 16 16 0 0 0 0 0 0 127 51 1;
egregore_data 0 0 127 0 0 127 0 0 0 0 0 0 0 0 0 127 38 0 127 0 0 0
0 0 0 0 0 0 0 100 0 0 127 127 78 0 93 90 127 0 19 127 127 0 0 0 70
0 0 0 127 127 34 0 125.261 39.1739 19.7971 0 88.6159 38.0507 0 94.2881
1.47101 63.4565 59.8841 9.49275 5.52174 43.8044 0 127 43.9337 1 56
21 0 0 0 0 52 16 16 0 0 0 0 0 0 127 51 1;
egregore_data 0 0 127 0 0 127 0 0 0 0 0 0 0 0 0 127 38 0 127 0 0 0
0 0 0 0 0 0 0 100 0 0 127 127 78 0 93 90 127 0 19 127 127 0 0 0 70
0 0 0 127 127 34 0 125.261 39.1739 19.7971 0 88.6159 38.0507 0 94.2881
1.47101 63.4565 59.8841 9.49275 5.52174 43.8044 0 127 43.9337 1 56
21 0 0 0 0 52 16 16 0 0 0 0 0 0 127 51 1;
egregore_data 0 0 127 0 0 127 0 0 0 0 0 0 0 0 0 127 38 0 127 0 0 0
0 0 0 0 0 0 0 100 0 0 127 127 78 0 93 90 127 0 19 127 127 0 0 0 70
0 0 0 127 127 34 0 125.261 39.1739 19.7971 0 88.6159 38.0507 0 94.2881
1.47101 63.4565 59.8841 9.49275 5.52174 43.8044 0 127 43.9337 1 56
21 0 0 0 0 52 16 16 0 0 0 0 0 0 127 51 1;
egregore_data 0 0 127 0 0 127 0 0 0 0 0 0 0 0 0 127 38 0 127 0 0 0
0 0 0 0 0 0 0 100 0 0 127 127 78 0 93 90 127 0 19 127 127 0 0 0 70
0 0 0 127 127 34 0 125.261 39.1739 19.7971 0 88.6159 38.0507 0 94.2881
1.47101 63.4565 59.8841 9.49275 5.52174 43.8044 0 127 43.9337 1 56
21 0 0 0 0 52 16 16 0 0 0 0 0 0 127 51 1;
egregore_data 0 0 127 0 0 127 0 0 0 0 0 0 0 0 0 127 38 0 127 0 0 0
0 0 0 0 0 0 0 100 0 0 127 127 78 0 93 90 127 0 19 127 127 0 0 0 70
0 0 0 127 127 34 0 125.261 39.1739 19.7971 0 88.6159 38.0507 0 94.2881
1.47101 63.4565 59.8841 9.49275 5.52174 43.8044 0 127 43.9337 1 56
21 0 0 0 0 52 16 16 0 0 0 0 0 0 127 51 1;
egregore_data 0 0 127 0 0 127 0 0 0 0 0 0 0 0 0 127 38 0 127 0 0 0
0 0 0 0 0 0 0 100 0 0 127 127 78 0 93 90 127 0 19 127 127 0 0 0 70
0 0 0 127 127 34 0 125.261 39.1739 19.7971 0 88.6159 38.0507 0 94.2881
1.47101 63.4565 59.8841 9.49275 5.52174 43.8044 0 127 43.9337 1 56
21 0 0 0 0 52 16 16 0 0 0 0 0 0 127 51 1;
egregore_data 0 0 127 0 0 127 0 0 0 0 0 0 0 0 0 127 38 0 127 0 0 0
0 0 0 0 0 0 0 100 0 0 127 127 78 0 93 90 127 0 19 127 127 0 0 0 70
0 0 0 127 127 34 0 125.261 39.1739 19.7971 0 88.6159 38.0507 0 94.2881
1.47101 63.4565 59.8841 9.49275 5.52174 43.8044 0 127 43.9337 1 56
21 0 0 0 0 52 16 16 0 0 0 0 0 0 127 51 1;
egregore_data 0 0 127 0 0 127 0 0 0 0 0 0 0 0 0 127 38 0 127 0 0 0
0 0 0 0 0 0 0 100 0 0 127 127 78 0 93 90 127 0 19 127 127 0 0 0 70
0 0 0 127 127 34 0 125.261 39.1739 19.7971 0 88.6159 38.0507 0 94.2881
1.47101 63.4565 59.8841 9.49275 5.52174 43.8044 0 127 43.9337 1 56
21 0 0 0 0 52 16 16 0 0 0 0 0 0 127 51 1;
egregore_data 0 0 127 0 0 127 0 0 0 0 0 0 0 0 0 127 38 0 127 0 0 0
0 0 0 0 0 0 0 100 0 0 127 127 78 0 93 90 127 0 19 127 127 0 0 0 70
0 0 0 127 127 34 0 125.261 39.1739 19.7971 0 88.6159 38.0507 0 94.2881
1.47101 63.4565 59.8841 9.49275 5.52174 43.8044 0 127 43.9337 1 56
21 0 0 0 0 52 16 16 0 0 0 0 0 0 127 51 1;
egregore_data 0 0 127 0 0 127 0 0 0 0 0 0 0 0 0 127 38 0 127 0 0 0
0 0 0 0 0 0 0 100 0 0 127 127 78 0 93 90 127 0 19 127 127 0 0 0 70
0 0 0 127 127 34 0 125.261 39.1739 19.7971 0 88.6159 38.0507 0 94.2881
1.47101 63.4565 59.8841 9.49275 5.52174 43.8044 0 127 43.9337 1 56
21 0 0 0 0 52 16 16 0 0 0 0 0 0 127 51 1;
egregore_data 0 0 127 0 0 127 0 0 0 0 0 0 0 0 0 127 38 0 127 0 0 0
0 0 0 0 0 0 0 100 0 0 127 127 78 0 93 90 127 0 19 127 127 0 0 0 70
0 0 0 127 127 34 0 125.353 38.2647 19.8529 0 88.5074 38.6103 0 94.0718
1.06618 63.4044 59.4118 9.63235 5.60294 44.0221 0 127 43.9337 1 56
21 0 0 0 0 52 16 16 0 0 0 0 0 0 127 51 1;
egregore_data 0 0 127 0 0 127 0 0 0 0 0 0 0 0 0 127 38 0 127 0 0 0
0 0 0 0 0 0 0 100 0 0 127 127 78 0 93 90 127 0 19 127 127 0 0 0 70
0 0 0 127 127 34 0 125.4 37.8 19.8815 0 88.4519 38.8963 0 93.9612 0.859259
63.3778 59.1704 9.7037 5.64444 44.1333 0 127 43.9337 1 56 21 0 0 0
0 52 16 16 0 0 0 0 0 0 127 51 1;
egregore_data 0 0 127 0 0 127 0 0 0 0 0 0 0 0 0 127 38 0 127 0 0 0
0 0 0 0 0 0 0 100 0 0 127 127 78 0 93 90 127 0 19 127 127 0 0 0 70
0 0 0 127 127 34 0 125.4 37.8 19.8815 0 88.4519 38.8963 0 93.9612 0.859259
63.3778 59.1704 9.7037 5.64444 44.1333 0 127 43.9337 1 56 21 0 0 0
0 52 16 16 0 0 0 0 0 0 127 51 1;
egregore_data 0 0 127 0 0 127 0 0 0 0 0 0 0 0 0 127 38 0 127 0 0 0
0 0 0 0 0 0 0 100 0 0 127 127 78 0 93 90 127 0 19 127 127 0 0 0 70
0 0 0 127 127 34 0 125.4 37.8 19.8815 0 88.4519 38.8963 0 93.9612 0.859259
63.3778 59.1704 9.7037 5.64444 44.1333 0 127 43.9337 1 56 21 0 0 0
0 52 16 16 0 0 0 0 0 0 127 51 1;
egregore_data 0 0 127 0 0 127 0 0 0 0 0 0 0 0 0 127 38 0 127 0 0 0
0 0 0 0 0 0 0 100 0 0 127 127 78 0 93 90 127 0 19 127 127 0 0 0 70
0 0 0 127 127 34 0 125.4 37.8 19.8815 0 88.4519 38.8963 0 93.9612 0.859259
63.3778 59.1704 9.7037 5.64444 44.1333 0 127 43.9337 1 56 22 0 0 0
0 52 16 16 0 0 0 0 0 0 127 51 1;
egregore_data 0 0 127 0 0 127 0 0 0 0 0 0 0 0 0 127 38 0 127 0 0 0
0 0 0 0 0 0 0 100 0 0 127 127 78 0 93 90 127 0 19 127 127 0 0 0 70
0 0 0 127 127 34 0 125.4 37.8 19.8815 0 88.4519 38.8963 0 93.9612 0.859259
63.3778 59.1704 9.7037 5.64444 44.1333 0 127 43.9337 1 56 22 0 0 0
0 52 16 16 0 0 0 0 0 0 127 51 1;
egregore_data 0 0 127 0 0 127 0 0 0 0 0 0 0 0 0 127 38 0 127 0 0 0
0 0 0 0 0 0 0 100 0 0 127 127 78 0 93 90 127 0 19 127 127 0 0 0 70
0 0 0 127 127 34 0 125.4 37.8 19.8815 0 88.4519 38.8963 0 93.9612 0.859259
63.3778 59.1704 9.7037 5.64444 44.1333 0 127 43.9337 1 56 22 0 0 0
0 52 16 16 0 0 0 0 0 0 127 51 1;
egregore_data 0 0 127 0 0 127 0 0 0 0 0 0 0 0 0 127 38 0 127 0 0 0
0 0 0 0 0 0 0 100 0 0 127 127 78 0 93 90 127 0 19 127 127 0 0 0 70
0 0 0 127 127 34 0 125.4 37.8 19.8815 0 88.4519 38.8963 0 93.9612 0.859259
63.3778 59.1704 9.7037 5.64444 44.1333 0 127 43.9337 1 56 22 0 0 0
0 52 16 16 0 0 0 0 0 0 127 51 1;
egregore_data 0 0 127 0 0 127 0 0 0 0 0 0 0 0 0 127 38 0 127 0 0 0
0 0 0 0 0 0 0 100 0 0 127 127 78 0 93 90 127 0 19 127 127 0 0 0 70
0 0 0 127 127 34 0 125.4 37.8 19.8815 0 88.4519 38.8963 0 93.9612 0.859259
63.3778 59.1704 9.7037 5.64444 44.1333 0 127 43.9337 1 56 22 0 0 0
0 52 16 16 0 0 0 0 0 0 127 51 1;
egregore_data 0 0 127 0 0 127 0 0 0 0 0 0 0 0 0 127 38 0 127 0 0 0
0 0 0 0 0 0 0 100 0 0 127 127 78 0 93 90 127 0 19 127 127 0 0 0 70
0 0 0 127 127 34 0 125.4 37.8 19.8815 0 88.4519 38.8963 0 93.9612 0.859259
63.3778 59.1704 9.7037 5.64444 44.1333 0 127 43.9337 1 56 23 0 0 0
0 52 16 16 0 0 0 0 0 0 127 51 1;
egregore_data 0 0 127 0 0 127 0 0 0 0 0 0 0 0 0 127 38 0 127 0 0 0
0 0 0 0 0 0 0 100 0 0 127 127 78 0 93 90 127 0 19 127 127 0 0 0 70
0 0 0 127 127 34 0 125.4 37.8 19.8815 0 88.4519 38.8963 0 93.9612 0.859259
63.3778 59.1704 9.7037 5.64444 44.1333 0 127 43.9337 1 56 23 0 0 0
0 52 16 16 0 0 0 0 0 0 127 51 1;
egregore_data 0 0 127 0 0 127 0 0 0 0 0 0 0 0 0 127 38 0 127 0 0 0
0 0 0 0 0 0 0 100 0 0 127 127 78 0 93 90 127 0 19 127 127 0 0 0 70
0 0 0 127 127 34 0 125.4 37.8 19.8815 0 88.4519 38.8963 0 93.9612 0.859259
63.3778 59.1704 9.7037 5.64444 44.1333 0 127 43.9337 1 56 23 0 0 0
0 52 16 16 0 0 0 0 0 0 127 51 1;
egregore_data 0 0 127 0 0 127 0 0 0 0 0 0 0 0 0 127 38 0 127 0 0 0
0 0 0 0 0 0 0 100 0 0 127 127 78 0 93 90 127 0 19 127 127 0 0 0 70
0 0 0 127 127 34 0 125.4 37.8 19.8815 0 88.4519 38.8963 0 93.9612 0.859259
63.3778 59.1704 9.7037 5.64444 44.1333 0 127 43.9337 1 56 23 0 0 0
0 52 16 16 0 0 0 0 0 0 127 51 1;
egregore_data 0 0 127 0 0 127 0 0 0 0 0 0 0 0 0 127 38 0 127 0 0 0
0 0 0 0 0 0 0 100 0 0 127 127 78 0 93 90 127 0 19 127 127 0 0 0 70
0 0 0 127 127 34 0 125.074 37.5221 19.8824 0 87.8015 38.6912 0 93.9578
0.852941 63.2059 58.7353 9.70588 5.60294 43.8088 0 127 43.9337 1 56
23 0 0 0 0 52 16 16 0 0 0 0 0 0 127 51 1;
egregore_data 0 0 127 0 0 127 0 0 0 0 0 0 0 0 0 127 38 0 127 0 0 0
0 0 0 0 0 0 0 100 0 0 127 127 78 0 93 90 127 0 19 127 127 0 0 0 70
0 0 0 127 127 34 0 125.074 37.5221 19.8824 0 87.8015 38.6912 0 93.9578
0.852941 63.2059 58.7353 9.70588 5.60294 43.8088 0 127 43.9337 1 56
23 0 0 0 0 52 16 16 0 0 0 0 0 0 127 51 1;
egregore_data 0 0 127 0 0 127 0 0 0 0 0 0 0 0 0 127 38 0 127 0 0 0
0 0 0 0 0 0 0 100 0 0 127 127 78 0 93 90 127 0 19 127 127 0 0 0 70
0 0 0 127 127 34 0 125.074 37.5221 19.8824 0 87.8015 38.6912 0 93.9578
0.852941 63.2059 58.7353 9.70588 5.60294 43.8088 0 127 43.9337 1 56
23 0 0 0 0 52 16 16 0 0 0 0 0 0 127 51 1;
egregore_data 0 0 127 0 0 127 0 0 0 0 0 0 0 0 0 127 38 0 127 0 0 0
0 0 0 0 0 0 0 100 0 0 127 127 78 0 93 90 127 0 19 127 127 0 0 0 70
0 0 0 127 127 34 0 125.074 37.5221 19.8824 0 87.8015 38.6912 0 93.9578
0.852941 63.2059 58.7353 9.70588 5.60294 43.8088 0 127 43.9337 1 56
23 0 0 0 0 52 16 16 0 0 0 0 0 0 127 51 1;
egregore_data 0 0 127 0 0 127 0 0 0 0 0 0 0 0 0 127 38 0 127 0 0 0
0 0 0 0 0 0 0 100 0 0 127 127 78 0 93 90 127 0 19 127 127 0 0 0 70
0 0 0 127 127 34 0 125.074 37.5221 19.8824 0 87.8015 38.6912 0 93.9578
0.852941 63.2059 58.7353 9.70588 5.60294 43.8088 0 127 43.9337 1 56
23 0 0 0 0 52 16 16 0 0 0 0 0 0 127 51 1;
egregore_data 0 0 127 0 0 127 0 0 0 0 0 0 0 0 0 127 38 0 127 0 0 0
0 0 0 0 0 0 0 100 0 0 127 127 78 0 93 90 127 0 19 127 127 0 0 0 70
0 0 0 127 127 34 0 125.074 37.5221 19.8824 0 87.8015 38.6912 0 93.9578
0.852941 63.2059 58.7353 9.70588 5.60294 43.8088 0 127 43.9337 1 56
23 0 0 0 0 52 16 16 0 0 0 0 0 0 127 51 1;
egregore_data 0 0 127 0 0 127 0 0 0 0 0 0 0 0 0 127 38 0 127 0 0 0
0 0 0 0 0 0 0 100 0 0 127 127 78 0 93 90 127 0 19 127 127 0 0 0 70
0 0 0 127 127 34 0 125.074 37.5221 19.8824 0 87.8015 38.6912 0 93.9578
0.852941 63.2059 58.7353 9.70588 5.60294 43.8088 0 127 43.9337 1 56
23 0 0 0 0 52 16 16 0 0 0 0 0 0 127 51 1;
egregore_data 0 0 127 0 0 127 0 0 0 0 0 0 0 0 0 127 38 0 127 0 0 0
0 0 0 0 0 0 0 100 0 0 127 127 78 0 93 90 127 0 19 127 127 0 0 0 70
0 0 0 127 127 34 0 125.074 37.5221 19.8824 0 87.8015 38.6912 0 93.9578
0.852941 63.2059 58.7353 9.70588 5.60294 43.8088 0 127 43.9337 1 56
23 0 0 0 0 52 16 16 0 0 0 0 0 0 127 51 1;
egregore_data 0 0 127 0 0 127 0 0 0 0 0 0 0 0 0 127 38 0 127 0 0 0
0 0 0 0 0 0 0 100 0 0 127 127 78 0 93 90 127 0 19 127 127 0 0 0 70
0 0 0 127 127 34 0 125.074 37.5221 19.8824 0 87.8015 38.6912 0 93.9578
0.852941 63.2059 58.7353 9.70588 5.60294 43.8088 0 127 43.9337 1 56
23 0 0 0 1 52 16 16 0 0 0 0 0 0 127 51 1;
egregore_data 0 0 127 0 0 127 0 0 0 0 0 0 0 0 0 127 38 0 127 0 0 0
0 0 0 0 0 0 0 100 0 0 127 127 78 0 93 90 127 0 19 127 127 0 0 0 70
0 0 0 127 127 34 0 125.074 37.5221 19.8824 0 87.8015 38.6912 0 93.9578
0.852941 63.2059 58.7353 9.70588 5.60294 43.8088 0 127 43.9337 1 56
23 0 0 0 1 52 16 16 0 0 0 0 0 0 127 51 1;
egregore_data 0 0 127 0 0 127 0 0 0 0 0 0 0 0 0 127 38 0 127 0 0 0
0 0 0 0 0 0 0 100 0 0 127 127 78 0 93 90 127 0 19 127 127 0 0 0 70
0 0 0 127 127 34 0 125.074 37.5221 19.8824 0 87.8015 38.6912 0 93.9578
0.852941 63.2059 58.7353 9.70588 5.60294 43.8088 0 127 43.9337 1 56
23 0 0 0 1 52 16 16 0 0 0 0 0 0 127 51 1;
egregore_data 0 0 127 0 0 127 0 0 0 0 0 0 0 0 0 127 38 0 127 0 0 0
0 0 0 0 0 0 0 100 0 0 127 127 78 0 93 90 127 0 19 127 127 0 0 0 70
0 0 0 127 127 34 0 125.074 37.5221 19.8824 0 87.8015 38.6912 0 93.9578
0.852941 63.2059 58.7353 9.70588 5.60294 43.8088 0 127 43.9337 1 56
23 0 0 0 1 52 16 16 0 0 0 0 0 0 127 51 1;
egregore_data 0 0 127 0 0 127 0 0 0 0 0 0 0 0 0 127 38 0 127 0 0 0
0 0 0 0 0 0 0 100 0 0 127 127 78 0 93 90 127 0 19 127 127 0 0 0 70
0 0 0 127 127 34 0 125.074 37.5221 19.8824 0 87.8015 38.6912 0 93.9578
0.852941 63.2059 58.7353 9.70588 5.60294 43.8088 0 127 43.9337 1 56
23 0 0 0 1 52 16 16 0 0 0 0 0 0 127 51 1;
egregore_data 0 0 127 0 0 127 0 0 0 0 0 0 0 0 0 127 38 0 127 0 0 0
0 0 0 0 0 0 0 100 0 0 127 127 78 0 93 90 127 0 19 127 127 0 0 0 70
0 0 0 127 127 34 0 125.119 37.0519 19.9111 0 87.7407 38.9778 0 93.8464
0.644444 63.1778 58.4889 9.77778 5.64444 43.9185 0 127 43.9337 1 56
23 0 0 0 1 52 16 16 0 0 0 0 0 0 127 51 1;
egregore_data 0 0 127 0 0 127 0 0 0 0 0 0 0 0 0 127 38 0 127 0 0 0
0 0 0 0 0 0 0 100 0 0 127 127 78 0 93 90 127 0 19 127 127 0 0 0 70
0 0 0 127 127 34 0 125.119 37.0519 19.9111 0 87.7407 38.9778 0 93.8464
0.644444 63.1778 58.4889 9.77778 5.64444 43.9185 0 127 43.9337 1 56
23 0 0 0 1 52 16 16 0 0 0 0 0 0 127 51 1;
egregore_data 0 0 127 0 0 127 0 0 0 0 0 0 0 0 0 127 38 0 127 0 0 0
0 0 0 0 0 0 0 100 0 0 127 127 78 0 93 90 127 0 19 127 127 0 0 0 70
0 0 0 127 127 34 0 125.119 37.0519 19.9111 0 87.7407 38.9778 0 93.8464
0.644444 63.1778 58.4889 9.77778 5.64444 43.9185 0 127 43.9337 1 56
23 0 0 0 1 52 16 16 0 0 0 0 0 0 127 51 1;
egregore_data 0 0 127 0 0 127 0 0 0 0 0 0 0 0 0 127 38 0 127 0 0 0
0 0 0 0 0 0 0 100 0 0 127 127 78 0 93 90 127 0 19 127 127 0 0 0 70
0 0 0 127 127 34 0 125.119 37.0519 19.9111 0 87.7407 38.9778 0 93.8464
0.644444 63.1778 58.4889 9.77778 5.64444 43.9185 0 127 43.9337 1 56
23 0 0 0 1 52 16 16 0 0 0 0 0 0 127 51 1;
egregore_data 0 0 127 0 0 127 0 0 0 0 0 0 0 0 0 127 38 0 127 0 0 0
0 0 0 0 0 0 0 100 0 0 127 127 78 0 93 90 127 0 19 127 127 0 0 0 70
0 0 0 127 127 34 0 125.119 37.0519 19.9111 0 87.7407 38.9778 0 93.8464
0.644444 63.1778 58.4889 9.77778 5.64444 43.9185 0 127 43.9337 1 56
23 0 0 0 1 52 16 16 0 0 0 0 0 0 127 51 1;
egregore_data 0 0 127 0 0 127 0 0 0 0 0 0 0 0 0 127 38 0 127 0 0 0
0 0 0 0 0 0 0 100 0 0 127 127 78 0 93 90 127 0 19 127 127 0 0 0 70
0 0 0 127 127 34 0 125.119 37.0519 19.9111 0 87.7407 38.9778 0 93.8464
0.644444 63.1778 58.4889 9.77778 5.64444 43.9185 0 127 43.9337 1 56
23 0 0 0 1 52 16 16 0 0 0 0 0 0 127 51 1;
egregore_data 0 0 127 0 0 127 0 0 0 0 0 0 0 0 0 127 38 0 127 0 0 0
0 0 0 0 0 0 0 100 0 0 127 127 78 0 93 90 127 0 19 127 127 0 0 0 70
0 0 0 127 127 34 0 125.119 37.0519 19.9111 0 87.7407 38.9778 0 93.8464
0.644444 63.1778 58.4889 9.77778 5.64444 43.9185 0 127 43.9337 1 56
23 0 0 0 1 52 16 16 0 0 0 0 0 0 127 51 1;
egregore_data 0 0 127 0 0 127 0 0 0 0 0 0 0 0 0 127 38 0 127 0 0 0
0 0 0 0 0 0 0 100 0 0 127 127 78 0 93 90 127 0 19 127 127 0 0 0 70
0 0 0 127 127 34 0 125.119 37.0519 19.9111 0 87.7407 38.9778 0 93.8464
0.644444 63.1778 58.4889 9.77778 5.64444 43.9185 0 127 43.9337 1 56
23 0 0 0 1 52 16 16 0 0 0 0 0 0 127 51 1;
egregore_data 0 0 127 0 0 127 0 0 0 0 0 0 0 0 0 127 38 0 127 0 0 0
0 0 0 0 0 0 0 100 0 0 127 127 78 0 93 90 127 0 19 127 127 0 0 0 70
0 0 0 127 127 34 0 125.119 37.0519 19.9111 0 87.7407 38.9778 0 93.8464
0.644444 63.1778 58.4889 9.77778 5.64444 43.9185 0 127 43.9337 1 56
23 0 0 0 1 52 16 16 0 0 0 0 0 0 127 51 1;
egregore_data 0 0 127 0 0 127 0 0 0 0 0 0 0 0 0 127 38 0 127 0 0 0
0 0 0 0 0 0 0 100 0 0 127 127 78 0 93 90 127 0 19 127 127 0 0 0 70
0 0 0 127 127 34 0 125.119 37.0519 19.9111 0 87.7407 38.9778 0 93.8464
0.644444 63.1778 58.4889 9.77778 5.64444 43.9185 0 127 43.9337 1 56
23 0 0 0 1 52 16 16 0 0 0 0 0 0 127 51 1;
egregore_data 0 0 127 0 0 127 0 0 0 0 0 0 0 0 0 127 38 0 127 0 0 0
0 0 0 0 0 0 0 100 0 0 127 127 78 0 93 90 127 0 19 127 127 0 0 0 70
0 0 0 127 127 34 0 125.119 37.0519 19.9111 0 87.7407 38.9778 0 93.8464
0.644444 63.1778 58.4889 9.77778 5.64444 43.9185 0 127 43.9337 1 56
23 0 0 0 1 53 16 16 0 0 0 0 0 0 127 51 1;
egregore_data 0 0 127 0 0 127 0 0 0 0 0 0 0 0 0 127 38 0 127 0 0 0
0 0 0 0 0 0 0 100 0 0 127 127 78 0 93 90 127 0 19 127 127 0 0 0 70
0 0 0 127 127 34 0 125.164 36.5746 19.9403 0 87.6791 39.2687 0 93.7333
0.432836 63.1493 58.2388 9.85075 5.68657 44.0299 0 127 43.9337 1 56
23 0 0 0 1 53 16 16 0 0 0 0 0 0 127 51 1;
egregore_data 0 0 127 0 0 127 0 0 0 0 0 0 0 0 0 127 38 0 127 0 0 0
0 0 0 0 0 0 0 100 0 0 127 127 78 0 93 90 127 0 19 127 127 0 0 0 70
0 0 0 127 127 34 0 125.164 36.5746 19.9403 0 87.6791 39.2687 0 93.7333
0.432836 63.1493 58.2388 9.85075 5.68657 44.0299 0 127 43.9337 1 56
23 0 0 0 1 54 16 16 0 0 0 0 0 0 127 51 1;
egregore_data 0 0 127 0 0 127 0 0 0 0 0 0 0 0 0 127 38 0 127 0 0 0
0 0 0 0 0 0 0 100 0 0 127 127 78 0 93 90 127 0 19 127 127 0 0 0 70
0 0 0 127 127 34 0 125.211 36.0902 19.9699 0 87.6165 39.5639 0 93.6185
0.218045 63.1203 57.985 9.92481 5.72932 44.1429 0 127 43.9337 1 56
23 0 0 0 1 54 16 16 0 0 0 0 0 0 127 51 1;
egregore_data 0 0 127 0 0 127 0 0 0 0 0 0 0 0 0 127 38 0 127 0 0 0
0 0 0 0 0 0 0 100 0 0 127 127 78 0 93 90 127 0 19 127 127 0 0 0 70
0 0 0 127 127 34 0 125.211 36.0902 19.9699 0 87.6165 39.5639 0 93.6185
0.218045 63.1203 57.985 9.92481 5.72932 44.1429 0 127 43.9337 1 56
23 0 0 0 1 54 16 16 0 0 0 0 0 0 127 51 1;
egregore_data 0 0 127 0 0 127 0 0 0 0 0 0 0 0 0 127 38 0 127 0 0 0
0 0 0 0 0 0 0 100 0 0 127 127 78 0 93 90 127 0 19 127 127 0 0 0 70
0 0 0 127 127 34 0 125.258 35.5985 20 0 87.553 39.8636 0 93.502 0 63.0909
57.7273 10 5.77273 44.2576 0 127 43.9337 1 56 23 0 0 0 1 54 16 16 0
0 0 0 0 0 127 51 1;
egregore_data 0 0 127 0 0 127 0 0 0 0 0 0 0 0 0 127 38 0 127 0 0 0
0 0 0 0 0 0 0 100 0 0 127 127 78 0 93 90 127 0 19 127 127 0 0 0 70
0 0 0 127 127 34 0 125.258 35.5985 20 0 87.553 39.8636 0 93.502 0 63.0909
57.7273 10 5.77273 44.2576 0 127 43.9337 1 56 23 0 0 0 1 54 16 16 0
0 0 0 0 0 127 51 1;
egregore_data 0 0 127 0 0 127 0 0 0 0 0 0 0 0 0 127 38 0 127 0 0 0
0 0 0 0 0 0 0 100 0 0 127 127 78 0 93 90 127 0 19 127 127 0 0 0 70
0 0 0 127 127 34 0 125.258 35.5985 20 0 87.553 39.8636 0 93.502 0 63.0909
57.7273 10 5.77273 44.2576 0 127 43.9337 1 56 23 0 0 0 1 55 16 16 0
0 0 0 0 0 127 51 1;
egregore_data 0 0 127 0 0 127 0 0 0 0 0 0 0 0 0 127 38 0 127 0 0 0
0 0 0 0 0 0 0 100 0 0 127 127 78 0 93 90 127 0 19 127 127 0 0 0 70
0 0 0 127 127 34 0 125.258 35.5985 20 0 87.553 39.8636 0 93.502 0 63.0909
57.7273 10 5.77273 44.2576 0 127 43.9337 1 56 23 0 0 0 1 55 16 16 0
0 0 0 0 0 127 51 1;
egregore_data 0 0 127 0 0 127 0 0 0 0 0 0 0 0 0 127 38 0 127 0 0 0
0 0 0 0 0 0 0 100 0 0 127 127 78 0 93 90 127 0 19 127 127 0 0 0 70
0 0 0 127 127 34 0 125.258 35.5985 20 0 87.553 39.8636 0 93.502 0 63.0909
57.7273 10 5.77273 44.2576 0 127 43.9337 1 56 23 0 0 0 1 55 16 16 0
0 0 0 0 0 127 51 1;
egregore_data 0 0 127 0 0 127 0 0 0 0 0 0 0 0 0 127 38 0 127 0 0 0
0 0 0 0 0 0 0 100 0 0 127 127 78 0 93 90 127 0 19 127 127 0 0 0 70
0 0 0 127 127 34 0 125.258 35.5985 20 0 87.553 39.8636 0 93.502 0 63.0909
57.7273 10 5.77273 44.2576 0 127 43.9337 1 56 23 0 0 0 1 55 16 16 0
0 0 0 0 0 127 51 1;
egregore_data 0 0 127 0 0 127 0 0 0 0 0 0 0 0 0 127 38 0 127 0 0 0
0 0 0 0 0 0 0 100 0 0 127 127 78 0 93 90 127 0 19 127 127 0 0 0 70
0 0 0 127 127 34 0 125.258 35.5985 20 0 87.553 39.8636 0 93.502 0 63.0909
57.7273 10 5.77273 44.2576 0 127 43.9337 1 56 23 0 0 0 1 55 16 16 0
0 0 0 0 0 127 51 1;
egregore_data 0 0 127 0 0 127 0 0 0 0 0 0 0 0 0 127 38 0 127 0 0 0
0 0 0 0 0 0 0 100 0 0 127 127 78 0 93 90 127 0 19 127 127 0 0 0 70
0 0 0 127 127 34 0 125.258 35.5985 20 0 87.553 39.8636 0 93.502 0 63.0909
57.7273 10 5.77273 44.2576 0 127 43.9337 1 56 23 0 0 0 1 55 16 16 0
0 0 0 0 0 127 51 1;
egregore_data 0 0 127 0 0 127 0 0 0 0 0 0 0 0 0 127 38 0 127 0 0 0
0 0 0 0 0 0 0 100 0 0 127 127 78 0 93 90 127 0 19 127 127 0 0 0 70
0 0 0 127 127 34 0 125.258 35.5985 20 0 87.553 39.8636 0 93.502 0 63.0909
57.7273 10 5.77273 44.2576 0 127 43.9337 1 56 23 0 0 0 1 55 16 16 0
0 0 0 0 0 127 51 1;
egregore_data 0 0 127 0 0 127 0 0 0 0 0 0 0 0 0 127 38 0 127 0 0 0
0 0 0 0 0 0 0 100 0 0 127 127 78 0 93 90 127 0 19 127 127 0 0 0 70
0 0 0 127 127 34 0 125.258 35.5985 20 0 87.553 39.8636 0 93.502 0 63.0909
57.7273 10 5.77273 44.2576 0 127 43.9337 1 56 23 0 0 0 1 55 16 16 0
0 0 0 0 0 127 51 1;
END;
