HTTP/1.1 200 OK
Date: Thu, 28 May 2015 12:25:38 GMT
Server: Apache
Last-Modified: Wed, 27 May 2015 19:32:52 GMT
Accept-Ranges: bytes
Content-Length: 29290
Vary: Accept-Encoding
Connection: close
Content-Type: text/plain

chdh_egregore_live_data;
egregore_data 0 0 127 0 0 127 0 0 0 0 0 0 0 0 0 127 38 0 127 0 0 0
0 0 0 0 0 0 0 100 0 0 127 127 78 0 93 90 127 0 19 127 127 0 0 0 70
0 0 0 127 127 34 0 81 11.471 13.1097 104.058 0 0 19.6645 53.2581 21.071
54.8968 70.9871 0 0 34.4129 0 127 59.0911 1 0 0 0 0 0 0 0 16 16 0 0
0 0 0 0 127 51 0;
egregore_data 0 0 127 0 0 127 0 0 0 0 0 0 0 0 0 127 38 0 127 0 0 0
0 0 0 0 0 0 0 100 0 0 127 127 78 0 93 90 127 0 19 127 127 0 0 0 70
0 0 0 127 127 34 0 81 11.471 13.1097 104.058 0 0 19.6645 53.2581 21.071
54.8968 70.9871 0 0 34.4129 0 127 59.0911 1 0 0 0 0 0 0 0 16 16 0 0
0 0 0 0 127 51 0;
egregore_data 0 0 127 0 0 127 0 0 0 0 0 0 0 0 0 127 38 0 127 0 0 0
0 0 0 0 0 0 0 100 0 0 127 127 78 0 93 90 127 0 19 127 127 0 0 0 70
0 0 0 127 127 34 0 81 11.471 13.1097 104.058 0 0 19.6645 53.2581 21.071
54.8968 70.9871 0 0 34.4129 0 127 59.0911 1 0 0 0 0 0 0 0 16 16 0 0
0 0 0 0 127 51 0;
egregore_data 0 0 127 0 0 127 0 0 0 0 0 0 0 0 0 127 38 0 127 0 0 0
0 0 0 0 0 0 0 100 0 0 127 127 78 0 93 90 127 0 19 127 127 0 0 0 70
0 0 0 127 127 34 0 81 11.471 13.1097 104.058 0 0 19.6645 53.2581 21.071
54.8968 70.9871 0 0 34.4129 0 127 59.0911 1 0 0 0 0 0 0 0 16 16 0 0
0 0 0 0 127 51 0;
egregore_data 0 0 127 0 0 127 0 0 0 0 0 0 0 0 0 127 38 0 127 0 0 0
0 0 0 0 0 0 0 100 0 0 127 127 78 0 93 90 127 0 19 127 127 0 0 0 70
0 0 0 127 127 34 0 81 11.471 13.1097 104.058 0 0 19.6645 53.2581 21.071
54.8968 70.9871 0 0 34.4129 0 127 59.0911 1 0 0 0 0 0 0 0 16 16 0 0
0 0 0 0 127 51 0;
egregore_data 0 0 127 0 0 127 0 0 0 0 0 0 0 0 0 127 38 0 127 0 0 0
0 0 0 0 0 0 0 100 0 0 127 127 78 0 93 90 127 0 19 127 127 0 0 0 70
0 0 0 127 127 34 0 81 11.471 13.1097 104.058 0 0 19.6645 53.2581 21.071
54.8968 70.9871 0 0 34.4129 0 127 59.0911 1 0 0 0 0 0 0 0 16 16 0 0
0 0 0 0 127 51 0;
egregore_data 0 0 127 0 0 127 0 0 0 0 0 0 0 0 0 127 38 0 127 0 0 0
0 0 0 0 0 0 0 100 0 0 127 127 78 0 93 90 127 0 19 127 127 0 0 0 70
0 0 0 127 127 34 0 81 11.471 13.1097 104.058 0 0 19.6645 53.2581 21.071
54.8968 70.9871 0 0 34.4129 0 127 59.0911 1 0 0 0 0 0 0 0 16 16 0 0
0 0 0 0 127 51 0;
egregore_data 0 0 127 0 0 127 0 0 0 0 0 0 0 0 0 127 38 0 127 0 0 0
0 0 0 0 0 0 0 100 0 0 127 127 78 0 93 90 127 0 19 127 127 0 0 0 70
0 0 0 127 127 34 0 81 11.471 13.1097 104.058 0 0 19.6645 53.2581 21.071
54.8968 70.9871 0 0 34.4129 0 127 59.0911 1 0 0 0 0 0 0 0 16 16 0 0
0 0 0 0 127 51 0;
egregore_data 0 0 127 0 0 127 0 0 0 0 0 0 0 0 0 127 38 0 127 0 0 0
0 0 0 0 0 0 0 100 0 0 127 127 78 0 93 90 127 0 19 127 127 0 0 0 70
0 0 0 127 127 34 0 81 11.5455 13.1948 104.734 0 0 19.7922 53.6039 20.9805
55.2532 70.9286 0 0 34.6364 0 127 59.0911 1 0 0 0 0 0 0 0 16 16 0 0
0 0 0 0 127 51 0;
egregore_data 0 0 127 0 0 127 0 0 0 0 0 0 0 0 0 127 38 0 127 0 0 0
0 0 0 0 0 0 0 100 0 0 127 127 78 0 93 90 127 0 19 127 127 0 0 0 70
0 0 0 127 127 34 0 81 11.6209 13.281 105.418 0 0 19.9216 53.9543 20.8889
55.6144 70.8693 0 0 34.8627 0 127 59.0911 1 0 0 0 0 0 0 0 16 16 0 0
0 0 0 0 127 51 0;
egregore_data 0 0 127 0 0 127 0 0 0 0 0 0 0 0 0 127 38 0 127 0 0 0
0 0 0 0 0 0 0 100 0 0 127 127 78 0 93 90 127 0 19 127 127 0 0 0 70
0 0 0 127 127 34 0 81 11.6209 13.281 105.418 0 0 19.9216 53.9543 20.8889
55.6144 70.8693 0 0 34.8627 0 127 59.0911 1 0 0 0 0 0 0 0 16 16 0 0
0 0 0 0 127 51 0;
egregore_data 0 0 127 0 0 127 0 0 0 0 0 0 0 0 0 127 38 0 127 0 0 0
0 0 0 0 0 0 0 100 0 0 127 127 78 0 93 90 127 0 19 127 127 0 0 0 70
0 0 0 127 127 34 0 81 11.6209 13.281 105.418 0 0 19.9216 53.9543 20.8889
55.6144 70.8693 0 0 34.8627 0 127 59.0911 1 0 0 0 0 0 0 0 16 16 0 0
0 0 0 0 127 51 0;
egregore_data 0 0 127 0 0 127 0 0 0 0 0 0 0 0 0 127 38 0 127 0 0 0
0 0 0 0 0 0 0 100 0 0 127 127 78 0 93 90 127 0 19 127 127 0 0 0 70
0 0 0 127 127 34 0 81 11.7748 13.457 106.815 0 0 20.1854 54.6689 20.702
56.351 70.7484 0 0 35.3245 0 127 59.0911 1 0 0 0 0 0 0 0 16 16 0 0
0 0 0 0 127 51 0;
egregore_data 0 0 127 0 0 127 0 0 0 0 0 0 0 0 0 127 38 0 127 0 0 0
0 0 0 0 0 0 0 100 0 0 127 127 78 0 93 90 127 0 19 127 127 0 0 0 70
0 0 0 127 127 34 0 81 11.7748 13.457 106.815 0 0 20.1854 54.6689 20.702
56.351 70.7484 0 0 35.3245 0 127 59.0911 1 0 0 0 0 0 0 0 16 16 0 0
0 0 0 0 127 51 0;
egregore_data 0 0 127 0 0 127 0 0 0 0 0 0 0 0 0 127 38 0 127 0 0 0
0 0 0 0 0 0 0 100 0 0 127 127 78 0 93 90 127 0 19 127 127 0 0 0 70
0 0 0 127 127 34 0 81 11.7748 13.457 106.815 0 0 20.1854 54.6689 20.702
56.351 70.7484 0 0 35.3245 0 127 59.0911 1 0 0 0 0 0 0 0 16 16 0 0
0 0 0 0 127 51 0;
egregore_data 0 0 127 0 0 127 0 0 0 0 0 0 0 0 0 127 38 0 127 0 0 0
0 0 0 0 0 0 0 100 0 0 127 127 78 0 93 90 127 0 19 127 127 0 0 0 70
0 0 0 127 127 34 0 81 11.7748 13.457 106.815 0 0 20.1854 54.6689 20.702
56.351 70.7484 0 0 35.3245 0 127 59.0911 1 0 0 0 0 0 0 0 16 16 0 0
0 0 0 0 127 51 0;
egregore_data 0 0 127 0 0 127 0 0 0 0 0 0 0 0 0 127 38 0 127 0 0 0
0 0 0 0 0 0 0 100 0 0 127 127 78 0 93 90 127 0 19 127 127 0 0 0 70
0 0 0 127 127 34 0 81 11.7748 13.457 106.815 0 0 20.1854 54.6689 20.702
56.351 70.7484 0 0 35.3245 0 127 59.0911 1 0 0 0 0 0 0 0 16 16 0 0
0 0 0 0 127 51 0;
egregore_data 0 0 127 0 0 127 0 0 0 0 0 0 0 0 0 127 38 0 127 0 0 0
0 0 0 0 0 0 0 100 0 0 127 127 78 0 93 90 127 0 19 127 127 0 0 0 70
0 0 0 127 127 34 0 81 11.7748 13.457 106.815 0 0 20.1854 54.6689 20.702
56.351 70.7484 0 0 35.3245 0 127 59.0911 1 0 0 0 0 0 0 0 16 16 0 0
0 0 0 0 127 51 0;
egregore_data 0 0 127 0 0 127 0 0 0 0 0 0 0 0 0 127 38 0 127 0 0 0
0 0 0 0 0 0 0 100 0 0 127 127 78 0 93 90 127 0 19 127 127 0 0 0 70
0 0 0 127 127 34 0 81 11.7748 13.457 106.815 0 0 20.1854 54.6689 20.702
56.351 70.7484 0 0 35.3245 0 127 59.0911 1 0 0 0 0 0 0 0 16 16 0 0
0 0 0 0 127 51 0;
egregore_data 0 0 127 0 0 127 0 0 0 0 0 0 0 0 0 127 38 0 127 0 0 0
0 0 0 0 0 0 0 100 0 0 127 127 78 0 93 90 127 0 19 127 127 0 0 0 70
0 0 0 127 127 34 0 81 11.7748 13.457 106.815 0 0 20.1854 54.6689 20.702
56.351 70.7484 0 0 35.3245 0 127 59.0911 1 0 0 0 0 0 0 0 16 16 0 0
0 0 0 0 127 51 0;
egregore_data 0 0 127 0 0 127 0 0 0 0 0 0 0 0 0 127 38 0 127 0 0 0
0 0 0 0 0 0 0 100 0 0 127 127 78 0 93 90 127 0 19 127 127 0 0 0 70
0 0 0 127 127 34 0 81 11.7748 13.457 106.815 0 0 20.1854 54.6689 20.702
56.351 70.7484 0 0 35.3245 0 127 59.0911 1 0 0 0 0 0 0 0 16 16 0 0
0 0 0 0 127 51 0;
egregore_data 0 0 127 0 0 127 0 0 0 0 0 0 0 0 0 127 38 0 127 0 0 0
0 0 0 0 0 0 0 100 0 0 127 127 78 0 93 90 127 0 19 127 127 0 0 0 70
0 0 0 127 127 34 0 81 11.7748 13.457 106.815 0 0 20.1854 54.6689 20.702
56.351 70.7484 0 0 35.3245 0 127 59.0911 1 0 0 0 0 0 0 0 16 16 0 0
0 0 0 0 127 51 0;
egregore_data 0 0 127 0 0 127 0 0 0 0 0 0 0 0 0 127 38 0 127 0 0 0
0 0 0 0 0 0 0 100 0 0 127 127 78 0 93 90 127 0 19 127 127 0 0 0 70
0 0 0 127 127 34 0 81 11.7748 13.457 106.815 0 0 20.1854 54.6689 20.702
56.351 70.7484 0 0 35.3245 0 127 59.0911 1 0 0 0 0 0 0 0 16 16 0 0
0 0 0 0 127 51 0;
egregore_data 0 0 127 0 0 127 0 0 0 0 0 0 0 0 0 127 38 0 127 0 0 0
0 0 0 0 0 0 0 100 0 0 127 127 78 0 93 90 127 0 19 127 127 0 0 0 70
0 0 0 127 127 34 0 81 11.7748 13.457 106.815 0 0 20.1854 54.6689 20.702
56.351 70.7484 0 0 35.3245 0 127 59.0911 1 0 0 0 0 0 0 0 16 16 0 0
0 0 0 0 127 51 0;
egregore_data 0 0 127 0 0 127 0 0 0 0 0 0 0 0 0 127 38 0 127 0 0 0
0 0 0 0 0 0 0 100 0 0 127 127 78 0 93 90 127 0 19 127 127 0 0 0 70
0 0 0 127 127 34 0 81 11.7748 13.457 106.815 0 0 20.1854 54.6689 20.702
56.351 70.7484 0 0 35.3245 0 127 59.0911 1 0 0 0 0 0 0 0 16 16 0 0
0 0 0 0 127 51 0;
egregore_data 0 0 127 0 0 127 0 0 0 0 0 0 0 0 0 127 38 0 127 0 0 0
0 0 0 0 0 0 0 100 0 0 127 127 78 0 93 90 127 0 19 127 127 0 0 0 70
0 0 0 127 127 34 0 81 11.7748 13.457 106.815 0 0 20.1854 54.6689 20.702
56.351 70.7484 0 0 35.3245 0 127 59.0911 1 0 0 0 0 0 0 0 16 16 0 0
0 0 0 0 127 51 0;
egregore_data 0 0 127 0 0 127 0 0 0 0 0 0 0 0 0 127 38 0 127 0 0 0
0 0 0 0 0 0 0 100 0 0 127 127 78 0 93 90 127 0 19 127 127 0 0 0 70
0 0 0 127 127 34 0 81 11.7748 13.457 106.815 0 0 20.1854 54.6689 20.702
56.351 70.7484 0 0 35.3245 0 127 59.0911 1 0 0 0 0 0 0 0 16 16 0 0
0 0 0 0 127 51 0;
egregore_data 0 0 127 0 0 127 0 0 0 0 0 0 0 0 0 127 38 0 127 0 0 0
0 0 0 0 0 0 0 100 0 0 127 127 78 0 93 90 127 0 19 127 127 0 0 0 70
0 0 0 127 127 34 0 81 11.7748 13.457 106.815 0 0 20.1854 54.6689 20.702
56.351 70.7484 0 0 35.3245 0 127 59.0911 1 0 0 0 0 0 0 0 16 16 0 0
0 0 0 0 127 51 0;
egregore_data 0 0 127 0 0 127 0 0 0 0 0 0 0 0 0 127 38 0 127 0 0 0
0 0 0 0 0 0 0 100 0 0 127 127 78 0 93 90 127 0 19 127 127 0 0 0 70
0 0 0 127 127 34 0 81 11.7748 13.457 106.815 0 0 20.1854 54.6689 20.702
56.351 70.7484 0 0 35.3245 0 127 59.0911 1 0 0 0 0 0 0 0 16 16 0 0
0 0 0 0 127 51 0;
egregore_data 0 0 127 0 0 127 0 0 0 0 0 0 0 0 0 127 38 0 127 0 0 0
0 0 0 0 0 0 0 100 0 0 127 127 78 0 93 90 127 0 19 127 127 0 0 0 70
0 0 0 127 127 34 0 81 11.7748 13.457 106.815 0 0 20.1854 54.6689 20.702
56.351 70.7484 0 0 35.3245 0 127 59.0911 1 0 0 0 0 0 0 0 16 16 0 0
0 0 0 0 127 51 0;
egregore_data 0 0 127 0 0 127 0 0 0 0 0 0 0 0 0 127 38 0 127 0 0 0
0 0 0 0 0 0 0 100 0 0 127 127 78 0 93 90 127 0 19 127 127 0 0 0 70
0 0 0 127 127 34 0 81 11.7748 13.457 106.815 0 0 20.1854 54.6689 20.702
56.351 70.7484 0 0 35.3245 0 127 59.0911 1 0 0 0 0 0 0 0 16 16 0 0
0 0 0 0 127 51 0;
egregore_data 0 0 127 0 0 127 0 0 0 0 0 0 0 0 0 127 38 0 127 0 0 0
0 0 0 0 0 0 0 100 0 0 127 127 78 0 93 90 127 0 19 127 127 0 0 0 70
0 0 0 127 127 34 0 81 11.7748 13.457 106.815 0 0 20.1854 54.6689 20.702
56.351 70.7484 0 0 35.3245 0 127 59.0911 1 0 0 0 0 0 0 0 16 16 0 0
0 0 0 0 127 51 0;
egregore_data 0 0 127 0 0 127 0 0 0 0 0 0 0 0 0 127 38 0 127 0 0 0
0 0 0 0 0 0 0 100 0 0 127 127 78 0 93 90 127 0 19 127 127 0 0 0 70
0 0 0 127 127 34 0 81 11.7748 13.457 106.815 0 0 20.1854 54.6689 20.702
56.351 70.7484 0 0 35.3245 0 127 59.0911 1 0 0 0 0 0 0 0 16 16 0 0
0 0 0 0 127 51 0;
egregore_data 0 0 127 0 0 127 0 0 0 0 0 0 0 0 0 127 38 0 127 0 0 0
0 0 0 0 0 0 0 100 0 0 127 127 78 0 93 90 127 0 19 127 127 0 0 0 70
0 0 0 127 127 34 0 81 11.8533 13.5467 107.527 0 0 20.32 55.0333 20.6067
56.7267 70.6867 0 0 35.56 0 127 59.0911 1 0 0 0 0 0 0 0 16 16 0 0 0
0 0 0 127 51 0;
egregore_data 0 0 127 0 0 127 0 0 0 0 0 0 0 0 0 127 38 0 127 0 0 0
0 0 0 0 0 0 0 100 0 0 127 127 78 0 93 90 127 0 19 127 127 0 0 0 70
0 0 0 127 127 34 0 81 11.8533 13.5467 107.527 0 0 20.32 55.0333 20.6067
56.7267 70.6867 0 0 35.56 0 127 59.0911 1 0 0 0 0 0 0 0 16 16 0 0 0
0 0 0 127 51 0;
egregore_data 0 0 127 0 0 127 0 0 0 0 0 0 0 0 0 127 38 0 127 0 0 0
0 0 0 0 0 0 0 100 0 0 127 127 78 0 93 90 127 0 19 127 127 0 0 0 70
0 0 0 127 127 34 0 81 11.8533 13.5467 107.527 0 0 20.32 55.0333 20.6067
56.7267 70.6867 0 0 35.56 0 127 59.0911 1 0 0 0 0 0 0 0 16 16 0 0 0
0 0 0 127 51 0;
egregore_data 0 0 127 0 0 127 0 0 0 0 0 0 0 0 0 127 38 0 127 0 0 0
0 0 0 0 0 0 0 100 0 0 127 127 78 0 93 90 127 0 19 127 127 0 0 0 70
0 0 0 127 127 34 0 81 11.8533 13.5467 107.527 0 0 20.32 55.0333 20.6067
56.7267 70.6867 0 0 35.56 0 127 59.0911 1 0 0 0 0 0 0 0 16 16 0 0 0
0 0 0 127 51 0;
egregore_data 0 0 127 0 0 127 0 0 0 0 0 0 0 0 0 127 38 0 127 0 0 0
0 0 0 0 0 0 0 100 0 0 127 127 78 0 93 90 127 0 19 127 127 0 0 0 70
0 0 0 127 127 34 0 81 11.9329 13.6376 108.248 0 0 20.4564 55.4027 20.5101
57.1074 70.6242 0 0 35.7987 0 127 59.0911 1 0 0 0 0 0 0 0 16 16 0 0
0 0 0 0 127 51 0;
egregore_data 0 0 127 0 0 127 0 0 0 0 0 0 0 0 0 127 38 0 127 0 0 0
0 0 0 0 0 0 0 100 0 0 127 127 78 0 93 90 127 0 19 127 127 0 0 0 70
0 0 0 127 127 34 0 81 11.9329 13.6376 108.248 0 0 20.4564 55.4027 20.5101
57.1074 70.6242 0 0 35.7987 0 127 59.0911 1 0 0 0 0 0 0 0 16 16 0 0
0 0 0 0 127 51 0;
egregore_data 0 0 127 0 0 127 0 0 0 0 0 0 0 0 0 127 38 0 127 0 0 0
0 0 0 0 0 0 0 100 0 0 127 127 78 0 93 90 127 0 19 127 127 0 0 0 70
0 0 0 127 127 34 0 81 11.9329 13.6376 108.248 0 0 20.4564 55.4027 20.5101
57.1074 70.6242 0 0 35.7987 0 127 59.0911 1 0 0 0 0 0 0 0 16 16 0 0
0 0 0 0 127 51 0;
egregore_data 0 0 127 0 0 127 0 0 0 0 0 0 0 0 0 127 38 0 127 0 0 0
0 0 0 0 0 0 0 100 0 0 127 127 78 0 93 90 127 0 19 127 127 0 0 0 70
0 0 0 127 127 34 0 81 11.9329 13.6376 108.248 0 0 20.4564 55.4027 20.5101
57.1074 70.6242 0 0 35.7987 0 127 59.0911 1 0 0 0 0 0 0 0 16 16 0 0
0 0 0 0 127 51 0;
egregore_data 0 0 127 0 0 127 0 0 0 0 0 0 0 0 0 127 38 0 127 0 0 0
0 0 0 0 0 0 0 100 0 0 127 127 78 0 93 90 127 0 19 127 127 0 0 0 70
0 0 0 127 127 34 0 81 11.9329 13.6376 108.248 0 0 20.4564 55.4027 20.5101
57.1074 70.6242 0 0 35.7987 0 127 59.0911 1 0 0 0 0 0 0 0 16 16 0 0
0 0 0 0 127 51 0;
egregore_data 0 0 127 0 0 127 0 0 0 0 0 0 0 0 0 127 38 0 127 0 0 0
0 0 0 0 0 0 0 100 0 0 127 127 78 0 93 90 127 0 19 127 127 0 0 0 70
0 0 0 127 127 34 0 81 11.9329 13.6376 108.248 0 0 20.4564 55.4027 20.5101
57.1074 70.6242 0 0 35.7987 0 127 59.0911 1 0 0 0 0 0 0 0 16 16 0 0
0 0 0 0 127 51 0;
egregore_data 0 0 127 0 0 127 0 0 0 0 0 0 0 0 0 127 38 0 127 0 0 0
0 0 0 0 0 0 0 100 0 0 127 127 78 0 93 90 127 0 19 127 127 0 0 0 70
0 0 0 127 127 34 0 81 11.9329 13.6376 108.248 0 0 20.4564 55.4027 20.5101
57.1074 70.6242 0 0 35.7987 0 127 59.0911 1 0 0 0 0 0 0 0 16 16 0 0
0 0 0 0 127 51 0;
egregore_data 0 0 127 0 0 127 0 0 0 0 0 0 0 0 0 127 38 0 127 0 0 0
0 0 0 0 0 0 0 100 0 0 127 127 78 0 93 90 127 0 19 127 127 0 0 0 70
0 0 0 127 127 34 0 81 11.9329 13.6376 108.248 0 0 20.4564 55.4027 20.5101
57.1074 70.6242 0 0 35.7987 0 127 59.0911 1 0 0 0 0 0 0 0 16 16 0 0
0 0 0 0 127 51 0;
egregore_data 0 0 127 0 0 127 0 0 0 0 0 0 0 0 0 127 38 0 127 0 0 0
0 0 0 0 0 0 0 100 0 0 127 127 78 0 93 90 127 0 19 127 127 0 0 0 70
0 0 0 127 127 34 0 81 11.9329 13.6376 108.248 0 0 20.4564 55.4027 20.5101
57.1074 70.6242 0 0 35.7987 0 127 59.0911 1 0 0 0 0 0 0 0 16 16 0 0
0 0 0 0 127 51 0;
egregore_data 0 0 127 0 0 127 0 0 0 0 0 0 0 0 0 127 38 0 127 0 0 0
0 0 0 0 0 0 0 100 0 0 127 127 78 0 93 90 127 0 19 127 127 0 0 0 70
0 0 0 127 127 34 0 81 11.9329 13.6376 108.248 0 0 20.4564 55.4027 20.5101
57.1074 70.6242 0 0 35.7987 0 127 59.0911 1 0 0 0 0 0 0 0 16 16 0 0
0 0 0 0 127 51 0;
egregore_data 0 0 127 0 0 127 0 0 0 0 0 0 0 0 0 127 38 0 127 0 0 0
0 0 0 0 0 0 0 100 0 0 127 127 78 0 93 90 127 0 19 127 127 0 0 0 70
0 0 0 127 127 34 0 81 11.9329 13.6376 108.248 0 0 20.4564 55.4027 20.5101
57.1074 70.6242 0 0 35.7987 0 127 59.0911 1 0 0 0 0 0 0 0 16 16 0 0
0 0 0 0 127 51 0;
egregore_data 0 0 127 0 0 127 0 0 0 0 0 0 0 0 0 127 38 0 127 0 0 0
0 0 0 0 0 0 0 100 0 0 127 127 78 0 93 90 127 0 19 127 127 0 0 0 70
0 0 0 127 127 34 0 81 11.9329 13.6376 108.248 0 0 20.4564 55.4027 20.5101
57.1074 70.6242 0 0 35.7987 0 127 59.0911 1 0 0 0 0 0 0 0 16 16 0 0
0 0 0 0 127 51 0;
egregore_data 0 0 127 0 0 127 0 0 0 0 0 0 0 0 0 127 38 0 127 0 0 0
0 0 0 0 0 0 0 100 0 0 127 127 78 0 93 90 127 0 19 127 127 0 0 0 70
0 0 0 127 127 34 0 81 11.9329 13.6376 108.248 0 0 20.4564 55.4027 20.5101
57.1074 70.6242 0 0 35.7987 0 127 59.0911 1 0 0 0 0 0 0 0 16 16 0 0
0 0 0 0 127 51 0;
egregore_data 0 0 127 0 0 127 0 0 0 0 0 0 0 0 0 127 38 0 127 0 0 0
0 0 0 0 0 0 0 100 0 0 127 127 78 0 93 90 127 0 19 127 127 0 0 0 70
0 0 0 127 127 34 0 81 11.9329 13.6376 108.248 0 0 20.4564 55.4027 20.5101
57.1074 70.6242 0 0 35.7987 0 127 59.0911 1 0 0 0 0 0 0 0 16 16 0 0
0 0 0 0 127 51 0;
egregore_data 0 0 127 0 0 127 0 0 0 0 0 0 0 0 0 127 38 0 127 0 0 0
0 0 0 0 0 0 0 100 0 0 127 127 78 0 93 90 127 0 19 127 127 0 0 0 70
0 0 0 127 127 34 0 81 11.9329 13.6376 108.248 0 0 20.4564 55.4027 20.5101
57.1074 70.6242 0 0 35.7987 0 127 59.0911 1 0 0 0 0 0 0 0 16 16 0 0
0 0 0 0 127 51 0;
egregore_data 0 0 127 0 0 127 0 0 0 0 0 0 0 0 0 127 38 0 127 0 0 0
0 0 0 0 0 0 0 100 0 0 127 127 78 0 93 90 127 0 19 127 127 0 0 0 70
0 0 0 127 127 34 0 81 11.9329 13.6376 108.248 0 0 20.4564 55.4027 20.5101
57.1074 70.6242 0 0 35.7987 0 127 59.0911 1 0 0 0 0 0 0 0 16 16 0 0
0 0 0 0 127 51 0;
egregore_data 0 0 127 0 0 127 0 0 0 0 0 0 0 0 0 127 38 0 127 0 0 0
0 0 0 0 0 0 0 100 0 0 127 127 78 0 93 90 127 0 19 127 127 0 0 0 70
0 0 0 127 127 34 0 81 11.9329 13.6376 108.248 0 0 20.4564 55.4027 20.5101
57.1074 70.6242 0 0 35.7987 0 127 59.0911 1 0 0 0 0 0 0 0 16 16 0 0
0 0 0 0 127 51 0;
egregore_data 0 0 127 0 0 127 0 0 0 0 0 0 0 0 0 127 38 0 127 0 0 0
0 0 0 0 0 0 0 100 0 0 127 127 78 0 93 90 127 0 19 127 127 0 0 0 70
0 0 0 127 127 34 0 81 11.9329 13.6376 108.248 0 0 20.4564 55.4027 20.5101
57.1074 70.6242 0 0 35.7987 0 127 59.0911 1 0 0 0 0 0 0 0 16 16 0 0
0 0 0 0 127 51 0;
egregore_data 0 0 127 0 0 127 0 0 0 0 0 0 0 0 0 127 38 0 127 0 0 0
0 0 0 0 0 0 0 100 0 0 127 127 78 0 93 90 127 0 19 127 127 0 0 0 70
0 0 0 127 127 34 0 81 11.9329 13.6376 108.248 0 0 20.4564 55.4027 20.5101
57.1074 70.6242 0 0 35.7987 0 127 59.0911 1 0 0 0 0 0 0 0 16 16 0 0
0 0 0 0 127 51 0;
egregore_data 0 0 127 0 0 127 0 0 0 0 0 0 0 0 0 127 38 0 127 0 0 0
0 0 0 0 0 0 0 100 0 0 127 127 78 0 93 90 127 0 19 127 127 0 0 0 70
0 0 0 127 127 34 0 81 11.9329 13.6376 108.248 0 0 20.4564 55.4027 20.5101
57.1074 70.6242 0 0 35.7987 0 127 59.0911 1 0 0 0 0 0 0 0 16 16 0 0
0 0 0 0 127 51 0;
egregore_data 0 0 127 0 0 127 0 0 0 0 0 0 0 0 0 127 38 0 127 0 0 0
0 0 0 0 0 0 0 100 0 0 127 127 78 0 93 90 127 0 19 127 127 0 0 0 70
0 0 0 127 127 34 0 81 11.9329 13.6376 108.248 0 0 20.4564 55.4027 20.5101
57.1074 70.6242 0 0 35.7987 0 127 59.0911 1 0 0 0 0 0 0 0 16 16 0 0
0 0 0 0 127 51 0;
egregore_data 0 0 127 0 0 127 0 0 0 0 0 0 0 0 0 127 38 0 127 0 0 0
0 0 0 0 0 0 0 100 0 0 127 127 78 0 93 90 127 0 19 127 127 0 0 0 70
0 0 0 127 127 34 0 81 11.9329 13.6376 108.248 0 0 20.4564 55.4027 20.5101
57.1074 70.6242 0 0 35.7987 0 127 59.0911 1 0 0 0 0 0 0 0 16 16 0 0
0 0 0 0 127 51 0;
egregore_data 0 0 127 0 0 127 0 0 0 0 0 0 0 0 0 127 38 0 127 0 0 0
0 0 0 0 0 0 0 100 0 0 127 127 78 0 93 90 127 0 19 127 127 0 0 0 70
0 0 0 127 127 34 0 81 11.9329 13.6376 108.248 0 0 20.4564 55.4027 20.5101
57.1074 70.6242 0 0 35.7987 0 127 59.0911 1 0 0 0 0 0 0 0 16 16 0 0
0 0 0 0 127 51 0;
egregore_data 0 0 127 0 0 127 0 0 0 0 0 0 0 0 0 127 38 0 127 0 0 0
0 0 0 0 0 0 0 100 0 0 127 127 78 0 93 90 127 0 19 127 127 0 0 0 70
0 0 0 127 127 34 0 81 11.9329 13.6376 108.248 0 0 20.4564 55.4027 20.5101
57.1074 70.6242 0 0 35.7987 0 127 59.0911 1 0 0 0 0 0 0 0 16 16 0 0
0 0 0 0 127 51 0;
egregore_data 0 0 127 0 0 127 0 0 0 0 0 0 0 0 0 127 38 0 127 0 0 0
0 0 0 0 0 0 0 100 0 0 127 127 78 0 93 90 127 0 19 127 127 0 0 0 70
0 0 0 127 127 34 0 81 11.9329 13.6376 108.248 0 0 20.4564 55.4027 20.5101
57.1074 70.6242 0 0 35.7987 0 127 59.0911 1 0 0 0 0 0 0 0 16 16 0 0
0 0 0 0 127 51 0;
egregore_data 0 0 127 0 0 127 0 0 0 0 0 0 0 0 0 127 38 0 127 0 0 0
0 0 0 0 0 0 0 100 0 0 127 127 78 0 93 90 127 0 19 127 127 0 0 0 70
0 0 0 127 127 34 0 81 11.9329 13.6376 108.248 0 0 20.4564 55.4027 20.5101
57.1074 70.6242 0 0 35.7987 0 127 59.0911 1 0 0 0 0 0 0 0 16 16 0 0
0 0 0 0 127 51 0;
egregore_data 0 0 127 0 0 127 0 0 0 0 0 0 0 0 0 127 38 0 127 0 0 0
0 0 0 0 0 0 0 100 0 0 127 127 78 0 93 90 127 0 19 127 127 0 0 0 70
0 0 0 127 127 34 0 81 11.9329 13.6376 108.248 0 0 20.4564 55.4027 20.5101
57.1074 70.6242 0 0 35.7987 0 127 59.0911 1 0 0 0 0 0 0 0 16 16 0 0
0 0 0 0 127 51 0;
egregore_data 0 0 127 0 0 127 0 0 0 0 0 0 0 0 0 127 38 0 127 0 0 0
0 0 0 0 0 0 0 100 0 0 127 127 78 0 93 90 127 0 19 127 127 0 0 0 70
0 0 0 127 127 34 0 81 11.9329 13.6376 108.248 0 0 20.4564 55.4027 20.5101
57.1074 70.6242 0 0 35.7987 0 127 59.0911 1 0 0 0 0 0 0 0 16 16 0 0
0 0 0 0 127 51 0;
egregore_data 0 0 127 0 0 127 0 0 0 0 0 0 0 0 0 127 38 0 127 0 0 0
0 0 0 0 0 0 0 100 0 0 127 127 78 0 93 90 127 0 19 127 127 0 0 0 70
0 0 0 127 127 34 0 81 12.0135 13.7297 108.98 0 0 20.5946 55.777 20.4122
57.4932 70.5608 0 0 36.0405 0 127 59.0911 1 0 0 0 0 0 0 0 16 16 0 0
0 0 0 0 127 51 0;
egregore_data 0 0 127 0 0 127 0 0 0 0 0 0 0 0 0 127 38 0 127 0 0 0
0 0 0 0 0 0 0 100 0 0 127 127 78 0 93 90 127 0 19 127 127 0 0 0 70
0 0 0 127 127 34 0 81 12.0135 13.7297 108.98 0 0 20.5946 55.777 20.4122
57.4932 70.5608 0 0 36.0405 0 127 59.0911 1 0 0 0 0 0 0 0 16 16 0 0
0 0 0 0 127 51 0;
egregore_data 0 0 127 0 0 127 0 0 0 0 0 0 0 0 0 127 38 0 127 0 0 0
0 0 0 0 0 0 0 100 0 0 127 127 78 0 93 90 127 0 19 127 127 0 0 0 70
0 0 0 127 127 34 0 81 12.0135 13.7297 108.98 0 0 20.5946 55.777 20.4122
57.4932 70.5608 0 0 36.0405 0 127 59.0911 1 0 0 0 0 0 0 0 16 16 0 0
0 0 0 0 127 51 0;
egregore_data 0 0 127 0 0 127 0 0 0 0 0 0 0 0 0 127 38 0 127 0 0 0
0 0 0 0 0 0 0 100 0 0 127 127 78 0 93 90 127 0 19 127 127 0 0 0 70
0 0 0 127 127 34 0 81 12.0135 13.7297 108.98 0 0 20.5946 55.777 20.4122
57.4932 70.5608 0 0 36.0405 0 127 59.0911 1 0 0 0 0 0 0 0 16 16 0 0
0 0 0 0 127 51 0;
egregore_data 0 0 127 0 0 127 0 0 0 0 0 0 0 0 0 127 38 0 127 0 0 0
0 0 0 0 0 0 0 100 0 0 127 127 78 0 93 90 127 0 19 127 127 0 0 0 70
0 0 0 127 127 34 0 81 12.0135 13.7297 108.98 0 0 20.5946 55.777 20.4122
57.4932 70.5608 0 0 36.0405 0 127 59.0911 1 0 0 0 0 0 0 0 16 16 0 0
0 0 0 0 127 51 0;
egregore_data 0 0 127 0 0 127 0 0 0 0 0 0 0 0 0 127 38 0 127 0 0 0
0 0 0 0 0 0 0 100 0 0 127 127 78 0 93 90 127 0 19 127 127 0 0 0 70
0 0 0 127 127 34 0 81 12.0135 13.7297 108.98 0 0 20.5946 55.777 20.4122
57.4932 70.5608 0 0 36.0405 0 127 59.0911 1 0 0 0 0 0 0 0 16 16 0 0
0 0 0 0 127 51 0;
egregore_data 0 0 127 0 0 127 0 0 0 0 0 0 0 0 0 127 38 0 127 0 0 0
0 0 0 0 0 0 0 100 0 0 127 127 78 0 93 90 127 0 19 127 127 0 0 0 70
0 0 0 127 127 34 0 81 12.0135 13.7297 108.98 0 0 20.5946 55.777 20.4122
57.4932 70.5608 0 0 36.0405 0 127 59.0911 1 0 0 0 0 0 0 0 16 16 0 0
0 0 0 0 127 51 0;
egregore_data 0 0 127 0 0 127 0 0 0 0 0 0 0 0 0 127 38 0 127 0 0 0
0 0 0 0 0 0 0 100 0 0 127 127 78 0 93 90 127 0 19 127 127 0 0 0 70
0 0 0 127 127 34 0 81 12.0135 13.7297 108.98 0 0 20.5946 55.777 20.4122
57.4932 70.5608 0 0 36.0405 0 127 59.0911 1 0 0 0 0 0 0 0 16 16 0 0
0 0 0 0 127 51 0;
egregore_data 0 0 127 0 0 127 0 0 0 0 0 0 0 0 0 127 38 0 127 0 0 0
0 0 0 0 0 0 0 100 0 0 127 127 78 0 93 90 127 0 19 127 127 0 0 0 70
0 0 0 127 127 34 0 81 12.0135 13.7297 108.98 0 0 20.5946 55.777 20.4122
57.4932 70.5608 0 0 36.0405 0 127 59.0911 1 0 0 0 0 0 0 0 16 16 0 0
0 0 0 0 127 51 0;
egregore_data 0 0 127 0 0 127 0 0 0 0 0 0 0 0 0 127 38 0 127 0 0 0
0 0 0 0 0 0 0 100 0 0 127 127 78 0 93 90 127 0 19 127 127 0 0 0 70
0 0 0 127 127 34 0 81 12.0135 13.7297 108.98 0 0 20.5946 55.777 20.4122
57.4932 70.5608 0 0 36.0405 0 127 59.0911 1 0 0 0 0 0 0 0 16 16 0 0
0 0 0 0 127 51 0;
egregore_data 0 0 127 0 0 127 0 0 0 0 0 0 0 0 0 127 38 0 127 0 0 0
0 0 0 0 0 0 0 100 0 0 127 127 78 0 93 90 127 0 19 127 127 0 0 0 70
0 0 0 127 127 34 0 81 12.0135 13.7297 108.98 0 0 20.5946 55.777 20.4122
57.4932 70.5608 0 0 36.0405 0 127 59.0911 1 0 0 0 0 0 0 0 16 16 0 0
0 0 0 0 127 51 0;
egregore_data 0 0 127 0 0 127 0 0 0 0 0 0 0 0 0 127 38 0 127 0 0 0
0 0 0 0 0 0 0 100 0 0 127 127 78 0 93 90 127 0 19 127 127 0 0 0 70
0 0 0 127 127 34 0 81 12.0952 13.8231 109.721 0 0 20.7347 56.1565 20.3129
57.8844 70.4966 0 0 36.2857 0 127 59.0911 1 0 0 0 0 0 0 0 16 16 0 0
0 0 0 0 127 51 0;
egregore_data 0 0 127 0 0 127 0 0 0 0 0 0 0 0 0 127 38 0 127 0 0 0
0 0 0 0 0 0 0 100 0 0 127 127 78 0 93 90 127 0 19 127 127 0 0 0 70
0 0 0 127 127 34 0 81 12.0952 13.8231 109.721 0 0 20.7347 56.1565 20.3129
57.8844 70.4966 0 0 36.2857 0 127 59.0911 1 0 0 0 0 0 0 0 16 16 0 0
0 0 0 0 127 51 0;
egregore_data 0 0 127 0 0 127 0 0 0 0 0 0 0 0 0 127 38 0 127 0 0 0
0 0 0 0 0 0 0 100 0 0 127 127 78 0 93 90 127 0 19 127 127 0 0 0 70
0 0 0 127 127 34 0 81 12.0952 13.8231 109.721 0 0 20.7347 56.1565 20.3129
57.8844 70.4966 0 0 36.2857 0 127 59.0911 1 0 0 0 0 0 0 0 16 16 0 0
0 0 0 0 127 51 0;
egregore_data 0 0 127 0 0 127 0 0 0 0 0 0 0 0 0 127 38 0 127 0 0 0
0 0 0 0 0 0 0 100 0 0 127 127 78 0 93 90 127 0 19 127 127 0 0 0 70
0 0 0 127 127 34 0 81 12.2621 14.0138 111.234 0 0 21.0207 56.931 20.1103
58.6828 70.3655 0 0 36.7862 0 127 59.0911 1 0 0 0 0 0 0 0 16 16 0 0
0 0 0 0 127 51 0;
egregore_data 0 0 127 0 0 127 0 0 0 0 0 0 0 0 0 127 38 0 127 0 0 0
0 0 0 0 0 0 0 100 0 0 127 127 78 0 93 90 127 0 19 127 127 0 0 0 70
0 0 0 127 127 34 0 81 12.2621 14.0138 111.234 0 0 21.0207 56.931 20.1103
58.6828 70.3655 0 0 36.7862 0 127 59.0911 1 0 0 0 0 0 0 0 16 16 0 0
0 0 0 0 127 51 0;
egregore_data 0 0 127 0 0 127 0 0 0 0 0 0 0 0 0 127 38 0 127 0 0 0
0 0 0 0 0 0 0 100 0 0 127 127 78 0 93 90 127 0 19 127 127 0 0 0 70
0 0 0 127 127 34 0 81 12.3472 14.1111 112.007 0 0 21.1667 57.3264 20.0069
59.0903 70.2986 0 0 37.0417 0 127 59.0911 1 0 0 0 0 0 0 0 16 16 0 0
0 0 0 0 127 51 0;
egregore_data 0 0 127 0 0 127 0 0 0 0 0 0 0 0 0 127 38 0 127 0 0 0
0 0 0 0 0 0 0 100 0 0 127 127 78 0 93 90 127 0 19 127 127 0 0 0 70
0 0 0 127 127 34 0 81 12.3472 14.1111 112.007 0 0 21.1667 57.3264 20.0069
59.0903 70.2986 0 0 37.0417 0 127 59.0911 1 0 0 0 0 0 0 0 16 16 0 0
0 0 0 0 127 51 0;
egregore_data 0 0 127 0 0 127 0 0 0 0 0 0 0 0 0 127 38 0 127 0 0 0
0 0 0 0 0 0 0 100 0 0 127 127 78 0 93 90 127 0 19 127 127 0 0 0 70
0 0 0 127 127 34 0 81 12.3472 14.1111 112.007 0 0 21.1667 57.3264 20.0069
59.0903 70.2986 0 0 37.0417 0 127 59.0911 1 0 0 0 0 0 0 0 16 16 0 0
0 0 0 0 127 51 0;
egregore_data 0 0 127 0 0 127 0 0 0 0 0 0 0 0 0 127 38 0 127 0 0 0
0 0 0 0 0 0 0 100 0 0 127 127 78 0 93 90 127 0 19 127 127 0 0 0 70
0 0 0 127 127 34 0 81 12.3472 14.1111 112.007 0 0 21.1667 57.3264 20.0069
59.0903 70.2986 0 0 37.0417 0 127 59.0911 1 0 0 0 0 0 0 0 16 16 0 0
0 0 0 0 127 51 0;
egregore_data 0 0 127 0 0 127 0 0 0 0 0 0 0 0 0 127 38 0 127 0 0 0
0 0 0 0 0 0 0 100 0 0 127 127 78 0 93 90 127 0 19 127 127 0 0 0 70
0 0 0 127 127 34 0 81 12.3472 14.1111 112.007 0 0 21.1667 57.3264 20.0069
59.0903 70.2986 0 0 37.0417 0 127 59.0911 1 0 0 0 0 0 0 0 16 16 0 0
0 0 0 0 127 51 0;
egregore_data 0 0 127 0 0 127 0 0 0 0 0 0 0 0 0 127 38 0 127 0 0 0
0 0 0 0 0 0 0 100 0 0 127 127 78 0 93 90 127 0 19 127 127 0 0 0 70
0 0 0 127 127 34 0 81 12.4336 14.2098 112.79 0 0 21.3147 57.7273 19.9021
59.5035 70.2308 0 0 37.3007 0 127 59.0911 1 0 0 0 0 0 0 0 16 16 0 0
0 0 0 0 127 51 0;
egregore_data 0 0 127 0 0 127 0 0 0 0 0 0 0 0 0 127 38 0 127 0 0 0
0 0 0 0 0 0 0 100 0 0 127 127 78 0 93 90 127 0 19 127 127 0 0 0 70
0 0 0 127 127 34 0 81 12.4336 14.2098 112.79 0 0 21.3147 57.7273 19.9021
59.5035 70.2308 0 0 37.3007 0 127 59.0911 1 0 0 0 0 0 0 0 16 16 0 0
0 0 0 0 127 51 0;
egregore_data 0 0 127 0 0 127 0 0 0 0 0 0 0 0 0 127 38 0 127 0 0 0
0 0 0 0 0 0 0 100 0 0 127 127 78 0 93 90 127 0 19 127 127 0 0 0 70
0 0 0 127 127 34 0 81 12.4336 14.2098 112.79 0 0 21.3147 57.7273 19.9021
59.5035 70.2308 0 0 37.3007 0 127 59.0911 1 0 0 0 0 0 0 0 16 16 0 0
0 0 0 0 127 51 0;
egregore_data 0 0 127 0 0 127 0 0 0 0 0 0 0 0 0 127 38 0 127 0 0 0
0 0 0 0 0 0 0 100 0 0 127 127 78 0 93 90 127 0 19 127 127 0 0 0 70
0 0 0 127 127 34 0 81 12.4336 14.2098 112.79 0 0 21.3147 57.7273 19.9021
59.5035 70.2308 0 0 37.3007 0 127 59.0911 1 0 0 0 0 0 0 0 16 16 0 0
0 0 0 0 127 51 0;
egregore_data 0 0 127 0 0 127 0 0 0 0 0 0 0 0 0 127 38 0 127 0 0 0
0 0 0 0 0 0 0 100 0 0 127 127 78 0 93 90 127 0 19 127 127 0 0 0 70
0 0 0 127 127 34 0 81 12.4336 14.2098 112.79 0 0 21.3147 57.7273 19.9021
59.5035 70.2308 0 0 37.3007 0 127 59.0911 1 0 0 0 0 0 0 0 16 16 0 0
0 0 0 0 127 51 0;
egregore_data 0 0 127 0 0 127 0 0 0 0 0 0 0 0 0 127 38 0 127 0 0 0
0 0 0 0 0 0 0 100 0 0 127 127 78 0 93 90 127 0 19 127 127 0 0 0 70
0 0 0 127 127 34 0 81 12.4336 14.2098 112.79 0 0 21.3147 57.7273 19.9021
59.5035 70.2308 0 0 37.3007 0 127 59.0911 1 0 0 0 0 0 0 0 16 16 0 0
0 0 0 0 127 51 0;
egregore_data 0 0 127 0 0 127 0 0 0 0 0 0 0 0 0 127 38 0 127 0 0 0
0 0 0 0 0 0 0 100 0 0 127 127 78 0 93 90 127 0 19 127 127 0 0 0 70
0 0 0 127 127 34 0 81 12.5211 14.3099 113.585 0 0 21.4648 58.1338 19.7958
59.9225 70.162 0 0 37.5634 0 127 59.0911 1 0 0 0 0 0 0 0 16 16 0 0
0 0 0 0 127 51 0;
egregore_data 0 0 127 0 0 127 0 0 0 0 0 0 0 0 0 127 38 0 127 0 0 0
0 0 0 0 0 0 0 100 0 0 127 127 78 0 93 90 127 0 19 127 127 0 0 0 70
0 0 0 127 127 34 0 81 12.5211 14.3099 113.585 0 0 21.4648 58.1338 19.7958
59.9225 70.162 0 0 37.5634 0 127 59.0911 1 0 0 0 0 0 0 0 16 16 0 0
0 0 0 0 127 51 0;
egregore_data 0 0 127 0 0 127 0 0 0 0 0 0 0 0 0 127 38 0 127 0 0 0
0 0 0 0 0 0 0 100 0 0 127 127 78 0 93 90 127 0 19 127 127 0 0 0 70
0 0 0 127 127 34 0 81 12.5211 14.3099 113.585 0 0 21.4648 58.1338 19.7958
59.9225 70.162 0 0 37.5634 0 127 59.0911 1 0 0 0 0 0 0 0 16 16 0 0
0 0 0 0 127 51 0;
egregore_data 0 0 127 0 0 127 0 0 0 0 0 0 0 0 0 127 38 0 127 0 0 0
0 0 0 0 0 0 0 100 0 0 127 127 78 0 93 90 127 0 19 127 127 0 0 0 70
0 0 0 127 127 34 0 81 12.5211 14.3099 113.585 0 0 21.4648 58.1338 19.7958
59.9225 70.162 0 0 37.5634 0 127 59.0911 1 0 0 0 0 0 0 0 16 16 0 0
0 0 0 0 127 51 0;
egregore_data 0 0 127 0 0 127 0 0 0 0 0 0 0 0 0 127 38 0 127 0 0 0
0 0 0 0 0 0 0 100 0 0 127 127 78 0 93 90 127 0 19 127 127 0 0 0 70
0 0 0 127 127 34 0 81 12.6099 14.4113 114.39 0 0 21.617 58.5461 19.6879
60.3475 70.0922 0 0 37.8298 0 127 59.0911 1 0 0 0 0 0 0 0 16 16 0 0
0 0 0 0 127 51 0;
egregore_data 0 0 127 0 0 127 0 0 0 0 0 0 0 0 0 127 38 0 127 0 0 0
0 0 0 0 0 0 0 100 0 0 127 127 78 0 93 90 127 0 19 127 127 0 0 0 70
0 0 0 127 127 34 0 81 12.6099 14.4113 114.39 0 0 21.617 58.5461 19.6879
60.3475 70.0922 0 0 37.8298 0 127 59.0911 1 0 0 0 0 0 0 0 16 16 0 0
0 0 0 0 127 51 0;
egregore_data 0 0 127 0 0 127 0 0 0 0 0 0 0 0 0 127 38 0 127 0 0 0
0 0 0 0 0 0 0 100 0 0 127 127 78 0 93 90 127 0 19 127 127 0 0 0 70
0 0 0 127 127 34 0 81 12.6099 14.4113 114.39 0 0 21.617 58.5461 19.6879
60.3475 70.0922 0 0 37.8298 0 127 59.0911 1 0 0 0 0 0 0 0 16 16 0 0
0 0 0 0 127 51 0;
egregore_data 0 0 127 0 0 127 0 0 0 0 0 0 0 0 0 127 38 0 127 0 0 0
0 0 0 0 0 0 0 100 0 0 127 127 78 0 93 90 127 0 19 127 127 0 0 0 70
0 0 0 127 127 34 0 81 12.6099 14.4113 114.39 0 0 21.617 58.5461 19.6879
60.3475 70.0922 0 0 37.8298 0 127 59.0911 1 0 0 0 0 0 0 0 16 16 0 0
0 0 0 0 127 51 0;
END;
