HTTP/1.1 200 OK
Date: Thu, 28 May 2015 12:25:21 GMT
Server: Apache
Last-Modified: Wed, 27 May 2015 19:27:02 GMT
Accept-Ranges: bytes
Content-Length: 30305
Vary: Accept-Encoding
Connection: close
Content-Type: text/plain

chdh_egregore_live_data;
egregore_data 0 0 127 0 0 127 0 0 0 0 0 0 0 0 0 127 38 0 127 0 0 0
0 0 0 0 0 0 0 100 0 0 127 127 78 0 93 90 127 0 19 127 127 0 0 0 70
0 0 0 127 127 34 0 70.5 43.5 42 91.5 114.435 48.5 75.5 56 27 106 31.3008
0 20.5 40.5 2 127 81.8066 1 0 0 0 0 0 0 0 16 16 0 0 0 0 0 0 127 51
0;
egregore_data 0 0 127 0 0 127 0 0 0 0 0 0 0 0 0 127 38 0 127 0 0 0
0 0 0 0 0 0 0 100 0 0 127 127 78 0 93 90 127 0 19 127 127 0 0 0 70
0 0 0 127 127 34 0 70.5 43.5 42 91.5 114.435 48.5 75.5 56 27 106 31.3008
0 20.5 40.5 2 127 81.8066 1 0 0 0 0 0 0 0 16 16 0 0 0 0 0 0 127 51
0;
egregore_data 0 0 127 0 0 127 0 0 0 0 0 0 0 0 0 127 38 0 127 0 0 0
0 0 0 0 0 0 0 100 0 0 127 127 78 0 93 90 127 0 19 127 127 0 0 0 70
0 0 0 127 127 34 0 70.5 43.5 42 91.5 114.435 48.5 75.5 56 27 106 31.3008
0 20.5 40.5 2 127 81.8066 1 0 0 0 0 0 0 0 16 16 0 0 0 0 0 0 127 51
0;
egregore_data 0 0 127 0 0 127 0 0 0 0 0 0 0 0 0 127 38 0 127 0 0 0
0 0 0 0 0 0 0 100 0 0 127 127 78 0 93 90 127 0 19 127 127 0 0 0 70
0 0 0 127 127 34 0 70.5 43.5 42 91.5 114.435 48.5 75.5 56 27 106 31.3008
0 20.5 40.5 2 127 81.8066 1 0 0 0 0 0 0 0 16 16 0 0 0 0 0 0 127 51
0;
egregore_data 0 0 127 0 0 127 0 0 0 0 0 0 0 0 0 127 38 0 127 0 0 0
0 0 0 0 0 0 0 100 0 0 127 127 78 0 93 90 127 0 19 127 127 0 0 0 70
0 0 0 127 127 34 0 70.5 43.5 42 91.5 114.435 48.5 75.5 56 27 106 31.3008
0 20.5 40.5 2 127 81.8066 1 0 0 0 0 0 0 0 16 16 0 0 0 0 0 0 127 51
0;
egregore_data 0 0 127 0 0 127 0 0 0 0 0 0 0 0 0 127 38 0 127 0 0 0
0 0 0 0 0 0 0 100 0 0 127 127 78 0 93 90 127 0 19 127 127 0 0 0 70
0 0 0 127 127 34 0 70.5 43.5 42 91.5 114.435 48.5 75.5 56 27 106 31.3008
0 20.5 40.5 2 127 81.8066 1 0 0 0 0 0 0 0 16 16 0 0 0 0 0 0 127 51
0;
egregore_data 0 0 127 0 0 127 0 0 0 0 0 0 0 0 0 127 38 0 127 0 0 0
0 0 0 0 0 0 0 100 0 0 127 127 78 0 93 90 127 0 19 127 127 0 0 0 70
0 0 0 127 127 34 0 70.5 43.5 42 91.5 114.435 48.5 75.5 56 27 106 31.3008
0 20.5 40.5 2 127 81.8066 1 0 0 0 0 0 0 0 16 16 0 0 0 0 0 0 127 51
0;
egregore_data 0 0 127 0 0 127 0 0 0 0 0 0 0 0 0 127 38 0 127 0 0 0
0 0 0 0 0 0 0 100 0 0 127 127 78 0 93 90 127 0 19 127 127 0 0 0 70
0 0 0 127 127 34 0 70.5 43.5 42 91.5 114.435 48.5 75.5 56 27 106 31.3008
0 20.5 40.5 2 127 81.8066 1 0 0 0 0 0 0 0 16 16 0 0 0 0 0 0 127 51
0;
egregore_data 0 0 127 0 0 127 0 0 0 0 0 0 0 0 0 127 38 0 127 0 0 0
0 0 0 0 0 0 0 100 0 0 127 127 78 0 93 90 127 0 19 127 127 0 0 0 70
0 0 0 127 127 34 0 70.5 43.5 42 91.5 114.435 48.5 75.5 56 27 106 31.3008
0 20.5 40.5 2 127 81.8066 1 0 0 0 0 0 0 0 16 16 0 0 0 0 0 0 127 51
0;
egregore_data 0 0 127 0 0 127 0 0 0 0 0 0 0 0 0 127 38 0 127 0 0 0
0 0 0 0 0 0 0 100 0 0 127 127 78 0 93 90 127 0 19 127 127 0 0 0 70
0 0 0 127 127 34 0 70.5 43.5 42 91.5 114.435 48.5 75.5 56 27 106 31.3008
0 20.5 40.5 2 127 81.8066 1 0 0 0 0 0 0 0 16 16 0 0 0 0 0 0 127 51
0;
egregore_data 0 0 127 0 0 127 0 0 0 0 0 0 0 0 0 127 38 0 127 0 0 0
0 0 0 0 0 0 0 100 0 0 127 127 78 0 93 90 127 0 19 127 127 0 0 0 70
0 0 0 127 127 34 0 70.5 43.5 42 91.5 114.435 48.5 75.5 56 27 106 31.3008
0 20.5 40.5 2 127 81.8066 1 0 0 0 0 0 0 0 16 16 0 0 0 0 0 0 127 51
0;
egregore_data 0 0 127 0 0 127 0 0 0 0 0 0 0 0 0 127 38 0 127 0 0 0
0 0 0 0 0 0 0 100 0 0 127 127 78 0 93 90 127 0 19 127 127 0 0 0 70
0 0 0 127 127 34 0 70.5 43.5 42 91.5 114.435 48.5 75.5 56 27 106 31.3008
0 20.5 40.5 2 127 81.8066 1 0 0 0 0 0 0 0 16 16 0 0 0 0 0 0 127 51
0;
egregore_data 0 0 127 0 0 127 0 0 0 0 0 0 0 0 0 127 38 0 127 0 0 0
0 0 0 0 0 0 0 100 0 0 127 127 78 0 93 90 127 0 19 127 127 0 0 0 70
0 0 0 127 127 34 0 70.5 43.5 42 91.5 114.435 48.5 75.5 56 27 106 31.3008
0 20.5 40.5 2 127 81.8066 1 0 0 0 0 0 0 0 16 16 0 0 0 0 0 0 127 51
0;
egregore_data 0 0 127 0 0 127 0 0 0 0 0 0 0 0 0 127 38 0 127 0 0 0
0 0 0 0 0 0 0 100 0 0 127 127 78 0 93 90 127 0 19 127 127 0 0 0 70
0 0 0 127 127 34 0 70.5 43.5 42 91.5 114.435 48.5 75.5 56 27 106 31.3008
0 20.5 40.5 2 127 81.8066 1 0 0 0 0 0 0 0 16 16 0 0 0 0 0 0 127 51
0;
egregore_data 0 0 127 0 0 127 0 0 0 0 0 0 0 0 0 127 38 0 127 0 0 0
0 0 0 0 0 0 0 100 0 0 127 127 78 0 93 90 127 0 19 127 127 0 0 0 70
0 0 0 127 127 34 0 70.5 43.5 42 91.5 114.435 48.5 75.5 56 27 106 31.3008
0 20.5 40.5 2 127 81.8066 1 0 0 0 0 0 0 0 16 16 0 0 0 0 0 0 127 51
0;
egregore_data 0 0 127 0 0 127 0 0 0 0 0 0 0 0 0 127 38 0 127 0 0 0
0 0 0 0 0 0 0 100 0 0 127 127 78 0 93 90 127 0 19 127 127 0 0 0 70
0 0 0 127 127 34 0 70.5 43.5 42 91.5 114.435 48.5 75.5 56 27 106 31.3008
0 20.5 40.5 2 127 81.8066 1 0 0 0 0 0 0 0 16 16 0 0 0 0 0 0 127 51
0;
egregore_data 0 0 127 0 0 127 0 0 0 0 0 0 0 0 0 127 38 0 127 0 0 0
0 0 0 0 0 0 0 100 0 0 127 127 78 0 93 90 127 0 19 127 127 0 0 0 70
0 0 0 127 127 34 0 70.5 43.5 42 91.5 114.435 48.5 75.5 56 27 106 31.3008
0 20.5 40.5 2 127 81.8066 1 0 0 0 0 0 0 0 16 16 0 0 0 0 0 0 127 51
0;
egregore_data 0 0 127 0 0 127 0 0 0 0 0 0 0 0 0 127 38 0 127 0 0 0
0 0 0 0 0 0 0 100 0 0 127 127 78 0 93 90 127 0 19 127 127 0 0 0 70
0 0 0 127 127 34 0 70.5 43.5 42 91.5 114.435 48.5 75.5 56 27 106 31.3008
0 20.5 40.5 2 127 81.8066 1 0 0 0 0 0 0 0 16 16 0 0 0 0 0 0 127 51
0;
egregore_data 0 0 127 0 0 127 0 0 0 0 0 0 0 0 0 127 38 0 127 0 0 0
0 0 0 0 0 0 0 100 0 0 127 127 78 0 93 90 127 0 19 127 127 0 0 0 70
0 0 0 127 127 34 0 70.5 43.5 42 91.5 114.435 48.5 75.5 56 27 106 31.3008
0 20.5 40.5 2 127 81.8066 1 0 0 0 0 0 0 0 16 16 0 0 0 0 0 0 127 51
0;
egregore_data 0 0 127 0 0 127 0 0 0 0 0 0 0 0 0 127 38 0 127 0 0 0
0 0 0 0 0 0 0 100 0 0 127 127 78 0 93 90 127 0 19 127 127 0 0 0 70
0 0 0 127 127 34 0 70.5 43.5 42 91.5 114.435 48.5 75.5 56 27 106 31.3008
0 20.5 40.5 2 127 81.8066 1 0 0 0 0 0 0 0 16 16 0 0 0 0 0 0 127 51
0;
egregore_data 0 0 127 0 0 127 0 0 0 0 0 0 0 0 0 127 38 0 127 0 0 0
0 0 0 0 0 0 0 100 0 0 127 127 78 0 93 90 127 0 19 127 127 0 0 0 70
0 0 0 127 127 34 0 70.5 43.5 42 91.5 114.435 48.5 75.5 56 27 106 31.3008
0 20.5 40.5 2 127 81.8066 1 0 0 0 0 0 0 0 16 16 0 0 0 0 0 0 127 51
0;
egregore_data 0 0 127 0 0 127 0 0 0 0 0 0 0 0 0 127 38 0 127 0 0 0
0 0 0 0 0 0 0 100 0 0 127 127 78 0 93 90 127 0 19 127 127 0 0 0 70
0 0 0 127 127 34 0 70.5 43.5 42 91.5 114.435 48.5 75.5 56 27 106 31.3008
0 20.5 40.5 2 127 81.8066 1 0 0 0 0 0 0 0 16 16 0 0 0 0 0 0 127 51
0;
egregore_data 0 0 127 0 0 127 0 0 0 0 0 0 0 0 0 127 38 0 127 0 0 0
0 0 0 0 0 0 0 100 0 0 127 127 78 0 93 90 127 0 19 127 127 0 0 0 70
0 0 0 127 127 34 0 70.5 43.5 42 91.5 114.435 48.5 75.5 56 27 106 31.3008
0 20.5 40.5 2 127 81.8066 1 0 0 0 0 0 0 0 16 16 0 0 0 0 0 0 127 51
0;
egregore_data 0 0 127 0 0 127 0 0 0 0 0 0 0 0 0 127 38 0 127 0 0 0
0 0 0 0 0 0 0 100 0 0 127 127 78 0 93 90 127 0 19 127 127 0 0 0 70
0 0 0 127 127 34 0 70.5 43.5 42 91.5 114.435 48.5 75.5 56 27 106 31.3008
0 20.5 40.5 2 127 81.8066 1 0 0 0 0 0 0 0 16 16 0 0 0 0 0 0 127 51
0;
egregore_data 0 0 127 0 0 127 0 0 0 0 0 0 0 0 0 127 38 0 127 0 0 0
0 0 0 0 0 0 0 100 0 0 127 127 78 0 93 90 127 0 19 127 127 0 0 0 70
0 0 0 127 127 34 0 70.5 43.5 42 91.5 114.435 48.5 75.5 56 27 106 31.3008
0 20.5 40.5 2 127 81.8066 1 0 0 0 0 0 0 0 16 16 0 0 0 0 0 0 127 51
0;
egregore_data 0 0 127 0 0 127 0 0 0 0 0 0 0 0 0 127 38 0 127 0 0 0
0 0 0 0 0 0 0 100 0 0 127 127 78 0 93 90 127 0 19 127 127 0 0 0 70
0 0 0 127 127 34 0 70.5 43.5 42 91.5 114.435 48.5 75.5 56 27 106 31.3008
0 20.5 40.5 2 127 81.8066 1 0 0 0 0 0 0 0 16 16 0 0 0 0 0 0 127 51
0;
egregore_data 0 0 127 0 0 127 0 0 0 0 0 0 0 0 0 127 38 0 127 0 0 0
0 0 0 0 0 0 0 100 0 0 127 127 78 0 93 90 127 0 19 127 127 0 0 0 70
0 0 0 127 127 34 0 70.5 43.5 42 91.5 114.435 48.5 75.5 56 27 106 31.3008
0 20.5 40.5 2 127 81.8066 1 0 0 0 0 0 0 0 16 16 0 0 0 0 0 0 127 51
0;
egregore_data 0 0 127 0 0 127 0 0 0 0 0 0 0 0 0 127 38 0 127 0 0 0
0 0 0 0 0 0 0 100 0 0 127 127 78 0 93 90 127 0 19 127 127 0 0 0 70
0 0 0 127 127 34 0 70.5 43.5 42 91.5 114.435 48.5 75.5 56 27 106 31.3008
0 20.5 40.5 2 127 81.8066 1 0 0 0 0 0 0 0 16 16 0 0 0 0 0 0 127 51
0;
egregore_data 0 0 127 0 0 127 0 0 0 0 0 0 0 0 0 127 38 0 127 0 0 0
0 0 0 0 0 0 0 100 0 0 127 127 78 0 93 90 127 0 19 127 127 0 0 0 70
0 0 0 127 127 34 0 70.5 43.5 42 91.5 114.435 48.5 75.5 56 27 106 31.3008
0 20.5 40.5 2 127 81.8066 1 0 0 0 0 0 0 0 16 16 0 0 0 0 0 0 127 51
0;
egregore_data 0 0 127 0 0 127 0 0 0 0 0 0 0 0 0 127 38 0 127 0 0 0
0 0 0 0 0 0 0 100 0 0 127 127 78 0 93 90 127 0 19 127 127 0 0 0 70
0 0 0 127 127 34 0 70.5 43.5 42 91.5 114.435 48.5 75.5 56 27 106 31.3008
0 20.5 40.5 2 127 81.8066 1 0 0 0 0 0 0 0 16 16 0 0 0 0 0 0 127 51
0;
egregore_data 0 0 127 0 0 127 0 0 0 0 0 0 0 0 0 127 38 0 127 0 0 0
0 0 0 0 0 0 0 100 0 0 127 127 78 0 93 90 127 0 19 127 127 0 0 0 70
0 0 0 127 127 34 0 70.5 43.5 42 91.5 114.435 48.5 75.5 56 27 106 31.3008
0 20.5 40.5 2 127 81.8066 1 0 0 0 0 0 0 0 16 16 0 0 0 0 0 0 127 51
0;
egregore_data 0 0 127 0 0 127 0 0 0 0 0 0 0 0 0 127 38 0 127 0 0 0
0 0 0 0 0 0 0 100 0 0 127 127 78 0 93 90 127 0 19 127 127 0 0 0 70
0 0 0 127 127 34 0 70.5 43.5 42 91.5 114.435 48.5 75.5 56 27 106 31.3008
0 20.5 40.5 2 127 81.8066 1 0 0 0 0 0 0 0 16 16 0 0 0 0 0 0 127 51
0;
egregore_data 0 0 127 0 0 127 0 0 0 0 0 0 0 0 0 127 38 0 127 0 0 0
0 0 0 0 0 0 0 100 0 0 127 127 78 0 93 90 127 0 19 127 127 0 0 0 70
0 0 0 127 127 34 0 70.5 43.5 42 91.5 114.435 48.5 75.5 56 27 106 31.3008
0 20.5 40.5 2 127 81.8066 1 0 0 0 0 0 0 0 16 16 0 0 0 0 0 0 127 51
0;
egregore_data 0 0 127 0 0 127 0 0 0 0 0 0 0 0 0 127 38 0 127 0 0 0
0 0 0 0 0 0 0 100 0 0 127 127 78 0 93 90 127 0 19 127 127 0 0 0 70
0 0 0 127 127 34 0 70.5 43.5 42 91.5 114.435 48.5 75.5 56 27 106 31.3008
0 20.5 40.5 2 127 81.8066 1 0 0 0 0 0 0 0 16 16 0 0 0 0 0 0 127 51
0;
egregore_data 0 0 127 0 0 127 0 0 0 0 0 0 0 0 0 127 38 0 127 0 0 0
0 0 0 0 0 0 0 100 0 0 127 127 78 0 93 90 127 0 19 127 127 0 0 0 70
0 0 0 127 127 34 0 70.5 43.5 42 91.5 114.435 48.5 75.5 56 27 106 31.3008
0 20.5 40.5 2 127 81.8066 1 0 0 0 0 0 0 0 16 16 0 0 0 0 0 0 127 51
0;
egregore_data 0 0 127 0 0 127 0 0 0 0 0 0 0 0 0 127 38 0 127 0 0 0
0 0 0 0 0 0 0 100 0 0 127 127 78 0 93 90 127 0 19 127 127 0 0 0 70
0 0 0 127 127 34 0 70.5 43.5 42 91.5 114.435 48.5 75.5 56 27 106 31.3008
0 20.5 40.5 2 127 81.8066 1 0 0 0 0 0 0 0 16 16 0 0 0 0 0 0 127 51
0;
egregore_data 0 0 127 0 0 127 0 0 0 0 0 0 0 0 0 127 38 0 127 0 0 0
0 0 0 0 0 0 0 100 0 0 127 127 78 0 93 90 127 0 19 127 127 0 0 0 70
0 0 0 127 127 34 0 70.5 43.5 42 91.5 114.435 48.5 75.5 56 27 106 31.3008
0 20.5 40.5 2 127 81.8066 1 0 0 0 0 0 0 0 16 16 0 0 0 0 0 0 127 51
0;
egregore_data 0 0 127 0 0 127 0 0 0 0 0 0 0 0 0 127 38 0 127 0 0 0
0 0 0 0 0 0 0 100 0 0 127 127 78 0 93 90 127 0 19 127 127 0 0 0 70
0 0 0 127 127 34 0 70.5 43.5 42 91.5 114.435 48.5 75.5 56 27 106 31.3008
0 20.5 40.5 2 127 81.8066 1 0 0 0 0 0 0 0 16 16 0 0 0 0 0 0 127 51
0;
egregore_data 0 0 127 0 0 127 0 0 0 0 0 0 0 0 0 127 38 0 127 0 0 0
0 0 0 0 0 0 0 100 0 0 127 127 78 0 93 90 127 0 19 127 127 0 0 0 70
0 0 0 127 127 34 0 70.5 43.5 42 91.5 114.435 48.5 75.5 56 27 106 31.3008
0 20.5 40.5 2 127 81.8066 1 0 0 0 0 0 0 0 16 16 0 0 0 0 0 0 127 51
0;
egregore_data 0 0 127 0 0 127 0 0 0 0 0 0 0 0 0 127 38 0 127 0 0 0
0 0 0 0 0 0 0 100 0 0 127 127 78 0 93 90 127 0 19 127 127 0 0 0 70
0 0 0 127 127 34 0 70.5 43.5 42 91.5 114.435 48.5 75.5 56 27 106 31.3008
0 20.5 40.5 2 127 81.8066 1 0 0 0 0 0 0 0 16 16 0 0 0 0 0 0 127 51
0;
egregore_data 0 0 127 0 0 127 0 0 0 0 0 0 0 0 0 127 38 0 127 0 0 0
0 0 0 0 0 0 0 100 0 0 127 127 78 0 93 90 127 0 19 127 127 0 0 0 70
0 0 0 127 127 34 0 70.5 43.5 42 91.5 114.435 48.5 75.5 56 27 106 31.3008
0 20.5 40.5 2 127 81.8066 1 0 0 0 0 0 0 0 16 16 0 0 0 0 0 0 127 51
0;
egregore_data 0 0 127 0 0 127 0 0 0 0 0 0 0 0 0 127 38 0 127 0 0 0
0 0 0 0 0 0 0 100 0 0 127 127 78 0 93 90 127 0 19 127 127 0 0 0 70
0 0 0 127 127 34 0 70.5 43.5 42 91.5 114.435 48.5 75.5 56 27 106 31.3008
0 20.5 40.5 2 127 81.8066 1 0 0 0 0 0 0 0 16 16 0 0 0 0 0 0 127 51
0;
egregore_data 0 0 127 0 0 127 0 0 0 0 0 0 0 0 0 127 38 0 127 0 0 0
0 0 0 0 0 0 0 100 0 0 127 127 78 0 93 90 127 0 19 127 127 0 0 0 70
0 0 0 127 127 34 0 70.5412 43.3294 41.8353 91.1412 113.986 48.3098
75.2039 55.7804 27.0314 105.584 31.4918 0 20.4196 40.3412 1.99216 127
81.8066 1 0 0 0 0 0 0 0 16 16 0 0 0 0 0 0 127 51 0;
egregore_data 0 0 127 0 0 127 0 0 0 0 0 0 0 0 0 127 38 0 127 0 0 0
0 0 0 0 0 0 0 100 0 0 127 127 78 0 93 90 127 0 19 127 127 0 0 0 70
0 0 0 127 127 34 0 70.5412 43.3294 41.8353 91.1412 113.986 48.3098
75.2039 55.7804 27.0314 105.584 31.4918 0 20.4196 40.3412 1.99216 127
81.8066 1 0 0 0 0 0 0 0 16 16 0 0 0 0 0 0 127 51 0;
egregore_data 0 0 127 0 0 127 0 0 0 0 0 0 0 0 0 127 38 0 127 0 0 0
0 0 0 0 0 0 0 100 0 0 127 127 78 0 93 90 127 0 19 127 127 0 0 0 70
0 0 0 127 127 34 0 70.5412 43.3294 41.8353 91.1412 113.986 48.3098
75.2039 55.7804 27.0314 105.584 31.4918 0 20.4196 40.3412 1.99216 127
81.8066 1 0 0 0 0 0 0 0 16 16 0 0 0 0 0 0 127 51 0;
egregore_data 0 0 127 0 0 127 0 0 0 0 0 0 0 0 0 127 38 0 127 0 0 0
0 0 0 0 0 0 0 100 0 0 127 127 78 0 93 90 127 0 19 127 127 0 0 0 70
0 0 0 127 127 34 0 70.5412 43.3294 41.8353 91.1412 113.986 48.3098
75.2039 55.7804 27.0314 105.584 31.4918 0 20.4196 40.3412 1.99216 127
81.8066 1 0 0 0 0 0 0 0 16 16 0 0 0 0 0 0 127 51 0;
egregore_data 0 0 127 0 0 127 0 0 0 0 0 0 0 0 0 127 38 0 127 0 0 0
0 0 0 0 0 0 0 100 0 0 127 127 78 0 93 90 127 0 19 127 127 0 0 0 70
0 0 0 127 127 34 0 70.5412 43.3294 41.8353 91.1412 113.986 48.3098
75.2039 55.7804 27.0314 105.584 31.4918 0 20.4196 40.3412 1.99216 127
81.8066 1 0 0 0 0 0 0 0 16 16 0 0 0 0 0 0 127 51 0;
egregore_data 0 0 127 0 0 127 0 0 0 0 0 0 0 0 0 127 38 0 127 0 0 0
0 0 0 0 0 0 0 100 0 0 127 127 78 0 93 90 127 0 19 127 127 0 0 0 70
0 0 0 127 127 34 0 70.5412 43.3294 41.8353 91.1412 113.986 48.3098
75.2039 55.7804 27.0314 105.584 31.4918 0 20.4196 40.3412 1.99216 127
81.8066 1 0 0 0 0 0 0 0 16 16 0 0 0 0 0 0 127 51 0;
egregore_data 0 0 127 0 0 127 0 0 0 0 0 0 0 0 0 127 38 0 127 0 0 0
0 0 0 0 0 0 0 100 0 0 127 127 78 0 93 90 127 0 19 127 127 0 0 0 70
0 0 0 127 127 34 0 70.5412 43.3294 41.8353 91.1412 113.986 48.3098
75.2039 55.7804 27.0314 105.584 31.4918 0 20.4196 40.3412 1.99216 127
81.8066 1 0 0 0 0 0 0 0 16 16 0 0 0 0 0 0 127 51 0;
egregore_data 0 0 127 0 0 127 0 0 0 0 0 0 0 0 0 127 38 0 127 0 0 0
0 0 0 0 0 0 0 100 0 0 127 127 78 0 93 90 127 0 19 127 127 0 0 0 70
0 0 0 127 127 34 0 70.5412 43.3294 41.8353 91.1412 113.986 48.3098
75.2039 55.7804 27.0314 105.584 31.4918 0 20.4196 40.3412 1.99216 127
81.8066 1 0 0 0 0 0 0 0 16 16 0 0 0 0 0 0 127 51 0;
egregore_data 0 0 127 0 0 127 0 0 0 0 0 0 0 0 0 127 38 0 127 0 0 0
0 0 0 0 0 0 0 100 0 0 127 127 78 0 93 90 127 0 19 127 127 0 0 0 70
0 0 0 127 127 34 0 70.5412 43.3294 41.8353 91.1412 113.986 48.3098
75.2039 55.7804 27.0314 105.584 31.4918 0 20.4196 40.3412 1.99216 127
81.8066 1 0 0 0 0 0 0 0 16 16 0 0 0 0 0 0 127 51 0;
egregore_data 0 0 127 0 0 127 0 0 0 0 0 0 0 0 0 127 38 0 127 0 0 0
0 0 0 0 0 0 0 100 0 0 127 127 78 0 93 90 127 0 19 127 127 0 0 0 70
0 0 0 127 127 34 0 70.5412 43.3294 41.8353 91.1412 113.986 48.3098
75.2039 55.7804 27.0314 105.584 31.4918 0 20.4196 40.3412 1.99216 127
81.8066 1 0 0 0 0 0 0 0 16 16 0 0 0 0 0 0 127 51 0;
egregore_data 0 0 127 0 0 127 0 0 0 0 0 0 0 0 0 127 38 0 127 0 0 0
0 0 0 0 0 0 0 100 0 0 127 127 78 0 93 90 127 0 19 127 127 0 0 0 70
0 0 0 127 127 34 0 70.5412 43.3294 41.8353 91.1412 113.986 48.3098
75.2039 55.7804 27.0314 105.584 31.4918 0 20.4196 40.3412 1.99216 127
81.8066 1 0 0 0 0 0 0 0 16 16 0 0 0 0 0 0 127 51 0;
egregore_data 0 0 127 0 0 127 0 0 0 0 0 0 0 0 0 127 38 0 127 0 0 0
0 0 0 0 0 0 0 100 0 0 127 127 78 0 93 90 127 0 19 127 127 0 0 0 70
0 0 0 127 127 34 0 70.5412 43.3294 41.8353 91.1412 113.986 48.3098
75.2039 55.7804 27.0314 105.584 31.4918 0 20.4196 40.3412 1.99216 127
81.8066 1 0 0 0 0 0 0 0 16 16 0 0 0 0 0 0 127 51 0;
egregore_data 0 0 127 0 0 127 0 0 0 0 0 0 0 0 0 127 38 0 127 0 0 0
0 0 0 0 0 0 0 100 0 0 127 127 78 0 93 90 127 0 19 127 127 0 0 0 70
0 0 0 127 127 34 0 70.5412 43.3294 41.8353 91.1412 113.986 48.3098
75.2039 55.7804 27.0314 105.584 31.4918 0 20.4196 40.3412 1.99216 127
81.8066 1 0 0 0 0 0 0 0 16 16 0 0 0 0 0 0 127 51 0;
egregore_data 0 0 127 0 0 127 0 0 0 0 0 0 0 0 0 127 38 0 127 0 0 0
0 0 0 0 0 0 0 100 0 0 127 127 78 0 93 90 127 0 19 127 127 0 0 0 70
0 0 0 127 127 34 0 70.5412 43.3294 41.8353 91.1412 113.986 48.3098
75.2039 55.7804 27.0314 105.584 31.4918 0 20.4196 40.3412 1.99216 127
81.8066 1 0 0 0 0 0 0 0 16 16 0 0 0 0 0 0 127 51 0;
egregore_data 0 0 127 0 0 127 0 0 0 0 0 0 0 0 0 127 38 0 127 0 0 0
0 0 0 0 0 0 0 100 0 0 127 127 78 0 93 90 127 0 19 127 127 0 0 0 70
0 0 0 127 127 34 0 70.5412 43.3294 41.8353 91.1412 113.986 48.3098
75.2039 55.7804 27.0314 105.584 31.4918 0 20.4196 40.3412 1.99216 127
81.8066 1 0 0 0 0 0 0 0 16 16 0 0 0 0 0 0 127 51 0;
egregore_data 0 0 127 0 0 127 0 0 0 0 0 0 0 0 0 127 38 0 127 0 0 0
0 0 0 0 0 0 0 100 0 0 127 127 78 0 93 90 127 0 19 127 127 0 0 0 70
0 0 0 127 127 34 0 70.5412 43.3294 41.8353 91.1412 113.986 48.3098
75.2039 55.7804 27.0314 105.584 31.4918 0 20.4196 40.3412 1.99216 127
81.8066 1 0 0 0 0 0 0 0 16 16 0 0 0 0 0 0 127 51 0;
egregore_data 0 0 127 0 0 127 0 0 0 0 0 0 0 0 0 127 38 0 127 0 0 0
0 0 0 0 0 0 0 100 0 0 127 127 78 0 93 90 127 0 19 127 127 0 0 0 70
0 0 0 127 127 34 0 70.5412 43.3294 41.8353 91.1412 113.986 48.3098
75.2039 55.7804 27.0314 105.584 31.4918 0 20.4196 40.3412 1.99216 127
81.8066 1 0 0 0 0 0 0 0 16 16 0 0 0 0 0 0 127 51 0;
egregore_data 0 0 127 0 0 127 0 0 0 0 0 0 0 0 0 127 38 0 127 0 0 0
0 0 0 0 0 0 0 100 0 0 127 127 78 0 93 90 127 0 19 127 127 0 0 0 70
0 0 0 127 127 34 0 70.5412 43.3294 41.8353 91.1412 113.986 48.3098
75.2039 55.7804 27.0314 105.584 31.4918 0 20.4196 40.3412 1.99216 127
81.8066 1 0 0 0 0 0 0 0 16 16 0 0 0 0 0 0 127 51 0;
egregore_data 0 0 127 0 0 127 0 0 0 0 0 0 0 0 0 127 38 0 127 0 0 0
0 0 0 0 0 0 0 100 0 0 127 127 78 0 93 90 127 0 19 127 127 0 0 0 70
0 0 0 127 127 34 0 70.5412 43.3294 41.8353 91.1412 113.986 48.3098
75.2039 55.7804 27.0314 105.584 31.4918 0 20.4196 40.3412 1.99216 127
81.8066 1 0 0 0 0 0 0 0 16 16 0 0 0 0 0 0 127 51 0;
egregore_data 0 0 127 0 0 127 0 0 0 0 0 0 0 0 0 127 38 0 127 0 0 0
0 0 0 0 0 0 0 100 0 0 127 127 78 0 93 90 127 0 19 127 127 0 0 0 70
0 0 0 127 127 34 0 70.5412 43.3294 41.8353 91.1412 113.986 48.3098
75.2039 55.7804 27.0314 105.584 31.4918 0 20.4196 40.3412 1.99216 127
81.8066 1 0 0 0 0 0 0 0 16 16 0 0 0 0 0 0 127 51 0;
egregore_data 0 0 127 0 0 127 0 0 0 0 0 0 0 0 0 127 38 0 127 0 0 0
0 0 0 0 0 0 0 100 0 0 127 127 78 0 93 90 127 0 19 127 127 0 0 0 70
0 0 0 127 127 34 0 70.5412 43.3294 41.8353 91.1412 113.986 48.3098
75.2039 55.7804 27.0314 105.584 31.4918 0 20.4196 40.3412 1.99216 127
81.8066 1 0 0 0 0 0 0 0 16 16 0 0 0 0 0 0 127 51 0;
egregore_data 0 0 127 0 0 127 0 0 0 0 0 0 0 0 0 127 38 0 127 0 0 0
0 0 0 0 0 0 0 100 0 0 127 127 78 0 93 90 127 0 19 127 127 0 0 0 70
0 0 0 127 127 34 0 70.5412 43.3294 41.8353 91.1412 113.986 48.3098
75.2039 55.7804 27.0314 105.584 31.4918 0 20.4196 40.3412 1.99216 127
81.8066 1 0 0 0 0 0 0 0 16 16 0 0 0 0 0 0 127 51 0;
egregore_data 0 0 127 0 0 127 0 0 0 0 0 0 0 0 0 127 38 0 127 0 0 0
0 0 0 0 0 0 0 100 0 0 127 127 78 0 93 90 127 0 19 127 127 0 0 0 70
0 0 0 127 127 34 0 70.5412 43.3294 41.8353 91.1412 113.986 48.3098
75.2039 55.7804 27.0314 105.584 31.4918 0 20.4196 40.3412 1.99216 127
81.8066 1 0 0 0 0 0 0 0 16 16 0 0 0 0 0 0 127 51 0;
egregore_data 0 0 127 0 0 127 0 0 0 0 0 0 0 0 0 127 38 0 127 0 0 0
0 0 0 0 0 0 0 100 0 0 127 127 78 0 93 90 127 0 19 127 127 0 0 0 70
0 0 0 127 127 34 0 70.5412 43.3294 41.8353 91.1412 113.986 48.3098
75.2039 55.7804 27.0314 105.584 31.4918 0 20.4196 40.3412 1.99216 127
81.8066 1 0 0 0 0 0 0 0 16 16 0 0 0 0 0 0 127 51 0;
egregore_data 0 0 127 0 0 127 0 0 0 0 0 0 0 0 0 127 38 0 127 0 0 0
0 0 0 0 0 0 0 100 0 0 127 127 78 0 93 90 127 0 19 127 127 0 0 0 70
0 0 0 127 127 34 0 70.5412 43.3294 41.8353 91.1412 113.986 48.3098
75.2039 55.7804 27.0314 105.584 31.4918 0 20.4196 40.3412 1.99216 127
81.8066 1 0 0 0 0 0 0 0 16 16 0 0 0 0 0 0 127 51 0;
egregore_data 0 0 127 0 0 127 0 0 0 0 0 0 0 0 0 127 38 0 127 0 0 0
0 0 0 0 0 0 0 100 0 0 127 127 78 0 93 90 127 0 19 127 127 0 0 0 70
0 0 0 127 127 34 0 70.582 43.1602 41.6719 90.7852 113.541 48.1211 74.9102
55.5625 27.0625 105.172 31.6813 0 20.3398 40.1836 1.98438 127 81.8066
1 0 0 0 0 0 0 0 16 16 0 0 0 0 0 0 127 51 0;
egregore_data 0 0 127 0 0 127 0 0 0 0 0 0 0 0 0 127 38 0 127 0 0 0
0 0 0 0 0 0 0 100 0 0 127 127 78 0 93 90 127 0 19 127 127 0 0 0 70
0 0 0 127 127 34 0 70.582 43.1602 41.6719 90.7852 113.541 48.1211 74.9102
55.5625 27.0625 105.172 31.6813 0 20.3398 40.1836 1.98438 127 81.8066
1 0 0 0 0 0 0 0 16 16 0 0 0 0 0 0 127 51 0;
egregore_data 0 0 127 0 0 127 0 0 0 0 0 0 0 0 0 127 38 0 127 0 0 0
0 0 0 0 0 0 0 100 0 0 127 127 78 0 93 90 127 0 19 127 127 0 0 0 70
0 0 0 127 127 34 0 70.582 43.1602 41.6719 90.7852 113.541 48.1211 74.9102
55.5625 27.0625 105.172 31.6813 0 20.3398 40.1836 1.98438 127 81.8066
1 0 0 0 0 0 0 0 16 16 0 0 0 0 0 0 127 51 0;
egregore_data 0 0 127 0 0 127 0 0 0 0 0 0 0 0 0 127 38 0 127 0 0 0
0 0 0 0 0 0 0 100 0 0 127 127 78 0 93 90 127 0 19 127 127 0 0 0 70
0 0 0 127 127 34 0 70.582 43.1602 41.6719 90.7852 113.541 48.1211 74.9102
55.5625 27.0625 105.172 31.6813 0 20.3398 40.1836 1.98438 127 81.8066
1 0 0 0 0 0 0 0 16 16 0 0 0 0 0 0 127 51 0;
egregore_data 0 0 127 0 0 127 0 0 0 0 0 0 0 0 0 127 38 0 127 0 0 0
0 0 0 0 0 0 0 100 0 0 127 127 78 0 93 90 127 0 19 127 127 0 0 0 70
0 0 0 127 127 34 0 70.582 43.1602 41.6719 90.7852 113.541 48.1211 74.9102
55.5625 27.0625 105.172 31.6813 0 20.3398 40.1836 1.98438 127 81.8066
1 0 0 0 0 0 0 0 16 16 0 0 0 0 0 0 127 51 0;
egregore_data 0 0 127 0 0 127 0 0 0 0 0 0 0 0 0 127 38 0 127 0 0 0
0 0 0 0 0 0 0 100 0 0 127 127 78 0 93 90 127 0 19 127 127 0 0 0 70
0 0 0 127 127 34 0 70.582 43.1602 41.6719 90.7852 113.541 48.1211 74.9102
55.5625 27.0625 105.172 31.6813 0 20.3398 40.1836 1.98438 127 81.8066
1 0 0 0 0 0 0 0 16 16 0 0 0 0 0 0 127 51 0;
egregore_data 0 0 127 0 0 127 0 0 0 0 0 0 0 0 0 127 38 0 127 0 0 0
0 0 0 0 0 0 0 100 0 0 127 127 78 0 93 90 127 0 19 127 127 0 0 0 70
0 0 0 127 127 34 0 70.582 43.1602 41.6719 90.7852 113.541 48.1211 74.9102
55.5625 27.0625 105.172 31.6813 0 20.3398 40.1836 1.98438 127 81.8066
1 0 0 0 0 0 0 0 16 16 0 0 0 0 0 0 127 51 0;
egregore_data 0 0 127 0 0 127 0 0 0 0 0 0 0 0 0 127 38 0 127 0 0 0
0 0 0 0 0 0 0 100 0 0 127 127 78 0 93 90 127 0 19 127 127 0 0 0 70
0 0 0 127 127 34 0 70.582 43.1602 41.6719 90.7852 113.541 48.1211 74.9102
55.5625 27.0625 105.172 31.6813 0 20.3398 40.1836 1.98438 127 81.8066
1 0 0 0 0 0 0 0 16 16 0 0 0 0 0 0 127 51 0;
egregore_data 0 0 127 0 0 127 0 0 0 0 0 0 0 0 0 127 38 0 127 0 0 0
0 0 0 0 0 0 0 100 0 0 127 127 78 0 93 90 127 0 19 127 127 0 0 0 70
0 0 0 127 127 34 0 70.582 43.1602 41.6719 90.7852 113.541 48.1211 74.9102
55.5625 27.0625 105.172 31.6813 0 20.3398 40.1836 1.98438 127 81.8066
1 0 0 0 0 0 0 0 16 16 0 0 0 0 0 0 127 51 0;
egregore_data 0 0 127 0 0 127 0 0 0 0 0 0 0 0 0 127 38 0 127 0 0 0
0 0 0 0 0 0 0 100 0 0 127 127 78 0 93 90 127 0 19 127 127 0 0 0 70
0 0 0 127 127 34 0 70.582 43.1602 41.6719 90.7852 113.541 48.1211 74.9102
55.5625 27.0625 105.172 31.6813 0 20.3398 40.1836 1.98438 127 81.8066
1 0 0 0 0 0 0 0 16 16 0 0 0 0 0 0 127 51 0;
egregore_data 0 0 127 0 0 127 0 0 0 0 0 0 0 0 0 127 38 0 127 0 0 0
0 0 0 0 0 0 0 100 0 0 127 127 78 0 93 90 127 0 19 127 127 0 0 0 70
0 0 0 127 127 34 0 70.582 43.1602 41.6719 90.7852 113.541 48.1211 74.9102
55.5625 27.0625 105.172 31.6813 0 20.3398 40.1836 1.98438 127 81.8066
1 0 0 0 0 0 0 0 16 16 0 0 0 0 0 0 127 51 0;
egregore_data 0 0 127 0 0 127 0 0 0 0 0 0 0 0 0 127 38 0 127 0 0 0
0 0 0 0 0 0 0 100 0 0 127 127 78 0 93 90 127 0 19 127 127 0 0 0 70
0 0 0 127 127 34 0 70.582 43.1602 41.6719 90.7852 113.541 48.1211 74.9102
55.5625 27.0625 105.172 31.6813 0 20.3398 40.1836 1.98438 127 81.8066
1 0 0 0 0 0 0 0 16 16 0 0 0 0 0 0 127 51 0;
egregore_data 0 0 127 0 0 127 0 0 0 0 0 0 0 0 0 127 38 0 127 0 0 0
0 0 0 0 0 0 0 100 0 0 127 127 78 0 93 90 127 0 19 127 127 0 0 0 70
0 0 0 127 127 34 0 70.582 43.1602 41.6719 90.7852 113.541 48.1211 74.9102
55.5625 27.0625 105.172 31.6813 0 20.3398 40.1836 1.98438 127 81.8066
1 0 0 0 0 0 0 0 16 16 0 0 0 0 0 0 127 51 0;
egregore_data 0 0 127 0 0 127 0 0 0 0 0 0 0 0 0 127 38 0 127 0 0 0
0 0 0 0 0 0 0 100 0 0 127 127 78 0 93 90 127 0 19 127 127 0 0 0 70
0 0 0 127 127 34 0 70.582 43.1602 41.6719 90.7852 113.541 48.1211 74.9102
55.5625 27.0625 105.172 31.6813 0 20.3398 40.1836 1.98438 127 81.8066
1 0 0 0 0 0 0 0 16 16 0 0 0 0 0 0 127 51 0;
egregore_data 0 0 127 0 0 127 0 0 0 0 0 0 0 0 0 127 38 0 127 0 0 0
0 0 0 0 0 0 0 100 0 0 127 127 78 0 93 90 127 0 19 127 127 0 0 0 70
0 0 0 127 127 34 0 70.582 43.1602 41.6719 90.7852 113.541 48.1211 74.9102
55.5625 27.0625 105.172 31.6813 0 20.3398 40.1836 1.98438 127 81.8066
1 0 0 0 0 0 0 0 16 16 0 0 0 0 0 0 127 51 0;
egregore_data 0 0 127 0 0 127 0 0 0 0 0 0 0 0 0 127 38 0 127 0 0 0
0 0 0 0 0 0 0 100 0 0 127 127 78 0 93 90 127 0 19 127 127 0 0 0 70
0 0 0 127 127 34 0 70.582 43.1602 41.6719 90.7852 113.541 48.1211 74.9102
55.5625 27.0625 105.172 31.6813 0 20.3398 40.1836 1.98438 127 81.8066
1 0 0 0 0 0 0 0 16 16 0 0 0 0 0 0 127 51 0;
egregore_data 0 0 127 0 0 127 0 0 0 0 0 0 0 0 0 127 38 0 127 0 0 0
0 0 0 0 0 0 0 100 0 0 127 127 78 0 93 90 127 0 19 127 127 0 0 0 70
0 0 0 127 127 34 0 70.582 43.1602 41.6719 90.7852 113.541 48.1211 74.9102
55.5625 27.0625 105.172 31.6813 0 20.3398 40.1836 1.98438 127 81.8066
1 0 0 0 0 0 0 0 16 16 0 0 0 0 0 0 127 51 0;
egregore_data 0 0 127 0 0 127 0 0 0 0 0 0 0 0 0 127 38 0 127 0 0 0
0 0 0 0 0 0 0 100 0 0 127 127 78 0 93 90 127 0 19 127 127 0 0 0 70
0 0 0 127 127 34 0 70.582 43.1602 41.6719 90.7852 113.541 48.1211 74.9102
55.5625 27.0625 105.172 31.6813 0 20.3398 40.1836 1.98438 127 81.8066
1 0 0 0 0 0 0 0 16 16 0 0 0 0 0 0 127 51 0;
egregore_data 0 0 127 0 0 127 0 0 0 0 0 0 0 0 0 127 38 0 127 0 0 0
0 0 0 0 0 0 0 100 0 0 127 127 78 0 93 90 127 0 19 127 127 0 0 0 70
0 0 0 127 127 34 0 70.582 43.1602 41.6719 90.7852 113.541 48.1211 74.9102
55.5625 27.0625 105.172 31.6813 0 20.3398 40.1836 1.98438 127 81.8066
1 0 0 0 0 0 0 0 16 16 0 0 0 0 0 0 127 51 0;
egregore_data 0 0 127 0 0 127 0 0 0 0 0 0 0 0 0 127 38 0 127 0 0 0
0 0 0 0 0 0 0 100 0 0 127 127 78 0 93 90 127 0 19 127 127 0 0 0 70
0 0 0 127 127 34 0 70.582 43.1602 41.6719 90.7852 113.541 48.1211 74.9102
55.5625 27.0625 105.172 31.6813 0 20.3398 40.1836 1.98438 127 81.8066
1 0 0 0 0 0 0 0 16 16 0 0 0 0 0 0 127 51 0;
egregore_data 0 0 127 0 0 127 0 0 0 0 0 0 0 0 0 127 38 0 127 0 0 0
0 0 0 0 0 0 0 100 0 0 127 127 78 0 93 90 127 0 19 127 127 0 0 0 70
0 0 0 127 127 34 0 70.582 43.1602 41.6719 90.7852 113.541 48.1211 74.9102
55.5625 27.0625 105.172 31.6813 0 20.3398 40.1836 1.98438 127 81.8066
1 0 0 0 0 0 0 0 16 16 0 0 0 0 0 0 127 51 0;
egregore_data 0 0 127 0 0 127 0 0 0 0 0 0 0 0 0 127 38 0 127 0 0 0
0 0 0 0 0 0 0 100 0 0 127 127 78 0 93 90 127 0 19 127 127 0 0 0 70
0 0 0 127 127 34 0 70.582 43.1602 41.6719 90.7852 113.541 48.1211 74.9102
55.5625 27.0625 105.172 31.6813 0 20.3398 40.1836 1.98438 127 81.8066
1 0 0 0 0 0 0 0 16 16 0 0 0 0 0 0 127 51 0;
egregore_data 0 0 127 0 0 127 0 0 0 0 0 0 0 0 0 127 38 0 127 0 0 0
0 0 0 0 0 0 0 100 0 0 127 127 78 0 93 90 127 0 19 127 127 0 0 0 70
0 0 0 127 127 34 0 70.582 43.1602 41.6719 90.7852 113.541 48.1211 74.9102
55.5625 27.0625 105.172 31.6813 0 20.3398 40.1836 1.98438 127 81.8066
1 0 0 0 0 0 0 0 16 16 0 0 0 0 0 0 127 51 0;
egregore_data 0 0 127 0 0 127 0 0 0 0 0 0 0 0 0 127 38 0 127 0 0 0
0 0 0 0 0 0 0 100 0 0 127 127 78 0 93 90 127 0 19 127 127 0 0 0 70
0 0 0 127 127 34 0 70.582 43.1602 41.6719 90.7852 113.541 48.1211 74.9102
55.5625 27.0625 105.172 31.6813 0 20.3398 40.1836 1.98438 127 81.8066
1 0 0 0 0 0 0 0 16 16 0 0 0 0 0 0 127 51 0;
egregore_data 0 0 127 0 0 127 0 0 0 0 0 0 0 0 0 127 38 0 127 0 0 0
0 0 0 0 0 0 0 100 0 0 127 127 78 0 93 90 127 0 19 127 127 0 0 0 70
0 0 0 127 127 34 0 70.582 43.1602 41.6719 90.7852 113.541 48.1211 74.9102
55.5625 27.0625 105.172 31.6813 0 20.3398 40.1836 1.98438 127 81.8066
1 0 0 0 0 0 0 0 16 16 0 0 0 0 0 0 127 51 0;
egregore_data 0 0 127 0 0 127 0 0 0 0 0 0 0 0 0 127 38 0 127 0 0 0
0 0 0 0 0 0 0 100 0 0 127 127 78 0 93 90 127 0 19 127 127 0 0 0 70
0 0 0 127 127 34 0 70.582 43.1602 41.6719 90.7852 113.541 48.1211 74.9102
55.5625 27.0625 105.172 31.6813 0 20.3398 40.1836 1.98438 127 81.8066
1 0 0 0 0 0 0 0 16 16 0 0 0 0 0 0 127 51 0;
egregore_data 0 0 127 0 0 127 0 0 0 0 0 0 0 0 0 127 38 0 127 0 0 0
0 0 0 0 0 0 0 100 0 0 127 127 78 0 93 90 127 0 19 127 127 0 0 0 70
0 0 0 127 127 34 0 70.582 43.1602 41.6719 90.7852 113.541 48.1211 74.9102
55.5625 27.0625 105.172 31.6813 0 20.3398 40.1836 1.98438 127 81.8066
1 0 0 0 0 0 0 0 16 16 0 0 0 0 0 0 127 51 0;
egregore_data 0 0 127 0 0 127 0 0 0 0 0 0 0 0 0 127 38 0 127 0 0 0
0 0 0 0 0 0 0 100 0 0 127 127 78 0 93 90 127 0 19 127 127 0 0 0 70
0 0 0 127 127 34 0 70.582 43.1602 41.6719 90.7852 113.541 48.1211 74.9102
55.5625 27.0625 105.172 31.6813 0 20.3398 40.1836 1.98438 127 81.8066
1 0 0 0 0 0 0 0 16 16 0 0 0 0 0 0 127 51 0;
egregore_data 0 0 127 0 0 127 0 0 0 0 0 0 0 0 0 127 38 0 127 0 0 0
0 0 0 0 0 0 0 100 0 0 127 127 78 0 93 90 127 0 19 127 127 0 0 0 70
0 0 0 127 127 34 0 70.582 43.1602 41.6719 90.7852 113.541 48.1211 74.9102
55.5625 27.0625 105.172 31.6813 0 20.3398 40.1836 1.98438 127 81.8066
1 0 0 0 0 0 0 0 16 16 0 0 0 0 0 0 127 51 0;
egregore_data 0 0 127 0 0 127 0 0 0 0 0 0 0 0 0 127 38 0 127 0 0 0
0 0 0 0 0 0 0 100 0 0 127 127 78 0 93 90 127 0 19 127 127 0 0 0 70
0 0 0 127 127 34 0 70.7283 43.5 41.874 90.5 113.6 47.7362 75.311 55.1181
27.2756 105.331 31.4583 0 20.1772 40.1693 2 127 81.8066 1 0 0 0 0 0
0 0 16 16 0 0 0 0 0 0 127 51 0;
egregore_data 0 0 127 0 0 127 0 0 0 0 0 0 0 0 0 127 38 0 127 0 0 0
0 0 0 0 0 0 0 100 0 0 127 127 78 0 93 90 127 0 19 127 127 0 0 0 70
0 0 0 127 127 34 0 70.7283 43.5 41.874 90.5 113.6 47.7362 75.311 55.1181
27.2756 105.331 31.4583 0 20.1772 40.1693 2 127 81.8066 1 0 0 0 0 0
0 0 16 16 0 0 0 0 0 0 127 51 0;
egregore_data 0 0 127 0 0 127 0 0 0 0 0 0 0 0 0 127 38 0 127 0 0 0
0 0 0 0 0 0 0 100 0 0 127 127 78 0 93 90 127 0 19 127 127 0 0 0 70
0 0 0 127 127 34 0 70.7283 43.5 41.874 90.5 113.6 47.7362 75.311 55.1181
27.2756 105.331 31.4583 0 20.1772 40.1693 2 127 81.8066 1 0 0 0 0 0
0 0 16 16 0 0 0 0 0 0 127 51 0;
egregore_data 0 0 127 0 0 127 0 0 0 0 0 0 0 0 0 127 38 0 127 0 0 0
0 0 0 0 0 0 0 100 0 0 127 127 78 0 93 90 127 0 19 127 127 0 0 0 70
0 0 0 127 127 34 0 70.7283 43.5 41.874 90.5 113.6 47.7362 75.311 55.1181
27.2756 105.331 31.4583 0 20.1772 40.1693 2 127 81.8066 1 0 0 0 0 0
0 0 16 16 0 0 0 0 0 0 127 51 0;
END;
