HTTP/1.1 200 OK
Date: Thu, 28 May 2015 12:26:04 GMT
Server: Apache
Last-Modified: Wed, 27 May 2015 19:41:32 GMT
Accept-Ranges: bytes
Content-Length: 24867
Vary: Accept-Encoding
Connection: close
Content-Type: text/plain

chdh_egregore_live_data;
egregore_data 0 0 127 0 0 127 0 0 0 0 0 0 0 0 0 127 38 0 127 0 0 0
0 0 0 0 0 0 0 100 0 0 127 127 78 0 93 90 127 0 19 127 127 0 0 0 70
0 0 0 127 127 34 0 81 0 20 0 0 11 0 93.502 0 40 0 10 0 0 0 127 43.9337
0 3 0 0 0 0 0 0 11 16 0 0 0 0 0 0 127 51 1;
egregore_data 0 0 127 0 0 127 0 0 0 0 0 0 0 0 0 127 38 0 127 0 0 0
0 0 0 0 0 0 0 100 0 0 127 127 78 0 93 90 127 0 19 127 127 0 0 0 70
0 0 0 127 127 34 0 81 0 20 0 0 11 0 93.502 0 40 0 10 0 0 0 127 43.9337
0 3 0 0 0 0 0 0 11 16 0 0 0 0 0 0 127 51 1;
egregore_data 0 0 127 0 0 127 0 0 0 0 0 0 0 0 0 127 38 0 127 0 0 0
0 0 0 0 0 0 0 100 0 0 127 127 78 0 93 90 127 0 19 127 127 0 0 0 70
0 0 0 127 127 34 0 81 0 20 0 0 11 0 93.502 0 40 0 10 0 0 0 127 43.9337
0 3 0 0 0 0 0 0 11 16 0 0 0 0 0 0 127 51 1;
egregore_data 0 0 127 0 0 127 0 0 0 0 0 0 0 0 0 127 38 0 127 0 0 0
0 0 0 0 0 0 0 100 0 0 127 127 78 0 93 90 127 0 19 127 127 0 0 0 70
0 0 0 127 127 34 0 81 0 20 0 0 11 0 93.502 0 40 0 10 0 0 0 127 43.9337
0 3 0 0 0 0 0 0 11 16 0 0 0 0 0 0 127 51 1;
egregore_data 0 0 127 0 0 127 0 0 0 0 0 0 0 0 0 127 38 0 127 0 0 0
0 0 0 0 0 0 0 100 0 0 127 127 78 0 93 90 127 0 19 127 127 0 0 0 70
0 0 0 127 127 34 0 81 0 20 0 0 11 0 93.502 0 40 0 10 0 0 0 127 43.9337
0 3 0 0 0 0 0 0 11 16 0 0 0 0 0 0 127 51 1;
egregore_data 0 0 127 0 0 127 0 0 0 0 0 0 0 0 0 127 38 0 127 0 0 0
0 0 0 0 0 0 0 100 0 0 127 127 78 0 93 90 127 0 19 127 127 0 0 0 70
0 0 0 127 127 34 0 81 0 20 0 0 11 0 93.502 0 40 0 10 0 0 0 127 43.9337
0 3 0 0 0 0 0 0 11 16 0 0 0 0 0 0 127 51 1;
egregore_data 0 0 127 0 0 127 0 0 0 0 0 0 0 0 0 127 38 0 127 0 0 0
0 0 0 0 0 0 0 100 0 0 127 127 78 0 93 90 127 0 19 127 127 0 0 0 70
0 0 0 127 127 34 0 81 0 20 0 0 11 0 93.502 0 40 0 10 0 0 0 127 43.9337
0 3 0 0 0 0 0 0 11 16 0 0 0 0 0 0 127 51 1;
egregore_data 0 0 127 0 0 127 0 0 0 0 0 0 0 0 0 127 38 0 127 0 0 0
0 0 0 0 0 0 0 100 0 0 127 127 78 0 93 90 127 0 19 127 127 0 0 0 70
0 0 0 127 127 34 0 81 0 20 0 0 11 0 93.502 0 40 0 10 0 0 0 127 43.9337
0 3 0 0 0 0 0 0 11 16 0 0 0 0 0 0 127 51 1;
egregore_data 0 0 127 0 0 127 0 0 0 0 0 0 0 0 0 127 38 0 127 0 0 0
0 0 0 0 0 0 0 100 0 0 127 127 78 0 93 90 127 0 19 127 127 0 0 0 70
0 0 0 127 127 34 0 81 0 20 0 0 11 0 93.502 0 40 0 10 0 0 0 127 43.9337
0 3 0 0 0 0 0 0 11 16 0 0 0 0 0 0 127 51 1;
egregore_data 0 0 127 0 0 127 0 0 0 0 0 0 0 0 0 127 38 0 127 0 0 0
0 0 0 0 0 0 0 100 0 0 127 127 78 0 93 90 127 0 19 127 127 0 0 0 70
0 0 0 127 127 34 0 81 0 20 0 0 11 0 93.502 0 40 0 10 0 0 0 127 43.9337
0 3 0 0 0 0 0 0 11 16 0 0 0 0 0 0 127 51 1;
egregore_data 0 0 127 0 0 127 0 0 0 0 0 0 0 0 0 127 38 0 127 0 0 0
0 0 0 0 0 0 0 100 0 0 127 127 78 0 93 90 127 0 19 127 127 0 0 0 70
0 0 0 127 127 34 0 81 0 20 0 0 11 0 93.502 0 40 0 10 0 0 0 127 43.9337
0 3 0 0 0 0 0 0 11 16 0 0 0 0 0 0 127 51 1;
egregore_data 0 0 127 0 0 127 0 0 0 0 0 0 0 0 0 127 38 0 127 0 0 0
0 0 0 0 0 0 0 100 0 0 127 127 78 0 93 90 127 0 19 127 127 0 0 0 70
0 0 0 127 127 34 0 81 0 20 0 0 11 0 93.502 0 40 0 10 0 0 0 127 43.9337
0 3 0 0 0 0 0 0 11 16 0 0 0 0 0 0 127 51 1;
egregore_data 0 0 127 0 0 127 0 0 0 0 0 0 0 0 0 127 38 0 127 0 0 0
0 0 0 0 0 0 0 100 0 0 127 127 78 0 93 90 127 0 19 127 127 0 0 0 70
0 0 0 127 127 34 0 81 0 20 0 0 11 0 93.502 0 40 0 10 0 0 0 127 43.9337
0 2 0 0 0 0 0 0 11 16 0 0 0 0 0 0 127 51 1;
egregore_data 0 0 127 0 0 127 0 0 0 0 0 0 0 0 0 127 38 0 127 0 0 0
0 0 0 0 0 0 0 100 0 0 127 127 78 0 93 90 127 0 19 127 127 0 0 0 70
0 0 0 127 127 34 0 81 0 20 0 0 11 0 93.502 0 40 0 10 0 0 0 127 43.9337
0 2 0 0 0 0 0 0 11 16 0 0 0 0 0 0 127 51 1;
egregore_data 0 0 127 0 0 127 0 0 0 0 0 0 0 0 0 127 38 0 127 0 0 0
0 0 0 0 0 0 0 100 0 0 127 127 78 0 93 90 127 0 19 127 127 0 0 0 70
0 0 0 127 127 34 0 81 0 20 0 0 11 0 93.502 0 40 0 10 0 0 0 127 43.9337
0 2 0 0 0 0 0 0 11 16 0 0 0 0 0 0 127 51 1;
egregore_data 0 0 127 0 0 127 0 0 0 0 0 0 0 0 0 127 38 0 127 0 0 0
0 0 0 0 0 0 0 100 0 0 127 127 78 0 93 90 127 0 19 127 127 0 0 0 70
0 0 0 127 127 34 0 81 0 20 0 0 11 0 93.502 0 40 0 10 0 0 0 127 43.9337
0 2 0 0 0 0 0 0 11 16 0 0 0 0 0 0 127 51 1;
egregore_data 0 0 127 0 0 127 0 0 0 0 0 0 0 0 0 127 38 0 127 0 0 0
0 0 0 0 0 0 0 100 0 0 127 127 78 0 93 90 127 0 19 127 127 0 0 0 70
0 0 0 127 127 34 0 81 0 20 0 0 11 0 93.502 0 40 0 10 0 0 0 127 43.9337
0 2 0 0 0 0 0 0 11 16 0 0 0 0 0 0 127 51 1;
egregore_data 0 0 127 0 0 127 0 0 0 0 0 0 0 0 0 127 38 0 127 0 0 0
0 0 0 0 0 0 0 100 0 0 127 127 78 0 93 90 127 0 19 127 127 0 0 0 70
0 0 0 127 127 34 0 81 0 20 0 0 11 0 93.502 0 40 0 10 0 0 0 127 43.9337
0 2 0 0 0 0 0 0 11 16 0 0 0 0 0 0 127 51 1;
egregore_data 0 0 127 0 0 127 0 0 0 0 0 0 0 0 0 127 38 0 127 0 0 0
0 0 0 0 0 0 0 100 0 0 127 127 78 0 93 90 127 0 19 127 127 0 0 0 70
0 0 0 127 127 34 0 81 0 20 0 0 11 0 93.502 0 40 0 10 0 0 0 127 43.9337
0 2 0 0 0 0 0 0 11 16 0 0 0 0 0 0 127 51 1;
egregore_data 0 0 127 0 0 127 0 0 0 0 0 0 0 0 0 127 38 0 127 0 0 0
0 0 0 0 0 0 0 100 0 0 127 127 78 0 93 90 127 0 19 127 127 0 0 0 70
0 0 0 127 127 34 0 81 0 20 0 0 11 0 93.502 0 40 0 10 0 0 0 127 43.9337
0 2 0 0 0 0 0 0 11 16 0 0 0 0 0 0 127 51 1;
egregore_data 0 0 127 0 0 127 0 0 0 0 0 0 0 0 0 127 38 0 127 0 0 0
0 0 0 0 0 0 0 100 0 0 127 127 78 0 93 90 127 0 19 127 127 0 0 0 70
0 0 0 127 127 34 0 81 0 20 0 0 11 0 93.502 0 40 0 10 0 0 0 127 43.9337
0 2 0 0 0 0 0 0 11 16 0 0 0 0 0 0 127 51 1;
egregore_data 0 0 127 0 0 127 0 0 0 0 0 0 0 0 0 127 38 0 127 0 0 0
0 0 0 0 0 0 0 100 0 0 127 127 78 0 93 90 127 0 19 127 127 0 0 0 70
0 0 0 127 127 34 0 81 0 20 0 0 11 0 93.502 0 40 0 10 0 0 0 127 43.9337
0 2 0 0 0 0 0 0 11 16 0 0 0 0 0 0 127 51 1;
egregore_data 0 0 127 0 0 127 0 0 0 0 0 0 0 0 0 127 38 0 127 0 0 0
0 0 0 0 0 0 0 100 0 0 127 127 78 0 93 90 127 0 19 127 127 0 0 0 70
0 0 0 127 127 34 0 81 0 20 0 0 11 0 93.502 0 40 0 10 0 0 0 127 43.9337
0 2 0 0 0 0 0 0 11 16 0 0 0 0 0 0 127 51 1;
egregore_data 0 0 127 0 0 127 0 0 0 0 0 0 0 0 0 127 38 0 127 0 0 0
0 0 0 0 0 0 0 100 0 0 127 127 78 0 93 90 127 0 19 127 127 0 0 0 70
0 0 0 127 127 34 0 81 0 20 0 0 11 0 93.502 0 40 0 10 0 0 0 127 43.9337
0 2 0 0 0 0 0 0 11 16 0 0 0 0 0 0 127 51 1;
egregore_data 0 0 127 0 0 127 0 0 0 0 0 0 0 0 0 127 38 0 127 0 0 0
0 0 0 0 0 0 0 100 0 0 127 127 78 0 93 90 127 0 19 127 127 0 0 0 70
0 0 0 127 127 34 0 81 0 20 0 0 11 0 93.502 0 40 0 10 0 0 0 127 43.9337
0 2 0 0 0 0 0 0 11 16 0 0 0 0 0 0 127 51 1;
egregore_data 0 0 127 0 0 127 0 0 0 0 0 0 0 0 0 127 38 0 127 0 0 0
0 0 0 0 0 0 0 100 0 0 127 127 78 0 93 90 127 0 19 127 127 0 0 0 70
0 0 0 127 127 34 0 81 0 20 0 0 11 0 93.502 0 40 0 10 0 0 0 127 43.9337
0 2 0 0 0 0 0 0 11 16 0 0 0 0 0 0 127 51 1;
egregore_data 0 0 127 0 0 127 0 0 0 0 0 0 0 0 0 127 38 0 127 0 0 0
0 0 0 0 0 0 0 100 0 0 127 127 78 0 93 90 127 0 19 127 127 0 0 0 70
0 0 0 127 127 34 0 81 0 20 0 0 11 0 93.502 0 40 0 10 0 0 0 127 43.9337
0 1 0 0 0 0 0 0 10 16 0 0 0 0 0 0 127 51 1;
egregore_data 0 0 127 0 0 127 0 0 0 0 0 0 0 0 0 127 38 0 127 0 0 0
0 0 0 0 0 0 0 100 0 0 127 127 78 0 93 90 127 0 19 127 127 0 0 0 70
0 0 0 127 127 34 0 81 0 20 0 0 11 0 93.502 0 40 0 10 0 0 0 127 43.9337
0 1 0 0 0 0 0 0 10 16 0 0 0 0 0 0 127 51 1;
egregore_data 0 0 127 0 0 127 0 0 0 0 0 0 0 0 0 127 38 0 127 0 0 0
0 0 0 0 0 0 0 100 0 0 127 127 78 0 93 90 127 0 19 127 127 0 0 0 70
0 0 0 127 127 34 0 81 0 20 0 0 11 0 93.502 0 40 0 10 0 0 0 127 43.9337
0 1 0 0 0 0 0 0 10 16 0 0 0 0 0 0 127 51 1;
egregore_data 0 0 127 0 0 127 0 0 0 0 0 0 0 0 0 127 38 0 127 0 0 0
0 0 0 0 0 0 0 100 0 0 127 127 78 0 93 90 127 0 19 127 127 0 0 0 70
0 0 0 127 127 34 0 81 0 20 0 0 11 0 93.502 0 40 0 10 0 0 0 127 43.9337
0 1 0 0 0 0 0 0 10 16 0 0 0 0 0 0 127 51 1;
egregore_data 0 0 127 0 0 127 0 0 0 0 0 0 0 0 0 127 38 0 127 0 0 0
0 0 0 0 0 0 0 100 0 0 127 127 78 0 93 90 127 0 19 127 127 0 0 0 70
0 0 0 127 127 34 0 81 0 20 0 0 11 0 93.502 0 40 0 10 0 0 0 127 43.9337
0 1 0 0 0 0 0 0 10 16 0 0 0 0 0 0 127 51 1;
egregore_data 0 0 127 0 0 127 0 0 0 0 0 0 0 0 0 127 38 0 127 0 0 0
0 0 0 0 0 0 0 100 0 0 127 127 78 0 93 90 127 0 19 127 127 0 0 0 70
0 0 0 127 127 34 0 81 0 20 0 0 11 0 93.502 0 40 0 10 0 0 0 127 43.9337
0 1 0 0 0 0 0 0 10 16 0 0 0 0 0 0 127 51 1;
egregore_data 0 0 127 0 0 127 0 0 0 0 0 0 0 0 0 127 38 0 127 0 0 0
0 0 0 0 0 0 0 100 0 0 127 127 78 0 93 90 127 0 19 127 127 0 0 0 70
0 0 0 127 127 34 0 81 0 20 0 0 11 0 93.502 0 40 0 10 0 0 0 127 43.9337
0 1 0 0 0 0 0 0 10 16 0 0 0 0 0 0 127 51 1;
egregore_data 0 0 127 0 0 127 0 0 0 0 0 0 0 0 0 127 38 0 127 0 0 0
0 0 0 0 0 0 0 100 0 0 127 127 78 0 93 90 127 0 19 127 127 0 0 0 70
0 0 0 127 127 34 0 81 0 20 0 0 11 0 93.502 0 40 0 10 0 0 0 127 43.9337
0 1 0 0 0 0 0 0 10 16 0 0 0 0 0 0 127 51 1;
egregore_data 0 0 127 0 0 127 0 0 0 0 0 0 0 0 0 127 38 0 127 0 0 0
0 0 0 0 0 0 0 100 0 0 127 127 78 0 93 90 127 0 19 127 127 0 0 0 70
0 0 0 127 127 34 0 81 0 20 0 0 11 0 93.502 0 40 0 10 0 0 0 127 43.9337
0 1 0 0 0 0 0 0 10 16 0 0 0 0 0 0 127 51 1;
egregore_data 0 0 127 0 0 127 0 0 0 0 0 0 0 0 0 127 38 0 127 0 0 0
0 0 0 0 0 0 0 100 0 0 127 127 78 0 93 90 127 0 19 127 127 0 0 0 70
0 0 0 127 127 34 0 81 0 20 0 0 11 0 93.502 0 40 0 10 0 0 0 127 43.9337
0 1 0 0 0 0 0 0 10 16 0 0 0 0 0 0 127 51 1;
egregore_data 0 0 127 0 0 127 0 0 0 0 0 0 0 0 0 127 38 0 127 0 0 0
0 0 0 0 0 0 0 100 0 0 127 127 78 0 93 90 127 0 19 127 127 0 0 0 70
0 0 0 127 127 34 0 81 0 20 0 0 11 0 93.502 0 40 0 10 0 0 0 127 43.9337
0 1 0 0 0 0 0 0 9 16 0 0 0 0 0 0 127 51 1;
egregore_data 0 0 127 0 0 127 0 0 0 0 0 0 0 0 0 127 38 0 127 0 0 0
0 0 0 0 0 0 0 100 0 0 127 127 78 0 93 90 127 0 19 127 127 0 0 0 70
0 0 0 127 127 34 0 81 0 20 0 0 11 0 93.502 0 40 0 10 0 0 0 127 43.9337
0 0 0 0 0 0 0 0 9 16 0 0 0 0 0 0 127 51 1;
egregore_data 0 0 127 0 0 127 0 0 0 0 0 0 0 0 0 127 38 0 127 0 0 0
0 0 0 0 0 0 0 100 0 0 127 127 78 0 93 90 127 0 19 127 127 0 0 0 70
0 0 0 127 127 34 0 81 0 20 0 0 11 0 93.502 0 40 0 10 0 0 0 127 43.9337
0 0 0 0 0 0 0 0 9 16 0 0 0 0 0 0 127 51 1;
egregore_data 0 0 127 0 0 127 0 0 0 0 0 0 0 0 0 127 38 0 127 0 0 0
0 0 0 0 0 0 0 100 0 0 127 127 78 0 93 90 127 0 19 127 127 0 0 0 70
0 0 0 127 127 34 0 81 0 20 0 0 11 0 93.502 0 40 0 10 0 0 0 127 43.9337
0 0 0 0 0 0 0 0 8 16 0 0 0 0 0 0 127 51 1;
egregore_data 0 0 127 0 0 127 0 0 0 0 0 0 0 0 0 127 38 0 127 0 0 0
0 0 0 0 0 0 0 100 0 0 127 127 78 0 93 90 127 0 19 127 127 0 0 0 70
0 0 0 127 127 34 0 81 0 20 0 0 11 0 93.502 0 40 0 10 0 0 0 127 43.9337
0 0 0 0 0 0 0 0 8 16 0 0 0 0 0 0 127 51 1;
egregore_data 0 0 127 0 0 127 0 0 0 0 0 0 0 0 0 127 38 0 127 0 0 0
0 0 0 0 0 0 0 100 0 0 127 127 78 0 93 90 127 0 19 127 127 0 0 0 70
0 0 0 127 127 34 0 81 0 20 0 0 11 0 93.502 0 40 0 10 0 0 0 127 43.9337
0 0 0 0 0 0 0 0 8 16 0 0 0 0 0 0 127 51 1;
egregore_data 0 0 127 0 0 127 0 0 0 0 0 0 0 0 0 127 38 0 127 0 0 0
0 0 0 0 0 0 0 100 0 0 127 127 78 0 93 90 127 0 19 127 127 0 0 0 70
0 0 0 127 127 34 0 81 0 20 0 0 11 0 93.502 0 40 0 10 0 0 0 127 43.9337
0 0 0 0 0 0 0 0 7 16 0 0 0 0 0 0 127 51 1;
egregore_data 0 0 127 0 0 127 0 0 0 0 0 0 0 0 0 127 38 0 127 0 0 0
0 0 0 0 0 0 0 100 0 0 127 127 78 0 93 90 127 0 19 127 127 0 0 0 70
0 0 0 127 127 34 0 81 0 20 0 0 11 0 93.502 0 40 0 10 0 0 0 127 43.9337
0 0 0 0 0 0 0 0 7 16 0 0 0 0 0 0 127 51 1;
egregore_data 0 0 127 0 0 127 0 0 0 0 0 0 0 0 0 127 38 0 127 0 0 0
0 0 0 0 0 0 0 100 0 0 127 127 78 0 93 90 127 0 19 127 127 0 0 0 70
0 0 0 127 127 34 0 81 0 20 0 0 11 0 93.502 0 40 0 10 0 0 0 127 43.9337
0 0 0 0 0 0 0 0 7 16 0 0 0 0 0 0 127 51 1;
egregore_data 0 0 127 0 0 127 0 0 0 0 0 0 0 0 0 127 38 0 127 0 0 0
0 0 0 0 0 0 0 100 0 0 127 127 78 0 93 90 127 0 19 127 127 0 0 0 70
0 0 0 127 127 34 0 81 0 20 0 0 11 0 93.502 0 40 0 10 0 0 0 127 43.9337
0 0 0 0 0 0 0 0 5 16 0 0 0 0 0 0 127 51 1;
egregore_data 0 0 127 0 0 127 0 0 0 0 0 0 0 0 0 127 38 0 127 0 0 0
0 0 0 0 0 0 0 100 0 0 127 127 78 0 93 90 127 0 19 127 127 0 0 0 70
0 0 0 127 127 34 0 81 0 20 0 0 11 0 93.502 0 40 0 10 0 0 0 127 43.9337
0 0 0 0 0 0 0 0 5 16 0 0 0 0 0 0 127 51 1;
egregore_data 0 0 127 0 0 127 0 0 0 0 0 0 0 0 0 127 38 0 127 0 0 0
0 0 0 0 0 0 0 100 0 0 127 127 78 0 93 90 127 0 19 127 127 0 0 0 70
0 0 0 127 127 34 0 81 0 20 0 0 11 0 93.502 0 40 0 10 0 0 0 127 43.9337
0 0 0 0 0 0 0 0 5 16 0 0 0 0 0 0 127 51 1;
egregore_data 0 0 127 0 0 127 0 0 0 0 0 0 0 0 0 127 38 0 127 0 0 0
0 0 0 0 0 0 0 100 0 0 127 127 78 0 93 90 127 0 19 127 127 0 0 0 70
0 0 0 127 127 34 0 81 0 20 0 0 11 0 93.502 0 40 0 10 0 0 0 127 43.9337
0 0 0 0 0 0 0 0 5 16 0 0 0 0 0 0 127 51 1;
egregore_data 0 0 127 0 0 127 0 0 0 0 0 0 0 0 0 127 38 0 127 0 0 0
0 0 0 0 0 0 0 100 0 0 127 127 78 0 93 90 127 0 19 127 127 0 0 0 70
0 0 0 127 127 34 0 81 0 20 0 0 11 0 93.502 0 40 0 10 0 0 0 127 43.9337
0 0 0 0 0 0 0 0 4 16 0 0 0 0 0 0 127 51 1;
egregore_data 0 0 127 0 0 127 0 0 0 0 0 0 0 0 0 127 38 0 127 0 0 0
0 0 0 0 0 0 0 100 0 0 127 127 78 0 93 90 127 0 19 127 127 0 0 0 70
0 0 0 127 127 34 0 81 0 20 0 0 11 0 93.502 0 40 0 10 0 0 0 127 43.9337
0 0 0 0 0 0 0 0 4 16 0 0 0 0 0 0 127 51 1;
egregore_data 0 0 127 0 0 127 0 0 0 0 0 0 0 0 0 127 38 0 127 0 0 0
0 0 0 0 0 0 0 100 0 0 127 127 78 0 93 90 127 0 19 127 127 0 0 0 70
0 0 0 127 127 34 0 81 0 20 0 0 11 0 93.502 0 40 0 10 0 0 0 127 43.9337
0 0 0 0 0 0 0 0 3 16 0 0 0 0 0 0 127 51 1;
egregore_data 0 0 127 0 0 127 0 0 0 0 0 0 0 0 0 127 38 0 127 0 0 0
0 0 0 0 0 0 0 100 0 0 127 127 78 0 93 90 127 0 19 127 127 0 0 0 70
0 0 0 127 127 34 0 81 0 20 0 0 11 0 93.502 0 40 0 10 0 0 0 127 43.9337
0 0 0 0 0 0 0 0 1 16 0 0 0 0 0 0 127 51 1;
egregore_data 0 0 127 0 0 127 0 0 0 0 0 0 0 0 0 127 38 0 127 0 0 0
0 0 0 0 0 0 0 100 0 0 127 127 78 0 93 90 127 0 19 127 127 0 0 0 70
0 0 0 127 127 34 0 81 0 20 0 0 11 0 93.502 0 40 0 10 0 0 0 127 43.9337
0 0 0 0 0 0 0 0 0 16 0 0 0 0 0 0 127 51 1;
egregore_data 0 0 127 0 0 127 0 0 0 0 0 0 0 0 0 127 38 0 127 0 0 0
0 0 0 0 0 0 0 100 0 0 127 127 78 0 93 90 127 0 19 127 127 0 0 0 70
0 0 0 127 127 34 0 81 0 20 0 0 11 0 93.502 0 40 0 10 0 0 0 127 43.9337
0 0 0 0 0 0 0 0 0 16 0 0 0 0 0 0 127 51 1;
egregore_data 0 0 127 0 0 127 0 0 0 0 0 0 0 0 0 127 38 0 127 0 0 0
0 0 0 0 0 0 0 100 0 0 127 127 78 0 93 90 127 0 19 127 127 0 0 0 70
0 0 0 127 127 34 0 81 0 20 0 0 11 0 93.502 0 40 0 10 0 0 0 127 43.9337
0 0 0 0 0 0 0 0 0 16 0 0 0 0 0 0 127 51 1;
egregore_data 0 0 127 0 0 127 0 0 0 0 0 0 0 0 0 127 38 0 127 0 0 0
0 0 0 0 0 0 0 100 0 0 127 127 78 0 93 90 127 0 19 127 127 0 0 0 70
0 0 0 127 127 34 0 81 0 20 0 0 11 0 93.502 0 40 0 10 0 0 0 127 43.9337
0 0 0 0 0 0 0 0 0 16 0 0 0 0 0 0 127 51 1;
egregore_data 0 0 127 0 0 127 0 0 0 0 0 0 0 0 0 127 38 0 127 0 0 0
0 0 0 0 0 0 0 100 0 0 127 127 78 0 93 90 127 0 19 127 127 0 0 0 70
0 0 0 127 127 34 0 81 0 20 0 0 11 0 93.502 0 40 0 10 0 0 0 127 43.9337
0 0 0 0 0 0 0 0 0 16 0 0 0 0 0 0 127 51 1;
egregore_data 0 0 127 0 0 127 0 0 0 0 0 0 0 0 0 127 38 0 127 0 0 0
0 0 0 0 0 0 0 100 0 0 127 127 78 0 93 90 127 0 19 127 127 0 0 0 70
0 0 0 127 127 34 0 81 0 20 0 0 11 0 93.502 0 40 0 10 0 0 0 127 43.9337
0 0 0 0 0 0 0 0 0 16 0 0 0 0 0 0 127 51 1;
egregore_data 0 0 127 0 0 127 0 0 0 0 0 0 0 0 0 127 38 0 127 0 0 0
0 0 0 0 0 0 0 100 0 0 127 127 78 0 93 90 127 0 19 127 127 0 0 0 70
0 0 0 127 127 34 0 81 0 20 0 0 11 0 93.502 0 40 0 10 0 0 0 127 43.9337
0 0 0 0 0 0 0 0 0 16 0 0 0 0 0 0 127 51 1;
egregore_data 0 0 127 0 0 127 0 0 0 0 0 0 0 0 0 127 38 0 127 0 0 0
0 0 0 0 0 0 0 100 0 0 127 127 78 0 93 90 127 0 19 127 127 0 0 0 70
0 0 0 127 127 34 0 81 0 20 0 0 11 0 93.502 0 40 0 10 0 0 0 127 43.9337
0 0 0 0 0 0 0 0 0 16 0 0 0 0 0 0 127 51 1;
egregore_data 0 0 127 0 0 127 0 0 0 0 0 0 0 0 0 127 38 0 127 0 0 0
0 0 0 0 0 0 0 100 0 0 127 127 78 0 93 90 127 0 19 127 127 0 0 0 70
0 0 0 127 127 34 0 81 0 20 0 0 11 0 93.502 0 40 0 10 0 0 0 127 43.9337
0 0 0 0 0 0 0 0 0 16 0 0 0 0 0 0 127 51 1;
egregore_data 0 0 127 0 0 127 0 0 0 0 0 0 0 0 0 127 38 0 127 0 0 0
0 0 0 0 0 0 0 100 0 0 127 127 78 0 93 90 127 0 19 127 127 0 0 0 70
0 0 0 127 127 34 0 81 0 20 0 0 11 0 93.502 0 40 0 10 0 0 0 127 43.9337
0 0 0 0 0 0 0 0 0 16 0 0 0 0 0 0 127 51 1;
egregore_data 0 0 127 0 0 127 0 0 0 0 0 0 0 0 0 127 38 0 127 0 0 0
0 0 0 0 0 0 0 100 0 0 127 127 78 0 93 90 127 0 19 127 127 0 0 0 70
0 0 0 127 127 34 0 81 0 20 0 0 11 0 93.502 0 40 0 10 0 0 0 127 43.9337
0 0 0 0 0 0 0 0 0 16 0 0 0 0 0 0 127 51 1;
egregore_data 0 0 127 0 0 127 0 0 0 0 0 0 0 0 0 127 38 0 127 0 0 0
0 0 0 0 0 0 0 100 0 0 127 127 78 0 93 90 127 0 19 127 127 0 0 0 70
0 0 0 127 127 34 0 81 0 20 0 0 11 0 93.502 0 40 0 10 0 0 0 127 43.9337
0 0 0 0 0 0 0 0 0 16 0 0 0 0 0 0 127 51 1 ;
egregore_data 0 0 127 0 0 127 0 0 0 0 0 0 0 0 0 127 38 0 127 0 0 0
0 0 0 0 0 0 0 100 0 0 127 127 78 0 93 90 127 0 19 127 127 0 0 0 70
0 0 0 127 127 34 0 81 0 20 0 0 11 0 93.502 0 40 0 10 0 0 0 127 43.9337
0 0 0 0 0 0 0 0 0 16 0 0 0 0 0 0 127 51 1;
egregore_data 0 0 127 0 0 127 0 0 0 0 0 0 0 0 0 127 38 0 127 0 0 0
0 0 0 0 0 0 0 100 0 0 127 127 78 0 93 90 127 0 19 127 127 0 0 0 70
0 0 0 127 127 34 0 81 0 20 0 0 11 0 93.502 0 40 0 10 0 0 0 127 43.9337
0 0 0 0 0 0 0 0 0 16 0 0 0 0 0 0 127 51 1;
egregore_data 0 0 127 0 0 127 0 0 0 0 0 0 0 0 0 127 38 0 127 0 0 0
0 0 0 0 0 0 0 100 0 0 127 127 78 0 93 90 127 0 19 127 127 0 0 0 70
0 0 0 127 127 34 0 81 0 20 0 0 11 0 93.502 0 40 0 10 0 0 0 127 43.9337
0 0 0 0 0 0 0 0 0 16 0 0 0 0 0 0 127 51 1;
egregore_data 0 0 127 0 0 127 0 0 0 0 0 0 0 0 0 127 38 0 127 0 0 0
0 0 0 0 0 0 0 100 0 0 127 127 78 0 93 90 127 0 19 127 127 0 0 0 70
0 0 0 127 127 34 0 81 0 20 0 0 11 0 93.502 0 40 0 10 0 0 0 127 43.9337
0 0 0 0 0 0 0 0 0 16 0 0 0 0 0 0 127 51 1;
egregore_data 0 0 127 0 0 127 0 0 0 0 0 0 0 0 0 127 38 0 127 0 0 0
0 0 0 0 0 0 0 100 0 0 127 127 78 0 93 90 127 0 19 127 127 0 0 0 70
0 0 0 127 127 34 0 81 0 20 0 0 11 0 93.502 0 40 0 10 0 0 0 127 43.9337
0 0 0 0 0 0 0 0 0 16 0 0 0 0 0 0 127 51 1;
egregore_data 0 0 127 0 0 127 0 0 0 0 0 0 0 0 0 127 38 0 127 0 0 0
0 0 0 0 0 0 0 100 0 0 127 127 78 0 93 90 127 0 19 127 127 0 0 0 70
0 0 0 127 127 34 0 81 0 20 0 0 11 0 93.502 0 40 0 10 0 0 0 127 43.9337
0 0 0 0 0 0 0 0 0 16 0 0 0 0 0 0 127 51 1;
egregore_data 0 0 127 0 0 127 0 0 0 0 0 0 0 0 0 127 38 0 127 0 0 0
0 0 0 0 0 0 0 100 0 0 127 127 78 0 93 90 127 0 19 127 127 0 0 0 70
0 0 0 127 127 34 0 81 0 20 0 0 11 0 93.502 0 40 0 10 0 0 0 127 43.9337
0 0 0 0 0 0 0 0 0 16 0 0 0 0 0 0 127 51 1;
egregore_data 0 0 127 0 0 127 0 0 0 0 0 0 0 0 0 127 38 0 127 0 0 0
0 0 0 0 0 0 0 100 0 0 127 127 78 0 93 90 127 0 19 127 127 0 0 0 70
0 0 0 127 127 34 0 81 0 20 0 0 11 0 93.502 0 40 0 10 0 0 0 127 43.9337
0 0 0 0 0 0 0 0 0 16 0 0 0 0 0 0 127 51 1;
egregore_data 0 0 127 0 0 127 0 0 0 0 0 0 0 0 0 127 38 0 127 0 0 0
0 0 0 0 0 0 0 100 0 0 127 127 78 0 93 90 127 0 19 127 127 0 0 0 70
0 0 0 127 127 34 0 81 0 20 0 0 11 0 93.502 0 40 0 10 0 0 0 127 43.9337
0 0 0 0 0 0 0 0 0 16 0 0 0 0 0 0 127 51 1;
egregore_data 0 0 127 0 0 127 0 0 0 0 0 0 0 0 0 127 38 0 127 0 0 0
0 0 0 0 0 0 0 100 0 0 127 127 78 0 93 90 127 0 19 127 127 0 0 0 70
0 0 0 127 127 34 0 81 0 20 0 0 11 0 93.502 0 40 0 10 0 0 0 127 43.9337
0 0 0 0 0 0 0 0 0 16 0 0 0 0 0 0 127 51 1;
egregore_data 0 0 127 0 0 127 0 0 0 0 0 0 0 0 0 127 38 0 127 0 0 0
0 0 0 0 0 0 0 100 0 0 127 127 78 0 93 90 127 0 19 127 127 0 0 0 70
0 0 0 127 127 34 0 81 0 20 0 0 11 0 93.502 0 40 0 10 0 0 0 127 43.9337
0 0 0 0 0 0 0 0 0 16 0 0 0 0 0 0 127 51 1;
egregore_data 0 0 127 0 0 127 0 0 0 0 0 0 0 0 0 127 38 0 127 0 0 0
0 0 0 0 0 0 0 100 0 0 127 127 78 0 93 90 127 0 19 127 127 0 0 0 70
0 0 0 127 127 34 0 81 0 20 0 0 11 0 93.502 0 40 0 10 0 0 0 127 43.9337
0 0 0 0 0 0 0 0 0 16 0 0 0 0 0 0 127 51 1;
egregore_data 0 0 127 0 0 127 0 0 0 0 0 0 0 0 0 127 38 0 127 0 0 0
0 0 0 0 0 0 0 100 0 0 127 127 78 0 93 90 127 0 19 127 127 0 0 0 70
0 0 0 127 127 34 0 81 0 20 0 0 11 0 93.502 0 40 0 10 0 0 0 127 43.9337
0 0 0 0 0 0 0 0 0 16 0 0 0 0 0 0 127 51 1;
egregore_data 0 0 127 0 0 127 0 0 0 0 0 0 0 0 0 127 38 0 127 0 0 0
0 0 0 0 0 0 0 100 0 0 127 127 78 0 93 90 127 0 19 127 127 0 0 0 70
0 0 0 127 127 34 0 81 0 20 0 0 11 0 93.502 0 40 0 10 0 0 0 127 43.9337
0 0 0 0 0 0 0 0 0 16 0 0 0 0 0 0 127 51 1;
egregore_data 0 0 127 0 0 127 0 0 0 0 0 0 0 0 0 127 38 0 127 0 0 0
0 0 0 0 0 0 0 100 0 0 127 127 78 0 93 90 127 0 19 127 127 0 0 0 70
0 0 0 127 127 34 0 81 0 20 0 0 11 0 93.502 0 40 0 10 0 0 0 127 43.9337
0 0 0 0 0 0 0 0 0 16 0 0 0 0 0 0 127 51 1;
egregore_data 0 0 127 0 0 127 0 0 0 0 0 0 0 0 0 127 38 0 127 0 0 0
0 0 0 0 0 0 0 100 0 0 127 127 78 0 93 90 127 0 19 127 127 0 0 0 70
0 0 0 127 127 34 0 81 0 20 0 0 11 0 93.502 0 40 0 10 0 0 0 127 43.9337
0 0 0 0 0 0 0 0 0 16 0 0 0 0 0 0 127 51 1;
egregore_data 0 0 127 0 0 127 0 0 0 0 0 0 0 0 0 127 38 0 127 0 0 0
0 0 0 0 0 0 0 100 0 0 127 127 78 0 93 90 127 0 19 127 127 0 0 0 70
0 0 0 127 127 34 0 81 0 20 0 0 11 0 93.502 0 40 0 10 0 0 0 127 43.9337
0 0 0 0 0 0 0 0 0 16 0 0 0 0 0 0 127 51 1;
egregore_data 0 0 127 0 0 127 0 0 0 0 0 0 0 0 0 127 38 0 127 0 0 0
0 0 0 0 0 0 0 100 0 0 127 127 78 0 93 90 127 0 19 127 127 0 0 0 70
0 0 0 127 127 34 0 81 0 20 0 0 11 0 93.502 0 40 0 10 0 0 0 127 43.9337
0 0 0 0 0 0 0 0 0 16 0 0 0 0 0 0 127 51 1;
egregore_data 0 0 127 0 0 127 0 0 0 0 0 0 0 0 0 127 38 0 127 0 0 0
0 0 0 0 0 0 0 100 0 0 127 127 78 0 93 90 127 0 19 127 127 0 0 0 70
0 0 0 127 127 34 0 81 0 20 0 0 11 0 93.502 0 40 0 10 0 0 0 127 43.9337
0 0 0 0 0 0 0 0 0 16 0 0 0 0 0 0 127 51 1;
egregore_data 0 0 127 0 0 127 0 0 0 0 0 0 0 0 0 127 38 0 127 0 0 0
0 0 0 0 0 0 0 100 0 0 127 127 78 0 93 90 127 0 19 127 127 0 0 0 70
0 0 0 127 127 34 0 81 0 20 0 0 11 0 93.502 0 40 0 10 0 0 0 127 43.9337
0 0 0 0 0 0 0 0 0 16 0 0 0 0 0 0 127 51 1;
egregore_data 0 0 127 0 0 127 0 0 0 0 0 0 0 0 0 127 38 0 127 0 0 0
0 0 0 0 0 0 0 100 0 0 127 127 78 0 93 90 127 0 19 127 127 0 0 0 70
0 0 0 127 127 34 0 81 0 20 0 0 11 0 93.502 0 40 0 10 0 0 0 127 43.9337
0 0 0 0 0 0 0 0 0 16 0 0 0 0 0 0 127 51 1;
egregore_data 0 0 127 0 0 127 0 0 0 0 0 0 0 0 0 127 38 0 127 0 0 0
0 0 0 0 0 0 0 100 0 0 127 127 78 0 93 90 127 0 19 127 127 0 0 0 70
0 0 0 127 127 34 0 81 0 20 0 0 11 0 93.502 0 40 0 10 0 0 0 127 43.9337
0 0 0 0 0 0 0 0 0 16 0 0 0 0 0 0 127 51 1;
egregore_data 0 0 127 0 0 127 0 0 0 0 0 0 0 0 0 127 38 0 127 0 0 0
0 0 0 0 0 0 0 100 0 0 127 127 78 0 93 90 127 0 19 127 127 0 0 0 70
0 0 0 127 127 34 0 81 0 20 0 0 11 0 93.502 0 40 0 10 0 0 0 127 43.9337
0 0 0 0 0 0 0 0 0 16 0 0 0 0 0 0 127 51 1;
egregore_data 0 0 127 0 0 127 0 0 0 0 0 0 0 0 0 127 38 0 127 0 0 0
0 0 0 0 0 0 0 100 0 0 127 127 78 0 93 90 127 0 19 127 127 0 0 0 70
0 0 0 127 127 34 0 81 0 20 0 0 11 0 93.502 0 40 0 10 0 0 0 127 43.9337
0 0 0 0 0 0 0 0 0 16 0 0 0 0 0 0 127 51 1;
egregore_data 0 0 127 0 0 127 0 0 0 0 0 0 0 0 0 127 38 0 127 0 0 0
0 0 0 0 0 0 0 100 0 0 127 127 78 0 93 90 127 0 19 127 127 0 0 0 70
0 0 0 127 127 34 0 81 0 20 0 0 11 0 93.502 0 40 0 10 0 0 0 127 43.9337
0 0 0 0 0 0 0 0 0 16 0 0 0 0 0 0 127 51 1;
egregore_data 0 0 127 0 0 127 0 0 0 0 0 0 0 0 0 127 38 0 127 0 0 0
0 0 0 0 0 0 0 100 0 0 127 127 78 0 93 90 127 0 19 127 127 0 0 0 70
0 0 0 127 127 34 0 81 0 20 0 0 11 0 93.502 0 40 0 10 0 0 0 127 43.9337
0 0 0 0 0 0 0 0 0 16 0 0 0 0 0 0 127 51 1;
egregore_data 0 0 127 0 0 127 0 0 0 0 0 0 0 0 0 127 38 0 127 0 0 0
0 0 0 0 0 0 0 100 0 0 127 127 78 0 93 90 127 0 19 127 127 0 0 0 70
0 0 0 127 127 34 0 81 0 20 0 0 11 0 93.502 0 40 0 10 0 0 0 127 43.9337
0 0 0 0 0 0 0 0 0 16 0 0 0 0 0 0 127 51 1;
egregore_data 0 0 127 0 0 127 0 0 0 0 0 0 0 0 0 127 38 0 127 0 0 0
0 0 0 0 0 0 0 100 0 0 127 127 78 0 93 90 127 0 19 127 127 0 0 0 70
0 0 0 127 127 34 0 81 0 20 0 0 11 0 93.502 0 40 0 10 0 0 0 127 43.9337
0 0 0 0 0 0 0 0 0 16 0 0 0 0 0 0 127 51 1;
egregore_data 0 0 127 0 0 127 0 0 0 0 0 0 0 0 0 127 38 0 127 0 0 0
0 0 0 0 0 0 0 100 0 0 127 127 78 0 93 90 127 0 19 127 127 0 0 0 70
0 0 0 127 127 34 0 81 0 20 0 0 11 0 93.502 0 40 0 10 0 0 0 127 43.9337
0 0 0 0 0 0 0 0 0 16 0 0 0 0 0 0 127 51 1;
egregore_data 0 0 127 0 0 127 0 0 0 0 0 0 0 0 0 127 38 0 127 0 0 0
0 0 0 0 0 0 0 100 0 0 127 127 78 0 93 90 127 0 19 127 127 0 0 0 70
0 0 0 127 127 34 0 81 0 20 0 0 11 0 93.502 0 40 0 10 0 0 0 127 43.9337
0 0 0 0 0 0 0 0 0 16 0 0 0 0 0 0 127 51 1;
egregore_data 0 0 127 0 0 127 0 0 0 0 0 0 0 0 0 127 38 0 127 0 0 0
0 0 0 0 0 0 0 100 0 0 127 127 78 0 93 90 127 0 19 127 127 0 0 0 70
0 0 0 127 127 34 0 81 0 20 0 0 11 0 93.502 0 40 0 10 0 0 0 127 43.9337
0 0 0 0 0 0 0 0 0 16 0 0 0 0 0 0 127 51 1;
egregore_data 0 0 127 0 0 127 0 0 0 0 0 0 0 0 0 127 38 0 127 0 0 0
0 0 0 0 0 0 0 100 0 0 127 127 78 0 93 90 127 0 19 127 127 0 0 0 70
0 0 0 127 127 34 0 81 0 20 0 0 11 0 93.502 0 40 0 10 0 0 0 127 43.9337
0 0 0 0 0 0 0 0 0 16 0 0 0 0 0 0 127 51 1;
egregore_data 0 0 127 0 0 127 0 0 0 0 0 0 0 0 0 127 38 0 127 0 0 0
0 0 0 0 0 0 0 100 0 0 127 127 78 0 93 90 127 0 19 127 127 0 0 0 70
0 0 0 127 127 34 0 81 0 20 0 0 11 0 93.502 0 40 0 10 0 0 0 127 43.9337
0 0 0 0 0 0 0 0 0 16 0 0 0 0 0 0 127 51 1;
egregore_data 0 0 127 0 0 127 0 0 0 0 0 0 0 0 0 127 38 0 127 0 0 0
0 0 0 0 0 0 0 100 0 0 127 127 78 0 93 90 127 0 19 127 127 0 0 0 70
0 0 0 127 127 34 0 81 0 20 0 0 11 0 93.502 0 40 0 10 0 0 0 127 43.9337
0 0 0 0 0 0 0 0 0 16 0 0 0 0 0 0 127 51 1;
egregore_data 0 0 127 0 0 127 0 0 0 0 0 0 0 0 0 127 38 0 127 0 0 0
0 0 0 0 0 0 0 100 0 0 127 127 78 0 93 90 127 0 19 127 127 0 0 0 70
0 0 0 127 127 34 0 81 0 20 0 0 11 0 93.502 0 40 0 10 0 0 0 127 43.9337
0 0 0 0 0 0 0 0 0 16 0 0 0 0 0 0 127 51 1;
END;
