HTTP/1.1 200 OK
Date: Thu, 28 May 2015 12:25:16 GMT
Server: Apache
Last-Modified: Wed, 27 May 2015 19:25:22 GMT
Accept-Ranges: bytes
Content-Length: 31096
Vary: Accept-Encoding
Connection: close
Content-Type: text/plain

chdh_egregore_live_data;
egregore_data 0 0 127 0 0 127 0 0 0 0 0 0 0 0 0 127 38 0 127 0 0 0
0 0 0 0 0 0 0 100 0 0 127 127 78 0 93 90 127 0 19 127 127 0 0 0 70
0 0 0 127 127 34 0 69.5 33.5 34.5 63.5 53 48.5 12 56 30.5 42.5 50.5
0 20.5 21 0 127 81.8066 1 0 0 0 0 0 0 0 16 16 0 0 0 0 0 0 127 51 0
;
egregore_data 0 0 127 0 0 127 0 0 0 0 0 0 0 0 0 127 38 0 127 0 0 0
0 0 0 0 0 0 0 100 0 0 127 127 78 0 93 90 127 0 19 127 127 0 0 0 70
0 0 0 127 127 34 0 69.5 33.5 34.5 63.5 53 48.5 12 56 30.5 42.5 50.5
0 20.5 21 0 127 81.8066 1 0 0 0 0 0 0 0 16 16 0 0 0 0 0 0 127 51 0
;
egregore_data 0 0 127 0 0 127 0 0 0 0 0 0 0 0 0 127 38 0 127 0 0 0
0 0 0 0 0 0 0 100 0 0 127 127 78 0 93 90 127 0 19 127 127 0 0 0 70
0 0 0 127 127 34 0 69.5 33.5 34.5 63.5 53 48.5 12 56 30.5 42.5 50.5
0 20.5 21 0 127 81.8066 1 0 0 0 0 0 0 0 16 16 0 0 0 0 0 0 127 51 0
;
egregore_data 0 0 127 0 0 127 0 0 0 0 0 0 0 0 0 127 38 0 127 0 0 0
0 0 0 0 0 0 0 100 0 0 127 127 78 0 93 90 127 0 19 127 127 0 0 0 70
0 0 0 127 127 34 0 69.5 33.5 34.5 63.5 53 48.5 12 56 30.5 42.5 50.5
0 20.5 21 0 127 81.8066 1 0 0 0 0 0 0 0 16 16 0 0 0 0 0 0 127 51 0
;
egregore_data 0 0 127 0 0 127 0 0 0 0 0 0 0 0 0 127 38 0 127 0 0 0
0 0 0 0 0 0 0 100 0 0 127 127 78 0 93 90 127 0 19 127 127 0 0 0 70
0 0 0 127 127 34 0 69.5 33.5 34.5 63.5 53 48.5 12 56 30.5 42.5 50.5
0 20.5 21 0 127 81.8066 1 0 0 0 0 0 0 0 16 16 0 0 0 0 0 0 127 51 0
;
egregore_data 0 0 127 0 0 127 0 0 0 0 0 0 0 0 0 127 38 0 127 0 0 0
0 0 0 0 0 0 0 100 0 0 127 127 78 0 93 90 127 0 19 127 127 0 0 0 70
0 0 0 127 127 34 0 69.5 33.5 34.5 63.5 53 48.5 12 56 30.5 42.5 50.5
0 20.5 21 0 127 81.8066 1 0 0 0 0 0 0 0 16 16 0 0 0 0 0 0 127 51 0
;
egregore_data 0 0 127 0 0 127 0 0 0 0 0 0 0 0 0 127 38 0 127 0 0 0
0 0 0 0 0 0 0 100 0 0 127 127 78 0 93 90 127 0 19 127 127 0 0 0 70
0 0 0 127 127 34 0 69.5 33.5 34.5 63.5 53 48.5 12 56 30.5 42.5 50.5
0 20.5 21 0 127 81.8066 1 0 0 0 0 0 0 0 16 16 0 0 0 0 0 0 127 51 0
;
egregore_data 0 0 127 0 0 127 0 0 0 0 0 0 0 0 0 127 38 0 127 0 0 0
0 0 0 0 0 0 0 100 0 0 127 127 78 0 93 90 127 0 19 127 127 0 0 0 70
0 0 0 127 127 34 0 69.5 33.5 34.5 63.5 53 48.5 12 56 30.5 42.5 50.5
0 20.5 21 0 127 81.8066 1 0 0 0 0 0 0 0 16 16 0 0 0 0 0 0 127 51 0
;
egregore_data 0 0 127 0 0 127 0 0 0 0 0 0 0 0 0 127 38 0 127 0 0 0
0 0 0 0 0 0 0 100 0 0 127 127 78 0 93 90 127 0 19 127 127 0 0 0 70
0 0 0 127 127 34 0 69.5 33.5 34.5 63.5 53 48.5 12 56 30.5 42.5 50.5
0 20.5 21 0 127 81.8066 1 0 0 0 0 0 0 0 16 16 0 0 0 0 0 0 127 51 0
;
egregore_data 0 0 127 0 0 127 0 0 0 0 0 0 0 0 0 127 38 0 127 0 0 0
0 0 0 0 0 0 0 100 0 0 127 127 78 0 93 90 127 0 19 127 127 0 0 0 70
0 0 0 127 127 34 0 69.5 33.5 34.5 63.5 53 48.5 12 56 30.5 42.5 50.5
0 20.5 21 0 127 81.8066 1 0 0 0 0 0 0 0 16 16 0 0 0 0 0 0 127 51 0
;
egregore_data 0 0 127 0 0 127 0 0 0 0 0 0 0 0 0 127 38 0 127 0 0 0
0 0 0 0 0 0 0 100 0 0 127 127 78 0 93 90 127 0 19 127 127 0 0 0 70
0 0 0 127 127 34 0 69.5 33.5 34.5 63.5 53 48.5 12 56 30.5 42.5 50.5
0 20.5 21 0 127 81.8066 1 0 0 0 0 0 0 0 16 16 0 0 0 0 0 0 127 51 0
;
egregore_data 0 0 127 0 0 127 0 0 0 0 0 0 0 0 0 127 38 0 127 0 0 0
0 0 0 0 0 0 0 100 0 0 127 127 78 0 93 90 127 0 19 127 127 0 0 0 70
0 0 0 127 127 34 0 69.5 33.5 34.5 63.5 53 48.5 12 56 30.5 42.5 50.5
0 20.5 21 0 127 81.8066 1 0 0 0 0 0 0 0 16 16 0 0 0 0 0 0 127 51 0
;
egregore_data 0 0 127 0 0 127 0 0 0 0 0 0 0 0 0 127 38 0 127 0 0 0
0 0 0 0 0 0 0 100 0 0 127 127 78 0 93 90 127 0 19 127 127 0 0 0 70
0 0 0 127 127 34 0 69.5 33.5 34.5 63.5 53 48.5 12 56 30.5 42.5 50.5
0 20.5 21 0 127 81.8066 1 0 0 0 0 0 0 0 16 16 0 0 0 0 0 0 127 51 0
;
egregore_data 0 0 127 0 0 127 0 0 0 0 0 0 0 0 0 127 38 0 127 0 0 0
0 0 0 0 0 0 0 100 0 0 127 127 78 0 93 90 127 0 19 127 127 0 0 0 70
0 0 0 127 127 34 0 69.5 33.5 34.5 63.5 53 48.5 12 56 30.5 42.5 50.5
0 20.5 21 0 127 81.8066 1 0 0 0 0 0 0 0 16 16 0 0 0 0 0 0 127 51 0
;
egregore_data 0 0 127 0 0 127 0 0 0 0 0 0 0 0 0 127 38 0 127 0 0 0
0 0 0 0 0 0 0 100 0 0 127 127 78 0 93 90 127 0 19 127 127 0 0 0 70
0 0 0 127 127 34 0 69.5 33.5 34.5 63.5 53 48.5 12 56 30.5 42.5 50.5
0 20.5 21 0 127 81.8066 1 0 0 0 0 0 0 0 16 16 0 0 0 0 0 0 127 51 0
;
egregore_data 0 0 127 0 0 127 0 0 0 0 0 0 0 0 0 127 38 0 127 0 0 0
0 0 0 0 0 0 0 100 0 0 127 127 78 0 93 90 127 0 19 127 127 0 0 0 70
0 0 0 127 127 34 0 69.5 33.5 34.5 63.5 53 48.5 12 56 30.5 42.5 50.5
0 20.5 21 0 127 81.8066 1 0 0 0 0 0 0 0 16 16 0 0 0 0 0 0 127 51 0
;
egregore_data 0 0 127 0 0 127 0 0 0 0 0 0 0 0 0 127 38 0 127 0 0 0
0 0 0 0 0 0 0 100 0 0 127 127 78 0 93 90 127 0 19 127 127 0 0 0 70
0 0 0 127 127 34 0 69.3611 33.2341 34.3532 64.004 53.4206 48.8849 12.0952
56.4444 30.2579 42.8373 50.5754 0 20.6627 21.1667 0 127 81.8066 1 0
0 0 0 0 0 0 16 16 0 0 0 0 0 0 127 51 0;
egregore_data 0 0 127 0 0 127 0 0 0 0 0 0 0 0 0 127 38 0 127 0 0 0
0 0 0 0 0 0 0 100 0 0 127 127 78 0 93 90 127 0 19 127 127 0 0 0 70
0 0 0 127 127 34 0 69.3611 33.2341 34.3532 64.004 53.4206 48.8849 12.0952
56.4444 30.2579 42.8373 50.5754 0 20.6627 21.1667 0 127 81.8066 1 0
0 0 0 0 0 0 16 16 0 0 0 0 0 0 127 51 0;
egregore_data 0 0 127 0 0 127 0 0 0 0 0 0 0 0 0 127 38 0 127 0 0 0
0 0 0 0 0 0 0 100 0 0 127 127 78 0 93 90 127 0 19 127 127 0 0 0 70
0 0 0 127 127 34 0 69.3611 33.2341 34.3532 64.004 53.4206 48.8849 12.0952
56.4444 30.2579 42.8373 50.5754 0 20.6627 21.1667 0 127 81.8066 1 0
0 0 0 0 0 0 16 16 0 0 0 0 0 0 127 51 0;
egregore_data 0 0 127 0 0 127 0 0 0 0 0 0 0 0 0 127 38 0 127 0 0 0
0 0 0 0 0 0 0 100 0 0 127 127 78 0 93 90 127 0 19 127 127 0 0 0 70
0 0 0 127 127 34 0 69.3611 33.2341 34.3532 64.004 53.4206 48.8849 12.0952
56.4444 30.2579 42.8373 50.5754 0 20.6627 21.1667 0 127 81.8066 1 0
0 0 0 0 0 0 16 16 0 0 0 0 0 0 127 51 0;
egregore_data 0 0 127 0 0 127 0 0 0 0 0 0 0 0 0 127 38 0 127 0 0 0
0 0 0 0 0 0 0 100 0 0 127 127 78 0 93 90 127 0 19 127 127 0 0 0 70
0 0 0 127 127 34 0 69.3611 33.2341 34.3532 64.004 53.4206 48.8849 12.0952
56.4444 30.2579 42.8373 50.5754 0 20.6627 21.1667 0 127 81.8066 1 0
0 0 0 0 0 0 16 16 0 0 0 0 0 0 127 51 0;
egregore_data 0 0 127 0 0 127 0 0 0 0 0 0 0 0 0 127 38 0 127 0 0 0
0 0 0 0 0 0 0 100 0 0 127 127 78 0 93 90 127 0 19 127 127 0 0 0 70
0 0 0 127 127 34 0 69.3611 33.2341 34.3532 64.004 53.4206 48.8849 12.0952
56.4444 30.2579 42.8373 50.5754 0 20.6627 21.1667 0 127 81.8066 1 0
0 0 0 0 0 0 16 16 0 0 0 0 0 0 127 51 0;
egregore_data 0 0 127 0 0 127 0 0 0 0 0 0 0 0 0 127 38 0 127 0 0 0
0 0 0 0 0 0 0 100 0 0 127 127 78 0 93 90 127 0 19 127 127 0 0 0 70
0 0 0 127 127 34 0 69.3611 33.2341 34.3532 64.004 53.4206 48.8849 12.0952
56.4444 30.2579 42.8373 50.5754 0 20.6627 21.1667 0 127 81.8066 1 0
0 0 0 0 0 0 16 16 0 0 0 0 0 0 127 51 0;
egregore_data 0 0 127 0 0 127 0 0 0 0 0 0 0 0 0 127 38 0 127 0 0 0
0 0 0 0 0 0 0 100 0 0 127 127 78 0 93 90 127 0 19 127 127 0 0 0 70
0 0 0 127 127 34 0 69.3611 33.2341 34.3532 64.004 53.4206 48.8849 12.0952
56.4444 30.2579 42.8373 50.5754 0 20.6627 21.1667 0 127 81.8066 1 0
0 0 0 0 0 0 16 16 0 0 0 0 0 0 127 51 0;
egregore_data 0 0 127 0 0 127 0 0 0 0 0 0 0 0 0 127 38 0 127 0 0 0
0 0 0 0 0 0 0 100 0 0 127 127 78 0 93 90 127 0 19 127 127 0 0 0 70
0 0 0 127 127 34 0 69.3611 33.2341 34.3532 64.004 53.4206 48.8849 12.0952
56.4444 30.2579 42.8373 50.5754 0 20.6627 21.1667 0 127 81.8066 1 0
0 0 0 0 0 0 16 16 0 0 0 0 0 0 127 51 0;
egregore_data 0 0 127 0 0 127 0 0 0 0 0 0 0 0 0 127 38 0 127 0 0 0
0 0 0 0 0 0 0 100 0 0 127 127 78 0 93 90 127 0 19 127 127 0 0 0 70
0 0 0 127 127 34 0 69.3611 33.2341 34.3532 64.004 53.4206 48.8849 12.0952
56.4444 30.2579 42.8373 50.5754 0 20.6627 21.1667 0 127 81.8066 1 0
0 0 0 0 0 0 16 16 0 0 0 0 0 0 127 51 0;
egregore_data 0 0 127 0 0 127 0 0 0 0 0 0 0 0 0 127 38 0 127 0 0 0
0 0 0 0 0 0 0 100 0 0 127 127 78 0 93 90 127 0 19 127 127 0 0 0 70
0 0 0 127 127 34 0 69.3611 33.2341 34.3532 64.004 53.4206 48.8849 12.0952
56.4444 30.2579 42.8373 50.5754 0 20.6627 21.1667 0 127 81.8066 1 0
0 0 0 0 0 0 16 16 0 0 0 0 0 0 127 51 0;
egregore_data 0 0 127 0 0 127 0 0 0 0 0 0 0 0 0 127 38 0 127 0 0 0
0 0 0 0 0 0 0 100 0 0 127 127 78 0 93 90 127 0 19 127 127 0 0 0 70
0 0 0 127 127 34 0 69.3611 33.2341 34.3532 64.004 53.4206 48.8849 12.0952
56.4444 30.2579 42.8373 50.5754 0 20.6627 21.1667 0 127 81.8066 1 0
0 0 0 0 0 0 16 16 0 0 0 0 0 0 127 51 0;
egregore_data 0 0 127 0 0 127 0 0 0 0 0 0 0 0 0 127 38 0 127 0 0 0
0 0 0 0 0 0 0 100 0 0 127 127 78 0 93 90 127 0 19 127 127 0 0 0 70
0 0 0 127 127 34 0 69.3611 33.2341 34.3532 64.004 53.4206 48.8849 12.0952
56.4444 30.2579 42.8373 50.5754 0 20.6627 21.1667 0 127 81.8066 1 0
0 0 0 0 0 0 16 16 0 0 0 0 0 0 127 51 0;
egregore_data 0 0 127 0 0 127 0 0 0 0 0 0 0 0 0 127 38 0 127 0 0 0
0 0 0 0 0 0 0 100 0 0 127 127 78 0 93 90 127 0 19 127 127 0 0 0 70
0 0 0 127 127 34 0 69.3611 33.2341 34.3532 64.004 53.4206 48.8849 12.0952
56.4444 30.2579 42.8373 50.5754 0 20.6627 21.1667 0 127 81.8066 1 0
0 0 0 0 0 0 16 16 0 0 0 0 0 0 127 51 0;
egregore_data 0 0 127 0 0 127 0 0 0 0 0 0 0 0 0 127 38 0 127 0 0 0
0 0 0 0 0 0 0 100 0 0 127 127 78 0 93 90 127 0 19 127 127 0 0 0 70
0 0 0 127 127 34 0 69.2908 33.0996 34.2789 64.259 53.6335 49.0797 12.1434
56.6693 30.1355 43.008 50.6135 0 20.745 21.251 0 127 81.8066 1 0 0
0 0 0 0 0 16 16 0 0 0 0 0 0 127 51 0;
egregore_data 0 0 127 0 0 127 0 0 0 0 0 0 0 0 0 127 38 0 127 0 0 0
0 0 0 0 0 0 0 100 0 0 127 127 78 0 93 90 127 0 19 127 127 0 0 0 70
0 0 0 127 127 34 0 69.2908 33.0996 34.2789 64.259 53.6335 49.0797 12.1434
56.6693 30.1355 43.008 50.6135 0 20.745 21.251 0 127 81.8066 1 0 0
0 0 0 0 0 16 16 0 0 0 0 0 0 127 51 0;
egregore_data 0 0 127 0 0 127 0 0 0 0 0 0 0 0 0 127 38 0 127 0 0 0
0 0 0 0 0 0 0 100 0 0 127 127 78 0 93 90 127 0 19 127 127 0 0 0 70
0 0 0 127 127 34 0 69.2908 33.0996 34.2789 64.259 53.6335 49.0797 12.1434
56.6693 30.1355 43.008 50.6135 0 20.745 21.251 0 127 81.8066 1 0 0
0 0 0 0 0 16 16 0 0 0 0 0 0 127 51 0;
egregore_data 0 0 127 0 0 127 0 0 0 0 0 0 0 0 0 127 38 0 127 0 0 0
0 0 0 0 0 0 0 100 0 0 127 127 78 0 93 90 127 0 19 127 127 0 0 0 70
0 0 0 127 127 34 0 69.2908 33.0996 34.2789 64.259 53.6335 49.0797 12.1434
56.6693 30.1355 43.008 50.6135 0 20.745 21.251 0 127 81.8066 1 0 0
0 0 0 0 0 16 16 0 0 0 0 0 0 127 51 0;
egregore_data 0 0 127 0 0 127 0 0 0 0 0 0 0 0 0 127 38 0 127 0 0 0
0 0 0 0 0 0 0 100 0 0 127 127 78 0 93 90 127 0 19 127 127 0 0 0 70
0 0 0 127 127 34 0 69.22 32.964 34.204 64.516 53.848 49.276 12.192
56.896 30.012 43.18 50.652 0 20.828 21.336 0 127 81.8066 1 0 0 0 0
0 0 0 16 16 0 0 0 0 0 0 127 51 0;
egregore_data 0 0 127 0 0 127 0 0 0 0 0 0 0 0 0 127 38 0 127 0 0 0
0 0 0 0 0 0 0 100 0 0 127 127 78 0 93 90 127 0 19 127 127 0 0 0 70
0 0 0 127 127 34 0 69.22 32.964 34.204 64.516 53.848 49.276 12.192
56.896 30.012 43.18 50.652 0 20.828 21.336 0 127 81.8066 1 0 0 0 0
0 0 0 16 16 0 0 0 0 0 0 127 51 0;
egregore_data 0 0 127 0 0 127 0 0 0 0 0 0 0 0 0 127 38 0 127 0 0 0
0 0 0 0 0 0 0 100 0 0 127 127 78 0 93 90 127 0 19 127 127 0 0 0 70
0 0 0 127 127 34 0 69.22 32.964 34.204 64.516 53.848 49.276 12.192
56.896 30.012 43.18 50.652 0 20.828 21.336 0 127 81.8066 1 0 0 0 0
0 0 0 16 16 0 0 0 0 0 0 127 51 0;
egregore_data 0 0 127 0 0 127 0 0 0 0 0 0 0 0 0 127 38 0 127 0 0 0
0 0 0 0 0 0 0 100 0 0 127 127 78 0 93 90 127 0 19 127 127 0 0 0 70
0 0 0 127 127 34 0 69.22 32.964 34.204 64.516 53.848 49.276 12.192
56.896 30.012 43.18 50.652 0 20.828 21.336 0 127 81.8066 1 0 0 0 0
0 0 0 16 16 0 0 0 0 0 0 127 51 0;
egregore_data 0 0 127 0 0 127 0 0 0 0 0 0 0 0 0 127 38 0 127 0 0 0
0 0 0 0 0 0 0 100 0 0 127 127 78 0 93 90 127 0 19 127 127 0 0 0 70
0 0 0 127 127 34 0 69.22 32.964 34.204 64.516 53.848 49.276 12.192
56.896 30.012 43.18 50.652 0 20.828 21.336 0 127 81.8066 1 0 0 0 0
0 0 0 16 16 0 0 0 0 0 0 127 51 0;
egregore_data 0 0 127 0 0 127 0 0 0 0 0 0 0 0 0 127 38 0 127 0 0 0
0 0 0 0 0 0 0 100 0 0 127 127 78 0 93 90 127 0 19 127 127 0 0 0 70
0 0 0 127 127 34 0 69.22 32.964 34.204 64.516 53.848 49.276 12.192
56.896 30.012 43.18 50.652 0 20.828 21.336 0 127 81.8066 1 0 0 0 0
0 0 0 16 16 0 0 0 0 0 0 127 51 0;
egregore_data 0 0 127 0 0 127 0 0 0 0 0 0 0 0 0 127 38 0 127 0 0 0
0 0 0 0 0 0 0 100 0 0 127 127 78 0 93 90 127 0 19 127 127 0 0 0 70
0 0 0 127 127 34 0 69.1486 32.8273 34.1285 64.7751 54.0643 49.4739
12.241 57.1245 29.8876 43.3534 50.6908 0 20.9116 21.4217 0 127 81.8066
1 0 0 0 0 0 0 0 16 16 0 0 0 0 0 0 127 51 0;
egregore_data 0 0 127 0 0 127 0 0 0 0 0 0 0 0 0 127 38 0 127 0 0 0
0 0 0 0 0 0 0 100 0 0 127 127 78 0 93 90 127 0 19 127 127 0 0 0 70
0 0 0 127 127 34 0 69.1486 32.8273 34.1285 64.7751 54.0643 49.4739
12.241 57.1245 29.8876 43.3534 50.6908 0 20.9116 21.4217 0 127 81.8066
1 0 0 0 0 0 0 0 16 16 0 0 0 0 0 0 127 51 0;
egregore_data 0 0 127 0 0 127 0 0 0 0 0 0 0 0 0 127 38 0 127 0 0 0
0 0 0 0 0 0 0 100 0 0 127 127 78 0 93 90 127 0 19 127 127 0 0 0 70
0 0 0 127 127 34 0 69.1486 32.8273 34.1285 64.7751 54.0643 49.4739
12.241 57.1245 29.8876 43.3534 50.6908 0 20.9116 21.4217 0 127 81.8066
1 0 0 0 0 0 0 0 16 16 0 0 0 0 0 0 127 51 0;
egregore_data 0 0 127 0 0 127 0 0 0 0 0 0 0 0 0 127 38 0 127 0 0 0
0 0 0 0 0 0 0 100 0 0 127 127 78 0 93 90 127 0 19 127 127 0 0 0 70
0 0 0 127 127 34 0 69.1486 32.8273 34.1285 64.7751 54.0643 49.4739
12.241 57.1245 29.8876 43.3534 50.6908 0 20.9116 21.4217 0 127 81.8066
1 0 0 0 0 0 0 0 16 16 0 0 0 0 0 0 127 51 0;
egregore_data 0 0 127 0 0 127 0 0 0 0 0 0 0 0 0 127 38 0 127 0 0 0
0 0 0 0 0 0 0 100 0 0 127 127 78 0 93 90 127 0 19 127 127 0 0 0 70
0 0 0 127 127 34 0 69.1486 32.8273 34.1285 64.7751 54.0643 49.4739
12.241 57.1245 29.8876 43.3534 50.6908 0 20.9116 21.4217 0 127 81.8066
1 0 0 0 0 0 0 0 16 16 0 0 0 0 0 0 127 51 0;
egregore_data 0 0 127 0 0 127 0 0 0 0 0 0 0 0 0 127 38 0 127 0 0 0
0 0 0 0 0 0 0 100 0 0 127 127 78 0 93 90 127 0 19 127 127 0 0 0 70
0 0 0 127 127 34 0 69.1486 32.8273 34.1285 64.7751 54.0643 49.4739
12.241 57.1245 29.8876 43.3534 50.6908 0 20.9116 21.4217 0 127 81.8066
1 0 0 0 0 0 0 0 16 16 0 0 0 0 0 0 127 51 0;
egregore_data 0 0 127 0 0 127 0 0 0 0 0 0 0 0 0 127 38 0 127 0 0 0
0 0 0 0 0 0 0 100 0 0 127 127 78 0 93 90 127 0 19 127 127 0 0 0 70
0 0 0 127 127 34 0 69.1486 32.8273 34.1285 64.7751 54.0643 49.4739
12.241 57.1245 29.8876 43.3534 50.6908 0 20.9116 21.4217 0 127 81.8066
1 0 0 0 0 0 0 0 16 16 0 0 0 0 0 0 127 51 0;
egregore_data 0 0 127 0 0 127 0 0 0 0 0 0 0 0 0 127 38 0 127 0 0 0
0 0 0 0 0 0 0 100 0 0 127 127 78 0 93 90 127 0 19 127 127 0 0 0 70
0 0 0 127 127 34 0 69.1486 32.8273 34.1285 64.7751 54.0643 49.4739
12.241 57.1245 29.8876 43.3534 50.6908 0 20.9116 21.4217 0 127 81.8066
1 0 0 0 0 0 0 0 16 16 0 0 0 0 0 0 127 51 0;
egregore_data 0 0 127 0 0 127 0 0 0 0 0 0 0 0 0 127 38 0 127 0 0 0
0 0 0 0 0 0 0 100 0 0 127 127 78 0 93 90 127 0 19 127 127 0 0 0 70
0 0 0 127 127 34 0 69.1486 32.8273 34.1285 64.7751 54.0643 49.4739
12.241 57.1245 29.8876 43.3534 50.6908 0 20.9116 21.4217 0 127 81.8066
1 0 0 0 0 0 0 0 16 16 0 0 0 0 0 0 127 51 0;
egregore_data 0 0 127 0 0 127 0 0 0 0 0 0 0 0 0 127 38 0 127 0 0 0
0 0 0 0 0 0 0 100 0 0 127 127 78 0 93 90 127 0 19 127 127 0 0 0 70
0 0 0 127 127 34 0 69.1486 32.8273 34.1285 64.7751 54.0643 49.4739
12.241 57.1245 29.8876 43.3534 50.6908 0 20.9116 21.4217 0 127 81.8066
1 0 0 0 0 0 0 0 16 16 0 0 0 0 0 0 127 51 0;
egregore_data 0 0 127 0 0 127 0 0 0 0 0 0 0 0 0 127 38 0 127 0 0 0
0 0 0 0 0 0 0 100 0 0 127 127 78 0 93 90 127 0 19 127 127 0 0 0 70
0 0 0 127 127 34 0 69.1486 32.8273 34.1285 64.7751 54.0643 49.4739
12.241 57.1245 29.8876 43.3534 50.6908 0 20.9116 21.4217 0 127 81.8066
1 0 0 0 0 0 0 0 16 16 0 0 0 0 0 0 127 51 0;
egregore_data 0 0 127 0 0 127 0 0 0 0 0 0 0 0 0 127 38 0 127 0 0 0
0 0 0 0 0 0 0 100 0 0 127 127 78 0 93 90 127 0 19 127 127 0 0 0 70
0 0 0 127 127 34 0 69.1486 32.8273 34.1285 64.7751 54.0643 49.4739
12.241 57.1245 29.8876 43.3534 50.6908 0 20.9116 21.4217 0 127 81.8066
1 0 0 0 0 0 0 0 16 16 0 0 0 0 0 0 127 51 0;
egregore_data 0 0 127 0 0 127 0 0 0 0 0 0 0 0 0 127 38 0 127 0 0 0
0 0 0 0 0 0 0 100 0 0 127 127 78 0 93 90 127 0 19 127 127 0 0 0 70
0 0 0 127 127 34 0 69.1486 32.8273 34.1285 64.7751 54.0643 49.4739
12.241 57.1245 29.8876 43.3534 50.6908 0 20.9116 21.4217 0 127 81.8066
1 0 0 0 0 0 0 0 16 16 0 0 0 0 0 0 127 51 0;
egregore_data 0 0 127 0 0 127 0 0 0 0 0 0 0 0 0 127 38 0 127 0 0 0
0 0 0 0 0 0 0 100 0 0 127 127 78 0 93 90 127 0 19 127 127 0 0 0 70
0 0 0 127 127 34 0 69.1486 32.8273 34.1285 64.7751 54.0643 49.4739
12.241 57.1245 29.8876 43.3534 50.6908 0 20.9116 21.4217 0 127 81.8066
1 0 0 0 0 0 0 0 16 16 0 0 0 0 0 0 127 51 0;
egregore_data 0 0 127 0 0 127 0 0 0 0 0 0 0 0 0 127 38 0 127 0 0 0
0 0 0 0 0 0 0 100 0 0 127 127 78 0 93 90 127 0 19 127 127 0 0 0 70
0 0 0 127 127 34 0 69.1486 32.8273 34.1285 64.7751 54.0643 49.4739
12.241 57.1245 29.8876 43.3534 50.6908 0 20.9116 21.4217 0 127 81.8066
1 0 0 0 0 0 0 0 16 16 0 0 0 0 0 0 127 51 0;
egregore_data 0 0 127 0 0 127 0 0 0 0 0 0 0 0 0 127 38 0 127 0 0 0
0 0 0 0 0 0 0 100 0 0 127 127 78 0 93 90 127 0 19 127 127 0 0 0 70
0 0 0 127 127 34 0 69.0766 32.6895 34.0524 65.0363 54.2823 49.6734
12.2903 57.3548 29.7621 43.5282 50.7298 0 20.996 21.5081 0 127 81.8066
1 0 0 0 0 0 0 0 16 16 0 0 0 0 0 0 127 51 0;
egregore_data 0 0 127 0 0 127 0 0 0 0 0 0 0 0 0 127 38 0 127 0 0 0
0 0 0 0 0 0 0 100 0 0 127 127 78 0 93 90 127 0 19 127 127 0 0 0 70
0 0 0 127 127 34 0 69.0766 32.6895 34.0524 65.0363 54.2823 49.6734
12.2903 57.3548 29.7621 43.5282 50.7298 0 20.996 21.5081 0 127 81.8066
1 0 0 0 0 0 0 0 16 16 0 0 0 0 0 0 127 51 0;
egregore_data 0 0 127 0 0 127 0 0 0 0 0 0 0 0 0 127 38 0 127 0 0 0
0 0 0 0 0 0 0 100 0 0 127 127 78 0 93 90 127 0 19 127 127 0 0 0 70
0 0 0 127 127 34 0 69.0766 32.6895 34.0524 65.0363 54.2823 49.6734
12.2903 57.3548 29.7621 43.5282 50.7298 0 20.996 21.5081 0 127 81.8066
1 0 0 0 0 0 0 0 16 16 0 0 0 0 0 0 127 51 0;
egregore_data 0 0 127 0 0 127 0 0 0 0 0 0 0 0 0 127 38 0 127 0 0 0
0 0 0 0 0 0 0 100 0 0 127 127 78 0 93 90 127 0 19 127 127 0 0 0 70
0 0 0 127 127 34 0 69.1566 32.9076 34.1888 65 54.5577 49.4739 12.751
57.1245 29.8594 43.8635 50.5366 0 20.9116 21.5783 0.0160643 127 81.8066
1 0 0 0 0 0 0 0 16 16 0 0 0 0 0 0 127 51 0;
egregore_data 0 0 127 0 0 127 0 0 0 0 0 0 0 0 0 127 38 0 127 0 0 0
0 0 0 0 0 0 0 100 0 0 127 127 78 0 93 90 127 0 19 127 127 0 0 0 70
0 0 0 127 127 34 0 69.1566 32.9076 34.1888 65 54.5577 49.4739 12.751
57.1245 29.8594 43.8635 50.5366 0 20.9116 21.5783 0.0160643 127 81.8066
1 0 0 0 0 0 0 0 16 16 0 0 0 0 0 0 127 51 0;
egregore_data 0 0 127 0 0 127 0 0 0 0 0 0 0 0 0 127 38 0 127 0 0 0
0 0 0 0 0 0 0 100 0 0 127 127 78 0 93 90 127 0 19 127 127 0 0 0 70
0 0 0 127 127 34 0 69.1566 32.9076 34.1888 65 54.5577 49.4739 12.751
57.1245 29.8594 43.8635 50.5366 0 20.9116 21.5783 0.0160643 127 81.8066
1 0 0 0 0 0 0 0 16 16 0 0 0 0 0 0 127 51 0;
egregore_data 0 0 127 0 0 127 0 0 0 0 0 0 0 0 0 127 38 0 127 0 0 0
0 0 0 0 0 0 0 100 0 0 127 127 78 0 93 90 127 0 19 127 127 0 0 0 70
0 0 0 127 127 34 0 69.1566 32.9076 34.1888 65 54.5577 49.4739 12.751
57.1245 29.8594 43.8635 50.5366 0 20.9116 21.5783 0.0160643 127 81.8066
1 0 0 0 0 0 0 0 16 16 0 0 0 0 0 0 127 51 0;
egregore_data 0 0 127 0 0 127 0 0 0 0 0 0 0 0 0 127 38 0 127 0 0 0
0 0 0 0 0 0 0 100 0 0 127 127 78 0 93 90 127 0 19 127 127 0 0 0 70
0 0 0 127 127 34 0 69.0121 32.6316 34.0364 65.5263 54.9995 49.8745
12.8543 57.587 29.6073 44.2186 50.6138 0 21.081 21.753 0.0161943 127
81.8066 1 0 0 0 0 0 0 0 16 16 0 0 0 0 0 0 127 51 0;
egregore_data 0 0 127 0 0 127 0 0 0 0 0 0 0 0 0 127 38 0 127 0 0 0
0 0 0 0 0 0 0 100 0 0 127 127 78 0 93 90 127 0 19 127 127 0 0 0 70
0 0 0 127 127 34 0 69.0927 32.8508 34.1734 65.4879 55.2731 49.6734
13.3145 57.3548 29.7056 44.5524 50.4202 0 20.996 21.8226 0.0322581
127 81.8066 1 0 0 0 0 0 0 0 16 16 0 0 0 0 0 0 127 51 0;
egregore_data 0 0 127 0 0 127 0 0 0 0 0 0 0 0 0 127 38 0 127 0 0 0
0 0 0 0 0 0 0 100 0 0 127 127 78 0 93 90 127 0 19 127 127 0 0 0 70
0 0 0 127 127 34 0 69.0927 32.8508 34.1734 65.4879 55.2731 49.6734
13.3145 57.3548 29.7056 44.5524 50.4202 0 20.996 21.8226 0.0322581
127 81.8066 1 0 0 0 0 0 0 0 16 16 0 0 0 0 0 0 127 51 0;
egregore_data 0 0 127 0 0 127 0 0 0 0 0 0 0 0 0 127 38 0 127 0 0 0
0 0 0 0 0 0 0 100 0 0 127 127 78 0 93 90 127 0 19 127 127 0 0 0 70
0 0 0 127 127 34 0 69.0927 32.8508 34.1734 65.4879 55.2731 49.6734
13.3145 57.3548 29.7056 44.5524 50.4202 0 20.996 21.8226 0.0322581
127 81.8066 1 0 0 0 0 0 0 0 16 16 0 0 0 0 0 0 127 51 0;
egregore_data 0 0 127 0 0 127 0 0 0 0 0 0 0 0 0 127 38 0 127 0 0 0
0 0 0 0 0 0 0 100 0 0 127 127 78 0 93 90 127 0 19 127 127 0 0 0 70
0 0 0 127 127 34 0 69.1727 33.0683 34.3092 65.4498 55.5446 49.4739
13.7711 57.1245 29.8032 44.8835 50.2281 0 20.9116 21.8916 0.0481928
127 81.8066 1 0 0 0 0 0 0 0 16 16 0 0 0 0 0 0 127 51 0;
egregore_data 0 0 127 0 0 127 0 0 0 0 0 0 0 0 0 127 38 0 127 0 0 0
0 0 0 0 0 0 0 100 0 0 127 127 78 0 93 90 127 0 19 127 127 0 0 0 70
0 0 0 127 127 34 0 69.1008 32.9314 34.2339 65.7137 55.7686 49.6734
13.8266 57.3548 29.6774 45.0645 50.2653 0 20.996 21.9798 0.0483871
127 81.8066 1 0 0 0 0 0 0 0 16 16 0 0 0 0 0 0 127 51 0;
egregore_data 0 0 127 0 0 127 0 0 0 0 0 0 0 0 0 127 38 0 127 0 0 0
0 0 0 0 0 0 0 100 0 0 127 127 78 0 93 90 127 0 19 127 127 0 0 0 70
0 0 0 127 127 34 0 69.1008 32.9314 34.2339 65.7137 55.7686 49.6734
13.8266 57.3548 29.6774 45.0645 50.2653 0 20.996 21.9798 0.0483871
127 81.8066 1 0 0 0 0 0 0 0 16 16 0 0 0 0 0 0 127 51 0;
egregore_data 0 0 127 0 0 127 0 0 0 0 0 0 0 0 0 127 38 0 127 0 0 0
0 0 0 0 0 0 0 100 0 0 127 127 78 0 93 90 127 0 19 127 127 0 0 0 70
0 0 0 127 127 34 0 69.1807 33.1486 34.3695 65.6747 56.0381 49.4739
14.2811 57.1245 29.7751 45.3936 50.0739 0 20.9116 22.0482 0.064257
127 81.8066 1 0 0 0 0 0 0 0 16 16 0 0 0 0 0 0 127 51 0;
egregore_data 0 0 127 0 0 127 0 0 0 0 0 0 0 0 0 127 38 0 127 0 0 0
0 0 0 0 0 0 0 100 0 0 127 127 78 0 93 90 127 0 19 127 127 0 0 0 70
0 0 0 127 127 34 0 69.1807 33.1486 34.3695 65.6747 56.0381 49.4739
14.2811 57.1245 29.7751 45.3936 50.0739 0 20.9116 22.0482 0.064257
127 81.8066 1 0 0 0 0 0 0 0 16 16 0 0 0 0 0 0 127 51 0;
egregore_data 0 0 127 0 0 127 0 0 0 0 0 0 0 0 0 127 38 0 127 0 0 0
0 0 0 0 0 0 0 100 0 0 127 127 78 0 93 90 127 0 19 127 127 0 0 0 70
0 0 0 127 127 34 0 69.1089 33.0121 34.2944 65.9395 56.264 49.6734 14.3387
57.3548 29.6492 45.5766 50.1105 0 20.996 22.1371 0.0645161 127 81.8066
1 0 0 0 0 0 0 0 16 16 0 0 0 0 0 0 127 51 0;
egregore_data 0 0 127 0 0 127 0 0 0 0 0 0 0 0 0 127 38 0 127 0 0 0
0 0 0 0 0 0 0 100 0 0 127 127 78 0 93 90 127 0 19 127 127 0 0 0 70
0 0 0 127 127 34 0 69.1089 33.0121 34.2944 65.9395 56.264 49.6734 14.3387
57.3548 29.6492 45.5766 50.1105 0 20.996 22.1371 0.0645161 127 81.8066
1 0 0 0 0 0 0 0 16 16 0 0 0 0 0 0 127 51 0;
egregore_data 0 0 127 0 0 127 0 0 0 0 0 0 0 0 0 127 38 0 127 0 0 0
0 0 0 0 0 0 0 100 0 0 127 127 78 0 93 90 127 0 19 127 127 0 0 0 70
0 0 0 127 127 34 0 69.1888 33.2289 34.4297 65.8996 56.5315 49.4739
14.7912 57.1245 29.747 45.9036 49.9197 0 20.9116 22.2048 0.0803213
127 81.8066 1 0 0 0 0 0 0 0 16 16 0 0 0 0 0 0 127 51 0;
egregore_data 0 0 127 0 0 127 0 0 0 0 0 0 0 0 0 127 38 0 127 0 0 0
0 0 0 0 0 0 0 100 0 0 127 127 78 0 93 90 127 0 19 127 127 0 0 0 70
0 0 0 127 127 34 0 69.1888 33.2289 34.4297 65.8996 56.5315 49.4739
14.7912 57.1245 29.747 45.9036 49.9197 0 20.9116 22.2048 0.0803213
127 81.8066 1 0 0 0 0 0 0 0 16 16 0 0 0 0 0 0 127 51 0;
egregore_data 0 0 127 0 0 127 0 0 0 0 0 0 0 0 0 127 38 0 127 0 0 0
0 0 0 0 0 0 0 100 0 0 127 127 78 0 93 90 127 0 19 127 127 0 0 0 70
0 0 0 127 127 34 0 69.1888 33.2289 34.4297 65.8996 56.5315 49.4739
14.7912 57.1245 29.747 45.9036 49.9197 0 20.9116 22.2048 0.0803213
127 81.8066 1 0 0 0 0 0 0 0 16 16 0 0 0 0 0 0 127 51 0;
egregore_data 0 0 127 0 0 127 0 0 0 0 0 0 0 0 0 127 38 0 127 0 0 0
0 0 0 0 0 0 0 100 0 0 127 127 78 0 93 90 127 0 19 127 127 0 0 0 70
0 0 0 127 127 34 0 69.1888 33.2289 34.4297 65.8996 56.5315 49.4739
14.7912 57.1245 29.747 45.9036 49.9197 0 20.9116 22.2048 0.0803213
127 81.8066 1 0 0 0 0 0 0 0 16 16 0 0 0 0 0 0 127 51 0;
egregore_data 0 0 127 0 0 127 0 0 0 0 0 0 0 0 0 127 38 0 127 0 0 0
0 0 0 0 0 0 0 100 0 0 127 127 78 0 93 90 127 0 19 127 127 0 0 0 70
0 0 0 127 127 34 0 69.1888 33.2289 34.4297 65.8996 56.5315 49.4739
14.7912 57.1245 29.747 45.9036 49.9197 0 20.9116 22.2048 0.0803213
127 81.8066 1 0 0 0 0 0 0 0 16 16 0 0 0 0 0 0 127 51 0;
egregore_data 0 0 127 0 0 127 0 0 0 0 0 0 0 0 0 127 38 0 127 0 0 0
0 0 0 0 0 0 0 100 0 0 127 127 78 0 93 90 127 0 19 127 127 0 0 0 70
0 0 0 127 127 34 0 69.1888 33.2289 34.4297 65.8996 56.5315 49.4739
14.7912 57.1245 29.747 45.9036 49.9197 0 20.9116 22.2048 0.0803213
127 81.8066 1 0 0 0 0 0 0 0 16 16 0 0 0 0 0 0 127 51 0;
egregore_data 0 0 127 0 0 127 0 0 0 0 0 0 0 0 0 127 38 0 127 0 0 0
0 0 0 0 0 0 0 100 0 0 127 127 78 0 93 90 127 0 19 127 127 0 0 0 70
0 0 0 127 127 34 0 69.1888 33.2289 34.4297 65.8996 56.5315 49.4739
14.7912 57.1245 29.747 45.9036 49.9197 0 20.9116 22.2048 0.0803213
127 81.8066 1 0 0 0 0 0 0 0 16 16 0 0 0 0 0 0 127 51 0;
egregore_data 0 0 127 0 0 127 0 0 0 0 0 0 0 0 0 127 38 0 127 0 0 0
0 0 0 0 0 0 0 100 0 0 127 127 78 0 93 90 127 0 19 127 127 0 0 0 70
0 0 0 127 127 34 0 69.1888 33.2289 34.4297 65.8996 56.5315 49.4739
14.7912 57.1245 29.747 45.9036 49.9197 0 20.9116 22.2048 0.0803213
127 81.8066 1 0 0 0 0 0 0 0 16 16 0 0 0 0 0 0 127 51 0;
egregore_data 0 0 127 0 0 127 0 0 0 0 0 0 0 0 0 127 38 0 127 0 0 0
0 0 0 0 0 0 0 100 0 0 127 127 78 0 93 90 127 0 19 127 127 0 0 0 70
0 0 0 127 127 34 0 69.1888 33.2289 34.4297 65.8996 56.5315 49.4739
14.7912 57.1245 29.747 45.9036 49.9197 0 20.9116 22.2048 0.0803213
127 81.8066 1 0 0 0 0 0 0 0 16 16 0 0 0 0 0 0 127 51 0;
egregore_data 0 0 127 0 0 127 0 0 0 0 0 0 0 0 0 127 38 0 127 0 0 0
0 0 0 0 0 0 0 100 0 0 127 127 78 0 93 90 127 0 19 127 127 0 0 0 70
0 0 0 127 127 34 0 69.1888 33.2289 34.4297 65.8996 56.5315 49.4739
14.7912 57.1245 29.747 45.9036 49.9197 0 20.9116 22.2048 0.0803213
127 81.8066 1 0 0 0 0 0 0 0 16 16 0 0 0 0 0 0 127 51 0;
egregore_data 0 0 127 0 0 127 0 0 0 0 0 0 0 0 0 127 38 0 127 0 0 0
0 0 0 0 0 0 0 100 0 0 127 127 78 0 93 90 127 0 19 127 127 0 0 0 70
0 0 0 127 127 34 0 69.1888 33.2289 34.4297 65.8996 56.5315 49.4739
14.7912 57.1245 29.747 45.9036 49.9197 0 20.9116 22.2048 0.0803213
127 81.8066 1 0 0 0 0 0 0 0 16 16 0 0 0 0 0 0 127 51 0;
egregore_data 0 0 127 0 0 127 0 0 0 0 0 0 0 0 0 127 38 0 127 0 0 0
0 0 0 0 0 0 0 100 0 0 127 127 78 0 93 90 127 0 19 127 127 0 0 0 70
0 0 0 127 127 34 0 69.1888 33.2289 34.4297 65.8996 56.5315 49.4739
14.7912 57.1245 29.747 45.9036 49.9197 0 20.9116 22.2048 0.0803213
127 81.8066 1 0 0 0 0 0 0 0 16 16 0 0 0 0 0 0 127 51 0;
egregore_data 0 0 127 0 0 127 0 0 0 0 0 0 0 0 0 127 38 0 127 0 0 0
0 0 0 0 0 0 0 100 0 0 127 127 78 0 93 90 127 0 19 127 127 0 0 0 70
0 0 0 127 127 34 0 69.1169 33.0927 34.3548 66.1653 56.7595 49.6734
14.8508 57.3548 29.621 46.0887 49.9557 0 20.996 22.2944 0.0806452 127
81.8066 1 0 0 0 0 0 0 0 16 16 0 0 0 0 0 0 127 51 0;
egregore_data 0 0 127 0 0 127 0 0 0 0 0 0 0 0 0 127 38 0 127 0 0 0
0 0 0 0 0 0 0 100 0 0 127 127 78 0 93 90 127 0 19 127 127 0 0 0 70
0 0 0 127 127 34 0 69.0445 32.9555 34.2794 66.4332 56.9893 49.8745
14.9109 57.587 29.4939 46.2753 49.9919 0 21.081 22.3846 0.0809717 127
81.8066 1 0 0 0 0 0 0 0 16 16 0 0 0 0 0 0 127 51 0;
egregore_data 0 0 127 0 0 127 0 0 0 0 0 0 0 0 0 127 38 0 127 0 0 0
0 0 0 0 0 0 0 100 0 0 127 127 78 0 93 90 127 0 19 127 127 0 0 0 70
0 0 0 127 127 34 0 68.898 32.6776 34.1265 66.9755 57.4545 50.2816 15.0327
58.0571 29.2367 46.6531 50.0653 0 21.2531 22.5673 0.0816327 127 81.8066
1 0 0 0 0 0 0 0 16 16 0 0 0 0 0 0 127 51 0;
egregore_data 0 0 127 0 0 127 0 0 0 0 0 0 0 0 0 127 38 0 127 0 0 0
0 0 0 0 0 0 0 100 0 0 127 127 78 0 93 90 127 0 19 127 127 0 0 0 70
0 0 0 127 127 34 0 69.0607 33.1174 34.4008 66.8866 57.9842 49.8745
15.9393 57.587 29.4372 47.3036 49.681 0 21.081 22.7004 0.11336 127
81.8066 1 0 0 0 0 0 0 0 16 16 0 0 0 0 0 0 127 51 0;
egregore_data 0 0 127 0 0 127 0 0 0 0 0 0 0 0 0 127 38 0 127 0 0 0
0 0 0 0 0 0 0 100 0 0 127 127 78 0 93 90 127 0 19 127 127 0 0 0 70
0 0 0 127 127 34 0 69.0607 33.1174 34.4008 66.8866 57.9842 49.8745
15.9393 57.587 29.4372 47.3036 49.681 0 21.081 22.7004 0.11336 127
81.8066 1 0 0 0 0 0 0 0 16 16 0 0 0 0 0 0 127 51 0;
egregore_data 0 0 127 0 0 127 0 0 0 0 0 0 0 0 0 127 38 0 127 0 0 0
0 0 0 0 0 0 0 100 0 0 127 127 78 0 93 90 127 0 19 127 127 0 0 0 70
0 0 0 127 127 34 0 69.0607 33.1174 34.4008 66.8866 57.9842 49.8745
15.9393 57.587 29.4372 47.3036 49.681 0 21.081 22.7004 0.11336 127
81.8066 1 0 0 0 0 0 0 0 16 16 0 0 0 0 0 0 127 51 0;
egregore_data 0 0 127 0 0 127 0 0 0 0 0 0 0 0 0 127 38 0 127 0 0 0
0 0 0 0 0 0 0 100 0 0 127 127 78 0 93 90 127 0 19 127 127 0 0 0 70
0 0 0 127 127 34 0 69.1411 33.3347 34.5363 66.8427 58.2458 49.6734
16.3871 57.3548 29.5363 47.625 49.4912 0 20.996 22.7661 0.129032 127
81.8066 1 0 0 0 0 0 0 0 16 16 0 0 0 0 0 0 127 51 0;
egregore_data 0 0 127 0 0 127 0 0 0 0 0 0 0 0 0 127 38 0 127 0 0 0
0 0 0 0 0 0 0 100 0 0 127 127 78 0 93 90 127 0 19 127 127 0 0 0 70
0 0 0 127 127 34 0 69.1411 33.3347 34.5363 66.8427 58.2458 49.6734
16.3871 57.3548 29.5363 47.625 49.4912 0 20.996 22.7661 0.129032 127
81.8066 1 0 0 0 0 0 0 0 16 16 0 0 0 0 0 0 127 51 0;
egregore_data 0 0 127 0 0 127 0 0 0 0 0 0 0 0 0 127 38 0 127 0 0 0
0 0 0 0 0 0 0 100 0 0 127 127 78 0 93 90 127 0 19 127 127 0 0 0 70
0 0 0 127 127 34 0 69.1411 33.3347 34.5363 66.8427 58.2458 49.6734
16.3871 57.3548 29.5363 47.625 49.4912 0 20.996 22.7661 0.129032 127
81.8066 1 0 0 0 0 0 0 0 16 16 0 0 0 0 0 0 127 51 0;
egregore_data 0 0 127 0 0 127 0 0 0 0 0 0 0 0 0 127 38 0 127 0 0 0
0 0 0 0 0 0 0 100 0 0 127 127 78 0 93 90 127 0 19 127 127 0 0 0 70
0 0 0 127 127 34 0 69.0688 33.1984 34.4615 67.1134 58.4816 49.8745
16.4534 57.587 29.4089 47.8178 49.5256 0 21.081 22.8583 0.129555 127
81.8066 1 0 0 0 0 0 0 0 16 16 0 0 0 0 0 0 127 51 0;
egregore_data 0 0 127 0 0 127 0 0 0 0 0 0 0 0 0 127 38 0 127 0 0 0
0 0 0 0 0 0 0 100 0 0 127 127 78 0 93 90 127 0 19 127 127 0 0 0 70
0 0 0 127 127 34 0 69.0688 33.1984 34.4615 67.1134 58.4816 49.8745
16.4534 57.587 29.4089 47.8178 49.5256 0 21.081 22.8583 0.129555 127
81.8066 1 0 0 0 0 0 0 0 16 16 0 0 0 0 0 0 127 51 0;
egregore_data 0 0 127 0 0 127 0 0 0 0 0 0 0 0 0 127 38 0 127 0 0 0
0 0 0 0 0 0 0 100 0 0 127 127 78 0 93 90 127 0 19 127 127 0 0 0 70
0 0 0 127 127 34 0 69.0688 33.1984 34.4615 67.1134 58.4816 49.8745
16.4534 57.587 29.4089 47.8178 49.5256 0 21.081 22.8583 0.129555 127
81.8066 1 0 0 0 0 0 0 0 16 16 0 0 0 0 0 0 127 51 0;
egregore_data 0 0 127 0 0 127 0 0 0 0 0 0 0 0 0 127 38 0 127 0 0 0
0 0 0 0 0 0 0 100 0 0 127 127 78 0 93 90 127 0 19 127 127 0 0 0 70
0 0 0 127 127 34 0 69.0688 33.1984 34.4615 67.1134 58.4816 49.8745
16.4534 57.587 29.4089 47.8178 49.5256 0 21.081 22.8583 0.129555 127
81.8066 1 0 0 0 0 0 0 0 16 16 0 0 0 0 0 0 127 51 0;
egregore_data 0 0 127 0 0 127 0 0 0 0 0 0 0 0 0 127 38 0 127 0 0 0
0 0 0 0 0 0 0 100 0 0 127 127 78 0 93 90 127 0 19 127 127 0 0 0 70
0 0 0 127 127 34 0 69.0688 33.1984 34.4615 67.1134 58.4816 49.8745
16.4534 57.587 29.4089 47.8178 49.5256 0 21.081 22.8583 0.129555 127
81.8066 1 0 0 0 0 0 0 0 16 16 0 0 0 0 0 0 127 51 0;
egregore_data 0 0 127 0 0 127 0 0 0 0 0 0 0 0 0 127 38 0 127 0 0 0
0 0 0 0 0 0 0 100 0 0 127 127 78 0 93 90 127 0 19 127 127 0 0 0 70
0 0 0 127 127 34 0 68.9959 33.061 34.3862 67.3862 58.7193 50.0772 16.5203
57.8211 29.2805 48.0122 49.5602 0 21.1667 22.9512 0.130081 127 81.8066
1 0 0 0 0 0 0 0 16 16 0 0 0 0 0 0 127 51 0;
END;
