HTTP/1.1 200 OK
Date: Thu, 28 May 2015 12:30:57 GMT
Server: Apache
Last-Modified: Wed, 27 May 2015 19:02:22 GMT
Accept-Ranges: bytes
Content-Length: 23030
Vary: Accept-Encoding
Connection: close
Content-Type: text/plain

chdh_egregore_live_data;
egregore_data 62 64 0 0 0 0 127 0 0 0 0 0 0 0 0 127 38 1 0 0 0 0 0
0 0 0 0 6 0 127 0 0 0 127 78 0 0 0 127 0 0 30 127 0 0 0 70 0 0 0 0
127 34 0 53 99 83 0 0 0 0 32 0 0 21 0 40 0 0 127 88 0 0 0 0 0 0 0 0
16 16 0 0 0 0 0 0 127 51 0;
egregore_data 64 65 0 0 0 0 127 0 0 0 0 0 0 0 0 127 38 1 0 0 0 0 0
0 0 0 0 6 0 127 0 0 0 127 78 0 0 0 127 0 0 30 127 0 0 0 70 0 0 0 0
127 34 0 53 99 83 0 0 0 0 32 0 0 21 0 40 0 0 127 88 0 0 0 0 0 0 0 0
16 16 0 0 0 0 0 0 127 51 0;
egregore_data 64 65 0 0 0 0 127 0 0 0 0 0 0 0 0 127 38 1 0 0 0 0 0
0 0 0 0 6 0 127 0 0 0 127 78 0 0 0 127 0 0 30 127 0 0 0 70 0 0 0 0
127 34 0 53 99 83 0 0 0 0 32 0 0 21 0 40 0 0 127 88 0 0 0 0 0 0 0 0
16 16 0 0 0 0 0 0 127 51 0;
egregore_data 65 66 0 0 0 0 127 0 0 0 0 0 0 0 0 127 38 1 0 0 0 0 0
0 0 0 0 6 0 127 0 0 0 127 78 0 0 0 127 0 0 30 127 0 0 0 70 0 0 0 0
127 34 0 53 99 83 0 0 0 0 32 0 0 21 0 40 0 0 127 88 0 0 0 0 0 0 0 0
16 16 0 0 0 0 0 0 127 51 0;
egregore_data 65 67 0 0 0 0 127 0 0 0 0 0 0 0 0 127 38 1 0 0 0 0 0
0 0 0 0 6 0 127 0 0 0 127 78 0 0 0 127 0 0 30 127 0 0 0 70 0 0 0 0
127 34 0 53 99 83 0 0 0 0 32 0 0 21 0 40 0 0 127 88 0 0 0 0 0 0 0 0
16 16 0 0 0 0 0 0 127 51 0;
egregore_data 66 67 0 0 0 0 127 0 0 0 0 0 0 0 0 127 38 1 0 0 0 0 0
0 0 0 0 6 0 127 0 0 0 127 78 0 0 0 127 0 0 30 127 0 0 0 70 0 0 0 0
127 34 0 53 99 83 0 0 0 0 32 0 0 21 0 40 0 0 127 88 0 0 0 0 0 0 0 0
16 16 0 0 0 0 0 0 127 51 0;
egregore_data 66 67 0 0 0 0 127 0 0 0 0 0 0 0 0 127 38 1 0 0 0 0 0
0 0 0 0 6 0 127 0 0 0 127 78 0 0 0 127 0 0 30 127 0 0 0 70 0 0 0 0
127 34 0 53 99 83 0 0 0 0 32 0 0 21 0 40 0 0 127 88 0 0 0 0 0 0 0 0
16 16 0 0 0 0 0 0 127 51 0;
egregore_data 67 68 0 0 0 0 127 0 0 0 0 0 0 0 0 127 38 1 0 0 0 0 0
0 0 0 0 6 0 127 0 0 0 127 78 0 0 0 127 0 0 30 127 0 0 0 70 0 0 0 0
127 34 0 53 99 83 0 0 0 0 32 0 0 21 0 40 0 0 127 88 0 0 0 0 0 0 0 0
16 16 0 0 0 0 0 0 127 51 0;
egregore_data 67 68 0 0 0 0 127 0 0 0 0 0 0 0 0 127 38 1 0 0 0 0 0
0 0 0 0 6 0 127 0 0 0 127 78 0 0 0 127 0 0 30 127 0 0 0 70 0 0 0 0
127 34 0 53 99 83 0 0 0 0 32 0 0 21 0 40 0 0 127 88 0 0 0 0 0 0 0 0
16 16 0 0 0 0 0 0 127 51 0;
egregore_data 67 68 0 0 0 0 127 0 0 0 0 0 0 0 0 127 38 1 0 0 0 0 0
0 0 0 0 6 0 127 0 0 0 127 78 0 0 0 127 0 0 30 127 0 0 0 70 0 0 0 0
127 34 0 53 99 83 0 0 0 0 32 0 0 21 0 40 0 0 127 88 0 0 0 0 0 0 0 0
16 16 0 0 0 0 0 0 127 51 0;
egregore_data 67 70 0 0 0 0 127 0 0 0 0 0 0 0 0 127 38 1 0 0 0 0 0
0 0 0 0 6 0 127 0 0 0 127 78 0 0 0 127 0 0 30 127 0 0 0 70 0 0 0 0
127 34 0 53 99 83 0 0 0 0 32 0 0 21 0 40 0 0 127 88 0 0 0 0 0 0 0 0
16 16 0 0 0 0 0 0 127 51 0;
egregore_data 67 70 0 0 0 0 127 0 0 0 0 0 0 0 0 127 38 1 0 0 0 0 0
0 0 0 0 6 0 127 0 0 0 127 78 0 0 0 127 0 0 30 127 0 0 0 70 0 0 0 0
127 34 0 53 99 83 0 0 0 0 32 0 0 21 0 40 0 0 127 88 0 0 0 0 0 0 0 0
16 16 0 0 0 0 0 0 127 51 0;
egregore_data 67 70 0 0 0 0 127 0 0 0 0 0 0 0 0 127 38 1 0 0 0 0 0
0 0 0 0 6 0 127 0 0 0 127 78 0 0 0 127 0 0 30 127 0 0 0 70 0 0 0 0
127 34 0 53 99 83 0 0 0 0 32 0 0 21 0 40 0 0 127 88 0 0 0 0 0 0 0 0
16 16 0 0 0 0 0 0 127 51 0;
egregore_data 67 70 0 0 0 0 127 0 0 0 0 0 0 0 0 127 38 1 0 0 0 0 0
0 0 0 0 6 0 127 0 0 0 127 78 0 0 0 127 0 0 30 127 0 0 0 70 0 0 0 0
127 34 0 53 99 83 0 0 0 0 32 0 0 21 0 40 0 0 127 88 0 0 0 0 0 0 0 0
16 16 0 0 0 0 0 0 127 51 0;
egregore_data 68 71 0 0 0 0 127 0 0 0 0 0 0 0 0 127 38 1 0 0 0 0 0
0 0 0 0 6 0 127 0 0 0 127 78 0 0 0 127 0 0 30 127 0 0 0 70 0 0 0 0
127 34 0 53 99 83 0 0 0 0 32 0 0 21 0 40 0 0 127 88 0 0 0 0 0 0 0 0
16 16 0 0 0 0 0 0 127 51 0;
egregore_data 68 71 0 0 0 0 127 0 0 0 0 0 0 0 0 127 38 1 0 0 0 0 0
0 0 0 0 6 0 127 0 0 0 127 78 0 0 0 127 0 0 30 127 0 0 0 70 0 0 0 0
127 34 0 53 99 83 0 0 0 0 32 0 0 21 0 40 0 0 127 88 0 0 0 0 0 0 0 0
16 16 0 0 0 0 0 0 127 51 0;
egregore_data 70 71 0 0 0 0 127 0 0 0 0 0 0 0 0 127 38 1 0 0 0 0 0
0 0 0 0 6 0 127 0 0 0 127 78 0 0 0 127 0 0 30 127 0 0 0 70 0 0 0 0
127 34 0 53 99 83 0 0 0 0 32 0 0 21 0 40 0 0 127 88 0 0 0 0 0 0 0 0
16 16 0 0 0 0 0 0 127 51 0;
egregore_data 70 71 0 0 0 0 127 0 0 0 0 0 0 0 0 127 38 1 0 0 0 0 0
0 0 0 0 6 0 127 0 0 0 127 78 0 0 0 127 0 0 30 127 0 0 0 70 0 0 0 0
127 34 0 53 99 83 0 0 0 0 32 0 0 21 0 40 0 0 127 88 0 0 0 0 0 0 0 0
16 16 0 0 0 0 0 0 127 51 0;
egregore_data 70 71 0 0 0 0 127 0 0 0 0 0 0 0 0 127 38 1 0 0 0 0 0
0 0 0 0 6 0 127 0 0 0 127 78 0 0 0 127 0 0 30 127 0 0 0 70 0 0 0 0
127 34 0 53 99 83 0 0 0 0 32 0 0 21 0 40 0 0 127 88 0 0 0 0 0 0 0 0
16 16 0 0 0 0 0 0 127 51 0;
egregore_data 70 72 0 0 0 0 127 0 0 0 0 0 0 0 0 127 38 1 0 0 0 0 0
0 0 0 0 6 0 127 0 0 0 127 78 0 0 0 127 0 0 30 127 0 0 0 70 0 0 0 0
127 34 0 53 99 83 0 0 0 0 32 0 0 21 0 40 0 0 127 88 0 0 0 0 0 0 0 0
16 16 0 0 0 0 0 0 127 51 0;
egregore_data 71 72 0 0 0 0 127 0 0 0 0 0 0 0 0 127 38 1 0 0 0 0 0
0 0 0 0 6 0 127 0 0 0 127 78 0 0 0 127 0 0 30 127 0 0 0 70 0 0 0 0
127 34 0 53 99 83 0 0 0 0 32 0 0 21 0 40 0 0 127 88 0 0 0 0 0 0 0 0
16 16 0 0 0 0 0 0 127 51 0;
egregore_data 71 72 0 0 0 0 127 0 0 0 0 0 0 0 0 127 38 1 0 0 0 0 0
0 0 0 0 6 0 127 0 0 0 127 78 0 0 0 127 0 0 30 127 0 0 0 70 0 0 0 0
127 34 0 53 99 83 0 0 0 0 32 0 0 21 0 40 0 0 127 88 0 0 0 0 0 0 0 0
16 16 0 0 0 0 0 0 127 51 0;
egregore_data 71 73 0 0 0 0 127 0 0 0 0 0 0 0 0 127 38 1 0 0 0 0 0
0 0 0 0 6 0 127 0 0 0 127 78 0 0 0 127 0 0 30 127 0 0 0 70 0 0 0 0
127 34 0 53 99 83 0 0 0 0 32 0 0 21 0 40 0 0 127 88 0 0 0 0 0 0 0 0
16 16 0 0 0 0 0 0 127 51 0;
egregore_data 72 73 0 0 0 0 127 0 0 0 0 0 0 0 0 127 38 1 0 0 0 0 0
0 0 0 0 6 0 127 0 0 0 127 78 0 0 0 127 0 0 30 127 0 0 0 70 0 0 0 0
127 34 0 53 99 83 0 0 0 0 32 0 0 21 0 40 0 0 127 88 0 0 0 0 0 0 0 0
16 16 0 0 0 0 0 0 127 51 0;
egregore_data 72 73 0 0 0 0 127 0 0 0 0 0 0 0 0 127 38 1 0 0 0 0 0
0 0 0 0 6 0 127 0 0 0 127 78 0 0 0 127 0 0 30 127 0 0 0 70 0 0 0 0
127 34 0 53 99 83 0 0 0 0 32 0 0 21 0 40 0 0 127 88 0 0 0 0 0 0 0 0
16 16 0 0 0 0 0 0 127 51 0;
egregore_data 72 73 0 0 0 0 127 0 0 0 0 0 0 0 0 127 38 1 0 0 0 0 0
0 0 0 0 6 0 127 0 0 0 127 78 0 0 0 127 0 0 30 127 0 0 0 70 0 0 0 0
127 34 0 53 99 83 0 0 0 0 32 0 0 21 0 40 0 0 127 88 0 0 0 0 0 0 0 0
16 16 0 0 0 0 0 0 127 51 0;
egregore_data 72 73 0 0 0 0 127 0 0 0 0 0 0 0 0 127 38 1 0 0 0 0 0
0 0 0 0 6 0 127 0 0 0 127 78 0 0 0 127 0 0 30 127 0 0 0 70 0 0 0 0
127 34 0 53 99 83 0 0 0 0 32 0 0 21 0 40 0 0 127 88 0 0 0 0 0 0 0 0
16 16 0 0 0 0 0 0 127 51 0;
egregore_data 72 73 0 0 0 0 127 0 0 0 0 0 0 0 0 127 38 1 0 0 0 0 0
0 0 0 0 6 0 127 0 0 0 127 78 0 0 0 127 0 0 30 127 0 0 0 70 0 0 0 0
127 34 0 53 99 83 0 0 0 0 32 0 0 21 0 40 0 0 127 88 0 0 0 0 0 0 0 0
16 16 0 0 0 0 0 0 127 51 0;
egregore_data 72 73 0 0 0 0 127 0 0 0 0 0 0 0 0 127 38 1 0 0 0 0 0
0 0 0 0 6 0 127 0 0 0 127 78 0 0 0 127 0 0 30 127 0 0 0 70 0 0 0 0
127 34 0 53 99 83 0 0 0 0 32 0 0 21 0 40 0 0 127 88 0 0 0 0 0 0 0 0
16 16 0 0 0 0 0 0 127 51 0;
egregore_data 72 73 0 0 0 0 127 0 0 0 0 0 0 0 0 127 38 1 0 0 0 0 0
0 0 0 0 6 0 127 0 0 0 127 78 0 0 0 127 0 0 30 127 0 0 0 70 0 0 0 0
127 34 0 53 99 83 0 0 0 0 32 0 0 21 0 40 0 0 127 88 0 0 0 0 0 0 0 0
16 16 0 0 0 0 0 0 127 51 0;
egregore_data 72 73 0 0 0 0 127 0 0 0 0 0 0 0 0 127 38 1 0 0 0 0 0
0 0 0 0 6 0 127 0 0 0 127 78 0 0 0 127 0 0 30 127 0 0 0 70 0 0 0 0
127 34 0 53 99 83 0 0 0 0 32 0 0 21 0 40 0 0 127 88 0 0 0 0 0 0 0 0
16 16 0 0 0 0 0 0 127 51 0;
egregore_data 72 73 0 0 0 0 127 0 0 0 0 0 0 0 0 127 38 1 0 0 0 0 0
0 0 0 0 6 0 127 0 0 0 127 78 0 0 0 127 0 0 30 127 0 0 0 70 0 0 0 0
127 34 0 53 99 83 0 0 0 0 32 0 0 21 0 40 0 0 127 88 0 0 0 0 0 0 0 0
16 16 0 0 0 0 0 0 127 51 0;
egregore_data 72 73 0 0 0 0 127 0 0 0 0 0 0 0 0 127 38 1 0 0 0 0 0
0 0 0 0 6 0 127 0 0 0 127 78 0 0 0 127 0 0 30 127 0 0 0 70 0 0 0 0
127 34 0 53 99 83 0 0 0 0 32 0 0 21 0 40 0 0 127 88 0 0 0 0 0 0 0 0
16 16 0 0 0 0 0 0 127 51 0;
egregore_data 72 73 0 0 0 0 127 0 0 0 0 0 0 0 0 127 38 1 0 0 0 0 0
0 0 0 0 6 0 127 0 0 0 127 78 0 0 0 127 0 0 30 127 0 0 0 70 0 0 0 0
127 34 0 53 99 83 0 0 0 0 32 0 0 21 0 40 0 0 127 88 0 0 0 0 0 0 0 0
16 16 0 0 0 0 0 0 127 51 0;
egregore_data 73 73 0 0 0 0 127 0 0 0 0 0 0 0 0 127 38 1 0 0 0 0 0
0 0 0 0 6 0 127 0 0 0 127 78 0 0 0 127 0 0 30 127 0 0 0 70 0 0 0 0
127 34 0 53 99 83 0 0 0 0 32 0 0 21 0 40 0 0 127 88 0 0 0 0 0 0 0 0
16 16 0 0 0 0 0 0 127 51 0;
egregore_data 73 74 0 0 0 0 127 0 0 0 0 0 0 0 0 127 38 1 0 0 0 0 0
0 0 0 0 6 0 127 0 0 0 127 78 0 0 0 127 0 0 30 127 0 0 0 70 0 0 0 0
127 34 0 53 99 83 0 0 0 0 32 0 0 21 0 40 0 0 127 88 0 0 0 0 0 0 0 0
16 16 0 0 0 0 0 0 127 51 0;
egregore_data 73 74 0 0 0 0 127 0 0 0 0 0 0 0 0 127 38 1 0 0 0 0 0
0 0 0 0 6 0 127 0 0 0 127 78 0 0 0 127 0 0 30 127 0 0 0 70 0 0 0 0
127 34 0 53 99 83 0 0 0 0 32 0 0 21 0 40 0 0 127 88 0 0 0 0 0 0 0 0
16 16 0 0 0 0 0 0 127 51 0;
egregore_data 73 74 0 0 0 0 127 0 0 0 0 0 0 0 0 127 38 1 0 0 0 0 0
0 0 0 0 6 0 127 0 0 0 127 78 0 0 0 127 0 0 30 127 0 0 0 70 0 0 0 0
127 34 0 53 99 83 0 0 0 0 32 0 0 21 0 40 0 0 127 88 0 0 0 0 0 0 0 0
16 16 0 0 0 0 0 0 127 51 0;
egregore_data 74 74 0 0 0 0 127 0 0 0 0 0 0 0 0 127 38 1 0 0 0 0 0
0 0 0 0 6 0 127 0 0 0 127 78 0 0 0 127 0 0 30 127 0 0 0 70 0 0 0 0
127 34 0 53 99 83 0 0 0 0 32 0 0 21 0 40 0 0 127 88 0 0 0 0 0 0 0 0
16 16 0 0 0 0 0 0 127 51 0;
egregore_data 74 75 0 0 0 0 127 0 0 0 0 0 0 0 0 127 38 1 0 0 0 0 0
0 0 0 0 6 0 127 0 0 0 127 78 0 0 0 127 0 0 30 127 0 0 0 70 0 0 0 0
127 34 0 53 99 83 0 0 0 0 32 0 0 21 0 40 0 0 127 88 0 0 0 0 0 0 0 0
16 16 0 0 0 0 0 0 127 51 0;
egregore_data 74 75 0 0 0 0 127 0 0 0 0 0 0 0 0 127 38 1 0 0 0 0 0
0 0 0 0 6 0 127 0 0 0 127 78 0 0 0 127 0 0 30 127 0 0 0 70 0 0 0 0
127 34 0 53 99 83 0 0 0 0 32 0 0 21 0 40 0 0 127 88 0 0 0 0 0 0 0 0
16 16 0 0 0 0 0 0 127 51 0;
egregore_data 74 75 0 0 0 0 127 0 0 0 0 0 0 0 0 127 38 1 0 0 0 0 0
0 0 0 0 6 0 127 0 0 0 127 78 0 0 0 127 0 0 30 127 0 0 0 70 0 0 0 0
127 34 0 53 99 83 0 0 0 0 32 0 0 21 0 40 0 0 127 88 0 0 0 0 0 0 0 0
16 16 0 0 0 0 0 0 127 51 0;
egregore_data 74 75 0 0 0 0 127 0 0 0 0 0 0 0 0 127 38 1 0 0 0 0 0
0 0 0 0 6 0 127 0 0 0 127 78 0 0 0 127 0 0 30 127 0 0 0 70 0 0 0 0
127 34 0 53 99 83 0 0 0 0 32 0 0 21 0 40 0 0 127 88 0 0 0 0 0 0 0 0
16 16 0 0 0 0 0 0 127 51 0;
egregore_data 74 75 0 0 0 0 127 0 0 0 0 0 0 0 0 127 38 1 0 0 0 0 0
0 0 0 0 6 0 127 0 0 0 127 78 0 0 0 127 0 0 30 127 0 0 0 70 0 0 0 0
127 34 0 53 99 83 0 0 0 0 32 0 0 21 0 40 0 0 127 88 0 0 0 0 0 0 0 0
16 16 0 0 0 0 0 0 127 51 0;
egregore_data 74 75 0 0 0 0 127 0 0 0 0 0 0 0 0 127 38 1 0 0 0 0 0
0 0 0 0 6 0 127 0 0 0 127 78 0 0 0 127 0 0 30 127 0 0 0 70 0 0 0 0
127 34 0 53 99 83 0 0 0 0 32 0 0 21 0 40 0 0 127 88 0 0 0 0 0 0 0 0
16 16 0 0 0 0 0 0 127 51 0;
egregore_data 74 75 0 0 0 0 127 0 0 0 0 0 0 0 0 127 38 1 0 0 0 0 0
0 0 0 0 6 0 127 0 0 0 127 78 0 0 0 127 0 0 30 127 0 0 0 70 0 0 0 0
127 34 0 53 99 83 0 0 0 0 32 0 0 21 0 40 0 0 127 88 0 0 0 0 0 0 0 0
16 16 0 0 0 0 0 0 127 51 0;
egregore_data 74 75 0 0 0 0 127 0 0 0 0 0 0 0 0 127 38 1 0 0 0 0 0
0 0 0 0 6 0 127 0 0 0 127 78 0 0 0 127 0 0 30 127 0 0 0 70 0 0 0 0
127 34 0 53 99 83 0 0 0 0 32 0 0 21 0 40 0 0 127 88 0 0 0 0 0 0 0 0
16 16 0 0 0 0 0 0 127 51 0;
egregore_data 74 75 0 0 0 0 127 0 0 0 0 0 0 0 0 127 38 1 0 0 0 0 0
0 0 0 0 6 0 127 0 0 0 127 78 0 0 0 127 0 0 30 127 0 0 0 70 0 0 0 0
127 34 0 53 99 83 0 0 0 0 32 0 0 21 0 40 0 0 127 88 0 0 0 0 0 0 0 0
16 16 0 0 0 0 0 0 127 51 0;
egregore_data 74 75 0 0 0 0 127 0 0 0 0 0 0 0 0 127 38 1 0 0 0 0 0
0 0 0 0 6 0 127 0 0 0 127 78 0 0 0 127 0 0 30 127 0 0 0 70 0 0 0 0
127 34 0 53 99 83 0 0 0 0 32 0 0 21 0 40 0 0 127 88 0 0 0 0 0 0 0 0
16 16 0 0 0 0 0 0 127 51 0;
egregore_data 74 75 0 0 0 0 127 0 0 0 0 0 0 0 0 127 38 1 0 0 0 0 0
0 0 0 0 6 0 127 0 0 0 127 78 0 0 0 127 0 0 30 127 0 0 0 70 0 0 0 0
127 34 0 53 99 83 0 0 0 0 32 0 0 21 0 40 0 0 127 88 0 0 0 0 0 0 0 0
16 16 0 0 0 0 0 0 127 51 0;
egregore_data 74 75 0 0 0 0 127 0 0 0 0 0 0 0 0 127 38 1 0 0 0 0 0
0 0 0 0 6 0 127 0 0 0 127 78 0 0 0 127 0 0 30 127 0 0 0 70 0 0 0 0
127 34 0 53 99 83 0 0 0 0 32 0 0 21 0 40 0 0 127 88 0 0 0 0 0 0 0 0
16 16 0 0 0 0 0 0 127 51 0;
egregore_data 74 75 0 0 0 0 127 0 0 0 0 0 0 0 0 127 38 1 0 0 0 0 0
0 0 0 0 6 0 127 0 0 0 127 78 0 0 0 127 0 0 30 127 0 0 0 70 0 0 0 0
127 34 0 53 99 83 0 0 0 0 32 0 0 21 0 40 0 0 127 88 0 0 0 0 0 0 0 0
16 16 0 0 0 0 0 0 127 51 0;
egregore_data 74 75 0 0 0 0 127 0 0 0 0 0 0 0 0 127 38 1 0 0 0 0 0
0 0 0 0 6 0 127 0 0 0 127 78 0 0 0 127 0 0 30 127 0 0 0 70 0 0 0 0
127 34 0 53 99 83 0 0 0 0 32 0 0 21 0 40 0 0 127 88 0 0 0 0 0 0 0 0
16 16 0 0 0 0 0 0 127 51 0;
egregore_data 74 75 0 0 0 0 127 0 0 0 0 0 0 0 0 127 38 1 0 0 0 0 0
0 0 0 0 6 0 127 0 0 0 127 78 0 0 0 127 0 0 30 127 0 0 0 70 0 0 0 0
127 34 0 53 99 83 0 0 0 0 32 0 0 21 0 40 0 0 127 88 0 0 0 0 0 0 0 0
16 16 0 0 0 0 0 0 127 51 0;
egregore_data 74 77 0 0 0 0 127 0 0 0 0 0 0 0 0 127 38 1 0 0 0 0 0
0 0 0 0 6 0 127 0 0 0 127 78 0 0 0 127 0 0 30 127 0 0 0 70 0 0 0 0
127 34 0 53 99 83 0 0 0 0 32 0 0 21 0 40 0 0 127 88 0 0 0 0 0 0 0 0
16 16 0 0 0 0 0 0 127 51 0;
egregore_data 77 78 0 0 0 0 127 0 0 0 0 0 0 0 0 127 38 1 0 0 0 0 0
0 0 0 0 6 0 127 0 0 0 127 78 0 0 0 127 0 0 30 127 0 0 0 70 0 0 0 0
127 34 0 53 99 83 0 0 0 0 32 0 0 21 0 40 0 0 127 88 0 0 0 0 0 0 0 0
16 16 0 0 0 0 0 0 127 51 0;
egregore_data 78 79 0 0 0 0 127 0 0 0 0 0 0 0 0 127 38 1 0 0 0 0 0
0 0 0 0 6 0 127 0 0 0 127 78 0 0 0 127 0 0 30 127 0 0 0 70 0 0 0 0
127 34 0 53 99 83 0 0 0 0 32 0 0 21 0 40 0 0 127 88 0 0 0 0 0 0 0 0
16 16 0 0 0 0 0 0 127 51 0;
egregore_data 78 79 0 0 0 0 127 0 0 0 0 0 0 0 0 127 38 1 0 0 0 0 0
0 0 0 0 6 0 127 0 0 0 127 78 0 0 0 127 0 0 30 127 0 0 0 70 0 0 0 0
127 34 0 53 99 83 0 0 0 0 32 0 0 21 0 40 0 0 127 88 0 0 0 0 0 0 0 0
16 16 0 0 0 0 0 0 127 51 0;
egregore_data 78 79 0 0 0 0 127 0 0 0 0 0 0 0 0 127 38 1 0 0 0 0 0
0 0 0 0 6 0 127 0 0 0 127 78 0 0 0 127 0 0 30 127 0 0 0 70 0 0 0 0
127 34 0 53 99 83 0 0 0 0 32 0 0 21 0 40 0 0 127 88 0 0 0 0 0 0 0 0
16 16 0 0 0 0 0 0 127 51 0;
egregore_data 78 79 0 0 0 0 127 0 0 0 0 0 0 0 0 127 38 1 0 0 0 0 0
0 0 0 0 6 0 127 0 0 0 127 78 0 0 0 127 0 0 30 127 0 0 0 70 0 0 0 0
127 34 0 53 99 83 0 0 0 0 32 0 0 21 0 40 0 0 127 88 0 0 0 0 0 0 0 0
16 16 0 0 0 0 0 0 127 51 0;
egregore_data 78 79 0 0 0 0 127 0 0 0 0 0 0 0 0 127 38 1 0 0 0 0 0
0 0 0 0 6 0 127 0 0 0 127 78 0 0 0 127 0 0 30 127 0 0 0 70 0 0 0 0
127 34 0 53 99 83 0 0 0 0 32 0 0 21 0 40 0 0 127 88 0 0 0 0 0 0 0 0
16 16 0 0 0 0 0 0 127 51 0;
egregore_data 78 79 0 0 0 0 127 0 0 0 0 0 0 0 0 127 38 1 0 0 0 0 0
0 0 0 0 6 0 127 0 0 0 127 78 0 0 0 127 0 0 30 127 0 0 0 70 0 0 0 0
127 34 0 53 99 83 0 0 0 0 32 0 0 21 0 40 0 0 127 88 0 0 0 0 0 0 0 0
16 16 0 0 0 0 0 0 127 51 0;
egregore_data 78 80 0 0 0 0 127 0 0 0 0 0 0 0 0 127 38 1 0 0 0 0 0
0 0 0 0 6 0 127 0 0 0 127 78 0 0 0 127 0 0 30 127 0 0 0 70 0 0 0 0
127 34 0 53 99 83 0 0 0 0 32 0 0 21 0 40 0 0 127 88 0 0 0 0 0 0 0 0
16 16 0 0 0 0 0 0 127 51 0;
egregore_data 78 80 0 0 0 0 127 0 0 0 0 0 0 0 0 127 38 1 0 0 0 0 0
0 0 0 0 6 0 127 0 0 0 127 78 0 0 0 127 0 0 30 127 0 0 0 70 0 0 0 0
127 34 0 53 99 83 0 0 0 0 32 0 0 21 0 40 0 0 127 88 0 0 0 0 0 0 0 0
16 16 0 0 0 0 0 0 127 51 0;
egregore_data 78 80 0 0 0 0 127 0 0 0 0 0 0 0 0 127 38 1 0 0 0 0 0
0 0 0 0 6 0 127 0 0 0 127 78 0 0 0 127 0 0 30 127 0 0 0 70 0 0 0 0
127 34 0 53 99 83 0 0 0 0 32 0 0 21 0 40 0 0 127 88 0 0 0 0 0 0 0 0
16 16 0 0 0 0 0 0 127 51 0;
egregore_data 78 80 0 0 0 0 127 0 0 0 0 0 0 0 0 127 38 1 0 0 0 0 0
0 0 0 0 6 0 127 0 0 0 127 78 0 0 0 127 0 0 30 127 0 0 0 70 0 0 0 0
127 34 0 53 99 83 0 0 0 0 32 0 0 21 0 40 0 0 127 88 0 0 0 0 0 0 0 0
16 16 0 0 0 0 0 0 127 51 0;
egregore_data 78 80 0 0 0 0 127 0 0 0 0 0 0 0 0 127 38 1 0 0 0 0 0
0 0 0 0 6 0 127 0 0 0 127 78 0 0 0 127 0 0 30 127 0 0 0 70 0 0 0 0
127 34 0 53 99 83 0 0 0 0 32 0 0 21 0 40 0 0 127 88 0 0 0 0 0 0 0 0
16 16 0 0 0 0 0 0 127 51 0;
egregore_data 79 80 0 0 0 0 127 0 0 0 0 0 0 0 0 127 38 1 0 0 0 0 0
0 0 0 0 6 0 127 0 0 0 127 78 0 0 0 127 0 0 30 127 0 0 0 70 0 0 0 0
127 34 0 53 99 83 0 0 0 0 32 0 0 21 0 40 0 0 127 88 0 0 0 0 0 0 0 0
16 16 0 0 0 0 0 0 127 51 0;
egregore_data 79 80 0 0 0 0 127 0 0 0 0 0 0 0 0 127 38 1 0 0 0 0 0
0 0 0 0 6 0 127 0 0 0 127 78 0 0 0 127 0 0 30 127 0 0 0 70 0 0 0 0
127 34 0 53 99 83 0 0 0 0 32 0 0 21 0 40 0 0 127 88 0 0 0 0 0 0 0 0
16 16 0 0 0 0 0 0 127 51 0;
egregore_data 79 80 0 0 0 0 127 0 0 0 0 0 0 0 0 127 38 1 0 0 0 0 0
0 0 0 0 6 0 127 0 0 0 127 78 0 0 0 127 0 0 30 127 0 0 0 70 0 0 0 0
127 34 0 53 99 83 0 0 0 0 32 0 0 21 0 40 0 0 127 88 0 0 0 0 0 0 0 0
16 16 0 0 0 0 0 0 127 51 0;
egregore_data 79 80 0 0 0 0 127 0 0 0 0 0 0 0 0 127 38 1 0 0 0 0 0
0 0 0 0 6 0 127 0 0 0 127 78 0 0 0 127 0 0 30 127 0 0 0 70 0 0 0 0
127 34 0 53 99 83 0 0 0 0 32 0 0 21 0 40 0 0 127 88 0 0 0 0 0 0 0 0
16 16 0 0 0 0 0 0 127 51 0;
egregore_data 79 81 0 0 0 0 127 0 0 0 0 0 0 0 0 127 38 1 0 0 0 0 0
0 0 0 0 6 0 127 0 0 0 127 78 0 0 0 127 0 0 30 127 0 0 0 70 0 0 0 0
127 34 0 53 99 83 0 0 0 0 32 0 0 21 0 40 0 0 127 88 0 0 0 0 0 0 0 0
16 16 0 0 0 0 0 0 127 51 0;
egregore_data 79 81 0 0 0 0 127 0 0 0 0 0 0 0 0 127 38 1 0 0 0 0 0
0 0 0 0 6 0 127 0 0 0 127 78 0 0 0 127 0 0 30 127 0 0 0 70 0 0 0 0
127 34 0 53 99 83 0 0 0 0 32 0 0 21 0 40 0 0 127 88 0 0 0 0 0 0 0 0
16 16 0 0 0 0 0 0 127 51 0;
egregore_data 79 81 0 0 0 0 127 0 0 0 0 0 0 0 0 127 38 1 0 0 0 0 0
0 0 0 0 6 0 127 0 0 0 127 78 0 0 0 127 0 0 30 127 0 0 0 70 0 0 0 0
127 34 0 53 99 83 0 0 0 0 32 0 0 21 0 40 0 0 127 88 0 0 0 0 0 0 0 0
16 16 0 0 0 0 0 0 127 51 0;
egregore_data 79 81 0 0 0 0 127 0 0 0 0 0 0 0 0 127 38 1 0 0 0 0 0
0 0 0 0 6 0 127 0 0 0 127 78 0 0 0 127 0 0 30 127 0 0 0 70 0 0 0 0
127 34 0 53 99 83 0 0 0 0 32 0 0 21 0 40 0 0 127 88 0 0 0 0 0 0 0 0
16 16 0 0 0 0 0 0 127 51 0;
egregore_data 80 81 0 0 0 0 127 0 0 0 0 0 0 0 0 127 38 1 0 0 0 0 0
0 0 0 0 6 0 127 0 0 0 127 78 0 0 0 127 0 0 30 127 0 0 0 70 0 0 0 0
127 34 0 53 99 83 0 0 0 0 32 0 0 21 0 40 0 0 127 88 0 0 0 0 0 0 0 0
16 16 0 0 0 0 0 0 127 51 0;
egregore_data 80 81 0 0 0 0 127 0 0 0 0 0 0 0 0 127 38 1 0 0 0 0 0
0 0 0 0 6 0 127 0 0 0 127 78 0 0 0 127 0 0 30 127 0 0 0 70 0 0 0 0
127 34 0 53 99 83 0 0 0 0 32 0 0 21 0 40 0 0 127 88 0 0 0 0 0 0 0 0
16 16 0 0 0 0 0 0 127 51 0;
egregore_data 80 81 0 0 0 0 127 0 0 0 0 0 0 0 0 127 38 1 0 0 0 0 0
0 0 0 0 6 0 127 0 0 0 127 78 0 0 0 127 0 0 30 127 0 0 0 70 0 0 0 0
127 34 0 53 99 83 0 0 0 0 32 0 0 21 0 40 0 0 127 88 0 0 0 0 0 0 0 0
16 16 0 0 0 0 0 0 127 51 0;
egregore_data 80 81 0 0 0 0 127 0 0 0 0 0 0 0 0 127 38 1 0 0 0 0 0
0 0 0 0 6 0 127 0 0 0 127 78 0 0 0 127 0 0 30 127 0 0 0 70 0 0 0 0
127 34 0 53 99 83 0 0 0 0 32 0 0 21 0 40 0 0 127 88 0 0 0 0 0 0 0 0
16 16 0 0 0 0 0 0 127 51 0;
egregore_data 80 81 0 0 0 0 127 0 0 0 0 0 0 0 0 127 38 1 0 0 0 0 0
0 0 0 0 6 0 127 0 0 0 127 78 0 0 0 127 0 0 30 127 0 0 0 70 0 0 0 0
127 34 0 53 99 83 0 0 0 0 32 0 0 21 0 40 0 0 127 88 0 0 0 0 0 0 0 0
16 16 0 0 0 0 0 0 127 51 0;
egregore_data 80 81 0 0 0 0 127 0 0 0 0 0 0 0 0 127 38 1 0 0 0 0 0
0 0 0 0 6 0 127 0 0 0 127 78 0 0 0 127 0 0 30 127 0 0 0 70 0 0 0 0
127 34 0 53 99 83 0 0 0 0 32 0 0 21 0 40 0 0 127 88 0 0 0 0 0 0 0 0
16 16 0 0 0 0 0 0 127 51 0;
egregore_data 80 81 0 0 0 0 127 0 0 0 0 0 0 0 0 127 38 1 0 0 0 0 0
0 0 0 0 6 0 127 0 0 0 127 78 0 0 0 127 0 0 30 127 0 0 0 70 0 0 0 0
127 34 0 53 99 83 0 0 0 0 32 0 0 21 0 40 0 0 127 88 0 0 0 0 0 0 0 0
16 16 0 0 0 0 0 0 127 51 0;
egregore_data 80 81 0 0 0 0 127 0 0 0 0 0 0 0 0 127 38 1 0 0 0 0 0
0 0 0 0 6 0 127 0 0 0 127 78 0 0 0 127 0 0 30 127 0 0 0 70 0 0 0 0
127 34 0 53 99 83 0 0 0 0 32 0 0 21 0 40 0 0 127 88 0 0 0 0 0 0 0 0
16 16 0 0 0 0 0 0 127 51 0;
egregore_data 80 81 0 0 0 0 127 0 0 0 0 0 0 0 0 127 38 1 0 0 0 0 0
0 0 0 0 6 0 127 0 0 0 127 78 0 0 0 127 0 0 30 127 0 0 0 70 0 0 0 0
127 34 0 53 99 83 0 0 0 0 32 0 0 21 0 40 0 0 127 88 0 0 0 0 0 0 0 0
16 16 0 0 0 0 0 0 127 51 0;
egregore_data 80 81 0 0 0 0 127 0 0 0 0 0 0 0 0 127 38 1 0 0 0 0 0
0 0 0 0 6 0 127 0 0 0 127 78 0 0 0 127 0 0 30 127 0 0 0 70 0 0 0 0
127 34 0 53 99 83 0 0 0 0 32 0 0 21 0 40 0 0 127 88 0 0 0 0 0 0 0 0
16 16 0 0 0 0 0 0 127 51 0;
egregore_data 80 81 0 0 0 0 127 0 0 0 0 0 0 0 0 127 38 1 0 0 0 0 0
0 0 0 0 6 0 127 0 0 0 127 78 0 0 0 127 0 0 30 127 0 0 0 70 0 0 0 0
127 34 0 53 99 83 0 0 0 0 32 0 0 21 0 40 0 0 127 88 0 0 0 0 0 0 0 0
16 16 0 0 0 0 0 0 127 51 0;
egregore_data 80 81 0 0 0 0 127 0 0 0 0 0 0 0 0 127 38 1 0 0 0 0 0
0 0 0 0 6 0 127 0 0 0 127 78 0 0 0 127 0 0 30 127 0 0 0 70 0 0 0 0
127 34 0 53 99 83 0 0 0 0 32 0 0 21 0 40 0 0 127 88 0 0 0 0 0 0 0 0
16 16 0 0 0 0 0 0 127 51 0;
egregore_data 80 81 0 0 0 0 127 0 0 0 0 0 0 0 0 127 38 1 0 0 0 0 0
0 0 0 0 6 0 127 0 0 0 127 78 0 0 0 127 0 0 30 127 0 0 0 70 0 0 0 0
127 34 0 53 99 83 0 0 0 0 32 0 0 21 0 40 0 0 127 88 0 0 0 0 0 0 0 0
16 16 0 0 0 0 0 0 127 51 0;
egregore_data 80 81 0 0 0 0 127 0 0 0 0 0 0 0 0 127 38 1 0 0 0 0 0
0 0 0 0 6 0 127 0 0 0 127 78 0 0 0 127 0 0 30 127 0 0 0 70 0 0 0 0
127 34 0 53 99 83 0 0 0 0 32 0 0 21 0 40 0 0 127 88 0 0 0 0 0 0 0 0
16 16 0 0 0 0 0 0 127 51 0;
egregore_data 80 81 0 0 0 0 127 0 0 0 0 0 0 0 0 127 38 1 0 0 0 0 0
0 0 0 0 6 0 127 0 0 0 127 78 0 0 0 127 0 0 30 127 0 0 0 70 0 0 0 0
127 34 0 53 99 83 0 0 0 0 32 0 0 21 0 40 0 0 127 88 0 0 0 0 0 0 0 0
16 16 0 0 0 0 0 0 127 51 0;
egregore_data 80 81 0 0 0 0 127 0 0 0 0 0 0 0 0 127 38 1 0 0 0 0 0
0 0 0 0 6 0 127 0 0 0 127 78 0 0 0 127 0 0 30 127 0 0 0 70 0 0 0 0
127 34 0 53 99 83 0 0 0 0 32 0 0 21 0 40 0 0 127 88 0 0 0 0 0 0 0 0
16 16 0 0 0 0 0 0 127 51 0;
egregore_data 80 81 0 0 0 0 127 0 0 0 0 0 0 0 0 127 38 1 0 0 0 0 0
0 0 0 0 6 0 127 0 0 0 127 78 0 0 0 127 0 0 30 127 0 0 0 70 0 0 0 0
127 34 0 53 99 83 0 0 0 0 32 0 0 21 0 40 0 0 127 88 0 0 0 0 0 0 0 0
16 16 0 0 0 0 0 0 127 51 0;
egregore_data 81 81 0 0 0 0 127 0 0 0 0 0 0 0 0 127 38 1 0 0 0 0 0
0 0 0 0 6 0 127 0 0 0 127 78 0 0 0 127 0 0 30 127 0 0 0 70 0 0 0 0
127 34 0 53 99 83 0 0 0 0 32 0 0 21 0 40 0 0 127 88 0 0 0 0 0 0 0 0
16 16 0 0 0 0 0 0 127 51 0;
egregore_data 83 81 0 0 0 0 127 0 0 0 0 0 0 0 0 127 38 1 0 0 0 0 0
0 0 0 0 6 0 127 0 0 0 127 78 0 0 0 127 0 0 30 127 0 0 0 70 0 0 0 0
127 34 0 53 99 83 0 0 0 0 32 0 0 21 0 40 0 0 127 88 0 0 0 0 0 0 0 0
16 16 0 0 0 0 0 0 127 51 0;
egregore_data 83 81 0 0 0 0 127 0 0 0 0 0 0 0 0 127 38 1 0 0 0 0 0
0 0 0 0 6 0 127 0 0 0 127 78 0 0 0 127 0 0 30 127 0 0 0 70 0 0 0 0
127 34 0 53 99 83 0 0 0 0 32 0 0 21 0 40 0 0 127 88 0 0 0 0 0 0 0 0
16 16 0 0 0 0 0 0 127 51 0;
egregore_data 84 83 0 0 0 0 127 0 0 0 0 0 0 0 0 127 38 1 0 0 0 0 0
0 0 0 0 6 0 127 0 0 0 127 78 0 0 0 127 0 0 30 127 0 0 0 70 0 0 0 0
127 34 0 53 99 83 0 0 0 0 32 0 0 21 0 40 0 0 127 88 0 0 0 0 0 0 0 0
16 16 0 0 0 0 0 0 127 51 0;
egregore_data 85 84 0 0 0 0 127 0 0 0 0 0 0 0 0 127 38 1 0 0 0 0 0
0 0 0 0 6 0 127 0 0 0 127 78 0 0 0 127 0 0 30 127 0 0 0 70 0 0 0 0
127 34 0 53 99 83 0 0 0 0 32 0 0 21 0 40 0 0 127 88 0 0 0 0 0 0 0 0
16 16 0 0 0 0 0 0 127 51 0;
egregore_data 86 85 0 0 0 0 127 0 0 0 0 0 0 0 0 127 38 1 0 0 0 0 0
0 0 0 0 6 0 127 0 0 0 127 78 0 0 0 127 0 0 30 127 0 0 0 70 0 0 0 0
127 34 0 53 99 83 0 0 0 0 32 0 0 21 0 40 0 0 127 88 0 0 0 0 0 0 0 0
16 16 0 0 0 0 0 0 127 51 0;
egregore_data 87 85 0 0 0 0 127 0 0 0 0 0 0 0 0 127 38 1 0 0 0 0 0
0 0 0 0 6 0 127 0 0 0 127 78 0 0 0 127 0 0 30 127 0 0 0 70 0 0 0 0
127 34 0 53 99 83 0 0 0 0 32 0 0 21 0 40 0 0 127 88 0 0 0 0 0 0 0 0
16 16 0 0 0 0 0 0 127 51 0;
egregore_data 87 85 0 0 0 0 127 0 0 0 0 0 0 0 0 127 38 1 0 0 0 0 0
0 0 0 0 6 0 127 0 0 0 127 78 0 0 0 127 0 0 30 127 0 0 0 70 0 0 0 0
127 34 0 53 99 83 0 0 0 0 32 0 0 21 0 40 0 0 127 88 0 0 0 0 0 0 0 0
16 16 0 0 0 0 0 0 127 51 0;
END;
