HTTP/1.1 200 OK
Date: Thu, 28 May 2015 12:25:44 GMT
Server: Apache
Last-Modified: Wed, 27 May 2015 19:34:52 GMT
Accept-Ranges: bytes
Content-Length: 28139
Vary: Accept-Encoding
Connection: close
Content-Type: text/plain

chdh_egregore_live_data;
egregore_data 0 0 127 0 0 127 0 0 0 0 0 0 0 0 0 127 38 0 127 0 0 0
0 0 0 0 0 0 0 100 0 0 127 127 78 0 93 90 127 0 19 127 127 0 0 0 70
0 0 0 127 127 34 0 119 101 16 0 96 0 0 109 29 67 92 0 0 29 0 127 43.9337
1 15 0 0 0 0 0 0 16 16 0 0 0 0 0 0 127 51 1;
egregore_data 0 0 127 0 0 127 0 0 0 0 0 0 0 0 0 127 38 0 127 0 0 0
0 0 0 0 0 0 0 100 0 0 127 127 78 0 93 90 127 0 19 127 127 0 0 0 70
0 0 0 127 127 34 0 119 101 16 0 96 0 0 109 29 67 92 0 0 29 0 127 43.9337
1 15 0 0 0 0 0 0 16 16 0 0 0 0 0 0 127 51 1;
egregore_data 0 0 127 0 0 127 0 0 0 0 0 0 0 0 0 127 38 0 127 0 0 0
0 0 0 0 0 0 0 100 0 0 127 127 78 0 93 90 127 0 19 127 127 0 0 0 70
0 0 0 127 127 34 0 119 101 16 0 96 0 0 109 29 67 92 0 0 29 0 127 43.9337
1 15 0 0 0 0 0 0 16 16 0 0 0 0 0 0 127 51 1;
egregore_data 0 0 127 0 0 127 0 0 0 0 0 0 0 0 0 127 38 0 127 0 0 0
0 0 0 0 0 0 0 100 0 0 127 127 78 0 93 90 127 0 19 127 127 0 0 0 70
0 0 0 127 127 34 0 119 101 16 0 96 0 0 109 29 67 92 0 0 29 0 127 43.9337
1 15 0 0 0 0 0 0 16 16 0 0 0 0 0 0 127 51 1;
egregore_data 0 0 127 0 0 127 0 0 0 0 0 0 0 0 0 127 38 0 127 0 0 0
0 0 0 0 0 0 0 100 0 0 127 127 78 0 93 90 127 0 19 127 127 0 0 0 70
0 0 0 127 127 34 0 119 101 16 0 96 0 0 109 29 67 92 0 0 29 0 127 43.9337
1 15 0 0 0 0 0 0 16 16 0 0 0 0 0 0 127 51 1;
egregore_data 0 0 127 0 0 127 0 0 0 0 0 0 0 0 0 127 38 0 127 0 0 0
0 0 0 0 0 0 0 100 0 0 127 127 78 0 93 90 127 0 19 127 127 0 0 0 70
0 0 0 127 127 34 0 119 101 16 0 96 0 0 109 29 67 92 0 0 29 0 127 43.9337
1 15 0 0 0 0 0 0 16 16 0 0 0 0 0 0 127 51 1;
egregore_data 0 0 127 0 0 127 0 0 0 0 0 0 0 0 0 127 38 0 127 0 0 0
0 0 0 0 0 0 0 100 0 0 127 127 78 0 93 90 127 0 19 127 127 0 0 0 70
0 0 0 127 127 34 0 119 101 16 0 96 0 0 109 29 67 92 0 0 29 0 127 43.9337
1 15 0 0 0 0 0 0 16 16 0 0 0 0 0 0 127 51 1;
egregore_data 0 0 127 0 0 127 0 0 0 0 0 0 0 0 0 127 38 0 127 0 0 0
0 0 0 0 0 0 0 100 0 0 127 127 78 0 93 90 127 0 19 127 127 0 0 0 70
0 0 0 127 127 34 0 119 101 16 0 96 0 0 109 29 67 92 0 0 29 0 127 43.9337
1 15 0 0 0 0 0 0 16 16 0 0 0 0 0 0 127 51 1;
egregore_data 0 0 127 0 0 127 0 0 0 0 0 0 0 0 0 127 38 0 127 0 0 0
0 0 0 0 0 0 0 100 0 0 127 127 78 0 93 90 127 0 19 127 127 0 0 0 70
0 0 0 127 127 34 0 119 101 16 0 96 0 0 109 29 67 92 0 0 29 0 127 43.9337
1 15 0 0 0 0 0 0 16 16 0 0 0 0 0 0 127 51 1;
egregore_data 0 0 127 0 0 127 0 0 0 0 0 0 0 0 0 127 38 0 127 0 0 0
0 0 0 0 0 0 0 100 0 0 127 127 78 0 93 90 127 0 19 127 127 0 0 0 70
0 0 0 127 127 34 0 119 101 16 0 96 0 0 109 29 67 92 0 0 29 0 127 43.9337
1 15 0 0 0 0 0 0 16 16 0 0 0 0 0 0 127 51 1;
egregore_data 0 0 127 0 0 127 0 0 0 0 0 0 0 0 0 127 38 0 127 0 0 0
0 0 0 0 0 0 0 100 0 0 127 127 78 0 93 90 127 0 19 127 127 0 0 0 70
0 0 0 127 127 34 0 119 101 16 0 96 0 0 109 29 67 92 0 0 29 0 127 43.9337
1 15 0 0 0 0 0 0 16 16 0 0 0 0 0 0 127 51 1;
egregore_data 0 0 127 0 0 127 0 0 0 0 0 0 0 0 0 127 38 0 127 0 0 0
0 0 0 0 0 0 0 100 0 0 127 127 78 0 93 90 127 0 19 127 127 0 0 0 70
0 0 0 127 127 34 0 119 101 16 0 96 0 0 109 29 67 92 0 0 29 0 127 43.9337
1 15 0 0 0 0 0 0 16 16 0 0 0 0 0 0 127 51 1;
egregore_data 0 0 127 0 0 127 0 0 0 0 0 0 0 0 0 127 38 0 127 0 0 0
0 0 0 0 0 0 0 100 0 0 127 127 78 0 93 90 127 0 19 127 127 0 0 0 70
0 0 0 127 127 34 0 119 101 16 0 96 0 0 109 29 67 92 0 0 29 0 127 43.9337
1 16 0 0 0 0 0 0 16 16 0 0 0 0 0 0 127 51 1;
egregore_data 0 0 127 0 0 127 0 0 0 0 0 0 0 0 0 127 38 0 127 0 0 0
0 0 0 0 0 0 0 100 0 0 127 127 78 0 93 90 127 0 19 127 127 0 0 0 70
0 0 0 127 127 34 0 119 101 16 0 96 0 0 109 29 67 92 0 0 29 0 127 43.9337
1 16 0 0 0 0 0 0 16 16 0 0 0 0 0 0 127 51 1;
egregore_data 0 0 127 0 0 127 0 0 0 0 0 0 0 0 0 127 38 0 127 0 0 0
0 0 0 0 0 0 0 100 0 0 127 127 78 0 93 90 127 0 19 127 127 0 0 0 70
0 0 0 127 127 34 0 119 101 16 0 96 0 0 109 29 67 92 0 0 29 0 127 43.9337
1 16 0 0 0 0 0 0 16 16 0 0 0 0 0 0 127 51 1;
egregore_data 0 0 127 0 0 127 0 0 0 0 0 0 0 0 0 127 38 0 127 0 0 0
0 0 0 0 0 0 0 100 0 0 127 127 78 0 93 90 127 0 19 127 127 0 0 0 70
0 0 0 127 127 34 0 119 101 16 0 96 0 0 109 29 67 92 0 0 29 0 127 43.9337
1 16 0 0 0 0 0 0 16 16 0 0 0 0 0 0 127 51 1;
egregore_data 0 0 127 0 0 127 0 0 0 0 0 0 0 0 0 127 38 0 127 0 0 0
0 0 0 0 0 0 0 100 0 0 127 127 78 0 93 90 127 0 19 127 127 0 0 0 70
0 0 0 127 127 34 0 119 101 16 0 96 0 0 109 29 67 92 0 0 29 0 127 43.9337
1 16 0 0 0 0 0 0 16 16 0 0 0 0 0 0 127 51 1;
egregore_data 0 0 127 0 0 127 0 0 0 0 0 0 0 0 0 127 38 0 127 0 0 0
0 0 0 0 0 0 0 100 0 0 127 127 78 0 93 90 127 0 19 127 127 0 0 0 70
0 0 0 127 127 34 0 119 101 16 0 96 0 0 109 29 67 92 0 0 29 0 127 43.9337
1 16 0 0 0 0 0 0 16 16 0 0 0 0 0 0 127 51 1;
egregore_data 0 0 127 0 0 127 0 0 0 0 0 0 0 0 0 127 38 0 127 0 0 0
0 0 0 0 0 0 0 100 0 0 127 127 78 0 93 90 127 0 19 127 127 0 0 0 70
0 0 0 127 127 34 0 119 101 16 0 96 0 0 109 29 67 92 0 0 29 0 127 43.9337
1 16 0 0 0 0 0 0 16 16 0 0 0 0 0 0 127 51 1;
egregore_data 0 0 127 0 0 127 0 0 0 0 0 0 0 0 0 127 38 0 127 0 0 0
0 0 0 0 0 0 0 100 0 0 127 127 78 0 93 90 127 0 19 127 127 0 0 0 70
0 0 0 127 127 34 0 119 101 16 0 96 0 0 109 29 67 92 0 0 29 0 127 43.9337
1 16 0 0 0 0 0 0 16 16 0 0 0 0 0 0 127 51 1;
egregore_data 0 0 127 0 0 127 0 0 0 0 0 0 0 0 0 127 38 0 127 0 0 0
0 0 0 0 0 0 0 100 0 0 127 127 78 0 93 90 127 0 19 127 127 0 0 0 70
0 0 0 127 127 34 0 119 101 16 0 96 0 0 109 29 67 92 0 0 29 0 127 43.9337
1 16 0 0 0 0 0 0 16 16 0 0 0 0 0 0 127 51 1;
egregore_data 0 0 127 0 0 127 0 0 0 0 0 0 0 0 0 127 38 0 127 0 0 0
0 0 0 0 0 0 0 100 0 0 127 127 78 0 93 90 127 0 19 127 127 0 0 0 70
0 0 0 127 127 34 0 119 101 16 0 96 0 0 109 29 67 92 0 0 29 0 127 43.9337
1 16 0 0 0 0 0 0 16 16 0 0 0 0 0 0 127 51 1;
egregore_data 0 0 127 0 0 127 0 0 0 0 0 0 0 0 0 127 38 0 127 0 0 0
0 0 0 0 0 0 0 100 0 0 127 127 78 0 93 90 127 0 19 127 127 0 0 0 70
0 0 0 127 127 34 0 119 101 16 0 96 0 0 109 29 67 92 0 0 29 0 127 43.9337
1 16 0 0 0 0 0 0 16 16 0 0 0 0 0 0 127 51 1;
egregore_data 0 0 127 0 0 127 0 0 0 0 0 0 0 0 0 127 38 0 127 0 0 0
0 0 0 0 0 0 0 100 0 0 127 127 78 0 93 90 127 0 19 127 127 0 0 0 70
0 0 0 127 127 34 0 119 101 16 0 96 0 0 109 29 67 92 0 0 29 0 127 43.9337
1 16 0 0 0 0 0 0 16 16 0 0 0 0 0 0 127 51 1;
egregore_data 0 0 127 0 0 127 0 0 0 0 0 0 0 0 0 127 38 0 127 0 0 0
0 0 0 0 0 0 0 100 0 0 127 127 78 0 93 90 127 0 19 127 127 0 0 0 70
0 0 0 127 127 34 0 119 101 16 0 96 0 0 109 29 67 92 0 0 29 0 127 43.9337
1 16 0 0 0 0 0 0 16 16 0 0 0 0 0 0 127 51 1;
egregore_data 0 0 127 0 0 127 0 0 0 0 0 0 0 0 0 127 38 0 127 0 0 0
0 0 0 0 0 0 0 100 0 0 127 127 78 0 93 90 127 0 19 127 127 0 0 0 70
0 0 0 127 127 34 0 119 101 16 0 96 0 0 109 29 67 92 0 0 29 0 127 43.9337
1 16 0 0 0 0 0 0 16 16 0 0 0 0 0 0 127 51 1;
egregore_data 0 0 127 0 0 127 0 0 0 0 0 0 0 0 0 127 38 0 127 0 0 0
0 0 0 0 0 0 0 100 0 0 127 127 78 0 93 90 127 0 19 127 127 0 0 0 70
0 0 0 127 127 34 0 119 101 16 0 96 0 0 109 29 67 92 0 0 29 0 127 43.9337
1 16 0 0 0 0 0 0 16 16 0 0 0 0 0 0 127 51 1;
egregore_data 0 0 127 0 0 127 0 0 0 0 0 0 0 0 0 127 38 0 127 0 0 0
0 0 0 0 0 0 0 100 0 0 127 127 78 0 93 90 127 0 19 127 127 0 0 0 70
0 0 0 127 127 34 0 119 101 16 0 96 0 0 109 29 67 92 0 0 29 0 127 43.9337
1 16 0 0 0 0 0 0 16 16 0 0 0 0 0 0 127 51 1;
egregore_data 0 0 127 0 0 127 0 0 0 0 0 0 0 0 0 127 38 0 127 0 0 0
0 0 0 0 0 0 0 100 0 0 127 127 78 0 93 90 127 0 19 127 127 0 0 0 70
0 0 0 127 127 34 0 119 101 16 0 96 0 0 109 29 67 92 0 0 29 0 127 43.9337
1 16 0 0 0 0 0 0 16 16 0 0 0 0 0 0 127 51 1;
egregore_data 0 0 127 0 0 127 0 0 0 0 0 0 0 0 0 127 38 0 127 0 0 0
0 0 0 0 0 0 0 100 0 0 127 127 78 0 93 90 127 0 19 127 127 0 0 0 70
0 0 0 127 127 34 0 119 101 16 0 96 0 0 109 29 67 92 0 0 29 0 127 43.9337
1 16 0 0 0 0 0 0 16 16 0 0 0 0 0 0 127 51 1;
egregore_data 0 0 127 0 0 127 0 0 0 0 0 0 0 0 0 127 38 0 127 0 0 0
0 0 0 0 0 0 0 100 0 0 127 127 78 0 93 90 127 0 19 127 127 0 0 0 70
0 0 0 127 127 34 0 119 101 16 0 96 0 0 109 29 67 92 0 0 29 0 127 43.9337
1 17 0 0 0 0 0 0 16 16 0 0 0 0 0 0 127 51 1;
egregore_data 0 0 127 0 0 127 0 0 0 0 0 0 0 0 0 127 38 0 127 0 0 0
0 0 0 0 0 0 0 100 0 0 127 127 78 0 93 90 127 0 19 127 127 0 0 0 70
0 0 0 127 127 34 0 119 101 16 0 96 0 0 109 29 67 92 0 0 29 0 127 43.9337
1 17 0 0 0 0 0 0 16 16 0 0 0 0 0 0 127 51 1;
egregore_data 0 0 127 0 0 127 0 0 0 0 0 0 0 0 0 127 38 0 127 0 0 0
0 0 0 0 0 0 0 100 0 0 127 127 78 0 93 90 127 0 19 127 127 0 0 0 70
0 0 0 127 127 34 0 119 101 16 0 96 0 0 109 29 67 92 0 0 29 0 127 43.9337
1 17 0 0 0 0 0 0 16 16 0 0 0 0 0 0 127 51 1;
egregore_data 0 0 127 0 0 127 0 0 0 0 0 0 0 0 0 127 38 0 127 0 0 0
0 0 0 0 0 0 0 100 0 0 127 127 78 0 93 90 127 0 19 127 127 0 0 0 70
0 0 0 127 127 34 0 119 101 16 0 96 0 0 109 29 67 92 0 0 29 0 127 43.9337
1 17 0 0 0 0 0 0 16 16 0 0 0 0 0 0 127 51 1;
egregore_data 0 0 127 0 0 127 0 0 0 0 0 0 0 0 0 127 38 0 127 0 0 0
0 0 0 0 0 0 0 100 0 0 127 127 78 0 93 90 127 0 19 127 127 0 0 0 70
0 0 0 127 127 34 0 119 101 16 0 96 0 0 109 29 67 92 0 0 29 0 127 43.9337
1 17 0 0 0 0 0 0 16 16 0 0 0 0 0 0 127 51 1;
egregore_data 0 0 127 0 0 127 0 0 0 0 0 0 0 0 0 127 38 0 127 0 0 0
0 0 0 0 0 0 0 100 0 0 127 127 78 0 93 90 127 0 19 127 127 0 0 0 70
0 0 0 127 127 34 0 119 101 16 0 96 0 0 109 29 67 92 0 0 29 0 127 43.9337
1 17 0 0 0 0 0 0 16 16 0 0 0 0 0 0 127 51 1;
egregore_data 0 0 127 0 0 127 0 0 0 0 0 0 0 0 0 127 38 0 127 0 0 0
0 0 0 0 0 0 0 100 0 0 127 127 78 0 93 90 127 0 19 127 127 0 0 0 70
0 0 0 127 127 34 0 119 101 16 0 96 0 0 109 29 67 92 0 0 29 0 127 43.9337
1 17 0 0 0 0 0 0 16 16 0 0 0 0 0 0 127 51 1;
egregore_data 0 0 127 0 0 127 0 0 0 0 0 0 0 0 0 127 38 0 127 0 0 0
0 0 0 0 0 0 0 100 0 0 127 127 78 0 93 90 127 0 19 127 127 0 0 0 70
0 0 0 127 127 34 0 119 101 16 0 96 0 0 109 29 67 92 0 0 29 0 127 43.9337
1 17 0 0 0 0 0 0 16 16 0 0 0 0 0 0 127 51 1;
egregore_data 0 0 127 0 0 127 0 0 0 0 0 0 0 0 0 127 38 0 127 0 0 0
0 0 0 0 0 0 0 100 0 0 127 127 78 0 93 90 127 0 19 127 127 0 0 0 70
0 0 0 127 127 34 0 119 101 16 0 96 0 0 109 29 67 92 0 0 29 0 127 43.9337
1 17 0 0 0 0 0 0 16 16 0 0 0 0 0 0 127 51 1;
egregore_data 0 0 127 0 0 127 0 0 0 0 0 0 0 0 0 127 38 0 127 0 0 0
0 0 0 0 0 0 0 100 0 0 127 127 78 0 93 90 127 0 19 127 127 0 0 0 70
0 0 0 127 127 34 0 119 101 16 0 96 0 0 109 29 67 92 0 0 29 0 127 43.9337
1 17 0 0 0 0 0 0 16 16 0 0 0 0 0 0 127 51 1;
egregore_data 0 0 127 0 0 127 0 0 0 0 0 0 0 0 0 127 38 0 127 0 0 0
0 0 0 0 0 0 0 100 0 0 127 127 78 0 93 90 127 0 19 127 127 0 0 0 70
0 0 0 127 127 34 0 119 101 16 0 96 0 0 109 29 67 92 0 0 29 0 127 43.9337
1 17 0 0 0 0 0 0 16 16 0 0 0 0 0 0 127 51 1;
egregore_data 0 0 127 0 0 127 0 0 0 0 0 0 0 0 0 127 38 0 127 0 0 0
0 0 0 0 0 0 0 100 0 0 127 127 78 0 93 90 127 0 19 127 127 0 0 0 70
0 0 0 127 127 34 0 119 101 16 0 96 0 0 109 29 67 92 0 0 29 0 127 43.9337
1 17 0 0 0 0 0 0 16 16 0 0 0 0 0 0 127 51 1;
egregore_data 0 0 127 0 0 127 0 0 0 0 0 0 0 0 0 127 38 0 127 0 0 0
0 0 0 0 0 0 0 100 0 0 127 127 78 0 93 90 127 0 19 127 127 0 0 0 70
0 0 0 127 127 34 0 119 101 16 0 96 0 0 109 29 67 92 0 0 29 0 127 43.9337
1 17 0 0 0 0 0 0 16 16 0 0 0 0 0 0 127 51 1;
egregore_data 0 0 127 0 0 127 0 0 0 0 0 0 0 0 0 127 38 0 127 0 0 0
0 0 0 0 0 0 0 100 0 0 127 127 78 0 93 90 127 0 19 127 127 0 0 0 70
0 0 0 127 127 34 0 119 101 16 0 96 0 0 109 29 67 92 0 0 29 0 127 43.9337
1 17 0 0 0 0 0 0 16 16 0 0 0 0 0 0 127 51 1;
egregore_data 0 0 127 0 0 127 0 0 0 0 0 0 0 0 0 127 38 0 127 0 0 0
0 0 0 0 0 0 0 100 0 0 127 127 78 0 93 90 127 0 19 127 127 0 0 0 70
0 0 0 127 127 34 0 119 101 16 0 96 0 0 109 29 67 92 0 0 29 0 127 43.9337
1 17 0 0 0 0 0 0 16 16 0 0 0 0 0 0 127 51 1;
egregore_data 0 0 127 0 0 127 0 0 0 0 0 0 0 0 0 127 38 0 127 0 0 0
0 0 0 0 0 0 0 100 0 0 127 127 78 0 93 90 127 0 19 127 127 0 0 0 70
0 0 0 127 127 34 0 119 101 16 0 96 0 0 109 29 67 92 0 0 29 0 127 43.9337
1 17 0 0 0 0 0 0 16 16 0 0 0 0 0 0 127 51 1;
egregore_data 0 0 127 0 0 127 0 0 0 0 0 0 0 0 0 127 38 0 127 0 0 0
0 0 0 0 0 0 0 100 0 0 127 127 78 0 93 90 127 0 19 127 127 0 0 0 70
0 0 0 127 127 34 0 119 101 16 0 96 0 0 109 29 67 92 0 0 29 0 127 43.9337
1 17 0 0 0 0 0 0 16 16 0 0 0 0 0 0 127 51 1;
egregore_data 0 0 127 0 0 127 0 0 0 0 0 0 0 0 0 127 38 0 127 0 0 0
0 0 0 0 0 0 0 100 0 0 127 127 78 0 93 90 127 0 19 127 127 0 0 0 70
0 0 0 127 127 34 0 119 101 16 0 96 0 0 109 29 67 92 0 0 29 0 127 43.9337
1 17 0 0 0 0 0 0 16 16 0 0 0 0 0 0 127 51 1;
egregore_data 0 0 127 0 0 127 0 0 0 0 0 0 0 0 0 127 38 0 127 0 0 0
0 0 0 0 0 0 0 100 0 0 127 127 78 0 93 90 127 0 19 127 127 0 0 0 70
0 0 0 127 127 34 0 119 101 16 0 96 0 0 109 29 67 92 0 0 29 0 127 43.9337
1 17 0 0 0 0 0 0 16 16 0 0 0 0 0 0 127 51 1;
egregore_data 0 0 127 0 0 127 0 0 0 0 0 0 0 0 0 127 38 0 127 0 0 0
0 0 0 0 0 0 0 100 0 0 127 127 78 0 93 90 127 0 19 127 127 0 0 0 70
0 0 0 127 127 34 0 119 101 16 0 96 0 0 109 29 67 92 0 0 29 0 127 43.9337
1 17 0 0 0 0 0 0 16 16 0 0 0 0 0 0 127 51 1;
egregore_data 0 0 127 0 0 127 0 0 0 0 0 0 0 0 0 127 38 0 127 0 0 0
0 0 0 0 0 0 0 100 0 0 127 127 78 0 93 90 127 0 19 127 127 0 0 0 70
0 0 0 127 127 34 0 119 101 16 0 96 0 0 109 29 67 92 0 0 29 0 127 43.9337
1 18 0 0 0 0 0 0 16 16 0 0 0 0 0 0 127 51 1;
egregore_data 0 0 127 0 0 127 0 0 0 0 0 0 0 0 0 127 38 0 127 0 0 0
0 0 0 0 0 0 0 100 0 0 127 127 78 0 93 90 127 0 19 127 127 0 0 0 70
0 0 0 127 127 34 0 119 101 16 0 96 0 0 109 29 67 92 0 0 29 0 127 43.9337
1 18 0 0 0 0 0 0 16 16 0 0 0 0 0 0 127 51 1;
egregore_data 0 0 127 0 0 127 0 0 0 0 0 0 0 0 0 127 38 0 127 0 0 0
0 0 0 0 0 0 0 100 0 0 127 127 78 0 93 90 127 0 19 127 127 0 0 0 70
0 0 0 127 127 34 0 119.062 100.5 16.0312 0 95.9609 0.320312 0 108.879
28.7734 66.9766 91.75 0.078125 0.046875 29.1328 0 127 43.9337 1 18
0 0 0 0 0 0 16 16 0 0 0 0 0 0 127 51 1;
egregore_data 0 0 127 0 0 127 0 0 0 0 0 0 0 0 0 127 38 0 127 0 0 0
0 0 0 0 0 0 0 100 0 0 127 127 78 0 93 90 127 0 19 127 127 0 0 0 70
0 0 0 127 127 34 0 119.062 100.5 16.0312 0 95.9609 0.320312 0 108.879
28.7734 66.9766 91.75 0.078125 0.046875 29.1328 0 127 43.9337 1 18
0 0 0 0 0 0 16 16 0 0 0 0 0 0 127 51 1;
egregore_data 0 0 127 0 0 127 0 0 0 0 0 0 0 0 0 127 38 0 127 0 0 0
0 0 0 0 0 0 0 100 0 0 127 127 78 0 93 90 127 0 19 127 127 0 0 0 70
0 0 0 127 127 34 0 119.062 100.5 16.0312 0 95.9609 0.320312 0 108.879
28.7734 66.9766 91.75 0.078125 0.046875 29.1328 0 127 43.9337 1 18
0 0 0 0 0 0 16 16 0 0 0 0 0 0 127 51 1;
egregore_data 0 0 127 0 0 127 0 0 0 0 0 0 0 0 0 127 38 0 127 0 0 0
0 0 0 0 0 0 0 100 0 0 127 127 78 0 93 90 127 0 19 127 127 0 0 0 70
0 0 0 127 127 34 0 119.062 100.5 16.0312 0 95.9609 0.320312 0 108.879
28.7734 66.9766 91.75 0.078125 0.046875 29.1328 0 127 43.9337 1 18
0 0 0 0 0 0 16 16 0 0 0 0 0 0 127 51 1;
egregore_data 0 0 127 0 0 127 0 0 0 0 0 0 0 0 0 127 38 0 127 0 0 0
0 0 0 0 0 0 0 100 0 0 127 127 78 0 93 90 127 0 19 127 127 0 0 0 70
0 0 0 127 127 34 0 119.062 100.5 16.0312 0 95.9609 0.320312 0 108.879
28.7734 66.9766 91.75 0.078125 0.046875 29.1328 0 127 43.9337 1 20
0 0 0 0 0 0 16 16 0 0 0 0 0 0 127 51 1;
egregore_data 0 0 127 0 0 127 0 0 0 0 0 0 0 0 0 127 38 0 127 0 0 0
0 0 0 0 0 0 0 100 0 0 127 127 78 0 93 90 127 0 19 127 127 0 0 0 70
0 0 0 127 127 34 0 119.062 100.5 16.0312 0 95.9609 0.320312 0 108.879
28.7734 66.9766 91.75 0.078125 0.046875 29.1328 0 127 43.9337 1 20
0 0 0 0 0 0 16 16 0 0 0 0 0 0 127 51 1;
egregore_data 0 0 127 0 0 127 0 0 0 0 0 0 0 0 0 127 38 0 127 0 0 0
0 0 0 0 0 0 0 100 0 0 127 127 78 0 93 90 127 0 19 127 127 0 0 0 70
0 0 0 127 127 34 0 119.062 100.5 16.0312 0 95.9609 0.320312 0 108.879
28.7734 66.9766 91.75 0.078125 0.046875 29.1328 0 127 43.9337 1 20
0 0 0 0 0 0 16 16 0 0 0 0 0 0 127 51 1;
egregore_data 0 0 127 0 0 127 0 0 0 0 0 0 0 0 0 127 38 0 127 0 0 0
0 0 0 0 0 0 0 100 0 0 127 127 78 0 93 90 127 0 19 127 127 0 0 0 70
0 0 0 127 127 34 0 119.062 100.5 16.0312 0 95.9609 0.320312 0 108.879
28.7734 66.9766 91.75 0.078125 0.046875 29.1328 0 127 43.9337 1 20
0 0 0 0 0 0 16 16 0 0 0 0 0 0 127 51 1;
egregore_data 0 0 127 0 0 127 0 0 0 0 0 0 0 0 0 127 38 0 127 0 0 0
0 0 0 0 0 0 0 100 0 0 127 127 78 0 93 90 127 0 19 127 127 0 0 0 70
0 0 0 127 127 34 0 119.062 100.5 16.0312 0 95.9609 0.320312 0 108.879
28.7734 66.9766 91.75 0.078125 0.046875 29.1328 0 127 43.9337 1 20
0 0 0 0 0 0 16 16 0 0 0 0 0 0 127 51 1;
egregore_data 0 0 127 0 0 127 0 0 0 0 0 0 0 0 0 127 38 0 127 0 0 0
0 0 0 0 0 0 0 100 0 0 127 127 78 0 93 90 127 0 19 127 127 0 0 0 70
0 0 0 127 127 34 0 119.062 100.5 16.0312 0 95.9609 0.320312 0 108.879
28.7734 66.9766 91.75 0.078125 0.046875 29.1328 0 127 43.9337 1 20
0 0 0 0 0 0 16 16 0 0 0 0 0 0 127 51 1;
egregore_data 0 0 127 0 0 127 0 0 0 0 0 0 0 0 0 127 38 0 127 0 0 0
0 0 0 0 0 0 0 100 0 0 127 127 78 0 93 90 127 0 19 127 127 0 0 0 70
0 0 0 127 127 34 0 119.124 100.008 16.062 0 95.9225 0.635659 0 108.76
28.5504 66.9535 91.5039 0.155039 0.0930233 29.2636 0 127 43.9337 1
20 0 0 0 0 0 0 16 16 0 0 0 0 0 0 127 51 1;
egregore_data 0 0 127 0 0 127 0 0 0 0 0 0 0 0 0 127 38 0 127 0 0 0
0 0 0 0 0 0 0 100 0 0 127 127 78 0 93 90 127 0 19 127 127 0 0 0 70
0 0 0 127 127 34 0 119.124 100.008 16.062 0 95.9225 0.635659 0 108.76
28.5504 66.9535 91.5039 0.155039 0.0930233 29.2636 0 127 43.9337 1
21 0 0 0 0 0 0 16 16 0 0 0 0 0 0 127 51 1;
egregore_data 0 0 127 0 0 127 0 0 0 0 0 0 0 0 0 127 38 0 127 0 0 0
0 0 0 0 0 0 0 100 0 0 127 127 78 0 93 90 127 0 19 127 127 0 0 0 70
0 0 0 127 127 34 0 119.124 100.008 16.062 0 95.9225 0.635659 0 108.76
28.5504 66.9535 91.5039 0.155039 0.0930233 29.2636 0 127 43.9337 1
21 0 0 0 0 0 0 16 16 0 0 0 0 0 0 127 51 1;
egregore_data 0 0 127 0 0 127 0 0 0 0 0 0 0 0 0 127 38 0 127 0 0 0
0 0 0 0 0 0 0 100 0 0 127 127 78 0 93 90 127 0 19 127 127 0 0 0 70
0 0 0 127 127 34 0 119.124 100.008 16.062 0 95.9225 0.635659 0 108.76
28.5504 66.9535 91.5039 0.155039 0.0930233 29.2636 0 127 43.9337 1
21 0 0 0 0 0 0 16 16 0 0 0 0 0 0 127 51 1;
egregore_data 0 0 127 0 0 127 0 0 0 0 0 0 0 0 0 127 38 0 127 0 0 0
0 0 0 0 0 0 0 100 0 0 127 127 78 0 93 90 127 0 19 127 127 0 0 0 70
0 0 0 127 127 34 0 119.124 100.008 16.062 0 95.9225 0.635659 0 108.76
28.5504 66.9535 91.5039 0.155039 0.0930233 29.2636 0 127 43.9337 1
21 0 0 0 0 0 0 16 16 0 0 0 0 0 0 127 51 1;
egregore_data 0 0 127 0 0 127 0 0 0 0 0 0 0 0 0 127 38 0 127 0 0 0
0 0 0 0 0 0 0 100 0 0 127 127 78 0 93 90 127 0 19 127 127 0 0 0 70
0 0 0 127 127 34 0 119.124 100.008 16.062 0 95.9225 0.635659 0 108.76
28.5504 66.9535 91.5039 0.155039 0.0930233 29.2636 0 127 43.9337 1
21 0 0 0 0 0 0 16 16 0 0 0 0 0 0 127 51 1;
egregore_data 0 0 127 0 0 127 0 0 0 0 0 0 0 0 0 127 38 0 127 0 0 0
0 0 0 0 0 0 0 100 0 0 127 127 78 0 93 90 127 0 19 127 127 0 0 0 70
0 0 0 127 127 34 0 119.124 100.008 16.062 0 95.9225 0.635659 0 108.76
28.5504 66.9535 91.5039 0.155039 0.0930233 29.2636 0 127 43.9337 1
21 0 0 0 0 0 0 16 16 0 0 0 0 0 0 127 51 1;
egregore_data 0 0 127 0 0 127 0 0 0 0 0 0 0 0 0 127 38 0 127 0 0 0
0 0 0 0 0 0 0 100 0 0 127 127 78 0 93 90 127 0 19 127 127 0 0 0 70
0 0 0 127 127 34 0 119.124 100.008 16.062 0 95.9225 0.635659 0 108.76
28.5504 66.9535 91.5039 0.155039 0.0930233 29.2636 0 127 43.9337 1
21 0 0 0 0 0 0 16 16 0 0 0 0 0 0 127 51 1;
egregore_data 0 0 127 0 0 127 0 0 0 0 0 0 0 0 0 127 38 0 127 0 0 0
0 0 0 0 0 0 0 100 0 0 127 127 78 0 93 90 127 0 19 127 127 0 0 0 70
0 0 0 127 127 34 0 119.124 100.008 16.062 0 95.9225 0.635659 0 108.76
28.5504 66.9535 91.5039 0.155039 0.0930233 29.2636 0 127 43.9337 1
21 0 0 0 0 0 0 16 16 0 0 0 0 0 0 127 51 1;
egregore_data 0 0 127 0 0 127 0 0 0 0 0 0 0 0 0 127 38 0 127 0 0 0
0 0 0 0 0 0 0 100 0 0 127 127 78 0 93 90 127 0 19 127 127 0 0 0 70
0 0 0 127 127 34 0 119.185 99.5231 16.0923 0 95.8846 0.946154 0 108.642
28.3308 66.9308 91.2615 0.230769 0.138462 29.3923 0 127 43.9337 1 21
0 0 0 0 0 0 16 16 0 0 0 0 0 0 127 51 1;
egregore_data 0 0 127 0 0 127 0 0 0 0 0 0 0 0 0 127 38 0 127 0 0 0
0 0 0 0 0 0 0 100 0 0 127 127 78 0 93 90 127 0 19 127 127 0 0 0 70
0 0 0 127 127 34 0 119.244 99.0458 16.1221 0 95.8473 1.25191 0 108.527
28.1145 66.9084 91.0229 0.305344 0.183206 29.5191 0 127 43.9337 1 21
0 0 0 0 0 0 16 16 0 0 0 0 0 0 127 51 1;
egregore_data 0 0 127 0 0 127 0 0 0 0 0 0 0 0 0 127 38 0 127 0 0 0
0 0 0 0 0 0 0 100 0 0 127 127 78 0 93 90 127 0 19 127 127 0 0 0 70
0 0 0 127 127 34 0 119.244 99.0458 16.1221 0 95.8473 1.25191 0 108.527
28.1145 66.9084 91.0229 0.305344 0.183206 29.5191 0 127 43.9337 1 21
0 0 0 0 0 0 16 16 0 0 0 0 0 0 127 51 1;
egregore_data 0 0 127 0 0 127 0 0 0 0 0 0 0 0 0 127 38 0 127 0 0 0
0 0 0 0 0 0 0 100 0 0 127 127 78 0 93 90 127 0 19 127 127 0 0 0 70
0 0 0 127 127 34 0 119.244 99.0458 16.1221 0 95.8473 1.25191 0 108.527
28.1145 66.9084 91.0229 0.305344 0.183206 29.5191 0 127 43.9337 1 21
0 0 0 0 0 0 16 16 0 0 0 0 0 0 127 51 1;
egregore_data 0 0 127 0 0 127 0 0 0 0 0 0 0 0 0 127 38 0 127 0 0 0
0 0 0 0 0 0 0 100 0 0 127 127 78 0 93 90 127 0 19 127 127 0 0 0 70
0 0 0 127 127 34 0 119.244 99.0458 16.1221 0 95.8473 1.25191 0 108.527
28.1145 66.9084 91.0229 0.305344 0.183206 29.5191 0 127 43.9337 1 21
0 0 0 0 0 0 16 16 0 0 0 0 0 0 127 51 1;
egregore_data 0 0 127 0 0 127 0 0 0 0 0 0 0 0 0 127 38 0 127 0 0 0
0 0 0 0 0 0 0 100 0 0 127 127 78 0 93 90 127 0 19 127 127 0 0 0 70
0 0 0 127 127 34 0 119.244 99.0458 16.1221 0 95.8473 1.25191 0 108.527
28.1145 66.9084 91.0229 0.305344 0.183206 29.5191 0 127 43.9337 1 22
0 0 0 0 0 0 16 16 0 0 0 0 0 0 127 51 1;
egregore_data 0 0 127 0 0 127 0 0 0 0 0 0 0 0 0 127 38 0 127 0 0 0
0 0 0 0 0 0 0 100 0 0 127 127 78 0 93 90 127 0 19 127 127 0 0 0 70
0 0 0 127 127 34 0 119.244 99.0458 16.1221 0 95.8473 1.25191 0 108.527
28.1145 66.9084 91.0229 0.305344 0.183206 29.5191 0 127 43.9337 1 22
0 0 0 0 0 0 16 16 0 0 0 0 0 0 127 51 1;
egregore_data 0 0 127 0 0 127 0 0 0 0 0 0 0 0 0 127 38 0 127 0 0 0
0 0 0 0 0 0 0 100 0 0 127 127 78 0 93 90 127 0 19 127 127 0 0 0 70
0 0 0 127 127 34 0 119.244 99.0458 16.1221 0 95.8473 1.25191 0 108.527
28.1145 66.9084 91.0229 0.305344 0.183206 29.5191 0 127 43.9337 1 22
0 0 0 0 0 0 16 16 0 0 0 0 0 0 127 51 1;
egregore_data 0 0 127 0 0 127 0 0 0 0 0 0 0 0 0 127 38 0 127 0 0 0
0 0 0 0 0 0 0 100 0 0 127 127 78 0 93 90 127 0 19 127 127 0 0 0 70
0 0 0 127 127 34 0 119.244 99.0458 16.1221 0 95.8473 1.25191 0 108.527
28.1145 66.9084 91.0229 0.305344 0.183206 29.5191 0 127 43.9337 1 22
0 0 0 0 0 0 16 16 0 0 0 0 0 0 127 51 1;
egregore_data 0 0 127 0 0 127 0 0 0 0 0 0 0 0 0 127 38 0 127 0 0 0
0 0 0 0 0 0 0 100 0 0 127 127 78 0 93 90 127 0 19 127 127 0 0 0 70
0 0 0 127 127 34 0 119.303 98.5758 16.1515 0 95.8106 1.55303 0 108.413
27.9015 66.8864 90.7879 0.378788 0.227273 29.6439 0 127 43.9337 1 23
0 0 0 0 0 0 16 16 0 0 0 0 0 0 127 51 1;
egregore_data 0 0 127 0 0 127 0 0 0 0 0 0 0 0 0 127 38 0 127 0 0 0
0 0 0 0 0 0 0 100 0 0 127 127 78 0 93 90 127 0 19 127 127 0 0 0 70
0 0 0 127 127 34 0 119.418 97.6567 16.209 0 95.7388 2.14179 0 108.19
27.4851 66.8433 90.3284 0.522388 0.313433 29.8881 0 127 43.9337 1 23
0 0 0 0 0 0 16 16 0 0 0 0 0 0 127 51 1;
egregore_data 0 0 127 0 0 127 0 0 0 0 0 0 0 0 0 127 38 0 127 0 0 0
0 0 0 0 0 0 0 100 0 0 127 127 78 0 93 90 127 0 19 127 127 0 0 0 70
0 0 0 127 127 34 0 119.418 97.6567 16.209 0 95.7388 2.14179 0 108.19
27.4851 66.8433 90.3284 0.522388 0.313433 29.8881 0 127 43.9337 1 23
0 0 0 0 0 0 16 16 0 0 0 0 0 0 127 51 1;
egregore_data 0 0 127 0 0 127 0 0 0 0 0 0 0 0 0 127 38 0 127 0 0 0
0 0 0 0 0 0 0 100 0 0 127 127 78 0 93 90 127 0 19 127 127 0 0 0 70
0 0 0 127 127 34 0 119.418 97.6567 16.209 0 95.7388 2.14179 0 108.19
27.4851 66.8433 90.3284 0.522388 0.313433 29.8881 0 127 43.9337 1 23
0 0 0 0 0 0 16 16 0 0 0 0 0 0 127 51 1;
egregore_data 0 0 127 0 0 127 0 0 0 0 0 0 0 0 0 127 38 0 127 0 0 0
0 0 0 0 0 0 0 100 0 0 127 127 78 0 93 90 127 0 19 127 127 0 0 0 70
0 0 0 127 127 34 0 119.418 97.6567 16.209 0 95.7388 2.14179 0 108.19
27.4851 66.8433 90.3284 0.522388 0.313433 29.8881 0 127 43.9337 1 23
0 0 0 0 0 0 16 16 0 0 0 0 0 0 127 51 1;
egregore_data 0 0 127 0 0 127 0 0 0 0 0 0 0 0 0 127 38 0 127 0 0 0
0 0 0 0 0 0 0 100 0 0 127 127 78 0 93 90 127 0 19 127 127 0 0 0 70
0 0 0 127 127 34 0 119.418 97.6567 16.209 0 95.7388 2.14179 0 108.19
27.4851 66.8433 90.3284 0.522388 0.313433 29.8881 0 127 43.9337 1 23
0 0 0 0 0 0 16 16 0 0 0 0 0 0 127 51 1;
egregore_data 0 0 127 0 0 127 0 0 0 0 0 0 0 0 0 127 38 0 127 0 0 0
0 0 0 0 0 0 0 100 0 0 127 127 78 0 93 90 127 0 19 127 127 0 0 0 70
0 0 0 127 127 34 0 119.418 97.6567 16.209 0 95.7388 2.14179 0 108.19
27.4851 66.8433 90.3284 0.522388 0.313433 29.8881 0 127 43.9337 1 24
0 0 0 0 0 0 16 16 0 0 0 0 0 0 127 51 1;
egregore_data 0 0 127 0 0 127 0 0 0 0 0 0 0 0 0 127 38 0 127 0 0 0
0 0 0 0 0 0 0 100 0 0 127 127 78 0 93 90 127 0 19 127 127 0 0 0 70
0 0 0 127 127 34 0 119.418 97.6567 16.209 0 95.7388 2.14179 0 108.19
27.4851 66.8433 90.3284 0.522388 0.313433 29.8881 0 127 43.9337 1 24
0 0 0 0 0 0 16 16 0 0 0 0 0 0 127 51 1;
egregore_data 0 0 127 0 0 127 0 0 0 0 0 0 0 0 0 127 38 0 127 0 0 0
0 0 0 0 0 0 0 100 0 0 127 127 78 0 93 90 127 0 19 127 127 0 0 0 70
0 0 0 127 127 34 0 119.418 97.6567 16.209 0 95.7388 2.14179 0 108.19
27.4851 66.8433 90.3284 0.522388 0.313433 29.8881 0 127 43.9337 1 24
0 0 0 0 0 0 16 16 0 0 0 0 0 0 127 51 1;
egregore_data 0 0 127 0 0 127 0 0 0 0 0 0 0 0 0 127 38 0 127 0 0 0
0 0 0 0 0 0 0 100 0 0 127 127 78 0 93 90 127 0 19 127 127 0 0 0 70
0 0 0 127 127 34 0 119.418 97.6567 16.209 0 95.7388 2.14179 0 108.19
27.4851 66.8433 90.3284 0.522388 0.313433 29.8881 0 127 43.9337 1 24
0 0 0 0 0 0 16 16 0 0 0 0 0 0 127 51 1;
egregore_data 0 0 127 0 0 127 0 0 0 0 0 0 0 0 0 127 38 0 127 0 0 0
0 0 0 0 0 0 0 100 0 0 127 127 78 0 93 90 127 0 19 127 127 0 0 0 70
0 0 0 127 127 34 0 119.418 97.6567 16.209 0 95.7388 2.14179 0 108.19
27.4851 66.8433 90.3284 0.522388 0.313433 29.8881 0 127 43.9337 1 26
0 0 0 0 0 0 16 16 0 0 0 0 0 0 127 51 1;
egregore_data 0 0 127 0 0 127 0 0 0 0 0 0 0 0 0 127 38 0 127 0 0 0
0 0 0 0 0 0 0 100 0 0 127 127 78 0 93 90 127 0 19 127 127 0 0 0 70
0 0 0 127 127 34 0 119.418 97.6567 16.209 0 95.7388 2.14179 0 108.19
27.4851 66.8433 90.3284 0.522388 0.313433 29.8881 0 127 43.9337 1 26
0 0 0 0 0 0 16 16 0 0 0 0 0 0 127 51 1;
egregore_data 0 0 127 0 0 127 0 0 0 0 0 0 0 0 0 127 38 0 127 0 0 0
0 0 0 0 0 0 0 100 0 0 127 127 78 0 93 90 127 0 19 127 127 0 0 0 70
0 0 0 127 127 34 0 119.418 97.6567 16.209 0 95.7388 2.14179 0 108.19
27.4851 66.8433 90.3284 0.522388 0.313433 29.8881 0 127 43.9337 1 26
0 0 0 0 0 0 16 16 0 0 0 0 0 0 127 51 1;
egregore_data 0 0 127 0 0 127 0 0 0 0 0 0 0 0 0 127 38 0 127 0 0 0
0 0 0 0 0 0 0 100 0 0 127 127 78 0 93 90 127 0 19 127 127 0 0 0 70
0 0 0 127 127 34 0 119.418 97.6567 16.209 0 95.7388 2.14179 0 108.19
27.4851 66.8433 90.3284 0.522388 0.313433 29.8881 0 127 43.9337 1 26
0 0 0 0 0 0 16 16 0 0 0 0 0 0 127 51 1;
egregore_data 0 0 127 0 0 127 0 0 0 0 0 0 0 0 0 127 38 0 127 0 0 0
0 0 0 0 0 0 0 100 0 0 127 127 78 0 93 90 127 0 19 127 127 0 0 0 70
0 0 0 127 127 34 0 119.418 97.6567 16.209 0 95.7388 2.14179 0 108.19
27.4851 66.8433 90.3284 0.522388 0.313433 29.8881 0 127 43.9337 1 26
0 0 0 0 0 0 16 16 0 0 0 0 0 0 127 51 1;
egregore_data 0 0 127 0 0 127 0 0 0 0 0 0 0 0 0 127 38 0 127 0 0 0
0 0 0 0 0 0 0 100 0 0 127 127 78 0 93 90 127 0 19 127 127 0 0 0 70
0 0 0 127 127 34 0 119.418 97.6567 16.209 0 95.7388 2.14179 0 108.19
27.4851 66.8433 90.3284 0.522388 0.313433 29.8881 0 127 43.9337 1 26
0 0 0 0 0 0 16 16 0 0 0 0 0 0 127 51 1;
egregore_data 0 0 127 0 0 127 0 0 0 0 0 0 0 0 0 127 38 0 127 0 0 0
0 0 0 0 0 0 0 100 0 0 127 127 78 0 93 90 127 0 19 127 127 0 0 0 70
0 0 0 127 127 34 0 119.418 97.6567 16.209 0 95.7388 2.14179 0 108.19
27.4851 66.8433 90.3284 0.522388 0.313433 29.8881 0 127 43.9337 1 26
0 0 0 0 0 0 16 16 0 0 0 0 0 0 127 51 1;
egregore_data 0 0 127 0 0 127 0 0 0 0 0 0 0 0 0 127 38 0 127 0 0 0
0 0 0 0 0 0 0 100 0 0 127 127 78 0 93 90 127 0 19 127 127 0 0 0 70
0 0 0 127 127 34 0 119.418 97.6567 16.209 0 95.7388 2.14179 0 108.19
27.4851 66.8433 90.3284 0.522388 0.313433 29.8881 0 127 43.9337 1 26
0 0 0 0 0 0 16 16 0 0 0 0 0 0 127 51 1;
egregore_data 0 0 127 0 0 127 0 0 0 0 0 0 0 0 0 127 38 0 127 0 0 0
0 0 0 0 0 0 0 100 0 0 127 127 78 0 93 90 127 0 19 127 127 0 0 0 70
0 0 0 127 127 34 0 119.418 97.6567 16.209 0 95.7388 2.14179 0 108.19
27.4851 66.8433 90.3284 0.522388 0.313433 29.8881 0 127 43.9337 1 26
0 0 0 0 0 0 16 16 0 0 0 0 0 0 127 51 1;
egregore_data 0 0 127 0 0 127 0 0 0 0 0 0 0 0 0 127 38 0 127 0 0 0
0 0 0 0 0 0 0 100 0 0 127 127 78 0 93 90 127 0 19 127 127 0 0 0 70
0 0 0 127 127 34 0 119.418 97.6567 16.209 0 95.7388 2.14179 0 108.19
27.4851 66.8433 90.3284 0.522388 0.313433 29.8881 0 127 43.9337 1 26
0 0 0 0 0 0 16 16 0 0 0 0 0 0 127 51 1;
END;
