HTTP/1.1 200 OK
Date: Thu, 28 May 2015 12:31:06 GMT
Server: Apache
Last-Modified: Wed, 27 May 2015 19:05:12 GMT
Accept-Ranges: bytes
Content-Length: 24916
Vary: Accept-Encoding
Connection: close
Content-Type: text/plain

chdh_egregore_live_data;
egregore_data 100 89 0 61 58 0 64 0 0 0 0 0 0 0 0 127 38 1 63.6663
4.64468 0 0 0 0 0 0 0 6 0 127 0 0 29.8671 127 78 1 0 0 127 0 0 30 127
0 0 0 70 0 0 0 0 127 34 0 53 99 83 0 0 0 0 32 0 0 21 0 40 0 0 127 88
0 0 0 0 0 0 0 0 16 16 0 0 0 0 0 0 127 51 0;
egregore_data 99 89 0 61 56 0 64 0 0 0 0 0 0 0 0 127 38 1 63.6663 4.64468
0 0 0 0 0 0 0 6 0 127 0 0 29.8671 127 78 1 0 0 127 0 0 30 127 0 0 0
70 0 0 0 0 127 34 0 53 99 83 0 0 0 0 32 0 0 21 0 40 0 0 127 88 0 0
0 0 0 0 0 0 16 16 0 0 0 0 0 0 127 51 0;
egregore_data 99 87 0 61 56 0 64 0 0 0 0 0 0 0 0 127 38 1 63.6663 4.64468
0 0 0 0 0 0 0 6 0 127 0 0 29.8671 127 78 1 0 0 127 0 0 30 127 0 0 0
70 0 0 0 0 127 34 0 53 99 83 0 0 0 0 32 0 0 21 0 40 0 0 127 88 0 0
0 0 0 0 0 0 16 16 0 0 0 0 0 0 127 51 0;
egregore_data 99 87 0 61 56 0 64 0 0 0 0 0 0 0 0 127 38 1 63.6663 4.64468
0 0 0 0 0 0 0 6 0 127 0 0 29.8671 127 78 1 0 0 127 0 0 30 127 0 0 0
70 0 0 0 0 127 34 0 53 99 83 0 0 0 0 32 0 0 21 0 40 0 0 127 88 0 0
0 0 0 0 0 0 16 16 0 0 0 0 0 0 127 51 0;
egregore_data 99 87 0 60 56 0 64 0 0 0 0 0 0 0 0 127 38 1 63.6663 4.64468
0 0 0 0 0 0 0 6 0 127 0 0 29.8671 127 78 1 0 0 127 0 0 30 127 0 0 0
70 0 0 0 0 127 34 0 53 99 83 0 0 0 0 32 0 0 21 0 40 0 0 127 88 0 0
0 0 0 0 0 0 16 16 0 0 0 0 0 0 127 51 0;
egregore_data 99 87 0 60 55 0 64 0 0 0 0 0 0 0 0 127 38 1 63.6663 4.64468
0 0 0 0 0 0 0 6 0 127 0 0 29.8671 127 78 1 0 0 127 0 0 30 127 0 0 0
70 0 0 0 0 127 34 0 53 99 83 0 0 0 0 32 0 0 21 0 40 0 0 127 88 0 0
0 0 0 0 0 0 16 16 0 0 0 0 0 0 127 51 0;
egregore_data 99 87 0 60 55 0 64 0 0 0 0 0 0 0 0 127 38 1 63.6663 4.64468
0 0 0 0 0 0 0 6 0 127 0 0 29.8671 127 78 1 0 0 127 0 0 30 127 0 0 0
70 0 0 0 0 127 34 0 53 99 83 0 0 0 0 32 0 0 21 0 40 0 0 127 88 0 0
0 0 0 0 0 0 16 16 0 0 0 0 0 0 127 51 0;
egregore_data 99 87 0 60 55 0 64 0 0 0 0 0 0 0 0 127 38 1 63.4154 4.82874
0 0 0 0 0 0 0 6 0 127 0 0 30.2185 127 78 1 0 0 127 0 0 30 127 0 0 0
70 0 0 0 0 127 34 0 53 99 83 0 0 0 0 32 0 0 21 0 40 0 0 127 88 0 0
0 0 0 0 0 0 16 16 0 0 0 0 0 0 127 51 0;
egregore_data 99 87 0 59 55 0 64 0 0 0 0 0 0 0 0 127 38 1 63.4154 4.82874
0 0 0 0 0 0 0 6 0 127 0 0 30.2185 127 78 1 0 0 127 0 0 30 127 0 0 0
70 0 0 0 0 127 34 0 53 99 83 0 0 0 0 32 0 0 21 0 40 0 0 127 88 0 0
0 0 0 0 0 0 16 16 0 0 0 0 0 0 127 51 0;
egregore_data 98 86 0 59 55 0 64 0 0 0 0 0 0 0 0 127 38 1 63.1644 5.01279
0 0 0 0 0 0 0 6 0 127 0 0 30.5699 127 78 1 0 0 127 0 0 30 127 0 0 0
70 0 0 0 0 127 34 0 53 99 83 0 0 0 0 32 0 0 21 0 40 0 0 127 88 0 0
0 0 0 0 0 0 16 16 0 0 0 0 0 0 127 51 0;
egregore_data 97 85 0 59 55 0 64 0 0 0 0 0 0 0 0 127 38 1 63.1644 5.01279
0 0 0 0 0 0 0 6 0 127 0 0 30.5699 127 78 1 0 0 127 0 0 30 127 0 0 0
70 0 0 0 0 127 34 0 53 99 83 0 0 0 0 32 0 0 21 0 40 0 0 127 88 0 0
0 0 0 0 0 0 16 16 0 0 0 0 0 0 127 51 0;
egregore_data 97 85 0 59 55 0 64 0 0 0 0 0 0 0 0 127 38 1 62.6624 5.38091
0 0 0 0 0 0 0 6 0 127 0 0 31.2726 127 78 1 0 0 127 0 0 30 127 0 0 0
70 0 0 0 0 127 34 0 53 99 83 0 0 0 0 32 0 0 21 0 40 0 0 127 88 0 0
0 0 0 0 0 0 16 16 0 0 0 0 0 0 127 51 0;
egregore_data 97 85 0 59 55 0 64 0 0 0 0 0 0 0 0 127 38 1 62.6624 5.38091
0 0 0 0 0 0 0 6 0 127 0 0 31.2726 127 78 1 0 0 127 0 0 30 127 0 0 0
70 0 0 0 0 127 34 0 53 99 83 0 0 0 0 32 0 0 21 0 40 0 0 127 88 0 0
0 0 0 0 0 0 16 16 0 0 0 0 0 0 127 51 0;
egregore_data 97 85 0 59 55 0 64 0 0 0 0 0 0 0 0 127 38 1 62.6624 5.38091
0 0 0 0 0 0 0 6 0 127 0 0 31.2726 127 78 1 0 0 127 0 0 30 127 0 0 0
70 0 0 0 0 127 34 0 53 99 83 0 0 0 0 32 0 0 21 0 40 0 0 127 88 0 0
0 0 0 0 0 0 16 16 0 0 0 0 0 0 127 51 0;
egregore_data 97 85 0 59 55 0 64 0 0 0 0 0 0 0 0 127 38 1 62.4114 5.56496
0 0 0 0 0 0 0 6 0 127 0 0 31.624 127 78 1 0 0 127 0 0 30 127 0 0 0
70 0 0 0 0 127 34 0 53 99 83 0 0 0 0 32 0 0 21 0 40 0 0 127 88 0 0
0 0 0 0 0 0 16 16 0 0 0 0 0 0 127 51 0;
egregore_data 97 85 0 59 55 0 64 0 0 0 0 0 0 0 0 127 38 1 62.4114 5.56496
0 0 0 0 0 0 0 6 0 127 0 0 31.624 127 78 1 0 0 127 0 0 30 127 0 0 0
70 0 0 0 0 127 34 0 53 99 83 0 0 0 0 32 0 0 21 0 40 0 0 127 88 0 0
0 0 0 0 0 0 16 16 0 0 0 0 0 0 127 51 0;
egregore_data 97 85 0 59 55 0 64 0 0 0 0 0 0 0 0 127 38 1 62.4114 5.56496
0 0 0 0 0 0 0 6 0 127 0 0 31.624 127 78 1 0 0 127 0 0 30 127 0 0 0
70 0 0 0 0 127 34 0 53 99 83 0 0 0 0 32 0 0 21 0 40 0 0 127 88 0 0
0 0 0 0 0 0 16 16 0 0 0 0 0 0 127 51 0;
egregore_data 97 85 0 59 55 0 64 0 0 0 0 0 0 0 0 127 38 1 62.1604 5.74902
0 0 0 0 0 0 0 6 0 127 0 0 31.9754 127 78 1 0 0 127 0 0 30 127 0 0 0
70 0 0 0 0 127 34 0 53 99 83 0 0 0 0 32 0 0 21 0 40 0 0 127 88 0 0
0 0 0 0 0 0 16 16 0 0 0 0 0 0 127 51 0;
egregore_data 97 85 0 59 55 0 64 0 0 0 0 0 0 0 0 127 38 1 62.1604 5.74902
0 0 0 0 0 0 0 6 0 127 0 0 31.9754 127 78 1 0 0 127 0 0 30 127 0 0 0
70 0 0 0 0 127 34 0 53 99 83 0 0 0 0 32 0 0 21 0 40 0 0 127 88 0 0
0 0 0 0 0 0 16 16 0 0 0 0 0 0 127 51 0;
egregore_data 97 85 0 59 55 0 64 0 0 0 0 0 0 0 0 127 38 1 62.1604 5.74902
0 0 0 0 0 0 0 6 0 127 0 0 31.9754 127 78 1 0 0 127 0 0 30 127 0 0 0
70 0 0 0 0 127 34 0 53 99 83 0 0 0 0 32 0 0 21 0 40 0 0 127 88 0 0
0 0 0 0 0 0 16 16 0 0 0 0 0 0 127 51 0;
egregore_data 97 85 0 59 55 0 64 0 0 0 0 0 0 0 0 127 38 1 61.9094 5.93307
0 0 0 0 0 0 0 6 0 127 0 0 32.3268 127 78 1 0 0 127 0 0 30 127 0 0 0
70 0 0 0 0 127 34 0 53 99 83 0 0 0 0 32 0 0 21 0 40 0 0 127 88 0 0
0 0 0 0 0 0 16 16 0 0 0 0 0 0 127 51 0;
egregore_data 97 85 0 59 54 0 64 0 0 0 0 0 0 0 0 127 38 1 61.9094 5.93307
0 0 0 0 0 0 0 6 0 127 0 0 32.3268 127 78 1 0 0 127 0 0 30 127 0 0 0
70 0 0 0 0 127 34 0 53 99 83 0 0 0 0 32 0 0 21 0 40 0 0 127 88 0 0
0 0 0 0 0 0 16 16 0 0 0 0 0 0 127 51 0;
egregore_data 97 84 0 59 54 0 64 0 0 0 0 0 0 0 0 127 38 1 61.9094 5.93307
0 0 0 0 0 0 0 6 0 127 0 0 32.3268 127 78 1 0 0 127 0 0 30 127 0 0 0
70 0 0 0 0 127 34 0 53 99 83 0 0 0 0 32 0 0 21 0 40 0 0 127 88 0 0
0 0 0 0 0 0 16 16 0 0 0 0 0 0 127 51 0;
egregore_data 97 84 0 59 54 0 64 0 0 0 0 0 0 0 0 127 38 1 61.9094 5.93307
0 0 0 0 0 0 0 6 0 127 0 0 32.3268 127 78 1 0 0 127 0 0 30 127 0 0 0
70 0 0 0 0 127 34 0 53 99 83 0 0 0 0 32 0 0 21 0 40 0 0 127 88 0 0
0 0 0 0 0 0 16 16 0 0 0 0 0 0 127 51 0;
egregore_data 96 83 0 58 53 0 64 0 0 0 0 0 0 0 0 127 38 1 61.9094 5.93307
0 0 0 0 0 0 0 6 0 127 0 0 32.3268 127 78 1 0 0 127 0 0 30 127 0 0 0
70 0 0 0 0 127 34 0 53 99 83 0 0 0 0 32 0 0 21 0 40 0 0 127 88 0 0
0 0 0 0 0 0 16 16 0 0 0 0 0 0 127 51 0;
egregore_data 96 83 0 56 52 0 64 0 0 0 0 0 0 0 0 127 38 1 61.9094 5.93307
0 0 0 0 0 0 0 6 0 127 0 0 32.3268 127 78 1 0 0 127 0 0 30 127 0 0 0
70 0 0 0 0 127 34 0 53 99 83 0 0 0 0 32 0 0 21 0 40 0 0 127 88 0 0
0 0 0 0 0 0 16 16 0 0 0 0 0 0 127 51 0;
egregore_data 96 83 0 56 52 0 64 0 0 0 0 0 0 0 0 127 38 1 61.9094 5.93307
0 0 0 0 0 0 0 6 0 127 0 0 32.3268 127 78 1 0 0 127 0 0 30 127 0 0 0
70 0 0 0 0 127 34 0 53 99 83 0 0 0 0 32 0 0 21 0 40 0 0 127 88 0 0
0 0 0 0 0 0 16 16 0 0 0 0 0 0 127 51 0;
egregore_data 94 83 0 56 52 0 64 0 0 0 0 0 0 0 0 127 38 1 61.9094 5.93307
0 0 0 0 0 0 0 6 0 127 0 0 32.3268 127 78 1 0 0 127 0 0 30 127 0 0 0
70 0 0 0 0 127 34 0 53 99 83 0 0 0 0 32 0 0 21 0 40 0 0 127 88 0 0
0 0 0 0 0 0 16 16 0 0 0 0 0 0 127 51 0;
egregore_data 94 83 0 56 52 0 64 0 0 0 0 0 0 0 0 127 38 1 61.9094 5.93307
0 0 0 0 0 0 0 6 0 127 0 0 32.3268 127 78 1 0 0 127 0 0 30 127 0 0 0
70 0 0 0 0 127 34 0 53 99 83 0 0 0 0 32 0 0 21 0 40 0 0 127 88 0 0
0 0 0 0 0 0 16 16 0 0 0 0 0 0 127 51 0;
egregore_data 94 83 0 56 52 0 64 0 0 0 0 0 0 0 0 127 38 1 61.6585 6.11713
0 0 0 0 0 0 0 6 0 127 0 0 32.6782 127 78 1 0 0 127 0 0 30 127 0 0 0
70 0 0 0 0 127 34 0 53 99 83 0 0 0 0 32 0 0 21 0 40 0 0 127 88 0 0
0 0 0 0 0 0 16 16 0 0 0 0 0 0 127 51 0;
egregore_data 94 83 0 55 51 0 64 0 0 0 0 0 0 0 0 127 38 1 61.6585 6.11713
0 0 0 0 0 0 0 6 0 127 0 0 32.6782 127 78 1 0 0 127 0 0 30 127 0 0 0
70 0 0 0 0 127 34 0 53 99 83 0 0 0 0 32 0 0 21 0 40 0 0 127 88 0 0
0 0 0 0 0 0 16 16 0 0 0 0 0 0 127 51 0;
egregore_data 94 83 0 55 51 0 64 0 0 0 0 0 0 0 0 127 38 1 61.6585 6.11713
0 0 0 0 0 0 0 6 0 127 0 0 32.6782 127 78 1 0 0 127 0 0 30 127 0 0 0
70 0 0 0 0 127 34 0 53 99 83 0 0 0 0 32 0 0 21 0 40 0 0 127 88 0 0
0 0 0 0 0 0 16 16 0 0 0 0 0 0 127 51 0;
egregore_data 94 83 0 55 51 0 64 0 0 0 0 0 0 0 0 127 38 1 61.6585 6.11713
0 0 0 0 0 0 0 6 0 127 0 0 32.6782 127 78 1 0 0 127 0 0 30 127 0 0 0
70 0 0 0 0 127 34 0 53 99 83 0 0 0 0 32 0 0 21 0 40 0 0 127 88 0 0
0 0 0 0 0 0 16 16 0 0 0 0 0 0 127 51 0;
egregore_data 94 83 0 55 51 0 64 0 0 0 0 0 0 0 0 127 38 1 61.6585 6.11713
0 0 0 0 0 0 0 6 0 127 0 0 32.6782 127 78 1 0 0 127 0 0 30 127 0 0 0
70 0 0 0 0 127 34 0 53 99 83 0 0 0 0 32 0 0 21 0 40 0 0 127 88 0 0
0 0 0 0 0 0 16 16 0 0 0 0 0 0 127 51 0;
egregore_data 94 81 0 55 51 0 64 0 0 0 0 0 0 0 0 127 38 1 61.6585 6.11713
0 0 0 0 0 0 0 6 0 127 0 0 32.6782 127 78 1 0 0 127 0 0 30 127 0 0 0
70 0 0 0 0 127 34 0 53 99 83 0 0 0 0 32 0 0 21 0 40 0 0 127 88 0 0
0 0 0 0 0 0 16 16 0 0 0 0 0 0 127 51 0;
egregore_data 93 81 0 54 49 0 64 0 0 0 0 0 0 0 0 127 38 1 61.6585 6.11713
0 0 0 0 0 0 0 6 0 127 0 0 32.6782 127 78 1 0 0 127 0 0 30 127 0 0 0
70 0 0 0 0 127 34 0 53 99 83 0 0 0 0 32 0 0 21 0 40 0 0 127 88 0 0
0 0 0 0 0 0 16 16 0 0 0 0 0 0 127 51 0;
egregore_data 93 81 0 54 49 0 64 0 0 0 0 0 0 0 0 127 38 1 61.6585 6.11713
0 0 0 0 0 0 0 6 0 127 0 0 32.6782 127 78 1 0 0 127 0 0 30 127 0 0 0
70 0 0 0 0 127 34 0 53 99 83 0 0 0 0 32 0 0 21 0 40 0 0 127 88 0 0
0 0 0 0 0 0 16 16 0 0 0 0 0 0 127 51 0;
egregore_data 93 81 0 54 49 0 64 0 0 0 0 0 0 0 0 127 38 1 61.6585 6.11713
0 0 0 0 0 0 0 6 0 127 0 0 32.6782 127 78 1 0 0 127 0 0 30 127 0 0 0
70 0 0 0 0 127 34 0 53 99 83 0 0 0 0 32 0 0 21 0 40 0 0 127 88 0 0
0 0 0 0 0 0 16 16 0 0 0 0 0 0 127 51 0;
egregore_data 93 81 0 54 49 0 64 0 0 0 0 0 0 0 0 127 38 1 61.6585 6.11713
0 0 0 0 0 0 0 6 0 127 0 0 32.6782 127 78 1 0 0 127 0 0 30 127 0 0 0
70 0 0 0 0 127 34 0 53 99 83 0 0 0 0 32 0 0 21 0 40 0 0 127 88 0 0
0 0 0 0 0 0 16 16 0 0 0 0 0 0 127 51 0;
egregore_data 93 81 0 54 49 0 64 0 0 0 0 0 0 0 0 127 38 1 61.6585 6.11713
0 0 0 0 0 0 0 6 0 127 0 0 32.6782 127 78 1 0 0 127 0 0 30 127 0 0 0
70 0 0 0 0 127 34 0 53 99 83 0 0 0 0 32 0 0 21 0 40 0 0 127 88 0 0
0 0 0 0 0 0 16 16 0 0 0 0 0 0 127 51 0;
egregore_data 93 80 0 54 49 0 64 0 0 0 0 0 0 0 0 127 38 1 61.6585 6.11713
0 0 0 0 0 0 0 6 0 127 0 0 32.6782 127 78 1 0 0 127 0 0 30 127 0 0 0
70 0 0 0 0 127 34 0 53 99 83 0 0 0 0 32 0 0 21 0 40 0 0 127 88 0 0
0 0 0 0 0 0 16 16 0 0 0 0 0 0 127 51 0;
egregore_data 93 80 0 53 48 0 64 0 0 0 0 0 0 0 0 127 38 1 61.4075 6.30118
0 0 0 0 0 0 0 6 0 127 0 0 33.0295 127 78 1 0 0 127 0 0 30 127 0 0 0
70 0 0 0 0 127 34 0 53 99 83 0 0 0 0 32 0 0 21 0 40 0 0 127 88 0 0
0 0 0 0 0 0 16 16 0 0 0 0 0 0 127 51 0;
egregore_data 93 80 0 53 48 0 64 0 0 0 0 0 0 0 0 127 38 1 61.4075 6.30118
0 0 0 0 0 0 0 6 0 127 0 0 33.0295 127 78 1 0 0 127 0 0 30 127 0 0 0
70 0 0 0 0 127 34 0 53 99 83 0 0 0 0 32 0 0 21 0 40 0 0 127 88 0 0
0 0 0 0 0 0 16 16 0 0 0 0 0 0 127 51 0;
egregore_data 92 80 0 53 48 0 64 0 0 0 0 0 0 0 0 127 38 1 61.4075 6.30118
0 0 0 0 0 0 0 6 0 127 0 0 33.0295 127 78 1 0 0 127 0 0 30 127 0 0 0
70 0 0 0 0 127 34 0 53 99 83 0 0 0 0 32 0 0 21 0 40 0 0 127 88 0 0
0 0 0 0 0 0 16 16 0 0 0 0 0 0 127 51 0;
egregore_data 92 79 0 53 48 0 64 0 0 0 0 0 0 0 0 127 38 1 61.4075 6.30118
0 0 0 0 0 0 0 6 0 127 0 0 33.0295 127 78 1 0 0 127 0 0 30 127 0 0 0
70 0 0 0 0 127 34 0 53 99 83 0 0 0 0 32 0 0 21 0 40 0 0 127 88 0 0
0 0 0 0 0 0 16 16 0 0 0 0 0 0 127 51 0;
egregore_data 92 79 0 52 47 0 64 0 0 0 0 0 0 0 0 127 38 1 61.4075 6.30118
0 0 0 0 0 0 0 6 0 127 0 0 33.0295 127 78 1 0 0 127 0 0 30 127 0 0 0
70 0 0 0 0 127 34 0 53 99 83 0 0 0 0 32 0 0 21 0 40 0 0 127 88 0 0
0 0 0 0 0 0 16 16 0 0 0 0 0 0 127 51 0;
egregore_data 92 79 0 52 47 0 64 0 0 0 0 0 0 0 0 127 38 1 61.4075 6.30118
0 0 0 0 0 0 0 6 0 127 0 0 33.0295 127 78 1 0 0 127 0 0 30 127 0 0 0
70 0 0 0 0 127 34 0 53 99 83 0 0 0 0 32 0 0 21 0 40 0 0 127 88 0 0
0 0 0 0 0 0 16 16 0 0 0 0 0 0 127 51 0;
egregore_data 92 79 0 52 47 0 64 0 0 0 0 0 0 0 0 127 38 1 61.4075 6.30118
0 0 0 0 0 0 0 6 0 127 0 0 33.0295 127 78 1 0 0 127 0 0 30 127 0 0 0
70 0 0 0 0 127 34 0 53 99 83 0 0 0 0 32 0 0 21 0 40 0 0 127 88 0 0
0 0 0 0 0 0 16 16 0 0 0 0 0 0 127 51 0;
egregore_data 92 79 0 52 47 0 64 0 0 0 0 0 0 0 0 127 38 1 60.9055 6.66929
0 0 0 0 0 0 0 6 0 127 0 0 33.7323 127 78 1 0 0 127 0 0 30 127 0 0 0
70 0 0 0 0 127 34 0 53 99 83 0 0 0 0 32 0 0 21 0 40 0 0 127 88 0 0
0 0 0 0 0 0 16 16 0 0 0 0 0 0 127 51 0;
egregore_data 92 79 0 52 47 0 64 0 0 0 0 0 0 0 0 127 38 1 60.9055 6.66929
0 0 0 0 0 0 0 6 0 127 0 0 33.7323 127 78 1 0 0 127 0 0 30 127 0 0 0
70 0 0 0 0 127 34 0 53 99 83 0 0 0 0 32 0 0 21 0 40 0 0 127 88 0 0
0 0 0 0 0 0 16 16 0 0 0 0 0 0 127 51 0;
egregore_data 92 79 0 52 47 0 64 0 0 0 0 0 0 0 0 127 38 1 60.9055 6.66929
0 0 0 0 0 0 0 6 0 127 0 0 33.7323 127 78 1 0 0 127 0 0 30 127 0 0 0
70 0 0 0 0 127 34 0 53 99 83 0 0 0 0 32 0 0 21 0 40 0 0 127 88 0 0
0 0 0 0 0 0 16 16 0 0 0 0 0 0 127 51 0;
egregore_data 92 79 0 52 47 0 64 0 0 0 0 0 0 0 0 127 38 1 60.6545 6.85335
0 0 0 0 0 0 0 6 0 127 0 0 34.0837 127 78 1 0 0 127 0 0 30 127 0 0 0
70 0 0 0 0 127 34 0 53 99 83 0 0 0 0 32 0 0 21 0 40 0 0 127 88 0 0
0 0 0 0 0 0 16 16 0 0 0 0 0 0 127 51 0;
egregore_data 92 79 0 52 47 0 64 0 0 0 0 0 0 0 0 127 38 1 60.6545 6.85335
0 0 0 0 0 0 0 6 0 127 0 0 34.0837 127 78 1 0 0 127 0 0 30 127 0 0 0
70 0 0 0 0 127 34 0 53 99 83 0 0 0 0 32 0 0 21 0 40 0 0 127 88 0 0
0 0 0 0 0 0 16 16 0 0 0 0 0 0 127 51 0;
egregore_data 92 79 0 52 47 0 64 0 0 0 0 0 0 0 0 127 38 1 60.6545 6.85335
0 0 0 0 0 0 0 6 0 127 0 0 34.0837 127 78 1 0 0 127 0 0 30 127 0 0 0
70 0 0 0 0 127 34 0 53 99 83 0 0 0 0 32 0 0 21 0 40 0 0 127 88 0 0
0 0 0 0 0 0 16 16 0 0 0 0 0 0 127 51 0;
egregore_data 92 79 0 52 47 0 64 0 0 0 0 0 0 0 0 127 38 1 60.6545 6.85335
0 0 0 0 0 0 0 6 0 127 0 0 34.0837 127 78 1 0 0 127 0 0 30 127 0 0 0
70 0 0 0 0 127 34 0 53 99 83 0 0 0 0 32 0 0 21 0 40 0 0 127 88 0 0
0 0 0 0 0 0 16 16 0 0 0 0 0 0 127 51 0;
egregore_data 92 79 0 52 47 0 64 0 0 0 0 0 0 0 0 127 38 1 60.6545 6.85335
0 0 0 0 0 0 0 6 0 127 0 0 34.0837 127 78 1 0 0 127 0 0 30 127 0 0 0
70 0 0 0 0 127 34 0 53 99 83 0 0 0 0 32 0 0 21 0 40 0 0 127 88 0 0
0 0 0 0 0 0 16 16 0 0 0 0 0 0 127 51 0;
egregore_data 92 79 0 52 47 0 64 0 0 0 0 0 0 0 0 127 38 1 60.6545 6.85335
0 0 0 0 0 0 0 6 0 127 0 0 34.0837 127 78 1 0 0 127 0 0 30 127 0 0 0
70 0 0 0 0 127 34 0 53 99 83 0 0 0 0 32 0 0 21 0 40 0 0 127 88 0 0
0 0 0 0 0 0 16 16 0 0 0 0 0 0 127 51 0;
egregore_data 92 79 0 52 47 0 64 0 0 0 0 0 0 0 0 127 38 1 60.6545 6.85335
0 0 0 0 0 0 0 6 0 127 0 0 34.0837 127 78 1 0 0 127 0 0 30 127 0 0 0
70 0 0 0 0 127 34 0 53 99 83 0 0 0 0 32 0 0 21 0 40 0 0 127 88 0 0
0 0 0 0 0 0 16 16 0 0 0 0 0 0 127 51 0;
egregore_data 92 79 0 52 47 0 64 0 0 0 0 0 0 0 0 127 38 1 60.6545 6.85335
0 0 0 0 0 0 0 6 0 127 0 0 34.0837 127 78 1 0 0 127 0 0 30 127 0 0 0
70 0 0 0 0 127 34 0 53 99 83 0 0 0 0 32 0 0 21 0 40 0 0 127 88 0 0
0 0 0 0 0 0 16 16 0 0 0 0 0 0 127 51 0;
egregore_data 92 79 0 52 47 0 64 0 0 0 0 0 0 0 0 127 38 1 60.6545 6.85335
0 0 0 0 0 0 0 6 0 127 0 0 34.0837 127 78 1 0 0 127 0 0 30 127 0 0 0
70 0 0 0 0 127 34 0 53 99 83 0 0 0 0 32 0 0 21 0 40 0 0 127 88 0 0
0 0 0 0 0 0 16 16 0 0 0 0 0 0 127 51 0;
egregore_data 92 79 0 52 47 0 64 0 0 0 0 0 0 0 0 127 38 1 60.6545 6.85335
0 0 0 0 0 0 0 6 0 127 0 0 34.0837 127 78 1 0 0 127 0 0 30 127 0 0 0
70 0 0 0 0 127 34 0 53 99 83 0 0 0 0 32 0 0 21 0 40 0 0 127 88 0 0
0 0 0 0 0 0 16 16 0 0 0 0 0 0 127 51 0;
egregore_data 92 79 0 52 47 0 64 0 0 0 0 0 0 0 0 127 38 1 60.6545 6.85335
0 0 0 0 0 0 0 6 0 127 0 0 34.0837 127 78 1 0 0 127 0 0 30 127 0 0 0
70 0 0 0 0 127 34 0 53 99 83 0 0 0 0 32 0 0 21 0 40 0 0 127 88 0 0
0 0 0 0 0 0 16 16 0 0 0 0 0 0 127 51 0;
egregore_data 92 79 0 52 47 0 64 0 0 0 0 0 0 0 0 127 38 1 60.6545 6.85335
0 0 0 0 0 0 0 6 0 127 0 0 34.0837 127 78 1 0 0 127 0 0 30 127 0 0 0
70 0 0 0 0 127 34 0 53 99 83 0 0 0 0 32 0 0 21 0 40 0 0 127 88 0 0
0 0 0 0 0 0 16 16 0 0 0 0 0 0 127 51 0;
egregore_data 92 79 0 52 47 0 64 0 0 0 0 0 0 0 0 127 38 1 60.6545 6.85335
0 0 0 0 0 0 0 6 0 127 0 0 34.0837 127 78 1 0 0 127 0 0 30 127 0 0 0
70 0 0 0 0 127 34 0 53 99 83 0 0 0 0 32 0 0 21 0 40 0 0 127 88 0 0
0 0 0 0 0 0 16 16 0 0 0 0 0 0 127 51 0;
egregore_data 92 79 0 52 47 0 64 0 0 0 0 0 0 0 0 127 38 1 60.6545 6.85335
0 0 0 0 0 0 0 6 0 127 0 0 34.0837 127 78 1 0 0 127 0 0 30 127 0 0 0
70 0 0 0 0 127 34 0 53 99 83 0 0 0 0 32 0 0 21 0 40 0 0 127 88 0 0
0 0 0 0 0 0 16 16 0 0 0 0 0 0 127 51 0;
egregore_data 92 79 0 52 47 0 64 0 0 0 0 0 0 0 0 127 38 1 60.6545 6.85335
0 0 0 0 0 0 0 6 0 127 0 0 34.0837 127 78 1 0 0 127 0 0 30 127 0 0 0
70 0 0 0 0 127 34 0 53 99 83 0 0 0 0 32 0 0 21 0 40 0 0 127 88 0 0
0 0 0 0 0 0 16 16 0 0 0 0 0 0 127 51 0;
egregore_data 92 79 0 52 47 0 64 0 0 0 0 0 0 0 0 127 38 1 60.6545 6.85335
0 0 0 0 0 0 0 6 0 127 0 0 34.0837 127 78 1 0 0 127 0 0 30 127 0 0 0
70 0 0 0 0 127 34 0 53 99 83 0 0 0 0 32 0 0 21 0 40 0 0 127 88 0 0
0 0 0 0 0 0 16 16 0 0 0 0 0 0 127 51 0;
egregore_data 92 79 0 52 47 0 64 0 0 0 0 0 0 0 0 127 38 1 60.6545 6.85335
0 0 0 0 0 0 0 6 0 127 0 0 34.0837 127 78 1 0 0 127 0 0 30 127 0 0 0
70 0 0 0 0 127 34 0 53 99 83 0 0 0 0 32 0 0 21 0 40 0 0 127 88 0 0
0 0 0 0 0 0 16 16 0 0 0 0 0 0 127 51 0;
egregore_data 92 79 0 52 47 0 64 0 0 0 0 0 0 0 0 127 38 1 60.6545 6.85335
0 0 0 0 0 0 0 6 0 127 0 0 34.0837 127 78 1 0 0 127 0 0 30 127 0 0 0
70 0 0 0 0 127 34 0 53 99 83 0 0 0 0 32 0 0 21 0 40 0 0 127 88 0 0
0 0 0 0 0 0 16 16 0 0 0 0 0 0 127 51 0;
egregore_data 92 79 0 52 47 0 64 0 0 0 0 0 0 0 0 127 38 1 60.4035 7.0374
0 0 0 0 0 0 0 6 0 127 0 0 34.435 127 78 1 0 0 127 0 0 30 127 0 0 0
70 0 0 0 0 127 34 0 53 99 83 0 0 0 0 32 0 0 21 0 40 0 0 127 88 0 0
0 0 0 0 0 0 16 16 0 0 0 0 0 0 127 51 0;
egregore_data 92 79 0 52 47 0 64 0 0 0 0 0 0 0 0 127 38 1 60.4035 7.0374
0 0 0 0 0 0 0 6 0 127 0 0 34.435 127 78 1 0 0 127 0 0 30 127 0 0 0
70 0 0 0 0 127 34 0 53 99 83 0 0 0 0 32 0 0 21 0 40 0 0 127 88 0 0
0 0 0 0 0 0 16 16 0 0 0 0 0 0 127 51 0;
egregore_data 92 79 0 52 47 0 64 0 0 0 0 0 0 0 0 127 38 1 60.4035 7.0374
0 0 0 0 0 0 0 6 0 127 0 0 34.435 127 78 1 0 0 127 0 0 30 127 0 0 0
70 0 0 0 0 127 34 0 53 99 83 0 0 0 0 32 0 0 21 0 40 0 0 127 88 0 0
0 0 0 0 0 0 16 16 0 0 0 0 0 0 127 51 0;
egregore_data 92 79 0 52 47 0 64 0 0 0 0 0 0 0 0 127 38 1 60.4035 7.0374
0 0 0 0 0 0 0 6 0 127 0 0 34.435 127 78 1 0 0 127 0 0 30 127 0 0 0
70 0 0 0 0 127 34 0 53 99 83 0 0 0 0 32 0 0 21 0 40 0 0 127 88 0 0
0 0 0 0 0 0 16 16 0 0 0 0 0 0 127 51 0;
egregore_data 92 79 0 52 47 0 64 0 0 0 0 0 0 0 0 127 38 1 60.4035 7.0374
0 0 0 0 0 0 0 6 0 127 0 0 34.435 127 78 1 0 0 127 0 0 30 127 0 0 0
70 0 0 0 0 127 34 0 53 99 83 0 0 0 0 32 0 0 21 0 40 0 0 127 88 0 0
0 0 0 0 0 0 16 16 0 0 0 0 0 0 127 51 0;
egregore_data 92 79 0 52 47 0 64 0 0 0 0 0 0 0 0 127 38 1 60.4035 7.0374
0 0 0 0 0 0 0 6 0 127 0 0 34.435 127 78 1 0 0 127 0 0 30 127 0 0 0
70 0 0 0 0 127 34 0 53 99 83 0 0 0 0 32 0 0 21 0 40 0 0 127 88 0 0
0 0 0 0 0 0 16 16 0 0 0 0 0 0 127 51 0;
egregore_data 92 79 0 52 47 0 64 0 0 0 0 0 0 0 0 127 38 1 60.1526 7.22146
0 0 0 0 0 0 0 6 0 127 0 0 34.7864 127 78 1 0 0 127 0 0 30 127 0 0 0
70 0 0 0 0 127 34 0 53 99 83 0 0 0 0 32 0 0 21 0 40 0 0 127 88 0 0
0 0 0 0 0 0 16 16 0 0 0 0 0 0 127 51 0;
egregore_data 92 79 0 52 47 0 64 0 0 0 0 0 0 0 0 127 38 1 60.1526 7.22146
0 0 0 0 0 0 0 6 0 127 0 0 34.7864 127 78 1 0 0 127 0 0 30 127 0 0 0
70 0 0 0 0 127 34 0 53 99 83 0 0 0 0 32 0 0 21 0 40 0 0 127 88 0 0
0 0 0 0 0 0 16 16 0 0 0 0 0 0 127 51 0;
egregore_data 92 79 0 52 47 0 64 0 0 0 0 0 0 0 0 127 38 1 60.1526 7.22146
0 0 0 0 0 0 0 6 0 127 0 0 34.7864 127 78 1 0 0 127 0 0 30 127 0 0 0
70 0 0 0 0 127 34 0 53 99 83 0 0 0 0 32 0 0 21 0 40 0 0 127 88 0 0
0 0 0 0 0 0 16 16 0 0 0 0 0 0 127 51 0;
egregore_data 92 79 0 52 47 0 64 0 0 0 0 0 0 0 0 127 38 1 60.1526 7.22146
0 0 0 0 0 0 0 6 0 127 0 0 34.7864 127 78 1 0 0 127 0 0 30 127 0 0 0
70 0 0 0 0 127 34 0 53 99 83 0 0 0 0 32 0 0 21 0 40 0 0 127 88 0 0
0 0 0 0 0 0 16 16 0 0 0 0 0 0 127 51 0;
egregore_data 92 79 0 52 47 0 64 0 0 0 0 0 0 0 0 127 38 1 60.1526 7.22146
0 0 0 0 0 0 0 6 0 127 0 0 34.7864 127 78 1 0 0 127 0 0 30 127 0 0 0
70 0 0 0 0 127 34 0 53 99 83 0 0 0 0 32 0 0 21 0 40 0 0 127 88 0 0
0 0 0 0 0 0 16 16 0 0 0 0 0 0 127 51 0;
egregore_data 92 79 0 52 47 0 64 0 0 0 0 0 0 0 0 127 38 1 60.1526 7.22146
0 0 0 0 0 0 0 6 0 127 0 0 34.7864 127 78 1 0 0 127 0 0 30 127 0 0 0
70 0 0 0 0 127 34 0 53 99 83 0 0 0 0 32 0 0 21 0 40 0 0 127 88 0 0
0 0 0 0 0 0 16 16 0 0 0 0 0 0 127 51 0;
egregore_data 92 79 0 52 47 0 64 0 0 0 0 0 0 0 0 127 38 1 60.1526 7.22146
0 0 0 0 0 0 0 6 0 127 0 0 34.7864 127 78 1 0 0 127 0 0 30 127 0 0 0
70 0 0 0 0 127 34 0 53 99 83 0 0 0 0 32 0 0 21 0 40 0 0 127 88 0 0
0 0 0 0 0 0 16 16 0 0 0 0 0 0 127 51 0;
egregore_data 92 79 0 52 47 0 64 0 0 0 0 0 0 0 0 127 38 1 60.1526 7.22146
0 0 0 0 0 0 0 6 0 127 0 0 34.7864 127 78 1 0 0 127 0 0 30 127 0 0 0
70 0 0 0 0 127 34 0 53 99 83 0 0 0 0 32 0 0 21 0 40 0 0 127 88 0 0
0 0 0 0 0 0 16 16 0 0 0 0 0 0 127 51 0;
egregore_data 92 79 0 52 47 0 64 0 0 0 0 0 0 0 0 127 38 1 60.1526 7.22146
0 0 0 0 0 0 0 6 0 127 0 0 34.7864 127 78 1 0 0 127 0 0 30 127 0 0 0
70 0 0 0 0 127 34 0 53 99 83 0 0 0 0 32 0 0 21 0 40 0 0 127 88 0 0
0 0 0 0 0 0 16 16 0 0 0 0 0 0 127 51 0;
egregore_data 92 79 0 52 47 0 64 0 0 0 0 0 0 0 0 127 38 1 60.1526 7.22146
0 0 0 0 0 0 0 6 0 127 0 0 34.7864 127 78 1 0 0 127 0 0 30 127 0 0 0
70 0 0 0 0 127 34 0 53 99 83 0 0 0 0 32 0 0 21 0 40 0 0 127 88 0 0
0 0 0 0 0 0 16 16 0 0 0 0 0 0 127 51 0;
egregore_data 92 79 0 52 47 0 64 0 0 0 0 0 0 0 0 127 38 1 60.1526 7.22146
0 0 0 0 0 0 0 6 0 127 0 0 34.7864 127 78 1 0 0 127 0 0 30 127 0 0 0
70 0 0 0 0 127 34 0 53 99 83 0 0 0 0 32 0 0 21 0 40 0 0 127 88 0 0
0 0 0 0 0 0 16 16 0 0 0 0 0 0 127 51 0;
egregore_data 92 79 0 52 47 0 64 0 0 0 0 0 0 0 0 127 38 1 60.1526 7.22146
0 0 0 0 0 0 0 6 0 127 0 0 34.7864 127 78 1 0 0 127 0 0 30 127 0 0 0
70 0 0 0 0 127 34 0 53 99 83 0 0 0 0 32 0 0 21 0 40 0 0 127 88 0 0
0 0 0 0 0 0 16 16 0 0 0 0 0 0 127 51 0;
egregore_data 92 79 0 52 47 0 64 0 0 0 0 0 0 0 0 127 38 1 60.1526 7.22146
0 0 0 0 0 0 0 6 0 127 0 0 34.7864 127 78 1 0 0 127 0 0 30 127 0 0 0
70 0 0 0 0 127 34 0 53 99 83 0 0 0 0 32 0 0 21 0 40 0 0 127 88 0 0
0 0 0 0 0 0 16 16 0 0 0 0 0 0 127 51 0;
egregore_data 92 79 0 52 47 0 64 0 0 0 0 0 0 0 0 127 38 1 60.1526 7.22146
0 0 0 0 0 0 0 6 0 127 0 0 34.7864 127 78 1 0 0 127 0 0 30 127 0 0 0
70 0 0 0 0 127 34 0 53 99 83 0 0 0 0 32 0 0 21 0 40 0 0 127 88 0 0
0 0 0 0 0 0 16 16 0 0 0 0 0 0 127 51 0;
egregore_data 92 79 0 52 47 0 64 0 0 0 0 0 0 0 0 127 38 1 60.1526 7.22146
0 0 0 0 0 0 0 6 0 127 0 0 34.7864 127 78 1 0 0 127 0 0 30 127 0 0 0
70 0 0 0 0 127 34 0 53 99 83 0 0 0 0 32 0 0 21 0 40 0 0 127 88 0 0
0 0 0 0 0 0 16 16 0 0 0 0 0 0 127 51 0;
egregore_data 92 79 0 52 47 0 64 0 0 0 0 0 0 0 0 127 38 1 60.1526 7.22146
0 0 0 0 0 0 0 6 0 127 0 0 34.7864 127 78 1 0 0 127 0 0 30 127 0 0 0
70 0 0 0 0 127 34 0 53 99 83 0 0 0 0 32 0 0 21 0 40 0 0 127 88 0 0
0 0 0 0 0 0 16 16 0 0 0 0 0 0 127 51 0;
egregore_data 92 79 0 52 47 0 64 0 0 0 0 0 0 0 0 127 38 1 60.1526 7.22146
0 0 0 0 0 0 0 6 0 127 0 0 34.7864 127 78 1 0 0 127 0 0 30 127 0 0 0
70 0 0 0 0 127 34 0 53 99 83 0 0 0 0 32 0 0 21 0 40 0 0 127 88 0 0
0 0 0 0 0 0 16 16 0 0 0 0 0 0 127 51 0;
egregore_data 92 79 0 52 47 0 64 0 0 0 0 0 0 0 0 127 38 1 60.1526 7.22146
0 0 0 0 0 0 0 6 0 127 0 0 34.7864 127 78 1 0 0 127 0 0 30 127 0 0 0
70 0 0 0 0 127 34 0 53 99 83 0 0 0 0 32 0 0 21 0 40 0 0 127 88 0 0
0 0 0 0 0 0 16 16 0 0 0 0 0 0 127 51 0;
egregore_data 92 79 0 52 47 0 64 0 0 0 0 0 0 0 0 127 38 1 59.9016 7.40551
0 0 0 0 0 0 0 6 0 127 0 0 35.1378 127 78 1 0 0 127 0 0 30 127 0 0 0
70 0 0 0 0 127 34 0 53 99 83 0 0 0 0 32 0 0 21 0 40 0 0 127 88 0 0
0 0 0 0 0 0 16 16 0 0 0 0 0 0 127 51 0;
egregore_data 92 79 0 52 47 0 64 0 0 0 0 0 0 0 0 127 38 1 59.9016 7.40551
0 0 0 0 0 0 0 6 0 127 0 0 35.1378 127 78 1 0 0 127 0 0 30 127 0 0 0
70 0 0 0 0 127 34 0 53 99 83 0 0 0 0 32 0 0 21 0 40 0 0 127 88 0 0
0 0 0 0 0 0 16 16 0 0 0 0 0 0 127 51 0;
egregore_data 92 79 0 52 47 0 64 0 0 0 0 0 0 0 0 127 38 1 59.9016 7.40551
0 0 0 0 0 0 0 6 0 127 0 0 35.1378 127 78 1 0 0 127 0 0 30 127 0 0 0
70 0 0 0 0 127 34 0 53 99 83 0 0 0 0 32 0 0 21 0 40 0 0 127 88 0 0
0 0 0 0 0 0 16 16 0 0 0 0 0 0 127 51 0;
egregore_data 92 79 0 52 47 0 64 0 0 0 0 0 0 0 0 127 38 1 59.9016 7.40551
0 0 0 0 0 0 0 6 0 127 0 0 35.1378 127 78 1 0 0 127 0 0 30 127 0 0 0
70 0 0 0 0 127 34 0 53 99 83 0 0 0 0 32 0 0 21 0 40 0 0 127 88 0 0
0 0 0 0 0 0 16 16 0 0 0 0 0 0 127 51 0;
egregore_data 92 79 0 52 47 0 64 0 0 0 0 0 0 0 0 127 38 1 59.9016 7.40551
0 0 0 0 0 0 0 6 0 127 0 0 35.1378 127 78 1 0 0 127 0 0 30 127 0 0 0
70 0 0 0 0 127 34 0 53 99 83 0 0 0 0 32 0 0 21 0 40 0 0 127 88 0 0
0 0 0 0 0 0 16 16 0 0 0 0 0 0 127 51 0;
egregore_data 92 79 0 52 47 0 64 0 0 0 0 0 0 0 0 127 38 1 59.9016 7.40551
0 0 0 0 0 0 0 6 0 127 0 0 35.1378 127 78 1 0 0 127 0 0 30 127 0 0 0
70 0 0 0 0 127 34 0 53 99 83 0 0 0 0 32 0 0 21 0 40 0 0 127 88 0 0
0 0 0 0 0 0 16 16 0 0 0 0 0 0 127 51 0;
egregore_data 92 79 0 52 47 0 64 0 0 0 0 0 0 0 0 127 38 1 59.9016 7.40551
0 0 0 0 0 0 0 6 0 127 0 0 35.1378 127 78 1 0 0 127 0 0 30 127 0 0 0
70 0 0 0 0 127 34 0 53 99 83 0 0 0 0 32 0 0 21 0 40 0 0 127 88 0 0
0 0 0 0 0 0 16 16 0 0 0 0 0 0 127 51 0;
END;
