HTTP/1.1 200 OK
Date: Thu, 28 May 2015 12:25:04 GMT
Server: Apache
Last-Modified: Wed, 27 May 2015 19:21:22 GMT
Accept-Ranges: bytes
Content-Length: 27116
Vary: Accept-Encoding
Connection: close
Content-Type: text/plain

chdh_egregore_live_data;
egregore_data 0 0 127 0 0 127 0 0 0 0 0 0 0 0 0 127 38 0 127 0 0 0
0 0 0 0 0 0 0 100 0 0 127 127 78 0 93 90 75 112 19 127 15 73 0 0 70
0 0 0 127 127 34 1 53.2314 98.6033 82.9339 0 0 0 0 32.4545 0 0 20.6529
0 40.3223 0 0 127 88 1 0 0 0 0 0 0 0 16 16 0 0 0 0 0 0 127 51 0;
egregore_data 0 0 127 0 0 127 0 0 0 0 0 0 0 0 0 127 38 0 127 0 0 0
0 0 0 0 0 0 0 100 0 0 127 127 78 0 93 90 75 112 19 127 15 73 0 0 70
0 0 0 127 127 34 1 53.2314 98.6033 82.9339 0 0 0 0 32.4545 0 0 20.6529
0 40.3223 0 0 127 88 1 0 0 0 0 0 0 0 16 16 0 0 0 0 0 0 127 51 0;
egregore_data 0 0 127 0 0 127 0 0 0 0 0 0 0 0 0 127 38 0 127 0 0 0
0 0 0 0 0 0 0 100 0 0 127 127 78 0 93 90 75 112 19 127 15 73 0 0 70
0 0 0 127 127 34 1 53.2314 98.6033 82.9339 0 0 0 0 32.4545 0 0 20.6529
0 40.3223 0 0 127 88 1 0 0 0 0 0 0 0 16 16 0 0 0 0 0 0 127 51 0;
egregore_data 0 0 127 0 0 127 0 0 0 0 0 0 0 0 0 127 38 0 127 0 0 0
0 0 0 0 0 0 0 100 0 0 127 127 78 0 93 90 75 112 19 127 15 73 0 0 70
0 0 0 127 127 34 1 53.2314 98.6033 82.9339 0 0 0 0 32.4545 0 0 20.6529
0 40.3223 0 0 127 88 1 0 0 0 0 0 0 0 16 16 0 0 0 0 0 0 127 51 0;
egregore_data 0 0 127 0 0 127 0 0 0 0 0 0 0 0 0 127 38 0 127 0 0 0
0 0 0 0 0 0 0 100 0 0 127 127 78 0 93 90 75 112 19 127 15 73 0 0 70
0 0 0 127 127 34 1 53.2314 98.6033 82.9339 0 0 0 0 32.4545 0 0 20.6529
0 40.3223 0 0 127 88 1 0 0 0 0 0 0 0 16 16 0 0 0 0 0 0 127 51 0;
egregore_data 0 0 127 0 0 127 0 0 0 0 0 0 0 0 0 127 38 0 127 0 0 0
0 0 0 0 0 0 0 100 0 0 127 127 78 0 93 90 75 112 19 127 15 73 0 0 70
0 0 0 127 127 34 1 53.2314 98.6033 82.9339 0 0 0 0 32.4545 0 0 20.6529
0 40.3223 0 0 127 88 1 0 0 0 0 0 0 0 16 16 0 0 0 0 0 0 127 51 0;
egregore_data 0 0 127 0 0 127 0 0 0 0 0 0 0 0 0 127 38 0 127 0 0 0
0 0 0 0 0 0 0 100 0 0 127 127 78 0 93 90 75 112 19 127 15 73 0 0 70
0 0 0 127 127 34 1 53.2314 98.6033 82.9339 0 0 0 0 32.4545 0 0 20.6529
0 40.3223 0 0 127 88 1 0 0 0 0 0 0 0 16 16 0 0 0 0 0 0 127 51 0;
egregore_data 0 0 127 0 0 127 0 0 0 0 0 0 0 0 0 127 38 0 127 0 0 0
0 0 0 0 0 0 0 100 0 0 127 127 78 0 93 90 75 112 19 127 15 73 0 0 70
0 0 0 127 127 34 1 53.2314 98.6033 82.9339 0 0 0 0 32.4545 0 0 20.6529
0 40.3223 0 0 127 88 1 0 0 0 0 0 0 0 16 16 0 0 0 0 0 0 127 51 0;
egregore_data 0 0 127 0 0 127 0 0 0 0 0 0 0 0 0 127 38 0 127 0 0 0
0 0 0 0 0 0 0 100 0 0 127 127 78 0 93 90 75 112 19 127 15 73 0 0 70
0 0 0 127 127 34 1 53.2314 98.6033 82.9339 0 0 0 0 32.4545 0 0 20.6529
0 40.3223 0 0 127 88 1 0 0 0 0 0 0 0 16 16 0 0 0 0 0 0 127 51 0;
egregore_data 0 0 127 0 0 127 0 0 0 0 0 0 0 0 0 127 38 0 127 0 0 0
0 0 0 0 0 0 0 100 0 0 127 127 78 0 93 90 75 112 19 127 15 73 0 0 70
0 0 0 127 127 34 1 53.2314 98.6033 82.9339 0 0 0 0 32.4545 0 0 20.6529
0 40.3223 0 0 127 88 1 0 0 0 0 0 0 0 16 16 0 0 0 0 0 0 127 51 0;
egregore_data 0 0 127 0 0 127 0 0 0 0 0 0 0 0 0 127 38 0 127 0 0 0
0 0 0 0 0 0 0 100 0 0 127 127 78 0 93 90 75 112 19 127 15 73 0 0 70
0 0 0 127 127 34 1 53.2314 98.6033 82.9339 0 0 0 0 32.4545 0 0 20.6529
0 40.3223 0 0 127 88 1 0 0 0 0 0 0 0 16 16 0 0 0 0 0 0 127 51 0;
egregore_data 0 0 127 0 0 127 0 0 0 0 0 0 0 0 0 127 38 0 127 0 0 0
0 0 0 0 0 0 0 100 0 0 127 127 78 0 93 90 75 112 19 127 15 73 0 0 70
0 0 0 127 127 34 1 53.2314 98.6033 82.9339 0 0 0 0 32.4545 0 0 20.6529
0 40.3223 0 0 127 88 1 0 0 0 0 0 0 0 16 16 0 0 0 0 0 0 127 51 0;
egregore_data 0 0 127 0 0 127 0 0 0 0 0 0 0 0 0 127 38 0 127 0 0 0
0 0 0 0 0 0 0 100 0 0 127 127 78 0 93 90 75 112 19 127 15 73 0 0 70
0 0 0 127 127 34 1 53.2314 98.6033 82.9339 0 0 0 0 32.4545 0 0 20.6529
0 40.3223 0 0 127 88 1 0 0 0 0 0 0 0 16 16 0 0 0 0 0 0 127 51 0;
egregore_data 0 0 127 0 0 127 0 0 0 0 0 0 0 0 0 127 38 0 127 0 0 0
0 0 0 0 0 0 0 100 0 0 127 127 78 0 93 90 75 111 19 127 15 73 0 0 70
0 0 0 127 127 34 1 53.2314 98.6033 82.9339 0 0 0 0 32.4545 0 0 20.6529
0 40.3223 0 0 127 88 1 0 0 0 0 0 0 0 16 16 0 0 0 0 0 0 127 51 0;
egregore_data 0 0 127 0 0 127 0 0 0 0 0 0 0 0 0 127 38 0 127 0 0 0
0 0 0 0 0 0 0 100 0 0 127 127 78 0 93 90 75 111 19 127 15 73 0 0 70
0 0 0 127 127 34 1 53.2314 98.6033 82.9339 0 0 0 0 32.4545 0 0 20.6529
0 40.3223 0 0 127 88 1 0 0 0 0 0 0 0 16 16 0 0 0 0 0 0 127 51 0;
egregore_data 0 0 127 0 0 127 0 0 0 0 0 0 0 0 0 127 38 0 127 0 0 0
0 0 0 0 0 0 0 100 0 0 127 127 78 0 93 90 75 111 19 127 15 73 0 0 70
0 0 0 127 127 34 1 53.2314 98.6033 82.9339 0 0 0 0 32.4545 0 0 20.6529
0 40.3223 0 0 127 88 1 0 0 0 0 0 0 0 16 16 0 0 0 0 0 0 127 51 0;
egregore_data 0 0 127 0 0 127 0 0 0 0 0 0 0 0 0 127 38 0 127 0 0 0
0 0 0 0 0 0 0 100 0 0 127 127 78 0 93 90 75 111 19 127 15 73 0 0 70
0 0 0 127 127 34 1 53.2314 98.6033 82.9339 0 0 0 0 32.4545 0 0 20.6529
0 40.3223 0 0 127 88 1 0 0 0 0 0 0 0 16 16 0 0 0 0 0 0 127 51 0;
egregore_data 0 0 127 0 0 127 0 0 0 0 0 0 0 0 0 127 38 0 127 0 0 0
0 0 0 0 0 0 0 100 0 0 127 127 78 0 93 90 75 110 19 127 15 73 0 0 70
0 0 0 127 127 34 1 53.2314 98.6033 82.9339 0 0 0 0 32.4545 0 0 20.6529
0 40.3223 0 0 127 88 1 0 0 0 0 0 0 0 16 16 0 0 0 0 0 0 127 51 0;
egregore_data 0 0 127 0 0 127 0 0 0 0 0 0 0 0 0 127 38 0 127 0 0 0
0 0 0 0 0 0 0 100 0 0 127 127 78 0 93 90 75 110 19 127 15 73 0 0 70
0 0 0 127 127 34 1 53.2314 98.6033 82.9339 0 0 0 0 32.4545 0 0 20.6529
0 40.3223 0 0 127 88 1 0 0 0 0 0 0 0 16 16 0 0 0 0 0 0 127 51 0;
egregore_data 0 0 127 0 0 127 0 0 0 0 0 0 0 0 0 127 38 0 127 0 0 0
0 0 0 0 0 0 0 100 0 0 127 127 78 0 93 90 75 110 19 127 15 73 0 0 70
0 0 0 127 127 34 1 53.2314 98.6033 82.9339 0 0 0 0 32.4545 0 0 20.6529
0 40.3223 0 0 127 88 1 0 0 0 0 0 0 0 16 16 0 0 0 0 0 0 127 51 0;
egregore_data 0 0 127 0 0 127 0 0 0 0 0 0 0 0 0 127 38 0 127 0 0 0
0 0 0 0 0 0 0 100 0 0 127 127 78 0 93 90 75 110 19 127 15 73 0 0 70
0 0 0 127 127 34 1 53.2314 98.6033 82.9339 0 0 0 0 32.4545 0 0 20.6529
0 40.3223 0 0 127 88 1 0 0 0 0 0 0 0 16 16 0 0 0 0 0 0 127 51 0;
egregore_data 0 0 127 0 0 127 0 0 0 0 0 0 0 0 0 127 38 0 127 0 0 0
0 0 0 0 0 0 0 100 0 0 127 127 78 0 93 90 75 110 19 127 15 73 0 0 70
0 0 0 127 127 34 1 53.2314 98.6033 82.9339 0 0 0 0 32.4545 0 0 20.6529
0 40.3223 0 0 127 88 1 0 0 0 0 0 0 0 16 16 0 0 0 0 0 0 127 51 0;
egregore_data 0 0 127 0 0 127 0 0 0 0 0 0 0 0 0 127 38 0 127 0 0 0
0 0 0 0 0 0 0 100 0 0 127 127 78 0 93 90 75 109 19 127 15 73 0 0 70
0 0 0 127 127 34 1 53.2314 98.6033 82.9339 0 0 0 0 32.4545 0 0 20.6529
0 40.3223 0 0 127 88 1 0 0 0 0 0 0 0 16 16 0 0 0 0 0 0 127 51 0;
egregore_data 0 0 127 0 0 127 0 0 0 0 0 0 0 0 0 127 38 0 127 0 0 0
0 0 0 0 0 0 0 100 0 0 127 127 78 0 93 90 75 109 19 127 15 73 0 0 70
0 0 0 127 127 34 1 53.2314 98.6033 82.9339 0 0 0 0 32.4545 0 0 20.6529
0 40.3223 0 0 127 88 1 0 0 0 0 0 0 0 16 16 0 0 0 0 0 0 127 51 0;
egregore_data 0 0 127 0 0 127 0 0 0 0 0 0 0 0 0 127 38 0 127 0 0 0
0 0 0 0 0 0 0 100 0 0 127 127 78 0 93 90 75 109 19 127 15 73 0 0 70
0 0 0 127 127 34 1 53.2314 98.6033 82.9339 0 0 0 0 32.4545 0 0 20.6529
0 40.3223 0 0 127 88 1 0 0 0 0 0 0 0 16 16 0 0 0 0 0 0 127 51 0;
egregore_data 0 0 127 0 0 127 0 0 0 0 0 0 0 0 0 127 38 0 127 0 0 0
0 0 0 0 0 0 0 100 0 0 127 127 78 0 93 90 75 109 19 127 15 73 0 0 70
0 0 0 127 127 34 1 53.2314 98.6033 82.9339 0 0 0 0 32.4545 0 0 20.6529
0 40.3223 0 0 127 88 1 0 0 0 0 0 0 0 16 16 0 0 0 0 0 0 127 51 0;
egregore_data 0 0 127 0 0 127 0 0 0 0 0 0 0 0 0 127 38 0 127 0 0 0
0 0 0 0 0 0 0 100 0 0 127 127 78 0 93 90 75 109 19 127 15 73 0 0 70
0 0 0 127 127 34 1 53.2314 98.6033 82.9339 0 0 0 0 32.4545 0 0 20.6529
0 40.3223 0 0 127 88 1 0 0 0 0 0 0 0 16 16 0 0 0 0 0 0 127 51 0;
egregore_data 0 0 127 0 0 127 0 0 0 0 0 0 0 0 0 127 38 0 127 0 0 0
0 0 0 0 0 0 0 100 0 0 127 127 78 0 93 90 75 109 19 127 15 73 0 0 70
0 0 0 127 127 34 1 53.2314 98.6033 82.9339 0 0 0 0 32.4545 0 0 20.6529
0 40.3223 0 0 127 88 1 0 0 0 0 0 0 0 16 16 0 0 0 0 0 0 127 51 0;
egregore_data 0 0 127 0 0 127 0 0 0 0 0 0 0 0 0 127 38 0 127 0 0 0
0 0 0 0 0 0 0 100 0 0 127 127 78 0 93 90 75 108 19 127 15 73 0 0 70
0 0 0 127 127 34 1 53.2314 98.6033 82.9339 0 0 0 0 32.4545 0 0 20.6529
0 40.3223 0 0 127 88 1 0 0 0 0 0 0 0 16 16 0 0 0 0 0 0 127 51 0;
egregore_data 0 0 127 0 0 127 0 0 0 0 0 0 0 0 0 127 38 0 127 0 0 0
0 0 0 0 0 0 0 100 0 0 127 127 78 0 93 90 75 108 19 127 15 73 0 0 70
0 0 0 127 127 34 1 53.2314 98.6033 82.9339 0 0 0 0 32.4545 0 0 20.6529
0 40.3223 0 0 127 88 1 0 0 0 0 0 0 0 16 16 0 0 0 0 0 0 127 51 0;
egregore_data 0 0 127 0 0 127 0 0 0 0 0 0 0 0 0 127 38 0 127 0 0 0
0 0 0 0 0 0 0 100 0 0 127 127 78 0 93 90 75 108 19 127 15 73 0 0 70
0 0 0 127 127 34 1 53.2314 98.6033 82.9339 0 0 0 0 32.4545 0 0 20.6529
0 40.3223 0 0 127 88 1 0 0 0 0 0 0 0 16 16 0 0 0 0 0 0 127 51 0;
egregore_data 0 0 127 0 0 127 0 0 0 0 0 0 0 0 0 127 38 0 127 0 0 0
0 0 0 0 0 0 0 100 0 0 127 127 78 0 93 90 75 108 19 127 15 73 0 0 70
0 0 0 127 127 34 1 53.2314 98.6033 82.9339 0 0 0 0 32.4545 0 0 20.6529
0 40.3223 0 0 127 88 1 0 0 0 0 0 0 0 16 16 0 0 0 0 0 0 127 51 0;
egregore_data 0 0 127 0 0 127 0 0 0 0 0 0 0 0 0 127 38 0 127 0 0 0
0 0 0 0 0 0 0 100 0 0 127 127 78 0 93 90 75 108 19 127 15 73 0 0 70
0 0 0 127 127 34 1 53.2314 98.6033 82.9339 0 0 0 0 32.4545 0 0 20.6529
0 40.3223 0 0 127 88 1 0 0 0 0 0 0 0 16 16 0 0 0 0 0 0 127 51 0;
egregore_data 0 0 127 0 0 127 0 0 0 0 0 0 0 0 0 127 38 0 127 0 0 0
0 0 0 0 0 0 0 100 0 0 127 127 78 0 93 90 75 106 19 127 15 73 0 0 70
0 0 0 127 127 34 1 53.2314 98.6033 82.9339 0 0 0 0 32.4545 0 0 20.6529
0 40.3223 0 0 127 88 1 0 0 0 0 0 0 0 16 16 0 0 0 0 0 0 127 51 0;
egregore_data 0 0 127 0 0 127 0 0 0 0 0 0 0 0 0 127 38 0 127 0 0 0
0 0 0 0 0 0 0 100 0 0 127 127 78 0 93 90 75 106 19 127 15 73 0 0 70
0 0 0 127 127 34 1 53.2314 98.6033 82.9339 0 0 0 0 32.4545 0 0 20.6529
0 40.3223 0 0 127 88 1 0 0 0 0 0 0 0 16 16 0 0 0 0 0 0 127 51 0;
egregore_data 0 0 127 0 0 127 0 0 0 0 0 0 0 0 0 127 38 0 127 0 0 0
0 0 0 0 0 0 0 100 0 0 127 127 78 0 93 90 75 106 19 127 15 73 0 0 70
0 0 0 127 127 34 1 53.2314 98.6033 82.9339 0 0 0 0 32.4545 0 0 20.6529
0 40.3223 0 0 127 88 1 0 0 0 0 0 0 0 16 16 0 0 0 0 0 0 127 51 0;
egregore_data 0 0 127 0 0 127 0 0 0 0 0 0 0 0 0 127 38 0 127 0 0 0
0 0 0 0 0 0 0 100 0 0 127 127 78 0 93 90 75 106 19 127 15 73 0 0 70
0 0 0 127 127 34 1 53.2314 98.6033 82.9339 0 0 0 0 32.4545 0 0 20.6529
0 40.3223 0 0 127 88 1 0 0 0 0 0 0 0 16 16 0 0 0 0 0 0 127 51 0;
egregore_data 0 0 127 0 0 127 0 0 0 0 0 0 0 0 0 127 38 0 127 0 0 0
0 0 0 0 0 0 0 100 0 0 127 127 78 0 93 90 75 106 19 127 15 73 0 0 70
0 0 0 127 127 34 1 53.2314 98.6033 82.9339 0 0 0 0 32.4545 0 0 20.6529
0 40.3223 0 0 127 88 1 0 0 0 0 0 0 0 16 16 0 0 0 0 0 0 127 51 0;
egregore_data 0 0 127 0 0 127 0 0 0 0 0 0 0 0 0 127 38 0 127 0 0 0
0 0 0 0 0 0 0 100 0 0 127 127 78 0 93 90 75 106 19 127 15 73 0 0 70
0 0 0 127 127 34 1 53.2314 98.6033 82.9339 0 0 0 0 32.4545 0 0 20.6529
0 40.3223 0 0 127 88 1 0 0 0 0 0 0 0 16 16 0 0 0 0 0 0 127 51 0;
egregore_data 0 0 127 0 0 127 0 0 0 0 0 0 0 0 0 127 38 0 127 0 0 0
0 0 0 0 0 0 0 100 0 0 127 127 78 0 93 90 75 106 19 127 15 73 0 0 70
0 0 0 127 127 34 1 53.2314 98.6033 82.9339 0 0 0 0 32.4545 0 0 20.6529
0 40.3223 0 0 127 88 1 0 0 0 0 0 0 0 16 16 0 0 0 0 0 0 127 51 0;
egregore_data 0 0 127 0 0 127 0 0 0 0 0 0 0 0 0 127 38 0 127 0 0 0
0 0 0 0 0 0 0 100 0 0 127 127 78 0 93 90 75 106 19 127 15 73 0 0 70
0 0 0 127 127 34 1 53.2314 98.6033 82.9339 0 0 0 0 32.4545 0 0 20.6529
0 40.3223 0 0 127 88 1 0 0 0 0 0 0 0 16 16 0 0 0 0 0 0 127 51 0;
egregore_data 0 0 127 0 0 127 0 0 0 0 0 0 0 0 0 127 38 0 127 0 0 0
0 0 0 0 0 0 0 100 0 0 127 127 78 0 93 90 75 105 19 127 15 73 0 0 70
0 0 0 127 127 34 1 53.2314 98.6033 82.9339 0 0 0 0 32.4545 0 0 20.6529
0 40.3223 0 0 127 88 1 0 0 0 0 0 0 0 16 16 0 0 0 0 0 0 127 51 0;
egregore_data 0 0 127 0 0 127 0 0 0 0 0 0 0 0 0 127 38 0 127 0 0 0
0 0 0 0 0 0 0 100 0 0 127 127 78 0 93 90 75 105 19 127 15 73 0 0 70
0 0 0 127 127 34 1 53.2314 98.6033 82.9339 0 0 0 0 32.4545 0 0 20.6529
0 40.3223 0 0 127 88 1 0 0 0 0 0 0 0 16 16 0 0 0 0 0 0 127 51 0;
egregore_data 0 0 127 0 0 127 0 0 0 0 0 0 0 0 0 127 38 0 127 0 0 0
0 0 0 0 0 0 0 100 0 0 127 127 78 0 93 90 75 105 19 127 15 73 0 0 70
0 0 0 127 127 34 1 53.2314 98.6033 82.9339 0 0 0 0 32.4545 0 0 20.6529
0 40.3223 0 0 127 88 1 0 0 0 0 0 0 0 16 16 0 0 0 0 0 0 127 51 0;
egregore_data 0 0 127 0 0 127 0 0 0 0 0 0 0 0 0 127 38 0 127 0 0 0
0 0 0 0 0 0 0 100 0 0 127 127 78 0 93 90 75 105 19 127 15 73 0 0 70
0 0 0 127 127 34 1 53.2314 98.6033 82.9339 0 0 0 0 32.4545 0 0 20.6529
0 40.3223 0 0 127 88 1 0 0 0 0 0 0 0 16 16 0 0 0 0 0 0 127 51 0;
egregore_data 0 0 127 0 0 127 0 0 0 0 0 0 0 0 0 127 38 0 127 0 0 0
0 0 0 0 0 0 0 100 0 0 127 127 78 0 93 90 75 104 19 127 15 73 0 0 70
0 0 0 127 127 34 1 53.2314 98.6033 82.9339 0 0 0 0 32.4545 0 0 20.6529
0 40.3223 0 0 127 88 1 0 0 0 0 0 0 0 16 16 0 0 0 0 0 0 127 51 0;
egregore_data 0 0 127 0 0 127 0 0 0 0 0 0 0 0 0 127 38 0 127 0 0 0
0 0 0 0 0 0 0 100 0 0 127 127 78 0 93 90 75 104 19 127 15 73 0 0 70
0 0 0 127 127 34 1 53.2314 98.6033 82.9339 0 0 0 0 32.4545 0 0 20.6529
0 40.3223 0 0 127 88 1 0 0 0 0 0 0 0 16 16 0 0 0 0 0 0 127 51 0;
egregore_data 0 0 127 0 0 127 0 0 0 0 0 0 0 0 0 127 38 0 127 0 0 0
0 0 0 0 0 0 0 100 0 0 127 127 78 0 93 90 75 104 19 127 15 73 0 0 70
0 0 0 127 127 34 1 53.2314 98.6033 82.9339 0 0 0 0 32.4545 0 0 20.6529
0 40.3223 0 0 127 88 1 0 0 0 0 0 0 0 16 16 0 0 0 0 0 0 127 51 0;
egregore_data 0 0 127 0 0 127 0 0 0 0 0 0 0 0 0 127 38 0 127 0 0 0
0 0 0 0 0 0 0 100 0 0 127 127 78 0 93 90 75 104 19 127 15 73 0 0 70
0 0 0 127 127 34 1 53.2314 98.6033 82.9339 0 0 0 0 32.4545 0 0 20.6529
0 40.3223 0 0 127 88 1 0 0 0 0 0 0 0 16 16 0 0 0 0 0 0 127 51 0;
egregore_data 0 0 127 0 0 127 0 0 0 0 0 0 0 0 0 127 38 0 127 0 0 0
0 0 0 0 0 0 0 100 0 0 127 127 78 0 93 90 75 103 19 127 15 73 0 0 70
0 0 0 127 127 34 1 53.2314 98.6033 82.9339 0 0 0 0 32.4545 0 0 20.6529
0 40.3223 0 0 127 88 1 0 0 0 0 0 0 0 16 16 0 0 0 0 0 0 127 51 0;
egregore_data 0 0 127 0 0 127 0 0 0 0 0 0 0 0 0 127 38 0 127 0 0 0
0 0 0 0 0 0 0 100 0 0 127 127 78 0 93 90 75 103 19 127 15 73 0 0 70
0 0 0 127 127 34 1 53.2314 98.6033 82.9339 0 0 0 0 32.4545 0 0 20.6529
0 40.3223 0 0 127 88 1 0 0 0 0 0 0 0 16 16 0 0 0 0 0 0 127 51 0;
egregore_data 0 0 127 0 0 127 0 0 0 0 0 0 0 0 0 127 38 0 127 0 0 0
0 0 0 0 0 0 0 100 0 0 127 127 78 0 93 90 75 103 19 127 15 73 0 0 70
0 0 0 127 127 34 1 53.2314 98.6033 82.9339 0 0 0 0 32.4545 0 0 20.6529
0 40.3223 0 0 127 88 1 0 0 0 0 0 0 0 16 16 0 0 0 0 0 0 127 51 0;
egregore_data 0 0 127 0 0 127 0 0 0 0 0 0 0 0 0 127 38 0 127 0 0 0
0 0 0 0 0 0 0 100 0 0 127 127 78 0 93 90 75 103 19 127 15 73 0 0 70
0 0 0 127 127 34 1 53.2314 98.6033 82.9339 0 0 0 0 32.4545 0 0 20.6529
0 40.3223 0 0 127 88 1 0 0 0 0 0 0 0 16 16 0 0 0 0 0 0 127 51 0;
egregore_data 0 0 127 0 0 127 0 0 0 0 0 0 0 0 0 127 38 0 127 0 0 0
0 0 0 0 0 0 0 100 0 0 127 127 78 0 93 90 75 102 19 127 15 73 0 0 70
0 0 0 127 127 34 1 53.2314 98.6033 82.9339 0 0 0 0 32.4545 0 0 20.6529
0 40.3223 0 0 127 88 1 0 0 0 0 0 0 0 16 16 0 0 0 0 0 0 127 51 0;
egregore_data 0 0 127 0 0 127 0 0 0 0 0 0 0 0 0 127 38 0 127 0 0 0
0 0 0 0 0 0 0 100 0 0 127 127 78 0 93 90 75 102 19 127 15 73 0 0 70
0 0 0 127 127 34 1 53.2314 98.6033 82.9339 0 0 0 0 32.4545 0 0 20.6529
0 40.3223 0 0 127 88 1 0 0 0 0 0 0 0 16 16 0 0 0 0 0 0 127 51 0;
egregore_data 0 0 127 0 0 127 0 0 0 0 0 0 0 0 0 127 38 0 127 0 0 0
0 0 0 0 0 0 0 100 0 0 127 127 78 0 93 90 75 102 19 127 15 73 0 0 70
0 0 0 127 127 34 1 53.2314 98.6033 82.9339 0 0 0 0 32.4545 0 0 20.6529
0 40.3223 0 0 127 88 1 0 0 0 0 0 0 0 16 16 0 0 0 0 0 0 127 51 0;
egregore_data 0 0 127 0 0 127 0 0 0 0 0 0 0 0 0 127 38 0 127 0 0 0
0 0 0 0 0 0 0 100 0 0 127 127 78 0 93 90 75 102 19 127 15 73 0 0 70
0 0 0 127 127 34 1 53.2314 98.6033 82.9339 0 0 0 0 32.4545 0 0 20.6529
0 40.3223 0 0 127 88 1 0 0 0 0 0 0 0 16 16 0 0 0 0 0 0 127 51 0;
egregore_data 0 0 127 0 0 127 0 0 0 0 0 0 0 0 0 127 38 0 127 0 0 0
0 0 0 0 0 0 0 100 0 0 127 127 78 0 93 90 75 102 19 127 15 73 0 0 70
0 0 0 127 127 34 1 53.2314 98.6033 82.9339 0 0 0 0 32.4545 0 0 20.6529
0 40.3223 0 0 127 88 1 0 0 0 0 0 0 0 16 16 0 0 0 0 0 0 127 51 0;
egregore_data 0 0 127 0 0 127 0 0 0 0 0 0 0 0 0 127 38 0 127 0 0 0
0 0 0 0 0 0 0 100 0 0 127 127 78 0 93 90 75 102 19 127 15 73 0 0 70
0 0 0 127 127 34 1 53.2314 98.6033 82.9339 0 0 0 0 32.4545 0 0 20.6529
0 40.3223 0 0 127 88 1 0 0 0 0 0 0 0 16 16 0 0 0 0 0 0 127 51 0;
egregore_data 0 0 127 0 0 127 0 0 0 0 0 0 0 0 0 127 38 0 127 0 0 0
0 0 0 0 0 0 0 100 0 0 127 127 78 0 93 90 75 102 19 127 15 73 0 0 70
0 0 0 127 127 34 1 53.2314 98.6033 82.9339 0 0 0 0 32.4545 0 0 20.6529
0 40.3223 0 0 127 88 1 0 0 0 0 0 0 0 16 16 0 0 0 0 0 0 127 51 0;
egregore_data 0 0 127 0 0 127 0 0 0 0 0 0 0 0 0 127 38 0 127 0 0 0
0 0 0 0 0 0 0 100 0 0 127 127 78 0 93 90 75 102 19 127 15 73 0 0 70
0 0 0 127 127 34 1 53.2314 98.6033 82.9339 0 0 0 0 32.4545 0 0 20.6529
0 40.3223 0 0 127 88 1 0 0 0 0 0 0 0 16 16 0 0 0 0 0 0 127 51 0;
egregore_data 0 0 127 0 0 127 0 0 0 0 0 0 0 0 0 127 38 0 127 0 0 0
0 0 0 0 0 0 0 100 0 0 127 127 78 0 93 90 75 102 19 127 15 73 0 0 70
0 0 0 127 127 34 1 53.2314 98.6033 82.9339 0 0 0 0 32.4545 0 0 20.6529
0 40.3223 0 0 127 88 1 0 0 0 0 0 0 0 16 16 0 0 0 0 0 0 127 51 0;
egregore_data 0 0 127 0 0 127 0 0 0 0 0 0 0 0 0 127 38 0 127 0 0 0
0 0 0 0 0 0 0 100 0 0 127 127 78 0 93 90 75 102 19 127 15 73 0 0 70
0 0 0 127 127 34 1 53.2314 98.6033 82.9339 0 0 0 0 32.4545 0 0 20.6529
0 40.3223 0 0 127 88 1 0 0 0 0 0 0 0 16 16 0 0 0 0 0 0 127 51 0;
egregore_data 0 0 127 0 0 127 0 0 0 0 0 0 0 0 0 127 38 0 127 0 0 0
0 0 0 0 0 0 0 100 0 0 127 127 78 0 93 90 75 102 19 127 15 73 0 0 70
0 0 0 127 127 34 1 53.2314 98.6033 82.9339 0 0 0 0 32.4545 0 0 20.6529
0 40.3223 0 0 127 88 1 0 0 0 0 0 0 0 16 16 0 0 0 0 0 0 127 51 0;
egregore_data 0 0 127 0 0 127 0 0 0 0 0 0 0 0 0 127 38 0 127 0 0 0
0 0 0 0 0 0 0 100 0 0 127 127 78 0 93 90 75 102 19 127 15 73 0 0 70
0 0 0 127 127 34 1 53.2314 98.6033 82.9339 0 0 0 0 32.4545 0 0 20.6529
0 40.3223 0 0 127 88 1 0 0 0 0 0 0 0 16 16 0 0 0 0 0 0 127 51 0;
egregore_data 0 0 127 0 0 127 0 0 0 0 0 0 0 0 0 127 38 0 127 0 0 0
0 0 0 0 0 0 0 100 0 0 127 127 78 0 93 90 75 102 19 127 15 73 0 0 70
0 0 0 127 127 34 1 53.2314 98.6033 82.9339 0 0 0 0 32.4545 0 0 20.6529
0 40.3223 0 0 127 88 1 0 0 0 0 0 0 0 16 16 0 0 0 0 0 0 127 51 0;
egregore_data 0 0 127 0 0 127 0 0 0 0 0 0 0 0 0 127 38 0 127 0 0 0
0 0 0 0 0 0 0 100 0 0 127 127 78 0 93 90 75 102 19 127 15 73 0 0 70
0 0 0 127 127 34 1 53.2314 98.6033 82.9339 0 0 0 0 32.4545 0 0 20.6529
0 40.3223 0 0 127 88 1 0 0 0 0 0 0 0 16 16 0 0 0 0 0 0 127 51 0;
egregore_data 0 0 127 0 0 127 0 0 0 0 0 0 0 0 0 127 38 0 127 0 0 0
0 0 0 0 0 0 0 100 0 0 127 127 78 0 93 90 75 102 19 127 15 73 0 0 70
0 0 0 127 127 34 1 53.2314 98.6033 82.9339 0 0 0 0 32.4545 0 0 20.6529
0 40.3223 0 0 127 88 1 0 0 0 0 0 0 0 16 16 0 0 0 0 0 0 127 51 0;
egregore_data 0 0 127 0 0 127 0 0 0 0 0 0 0 0 0 127 38 0 127 0 0 0
0 0 0 0 0 0 0 100 0 0 127 127 78 0 93 90 75 102 19 127 15 73 0 0 70
0 0 0 127 127 34 1 53.2314 98.6033 82.9339 0 0 0 0 32.4545 0 0 20.6529
0 40.3223 0 0 127 88 1 0 0 0 0 0 0 0 16 16 0 0 0 0 0 0 127 51 0;
egregore_data 0 0 127 0 0 127 0 0 0 0 0 0 0 0 0 127 38 0 127 0 0 0
0 0 0 0 0 0 0 100 0 0 127 127 78 0 93 90 75 102 19 127 15 73 0 0 70
0 0 0 127 127 34 1 53.2314 98.6033 82.9339 0 0 0 0 32.4545 0 0 20.6529
0 40.3223 0 0 127 88 1 0 0 0 0 0 0 0 16 16 0 0 0 0 0 0 127 51 0;
egregore_data 0 0 127 0 0 127 0 0 0 0 0 0 0 0 0 127 38 0 127 0 0 0
0 0 0 0 0 0 0 100 0 0 127 127 78 0 93 90 77 102 19 127 15 73 0 0 70
0 0 0 127 127 34 1 53.2314 98.6033 82.9339 0 0 0 0 32.4545 0 0 20.6529
0 40.3223 0 0 127 88 1 0 0 0 0 0 0 0 16 16 0 0 0 0 0 0 127 51 0;
egregore_data 0 0 127 0 0 127 0 0 0 0 0 0 0 0 0 127 38 0 127 0 0 0
0 0 0 0 0 0 0 100 0 0 127 127 78 0 93 90 77 102 19 127 15 73 0 0 70
0 0 0 127 127 34 1 53.2314 98.6033 82.9339 0 0 0 0 32.4545 0 0 20.6529
0 40.3223 0 0 127 88 1 0 0 0 0 0 0 0 16 16 0 0 0 0 0 0 127 51 0;
egregore_data 0 0 127 0 0 127 0 0 0 0 0 0 0 0 0 127 38 0 127 0 0 0
0 0 0 0 0 0 0 100 0 0 127 127 78 0 93 90 77 102 19 127 15 73 0 0 70
0 0 0 127 127 34 1 53.2314 98.6033 82.9339 0 0 0 0 32.4545 0 0 20.6529
0 40.3223 0 0 127 88 1 0 0 0 0 0 0 0 16 16 0 0 0 0 0 0 127 51 0;
egregore_data 0 0 127 0 0 127 0 0 0 0 0 0 0 0 0 127 38 0 127 0 0 0
0 0 0 0 0 0 0 100 0 0 127 127 78 0 93 90 78 102 19 127 15 73 0 0 70
0 0 0 127 127 34 1 53.2314 98.6033 82.9339 0 0 0 0 32.4545 0 0 20.6529
0 40.3223 0 0 127 88 1 0 0 0 0 0 0 0 16 16 0 0 0 0 0 0 127 51 0;
egregore_data 0 0 127 0 0 127 0 0 0 0 0 0 0 0 0 127 38 0 127 0 0 0
0 0 0 0 0 0 0 100 0 0 127 127 78 0 93 90 78 102 19 127 15 73 0 0 70
0 0 0 127 127 34 1 53.2314 98.6033 82.9339 0 0 0 0 32.4545 0 0 20.6529
0 40.3223 0 0 127 88 1 0 0 0 0 0 0 0 16 16 0 0 0 0 0 0 127 51 0;
egregore_data 0 0 127 0 0 127 0 0 0 0 0 0 0 0 0 127 38 0 127 0 0 0
0 0 0 0 0 0 0 100 0 0 127 127 78 0 93 90 78 102 19 127 15 73 0 0 70
0 0 0 127 127 34 1 53.2314 98.6033 82.9339 0 0 0 0 32.4545 0 0 20.6529
0 40.3223 0 0 127 88 1 0 0 0 0 0 0 0 16 16 0 0 0 0 0 0 127 51 0;
egregore_data 0 0 127 0 0 127 0 0 0 0 0 0 0 0 0 127 38 0 127 0 0 0
0 0 0 0 0 0 0 100 0 0 127 127 78 0 93 90 79 102 19 127 15 73 0 0 70
0 0 0 127 127 34 1 53.2314 98.6033 82.9339 0 0 0 0 32.4545 0 0 20.6529
0 40.3223 0 0 127 88 1 0 0 0 0 0 0 0 16 16 0 0 0 0 0 0 127 51 0;
egregore_data 0 0 127 0 0 127 0 0 0 0 0 0 0 0 0 127 38 0 127 0 0 0
0 0 0 0 0 0 0 100 0 0 127 127 78 0 93 90 79 102 19 127 15 73 0 0 70
0 0 0 127 127 34 1 53.2314 98.6033 82.9339 0 0 0 0 32.4545 0 0 20.6529
0 40.3223 0 0 127 88 1 0 0 0 0 0 0 0 16 16 0 0 0 0 0 0 127 51 0;
egregore_data 0 0 127 0 0 127 0 0 0 0 0 0 0 0 0 127 38 0 127 0 0 0
0 0 0 0 0 0 0 100 0 0 127 127 78 0 93 90 79 102 19 127 15 73 0 0 70
0 0 0 127 127 34 1 53.2314 98.6033 82.9339 0 0 0 0 32.4545 0 0 20.6529
0 40.3223 0 0 127 88 1 0 0 0 0 0 0 0 16 16 0 0 0 0 0 0 127 51 0;
egregore_data 0 0 127 0 0 127 0 0 0 0 0 0 0 0 0 127 38 0 127 0 0 0
0 0 0 0 0 0 0 100 0 0 127 127 78 0 93 90 80 102 19 127 15 73 0 0 70
0 0 0 127 127 34 1 53.2314 98.6033 82.9339 0 0 0 0 32.4545 0 0 20.6529
0 40.3223 0 0 127 88 1 0 0 0 0 0 0 0 16 16 0 0 0 0 0 0 127 51 0;
egregore_data 0 0 127 0 0 127 0 0 0 0 0 0 0 0 0 127 38 0 127 0 0 0
0 0 0 0 0 0 0 100 0 0 127 127 78 0 93 90 80 102 19 127 15 73 0 0 70
0 0 0 127 127 34 1 53.2314 98.6033 82.9339 0 0 0 0 32.4545 0 0 20.6529
0 40.3223 0 0 127 88 1 0 0 0 0 0 0 0 16 16 0 0 0 0 0 0 127 51 0;
egregore_data 0 0 127 0 0 127 0 0 0 0 0 0 0 0 0 127 38 0 127 0 0 0
0 0 0 0 0 0 0 100 0 0 127 127 78 0 93 90 80 102 19 127 15 73 0 0 70
0 0 0 127 127 34 1 53.2314 98.6033 82.9339 0 0 0 0 32.4545 0 0 20.6529
0 40.3223 0 0 127 88 1 0 0 0 0 0 0 0 16 16 0 0 0 0 0 0 127 51 0;
egregore_data 0 0 127 0 0 127 0 0 0 0 0 0 0 0 0 127 38 0 127 0 0 0
0 0 0 0 0 0 0 100 0 0 127 127 78 0 93 90 80 102 19 127 15 73 0 0 70
0 0 0 127 127 34 1 53.2314 98.6033 82.9339 0 0 0 0 32.4545 0 0 20.6529
0 40.3223 0 0 127 88 1 0 0 0 0 0 0 0 16 16 0 0 0 0 0 0 127 51 0;
egregore_data 0 0 127 0 0 127 0 0 0 0 0 0 0 0 0 127 38 0 127 0 0 0
0 0 0 0 0 0 0 100 0 0 127 127 78 0 93 90 80 102 19 127 15 73 0 0 70
0 0 0 127 127 34 1 53.2314 98.6033 82.9339 0 0 0 0 32.4545 0 0 20.6529
0 40.3223 0 0 127 88 1 0 0 0 0 0 0 0 16 16 0 0 0 0 0 0 127 51 0;
egregore_data 0 0 127 0 0 127 0 0 0 0 0 0 0 0 0 127 38 0 127 0 0 0
0 0 0 0 0 0 0 100 0 0 127 127 78 0 93 90 80 102 19 127 15 73 0 0 70
0 0 0 127 127 34 1 53.2314 98.6033 82.9339 0 0 0 0 32.4545 0 0 20.6529
0 40.3223 0 0 127 88 1 0 0 0 0 0 0 0 16 16 0 0 0 0 0 0 127 51 0;
egregore_data 0 0 127 0 0 127 0 0 0 0 0 0 0 0 0 127 38 0 127 0 0 0
0 0 0 0 0 0 0 100 0 0 127 127 78 0 93 90 80 100 19 127 15 73 0 0 70
0 0 0 127 127 34 1 53.2314 98.6033 82.9339 0 0 0 0 32.4545 0 0 20.6529
0 40.3223 0 0 127 88 1 0 0 0 0 0 0 0 16 16 0 0 0 0 0 0 127 51 0;
egregore_data 0 0 127 0 0 127 0 0 0 0 0 0 0 0 0 127 38 0 127 0 0 0
0 0 0 0 0 0 0 100 0 0 127 127 78 0 93 90 80 99 19 127 15 73 0 0 70
0 0 0 127 127 34 1 53.2314 98.6033 82.9339 0 0 0 0 32.4545 0 0 20.6529
0 40.3223 0 0 127 88 1 0 0 0 0 0 0 0 16 16 0 0 0 0 0 0 127 51 0;
egregore_data 0 0 127 0 0 127 0 0 0 0 0 0 0 0 0 127 38 0 127 0 0 0
0 0 0 0 0 0 0 100 0 0 127 127 78 0 93 90 80 99 19 127 15 73 0 0 70
0 0 0 127 127 34 1 53.2314 98.6033 82.9339 0 0 0 0 32.4545 0 0 20.6529
0 40.3223 0 0 127 88 1 0 0 0 0 0 0 0 16 16 0 0 0 0 0 0 127 51 0;
egregore_data 0 0 127 0 0 127 0 0 0 0 0 0 0 0 0 127 38 0 127 0 0 0
0 0 0 0 0 0 0 100 0 0 127 127 78 0 93 90 80 99 19 127 15 73 0 0 70
0 0 0 127 127 34 1 53.2314 98.6033 82.9339 0 0 0 0 32.4545 0 0 20.6529
0 40.3223 0 0 127 88 1 0 0 0 0 0 0 0 16 16 0 0 0 0 0 0 127 51 0;
egregore_data 0 0 127 0 0 127 0 0 0 0 0 0 0 0 0 127 38 0 127 0 0 0
0 0 0 0 0 0 0 100 0 0 127 127 78 0 93 90 80 98 19 127 15 73 0 0 70
0 0 0 127 127 34 1 53.2314 98.6033 82.9339 0 0 0 0 32.4545 0 0 20.6529
0 40.3223 0 0 127 88 1 0 0 0 0 0 0 0 16 16 0 0 0 0 0 0 127 51 0;
egregore_data 0 0 127 0 0 127 0 0 0 0 0 0 0 0 0 127 38 0 127 0 0 0
0 0 0 0 0 0 0 100 0 0 127 127 78 0 93 90 80 97 19 127 15 73 0 0 70
0 0 0 127 127 34 1 53.2314 98.6033 82.9339 0 0 0 0 32.4545 0 0 20.6529
0 40.3223 0 0 127 88 1 0 0 0 0 0 0 0 16 16 0 0 0 0 0 0 127 51 0;
egregore_data 0 0 127 0 0 127 0 0 0 0 0 0 0 0 0 127 38 0 127 0 0 0
0 0 0 0 0 0 0 100 0 0 127 127 78 0 93 90 80 97 19 127 15 73 0 0 70
0 0 0 127 127 34 1 53.2314 98.6033 82.9339 0 0 0 0 32.4545 0 0 20.6529
0 40.3223 0 0 127 88 1 0 0 0 0 0 0 0 16 16 0 0 0 0 0 0 127 51 0;
egregore_data 0 0 127 0 0 127 0 0 0 0 0 0 0 0 0 127 38 0 127 0 0 0
0 0 0 0 0 0 0 100 0 0 127 127 78 0 93 90 80 97 19 127 15 73 0 0 70
0 0 0 127 127 34 1 53.2314 98.6033 82.9339 0 0 0 0 32.4545 0 0 20.6529
0 40.3223 0 0 127 88 1 0 0 0 0 0 0 0 16 16 0 0 0 0 0 0 127 51 0;
egregore_data 0 0 127 0 0 127 0 0 0 0 0 0 0 0 0 127 38 0 127 0 0 0
0 0 0 0 0 0 0 100 0 0 127 127 78 0 93 90 80 96 19 127 15 73 0 0 70
0 0 0 127 127 34 1 53.2314 98.6033 82.9339 0 0 0 0 32.4545 0 0 20.6529
0 40.3223 0 0 127 88 1 0 0 0 0 0 0 0 16 16 0 0 0 0 0 0 127 51 0;
egregore_data 0 0 127 0 0 127 0 0 0 0 0 0 0 0 0 127 38 0 127 0 0 0
0 0 0 0 0 0 0 100 0 0 127 127 78 0 93 90 80 96 19 127 15 73 0 0 70
0 0 0 127 127 34 1 53.2314 98.6033 82.9339 0 0 0 0 32.4545 0 0 20.6529
0 40.3223 0 0 127 88 1 0 0 0 0 0 0 0 16 16 0 0 0 0 0 0 127 51 0;
egregore_data 0 0 127 0 0 127 0 0 0 0 0 0 0 0 0 127 38 0 127 0 0 0
0 0 0 0 0 0 0 100 0 0 127 127 78 0 93 90 80 96 19 127 15 73 0 0 70
0 0 0 127 127 34 1 53.2314 98.6033 82.9339 0 0 0 0 32.4545 0 0 20.6529
0 40.3223 0 0 127 88 1 0 0 0 0 0 0 0 16 16 0 0 0 0 0 0 127 51 0;
egregore_data 0 0 127 0 0 127 0 0 0 0 0 0 0 0 0 127 38 0 127 0 0 0
0 0 0 0 0 0 0 100 0 0 127 127 78 0 93 90 80 94 19 127 15 73 0 0 70
0 0 0 127 127 34 1 53.2314 98.6033 82.9339 0 0 0 0 32.4545 0 0 20.6529
0 40.3223 0 0 127 88 1 0 0 0 0 0 0 0 16 16 0 0 0 0 0 0 127 51 0;
egregore_data 0 0 127 0 0 127 0 0 0 0 0 0 0 0 0 127 38 0 127 0 0 0
0 0 0 0 0 0 0 100 0 0 127 127 78 0 93 90 80 94 19 127 15 73 0 0 70
0 0 0 127 127 34 1 53.2314 98.6033 82.9339 0 0 0 0 32.4545 0 0 20.6529
0 40.3223 0 0 127 88 1 0 0 0 0 0 0 0 16 16 0 0 0 0 0 0 127 51 0;
egregore_data 0 0 127 0 0 127 0 0 0 0 0 0 0 0 0 127 38 0 127 0 0 0
0 0 0 0 0 0 0 100 0 0 127 127 78 0 93 90 80 94 19 127 15 73 0 0 70
0 0 0 127 127 34 1 53.2314 98.6033 82.9339 0 0 0 0 32.4545 0 0 20.6529
0 40.3223 0 0 127 88 1 0 0 0 0 0 0 0 16 16 0 0 0 0 0 0 127 51 0;
egregore_data 0 0 127 0 0 127 0 0 0 0 0 0 0 0 0 127 38 0 127 0 0 0
0 0 0 0 0 0 0 100 0 0 127 127 78 0 93 90 80 93 19 127 15 73 0 0 70
0 0 0 127 127 34 1 53.2314 98.6033 82.9339 0 0 0 0 32.4545 0 0 20.6529
0 40.3223 0 0 127 88 1 0 0 0 0 0 0 0 16 16 0 0 0 0 0 0 127 51 0;
END;
