HTTP/1.1 200 OK
Date: Thu, 28 May 2015 12:25:31 GMT
Server: Apache
Last-Modified: Wed, 27 May 2015 19:30:22 GMT
Accept-Ranges: bytes
Content-Length: 30499
Vary: Accept-Encoding
Connection: close
Content-Type: text/plain

chdh_egregore_live_data;
egregore_data 0 0 127 0 0 127 0 0 0 0 0 0 0 0 0 127 38 0 127 0 0 0
0 0 0 0 0 0 0 100 0 0 127 127 78 0 93 90 127 0 19 127 127 0 0 0 70
0 0 0 127 127 34 0 83.1272 23.1329 18.0809 14.8902 32.6706 0 33.7688
0 40.052 33.7688 59.4201 0 0 10.3699 1.06358 127 73.2022 1 0 0 0 0
0 0 0 16 16 0 0 0 0 0 0 127 51 0;
egregore_data 0 0 127 0 0 127 0 0 0 0 0 0 0 0 0 127 38 0 127 0 0 0
0 0 0 0 0 0 0 100 0 0 127 127 78 0 93 90 127 0 19 127 127 0 0 0 70
0 0 0 127 127 34 0 83.1272 23.1329 18.0809 14.8902 32.6706 0 33.7688
0 40.052 33.7688 59.4201 0 0 10.3699 1.06358 127 73.2022 1 0 0 0 0
0 0 0 16 16 0 0 0 0 0 0 127 51 0;
egregore_data 0 0 127 0 0 127 0 0 0 0 0 0 0 0 0 127 38 0 127 0 0 0
0 0 0 0 0 0 0 100 0 0 127 127 78 0 93 90 127 0 19 127 127 0 0 0 70
0 0 0 127 127 34 0 83.1272 23.1329 18.0809 14.8902 32.6706 0 33.7688
0 40.052 33.7688 59.4201 0 0 10.3699 1.06358 127 73.2022 1 0 0 0 0
0 0 0 16 16 0 0 0 0 0 0 127 51 0;
egregore_data 0 0 127 0 0 127 0 0 0 0 0 0 0 0 0 127 38 0 127 0 0 0
0 0 0 0 0 0 0 100 0 0 127 127 78 0 93 90 127 0 19 127 127 0 0 0 70
0 0 0 127 127 34 0 83.1272 23.1329 18.0809 14.8902 32.6706 0 33.7688
0 40.052 33.7688 59.4201 0 0 10.3699 1.06358 127 73.2022 1 0 0 0 0
0 0 0 16 16 0 0 0 0 0 0 127 51 0;
egregore_data 0 0 127 0 0 127 0 0 0 0 0 0 0 0 0 127 38 0 127 0 0 0
0 0 0 0 0 0 0 100 0 0 127 127 78 0 93 90 127 0 19 127 127 0 0 0 70
0 0 0 127 127 34 0 83.093 22.7616 17.7907 14.6512 32.1462 0 33.2267
0 39.9709 33.2267 59.7504 0 0 10.2035 1.04651 127 73.2022 1 0 0 0 0
0 0 0 16 16 0 0 0 0 0 0 127 51 0;
egregore_data 0 0 127 0 0 127 0 0 0 0 0 0 0 0 0 127 38 0 127 0 0 0
0 0 0 0 0 0 0 100 0 0 127 127 78 0 93 90 127 0 19 127 127 0 0 0 70
0 0 0 127 127 34 0 83.093 22.7616 17.7907 14.6512 32.1462 0 33.2267
0 39.9709 33.2267 59.7504 0 0 10.2035 1.04651 127 73.2022 1 0 0 0 0
0 0 0 16 16 0 0 0 0 0 0 127 51 0;
egregore_data 0 0 127 0 0 127 0 0 0 0 0 0 0 0 0 127 38 0 127 0 0 0
0 0 0 0 0 0 0 100 0 0 127 127 78 0 93 90 127 0 19 127 127 0 0 0 70
0 0 0 127 127 34 0 83.093 22.7616 17.7907 14.6512 32.1462 0 33.2267
0 39.9709 33.2267 59.7504 0 0 10.2035 1.04651 127 73.2022 1 0 0 0 0
0 0 0 16 16 0 0 0 0 0 0 127 51 0;
egregore_data 0 0 127 0 0 127 0 0 0 0 0 0 0 0 0 127 38 0 127 0 0 0
0 0 0 0 0 0 0 100 0 0 127 127 78 0 93 90 127 0 19 127 127 0 0 0 70
0 0 0 127 127 34 0 83.093 22.7616 17.7907 14.6512 32.1462 0 33.2267
0 39.9709 33.2267 59.7504 0 0 10.2035 1.04651 127 73.2022 1 0 0 0 0
0 0 0 16 16 0 0 0 0 0 0 127 51 0;
egregore_data 0 0 127 0 0 127 0 0 0 0 0 0 0 0 0 127 38 0 127 0 0 0
0 0 0 0 0 0 0 100 0 0 127 127 78 0 93 90 127 0 19 127 127 0 0 0 70
0 0 0 127 127 34 0 83.093 22.7616 17.7907 14.6512 32.1462 0 33.2267
0 39.9709 33.2267 59.7504 0 0 10.2035 1.04651 127 73.2022 1 0 0 0 0
0 0 0 16 16 0 0 0 0 0 0 127 51 0;
egregore_data 0 0 127 0 0 127 0 0 0 0 0 0 0 0 0 127 38 0 127 0 0 0
0 0 0 0 0 0 0 100 0 0 127 127 78 0 93 90 127 0 19 127 127 0 0 0 70
0 0 0 127 127 34 0 83.093 22.7616 17.7907 14.6512 32.1462 0 33.2267
0 39.9709 33.2267 59.7504 0 0 10.2035 1.04651 127 73.2022 1 0 0 0 0
0 0 0 16 16 0 0 0 0 0 0 127 51 0;
egregore_data 0 0 127 0 0 127 0 0 0 0 0 0 0 0 0 127 38 0 127 0 0 0
0 0 0 0 0 0 0 100 0 0 127 127 78 0 93 90 127 0 19 127 127 0 0 0 70
0 0 0 127 127 34 0 83.093 22.7616 17.7907 14.6512 32.1462 0 33.2267
0 39.9709 33.2267 59.7504 0 0 10.2035 1.04651 127 73.2022 1 0 0 0 0
0 0 0 16 16 0 0 0 0 0 0 127 51 0;
egregore_data 0 0 127 0 0 127 0 0 0 0 0 0 0 0 0 127 38 0 127 0 0 0
0 0 0 0 0 0 0 100 0 0 127 127 78 0 93 90 127 0 19 127 127 0 0 0 70
0 0 0 127 127 34 0 83.0235 22.0059 17.2 14.1647 31.0789 0 32.1235 0
39.8059 32.1235 60.4228 0 0 9.86471 1.01176 127 73.2022 1 0 0 0 0 0
0 0 16 16 0 0 0 0 0 0 127 51 0;
egregore_data 0 0 127 0 0 127 0 0 0 0 0 0 0 0 0 127 38 0 127 0 0 0
0 0 0 0 0 0 0 100 0 0 127 127 78 0 93 90 127 0 19 127 127 0 0 0 70
0 0 0 127 127 34 0 83.0235 22.0059 17.2 14.1647 31.0789 0 32.1235 0
39.8059 32.1235 60.4228 0 0 9.86471 1.01176 127 73.2022 1 0 0 0 0 0
0 0 16 16 0 0 0 0 0 0 127 51 0;
egregore_data 0 0 127 0 0 127 0 0 0 0 0 0 0 0 0 127 38 0 127 0 0 0
0 0 0 0 0 0 0 100 0 0 127 127 78 0 93 90 127 0 19 127 127 0 0 0 70
0 0 0 127 127 34 0 83.0235 22.0059 17.2 14.1647 31.0789 0 32.1235 0
39.8059 32.1235 60.4228 0 0 9.86471 1.01176 127 73.2022 1 0 0 0 0 0
0 0 16 16 0 0 0 0 0 0 127 51 0;
egregore_data 0 0 127 0 0 127 0 0 0 0 0 0 0 0 0 127 38 0 127 0 0 0
0 0 0 0 0 0 0 100 0 0 127 127 78 0 93 90 127 0 19 127 127 0 0 0 70
0 0 0 127 127 34 0 83.0235 22.0059 17.2 14.1647 31.0789 0 32.1235 0
39.8059 32.1235 60.4228 0 0 9.86471 1.01176 127 73.2022 1 0 0 0 0 0
0 0 16 16 0 0 0 0 0 0 127 51 0;
egregore_data 0 0 127 0 0 127 0 0 0 0 0 0 0 0 0 127 38 0 127 0 0 0
0 0 0 0 0 0 0 100 0 0 127 127 78 0 93 90 127 0 19 127 127 0 0 0 70
0 0 0 127 127 34 0 82.9882 21.6213 16.8994 13.9172 30.5357 0 31.5621
0 39.7219 31.5621 60.7649 0 0 9.69231 0.994083 127 73.2022 1 0 0 0
0 0 0 0 16 16 0 0 0 0 0 0 127 51 0;
egregore_data 0 0 127 0 0 127 0 0 0 0 0 0 0 0 0 127 38 0 127 0 0 0
0 0 0 0 0 0 0 100 0 0 127 127 78 0 93 90 127 0 19 127 127 0 0 0 70
0 0 0 127 127 34 0 82.9882 21.6213 16.8994 13.9172 30.5357 0 31.5621
0 39.7219 31.5621 60.7649 0 0 9.69231 0.994083 127 73.2022 1 0 0 0
0 0 0 0 16 16 0 0 0 0 0 0 127 51 0;
egregore_data 0 0 127 0 0 127 0 0 0 0 0 0 0 0 0 127 38 0 127 0 0 0
0 0 0 0 0 0 0 100 0 0 127 127 78 0 93 90 127 0 19 127 127 0 0 0 70
0 0 0 127 127 34 0 82.9882 21.6213 16.8994 13.9172 30.5357 0 31.5621
0 39.7219 31.5621 60.7649 0 0 9.69231 0.994083 127 73.2022 1 0 0 0
0 0 0 0 16 16 0 0 0 0 0 0 127 51 0;
egregore_data 0 0 127 0 0 127 0 0 0 0 0 0 0 0 0 127 38 0 127 0 0 0
0 0 0 0 0 0 0 100 0 0 127 127 78 0 93 90 127 0 19 127 127 0 0 0 70
0 0 0 127 127 34 0 82.9882 21.6213 16.8994 13.9172 30.5357 0 31.5621
0 39.7219 31.5621 60.7649 0 0 9.69231 0.994083 127 73.2022 1 0 0 0
0 0 0 0 16 16 0 0 0 0 0 0 127 51 0;
egregore_data 0 0 127 0 0 127 0 0 0 0 0 0 0 0 0 127 38 0 127 0 0 0
0 0 0 0 0 0 0 100 0 0 127 127 78 0 93 90 127 0 19 127 127 0 0 0 70
0 0 0 127 127 34 0 82.9882 21.6213 16.8994 13.9172 30.5357 0 31.5621
0 39.7219 31.5621 60.7649 0 0 9.69231 0.994083 127 73.2022 1 0 0 0
0 0 0 0 16 16 0 0 0 0 0 0 127 51 0;
egregore_data 0 0 127 0 0 127 0 0 0 0 0 0 0 0 0 127 38 0 127 0 0 0
0 0 0 0 0 0 0 100 0 0 127 127 78 0 93 90 127 0 19 127 127 0 0 0 70
0 0 0 127 127 34 0 82.9882 21.6213 16.8994 13.9172 30.5357 0 31.5621
0 39.7219 31.5621 60.7649 0 0 9.69231 0.994083 127 73.2022 1 0 0 0
0 0 0 0 16 16 0 0 0 0 0 0 127 51 0;
egregore_data 0 0 127 0 0 127 0 0 0 0 0 0 0 0 0 127 38 0 127 0 0 0
0 0 0 0 0 0 0 100 0 0 127 127 78 0 93 90 127 0 19 127 127 0 0 0 70
0 0 0 127 127 34 0 82.9882 21.6213 16.8994 13.9172 30.5357 0 31.5621
0 39.7219 31.5621 60.7649 0 0 9.69231 0.994083 127 73.2022 1 0 0 0
0 0 0 0 16 16 0 0 0 0 0 0 127 51 0;
egregore_data 0 0 127 0 0 127 0 0 0 0 0 0 0 0 0 127 38 0 127 0 0 0
0 0 0 0 0 0 0 100 0 0 127 127 78 0 93 90 127 0 19 127 127 0 0 0 70
0 0 0 127 127 34 0 82.9882 21.6213 16.8994 13.9172 30.5357 0 31.5621
0 39.7219 31.5621 60.7649 0 0 9.69231 0.994083 127 73.2022 1 0 0 0
0 0 0 0 16 16 0 0 0 0 0 0 127 51 0;
egregore_data 0 0 127 0 0 127 0 0 0 0 0 0 0 0 0 127 38 0 127 0 0 0
0 0 0 0 0 0 0 100 0 0 127 127 78 0 93 90 127 0 19 127 127 0 0 0 70
0 0 0 127 127 34 0 82.9882 21.6213 16.8994 13.9172 30.5357 0 31.5621
0 39.7219 31.5621 60.7649 0 0 9.69231 0.994083 127 73.2022 1 0 0 0
0 0 0 0 16 16 0 0 0 0 0 0 127 51 0;
egregore_data 0 0 127 0 0 127 0 0 0 0 0 0 0 0 0 127 38 0 127 0 0 0
0 0 0 0 0 0 0 100 0 0 127 127 78 0 93 90 127 0 19 127 127 0 0 0 70
0 0 0 127 127 34 0 82.9882 21.6213 16.8994 13.9172 30.5357 0 31.5621
0 39.7219 31.5621 60.7649 0 0 9.69231 0.994083 127 73.2022 1 0 0 0
0 0 0 0 16 16 0 0 0 0 0 0 127 51 0;
egregore_data 0 0 127 0 0 127 0 0 0 0 0 0 0 0 0 127 38 0 127 0 0 0
0 0 0 0 0 0 0 100 0 0 127 127 78 0 93 90 127 0 19 127 127 0 0 0 70
0 0 0 127 127 34 0 82.9524 21.2321 16.5952 13.6667 29.9861 0 30.994
0 39.6369 30.994 61.1111 0 0 9.51786 0.97619 127 73.2022 1 0 0 0 0
0 0 0 16 16 0 0 0 0 0 0 127 51 0;
egregore_data 0 0 127 0 0 127 0 0 0 0 0 0 0 0 0 127 38 0 127 0 0 0
0 0 0 0 0 0 0 100 0 0 127 127 78 0 93 90 127 0 19 127 127 0 0 0 70
0 0 0 127 127 34 0 82.9524 21.2321 16.5952 13.6667 29.9861 0 30.994
0 39.6369 30.994 61.1111 0 0 9.51786 0.97619 127 73.2022 1 0 0 0 0
0 0 0 16 16 0 0 0 0 0 0 127 51 0;
egregore_data 0 0 127 0 0 127 0 0 0 0 0 0 0 0 0 127 38 0 127 0 0 0
0 0 0 0 0 0 0 100 0 0 127 127 78 0 93 90 127 0 19 127 127 0 0 0 70
0 0 0 127 127 34 0 82.9524 21.2321 16.5952 13.6667 29.9861 0 30.994
0 39.6369 30.994 61.1111 0 0 9.51786 0.97619 127 73.2022 1 0 0 0 0
0 0 0 16 16 0 0 0 0 0 0 127 51 0;
egregore_data 0 0 127 0 0 127 0 0 0 0 0 0 0 0 0 127 38 0 127 0 0 0
0 0 0 0 0 0 0 100 0 0 127 127 78 0 93 90 127 0 19 127 127 0 0 0 70
0 0 0 127 127 34 0 82.9524 21.2321 16.5952 13.6667 29.9861 0 30.994
0 39.6369 30.994 61.1111 0 0 9.51786 0.97619 127 73.2022 1 0 0 0 0
0 0 0 16 16 0 0 0 0 0 0 127 51 0;
egregore_data 0 0 127 0 0 127 0 0 0 0 0 0 0 0 0 127 38 0 127 0 0 0
0 0 0 0 0 0 0 100 0 0 127 127 78 0 93 90 127 0 19 127 127 0 0 0 70
0 0 0 127 127 34 0 82.9162 20.8383 16.2874 13.4132 29.4299 0 30.4192
0 39.5509 30.4192 61.4615 0 0 9.34132 0.958084 127 73.2022 1 0 0 0
0 0 0 0 16 16 0 0 0 0 0 0 127 51 0;
egregore_data 0 0 127 0 0 127 0 0 0 0 0 0 0 0 0 127 38 0 127 0 0 0
0 0 0 0 0 0 0 100 0 0 127 127 78 0 93 90 127 0 19 127 127 0 0 0 70
0 0 0 127 127 34 0 82.9162 20.8383 16.2874 13.4132 29.4299 0 30.4192
0 39.5509 30.4192 61.4615 0 0 9.34132 0.958084 127 73.2022 1 0 0 0
0 0 0 0 16 16 0 0 0 0 0 0 127 51 0;
egregore_data 0 0 127 0 0 127 0 0 0 0 0 0 0 0 0 127 38 0 127 0 0 0
0 0 0 0 0 0 0 100 0 0 127 127 78 0 93 90 127 0 19 127 127 0 0 0 70
0 0 0 127 127 34 0 82.9162 20.8383 16.2874 13.4132 29.4299 0 30.4192
0 39.5509 30.4192 61.4615 0 0 9.34132 0.958084 127 73.2022 1 0 0 0
0 0 0 0 16 16 0 0 0 0 0 0 127 51 0;
egregore_data 0 0 127 0 0 127 0 0 0 0 0 0 0 0 0 127 38 0 127 0 0 0
0 0 0 0 0 0 0 100 0 0 127 127 78 0 93 90 127 0 19 127 127 0 0 0 70
0 0 0 127 127 34 0 82.9162 20.8383 16.2874 13.4132 29.4299 0 30.4192
0 39.5509 30.4192 61.4615 0 0 9.34132 0.958084 127 73.2022 1 0 0 0
0 0 0 0 16 16 0 0 0 0 0 0 127 51 0;
egregore_data 0 0 127 0 0 127 0 0 0 0 0 0 0 0 0 127 38 0 127 0 0 0
0 0 0 0 0 0 0 100 0 0 127 127 78 0 93 90 127 0 19 127 127 0 0 0 70
0 0 0 127 127 34 0 82.9162 20.8383 16.2874 13.4132 29.4299 0 30.4192
0 39.5509 30.4192 61.4615 0 0 9.34132 0.958084 127 73.2022 1 0 0 0
0 0 0 0 16 16 0 0 0 0 0 0 127 51 0;
egregore_data 0 0 127 0 0 127 0 0 0 0 0 0 0 0 0 127 38 0 127 0 0 0
0 0 0 0 0 0 0 100 0 0 127 127 78 0 93 90 127 0 19 127 127 0 0 0 70
0 0 0 127 127 34 0 82.9162 20.8383 16.2874 13.4132 29.4299 0 30.4192
0 39.5509 30.4192 61.4615 0 0 9.34132 0.958084 127 73.2022 1 0 0 0
0 0 0 0 16 16 0 0 0 0 0 0 127 51 0;
egregore_data 0 0 127 0 0 127 0 0 0 0 0 0 0 0 0 127 38 0 127 0 0 0
0 0 0 0 0 0 0 100 0 0 127 127 78 0 93 90 127 0 19 127 127 0 0 0 70
0 0 0 127 127 34 0 82.8795 20.4398 15.9759 13.1566 28.867 0 29.8373
0 39.4639 29.8373 61.816 0 0 9.16265 0.939759 127 73.2022 1 0 0 0 0
0 0 0 16 16 0 0 0 0 0 0 127 51 0;
egregore_data 0 0 127 0 0 127 0 0 0 0 0 0 0 0 0 127 38 0 127 0 0 0
0 0 0 0 0 0 0 100 0 0 127 127 78 0 93 90 127 0 19 127 127 0 0 0 70
0 0 0 127 127 34 0 82.8795 20.4398 15.9759 13.1566 28.867 0 29.8373
0 39.4639 29.8373 61.816 0 0 9.16265 0.939759 127 73.2022 1 0 0 0 0
0 0 0 16 16 0 0 0 0 0 0 127 51 0;
egregore_data 0 0 127 0 0 127 0 0 0 0 0 0 0 0 0 127 38 0 127 0 0 0
0 0 0 0 0 0 0 100 0 0 127 127 78 0 93 90 127 0 19 127 127 0 0 0 70
0 0 0 127 127 34 0 82.8795 20.4398 15.9759 13.1566 28.867 0 29.8373
0 39.4639 29.8373 61.816 0 0 9.16265 0.939759 127 73.2022 1 0 0 0 0
0 0 0 16 16 0 0 0 0 0 0 127 51 0;
egregore_data 0 0 127 0 0 127 0 0 0 0 0 0 0 0 0 127 38 0 127 0 0 0
0 0 0 0 0 0 0 100 0 0 127 127 78 0 93 90 127 0 19 127 127 0 0 0 70
0 0 0 127 127 34 0 82.8795 20.4398 15.9759 13.1566 28.867 0 29.8373
0 39.4639 29.8373 61.816 0 0 9.16265 0.939759 127 73.2022 1 0 0 0 0
0 0 0 16 16 0 0 0 0 0 0 127 51 0;
egregore_data 0 0 127 0 0 127 0 0 0 0 0 0 0 0 0 127 38 0 127 0 0 0
0 0 0 0 0 0 0 100 0 0 127 127 78 0 93 90 127 0 19 127 127 0 0 0 70
0 0 0 127 127 34 0 82.8049 19.628 15.3415 12.6341 27.7207 0 28.6524
0 39.2866 28.6524 62.5382 0 0 8.79878 0.902439 127 73.2022 1 0 0 0
0 0 0 0 16 16 0 0 0 0 0 0 127 51 0;
egregore_data 0 0 127 0 0 127 0 0 0 0 0 0 0 0 0 127 38 0 127 0 0 0
0 0 0 0 0 0 0 100 0 0 127 127 78 0 93 90 127 0 19 127 127 0 0 0 70
0 0 0 127 127 34 0 82.8049 19.628 15.3415 12.6341 27.7207 0 28.6524
0 39.2866 28.6524 62.5382 0 0 8.79878 0.902439 127 73.2022 1 0 0 0
0 0 0 0 16 16 0 0 0 0 0 0 127 51 0;
egregore_data 0 0 127 0 0 127 0 0 0 0 0 0 0 0 0 127 38 0 127 0 0 0
0 0 0 0 0 0 0 100 0 0 127 127 78 0 93 90 127 0 19 127 127 0 0 0 70
0 0 0 127 127 34 0 82.8049 19.628 15.3415 12.6341 27.7207 0 28.6524
0 39.2866 28.6524 62.5382 0 0 8.79878 0.902439 127 73.2022 1 0 0 0
0 0 0 0 16 16 0 0 0 0 0 0 127 51 0;
egregore_data 0 0 127 0 0 127 0 0 0 0 0 0 0 0 0 127 38 0 127 0 0 0
0 0 0 0 0 0 0 100 0 0 127 127 78 0 93 90 127 0 19 127 127 0 0 0 70
0 0 0 127 127 34 0 82.7669 19.2147 15.0184 12.3681 27.1369 0 28.0491
0 39.1963 28.0491 62.9059 0 0 8.6135 0.883436 127 73.2022 1 0 0 0 0
0 0 0 16 16 0 0 0 0 0 0 127 51 0;
egregore_data 0 0 127 0 0 127 0 0 0 0 0 0 0 0 0 127 38 0 127 0 0 0
0 0 0 0 0 0 0 100 0 0 127 127 78 0 93 90 127 0 19 127 127 0 0 0 70
0 0 0 127 127 34 0 82.7669 19.2147 15.0184 12.3681 27.1369 0 28.0491
0 39.1963 28.0491 62.9059 0 0 8.6135 0.883436 127 73.2022 1 0 0 0 0
0 0 0 16 16 0 0 0 0 0 0 127 51 0;
egregore_data 0 0 127 0 0 127 0 0 0 0 0 0 0 0 0 127 38 0 127 0 0 0
0 0 0 0 0 0 0 100 0 0 127 127 78 0 93 90 127 0 19 127 127 0 0 0 70
0 0 0 127 127 34 0 82.7669 19.2147 15.0184 12.3681 27.1369 0 28.0491
0 39.1963 28.0491 62.9059 0 0 8.6135 0.883436 127 73.2022 1 0 0 0 0
0 0 0 16 16 0 0 0 0 0 0 127 51 0;
egregore_data 0 0 127 0 0 127 0 0 0 0 0 0 0 0 0 127 38 0 127 0 0 0
0 0 0 0 0 0 0 100 0 0 127 127 78 0 93 90 127 0 19 127 127 0 0 0 70
0 0 0 127 127 34 0 82.7669 19.2147 15.0184 12.3681 27.1369 0 28.0491
0 39.1963 28.0491 62.9059 0 0 8.6135 0.883436 127 73.2022 1 0 0 0 0
0 0 0 16 16 0 0 0 0 0 0 127 51 0;
egregore_data 0 0 127 0 0 127 0 0 0 0 0 0 0 0 0 127 38 0 127 0 0 0
0 0 0 0 0 0 0 100 0 0 127 127 78 0 93 90 127 0 19 127 127 0 0 0 70
0 0 0 127 127 34 0 82.7669 19.2147 15.0184 12.3681 27.1369 0 28.0491
0 39.1963 28.0491 62.9059 0 0 8.6135 0.883436 127 73.2022 1 0 0 0 0
0 0 0 16 16 0 0 0 0 0 0 127 51 0;
egregore_data 0 0 127 0 0 127 0 0 0 0 0 0 0 0 0 127 38 0 127 0 0 0
0 0 0 0 0 0 0 100 0 0 127 127 78 0 93 90 127 0 19 127 127 0 0 0 70
0 0 0 127 127 34 0 82.7669 19.2147 15.0184 12.3681 27.1369 0 28.0491
0 39.1963 28.0491 62.9059 0 0 8.6135 0.883436 127 73.2022 1 0 0 0 0
0 0 0 16 16 0 0 0 0 0 0 127 51 0;
egregore_data 0 0 127 0 0 127 0 0 0 0 0 0 0 0 0 127 38 0 127 0 0 0
0 0 0 0 0 0 0 100 0 0 127 127 78 0 93 90 127 0 19 127 127 0 0 0 70
0 0 0 127 127 34 0 82.7669 19.2147 15.0184 12.3681 27.1369 0 28.0491
0 39.1963 28.0491 62.9059 0 0 8.6135 0.883436 127 73.2022 1 0 0 0 0
0 0 0 16 16 0 0 0 0 0 0 127 51 0;
egregore_data 0 0 127 0 0 127 0 0 0 0 0 0 0 0 0 127 38 0 127 0 0 0
0 0 0 0 0 0 0 100 0 0 127 127 78 0 93 90 127 0 19 127 127 0 0 0 70
0 0 0 127 127 34 0 82.7669 19.2147 15.0184 12.3681 27.1369 0 28.0491
0 39.1963 28.0491 62.9059 0 0 8.6135 0.883436 127 73.2022 1 0 0 0 0
0 0 0 16 16 0 0 0 0 0 0 127 51 0;
egregore_data 0 0 127 0 0 127 0 0 0 0 0 0 0 0 0 127 38 0 127 0 0 0
0 0 0 0 0 0 0 100 0 0 127 127 78 0 93 90 127 0 19 127 127 0 0 0 70
0 0 0 127 127 34 0 82.7284 18.7963 14.6914 12.0988 26.546 0 27.4383
0 39.1049 27.4383 63.2781 0 0 8.42593 0.864198 127 73.2022 1 0 0 0
0 0 0 0 16 16 0 0 0 0 0 0 127 51 0;
egregore_data 0 0 127 0 0 127 0 0 0 0 0 0 0 0 0 127 38 0 127 0 0 0
0 0 0 0 0 0 0 100 0 0 127 127 78 0 93 90 127 0 19 127 127 0 0 0 70
0 0 0 127 127 34 0 82.7284 18.7963 14.6914 12.0988 26.546 0 27.4383
0 39.1049 27.4383 63.2781 0 0 8.42593 0.864198 127 73.2022 1 0 0 0
0 0 0 0 16 16 0 0 0 0 0 0 127 51 0;
egregore_data 0 0 127 0 0 127 0 0 0 0 0 0 0 0 0 127 38 0 127 0 0 0
0 0 0 0 0 0 0 100 0 0 127 127 78 0 93 90 127 0 19 127 127 0 0 0 70
0 0 0 127 127 34 0 82.7284 18.7963 14.6914 12.0988 26.546 0 27.4383
0 39.1049 27.4383 63.2781 0 0 8.42593 0.864198 127 73.2022 1 0 0 0
0 0 0 0 16 16 0 0 0 0 0 0 127 51 0;
egregore_data 0 0 127 0 0 127 0 0 0 0 0 0 0 0 0 127 38 0 127 0 0 0
0 0 0 0 0 0 0 100 0 0 127 127 78 0 93 90 127 0 19 127 127 0 0 0 70
0 0 0 127 127 34 0 82.7284 18.7963 14.6914 12.0988 26.546 0 27.4383
0 39.1049 27.4383 63.2781 0 0 8.42593 0.864198 127 73.2022 1 0 0 0
0 0 0 0 16 16 0 0 0 0 0 0 127 51 0;
egregore_data 0 0 127 0 0 127 0 0 0 0 0 0 0 0 0 127 38 0 127 0 0 0
0 0 0 0 0 0 0 100 0 0 127 127 78 0 93 90 127 0 19 127 127 0 0 0 70
0 0 0 127 127 34 0 82.7284 18.7963 14.6914 12.0988 26.546 0 27.4383
0 39.1049 27.4383 63.2781 0 0 8.42593 0.864198 127 73.2022 1 0 0 0
0 0 0 0 16 16 0 0 0 0 0 0 127 51 0;
egregore_data 0 0 127 0 0 127 0 0 0 0 0 0 0 0 0 127 38 0 127 0 0 0
0 0 0 0 0 0 0 100 0 0 127 127 78 0 93 90 127 0 19 127 127 0 0 0 70
0 0 0 127 127 34 0 82.7284 18.7963 14.6914 12.0988 26.546 0 27.4383
0 39.1049 27.4383 63.2781 0 0 8.42593 0.864198 127 73.2022 1 0 0 0
0 0 0 0 16 16 0 0 0 0 0 0 127 51 0;
egregore_data 0 0 127 0 0 127 0 0 0 0 0 0 0 0 0 127 38 0 127 0 0 0
0 0 0 0 0 0 0 100 0 0 127 127 78 0 93 90 127 0 19 127 127 0 0 0 70
0 0 0 127 127 34 0 82.7284 18.7963 14.6914 12.0988 26.546 0 27.4383
0 39.1049 27.4383 63.2781 0 0 8.42593 0.864198 127 73.2022 1 0 0 0
0 0 0 0 16 16 0 0 0 0 0 0 127 51 0;
egregore_data 0 0 127 0 0 127 0 0 0 0 0 0 0 0 0 127 38 0 127 0 0 0
0 0 0 0 0 0 0 100 0 0 127 127 78 0 93 90 127 0 19 127 127 0 0 0 70
0 0 0 127 127 34 0 82.7284 18.7963 14.6914 12.0988 26.546 0 27.4383
0 39.1049 27.4383 63.2781 0 0 8.42593 0.864198 127 73.2022 1 0 0 0
0 0 0 0 16 16 0 0 0 0 0 0 127 51 0;
egregore_data 0 0 127 0 0 127 0 0 0 0 0 0 0 0 0 127 38 0 127 0 0 0
0 0 0 0 0 0 0 100 0 0 127 127 78 0 93 90 127 0 19 127 127 0 0 0 70
0 0 0 127 127 34 0 82.7284 18.7963 14.6914 12.0988 26.546 0 27.4383
0 39.1049 27.4383 63.2781 0 0 8.42593 0.864198 127 73.2022 1 0 0 0
0 0 0 0 16 16 0 0 0 0 0 0 127 51 0;
egregore_data 0 0 127 0 0 127 0 0 0 0 0 0 0 0 0 127 38 0 127 0 0 0
0 0 0 0 0 0 0 100 0 0 127 127 78 0 93 90 127 0 19 127 127 0 0 0 70
0 0 0 127 127 34 0 82.7284 18.7963 14.6914 12.0988 26.546 0 27.4383
0 39.1049 27.4383 63.2781 0 0 8.42593 0.864198 127 73.2022 1 0 0 0
0 0 0 0 16 16 0 0 0 0 0 0 127 51 0;
egregore_data 0 0 127 0 0 127 0 0 0 0 0 0 0 0 0 127 38 0 127 0 0 0
0 0 0 0 0 0 0 100 0 0 127 127 78 0 93 90 127 0 19 127 127 0 0 0 70
0 0 0 127 127 34 0 82.7284 18.7963 14.6914 12.0988 26.546 0 27.4383
0 39.1049 27.4383 63.2781 0 0 8.42593 0.864198 127 73.2022 1 0 0 0
0 0 0 0 16 16 0 0 0 0 0 0 127 51 0;
egregore_data 0 0 127 0 0 127 0 0 0 0 0 0 0 0 0 127 38 0 127 0 0 0
0 0 0 0 0 0 0 100 0 0 127 127 78 0 93 90 127 0 19 127 127 0 0 0 70
0 0 0 127 127 34 0 82.6894 18.3727 14.3602 11.8261 25.9477 0 26.8199
0 39.0124 26.8199 63.655 0 0 8.23602 0.84472 127 73.2022 1 0 0 0 0
0 0 0 16 16 0 0 0 0 0 0 127 51 0;
egregore_data 0 0 127 0 0 127 0 0 0 0 0 0 0 0 0 127 38 0 127 0 0 0
0 0 0 0 0 0 0 100 0 0 127 127 78 0 93 90 127 0 19 127 127 0 0 0 70
0 0 0 127 127 34 0 82.65 17.9438 14.025 11.55 25.3419 0 26.1938 0 38.9188
26.1938 64.0366 0 0 8.04375 0.825 127 73.2022 1 0 0 0 0 0 0 0 16 16
0 0 0 0 0 0 127 51 0;
egregore_data 0 0 127 0 0 127 0 0 0 0 0 0 0 0 0 127 38 0 127 0 0 0
0 0 0 0 0 0 0 100 0 0 127 127 78 0 93 90 127 0 19 127 127 0 0 0 70
0 0 0 127 127 34 0 82.65 17.9438 14.025 11.55 25.3419 0 26.1938 0 38.9188
26.1938 64.0366 0 0 8.04375 0.825 127 73.2022 1 0 0 0 0 0 0 0 16 16
0 0 0 0 0 0 127 51 0;
egregore_data 0 0 127 0 0 127 0 0 0 0 0 0 0 0 0 127 38 0 127 0 0 0
0 0 0 0 0 0 0 100 0 0 127 127 78 0 93 90 127 0 19 127 127 0 0 0 70
0 0 0 127 127 34 0 82.65 17.9438 14.025 11.55 25.3419 0 26.1938 0 38.9188
26.1938 64.0366 0 0 8.04375 0.825 127 73.2022 1 0 0 0 0 0 0 0 16 16
0 0 0 0 0 0 127 51 0;
egregore_data 0 0 127 0 0 127 0 0 0 0 0 0 0 0 0 127 38 0 127 0 0 0
0 0 0 0 0 0 0 100 0 0 127 127 78 0 93 90 127 0 19 127 127 0 0 0 70
0 0 0 127 127 34 0 82.65 17.9438 14.025 11.55 25.3419 0 26.1938 0 38.9188
26.1938 64.0366 0 0 8.04375 0.825 127 73.2022 1 0 0 0 0 0 0 0 16 16
0 0 0 0 0 0 127 51 0;
egregore_data 0 0 127 0 0 127 0 0 0 0 0 0 0 0 0 127 38 0 127 0 0 0
0 0 0 0 0 0 0 100 0 0 127 127 78 0 93 90 127 0 19 127 127 0 0 0 70
0 0 0 127 127 34 0 82.6101 17.5094 13.6855 11.2704 24.7286 0 25.5597
0 38.8239 25.5597 64.423 0 0 7.84906 0.805031 127 72.1697 1 0 0 0 0
0 0 0 16 16 0 0 0 0 0 0 127 51 0;
egregore_data 0 0 127 0 0 127 0 0 0 0 0 0 0 0 0 127 38 0 127 0 0 0
0 0 0 0 0 0 0 100 0 0 127 127 78 0 93 90 127 0 19 127 127 0 0 0 70
0 0 0 127 127 34 0 82.6101 17.5094 13.6855 11.2704 24.7286 0 25.5597
0 38.8239 25.5597 64.423 0 0 7.84906 0.805031 127 71.8256 1 0 0 0 0
0 0 0 16 16 0 0 0 0 0 0 127 51 0;
egregore_data 0 0 127 0 0 127 0 0 0 0 0 0 0 0 0 127 38 0 127 0 0 0
0 0 0 0 0 0 0 100 0 0 127 127 78 0 93 90 127 0 19 127 127 0 0 0 70
0 0 0 127 127 34 0 82.6101 17.5094 13.6855 11.2704 24.7286 0 25.5597
0 38.8239 25.5597 64.423 0 0 7.84906 0.805031 127 71.1372 1 0 0 0 0
0 0 0 16 16 0 0 0 0 0 0 127 51 0;
egregore_data 0 0 127 0 0 127 0 0 0 0 0 0 0 0 0 127 38 0 127 0 0 0
0 0 0 0 0 0 0 100 0 0 127 127 78 0 93 90 127 0 19 127 127 0 0 0 70
0 0 0 127 127 34 0 82.5287 16.6242 12.9936 10.7006 23.4783 0 24.2675
0 38.6306 24.2675 65.2105 0 0 7.45223 0.764331 127 71.1372 1 0 0 0
0 0 0 0 16 16 0 0 0 0 0 0 127 51 0;
egregore_data 0 0 127 0 0 127 0 0 0 0 0 0 0 0 0 127 38 0 127 0 0 0
0 0 0 0 0 0 0 100 0 0 127 127 78 0 93 90 127 0 19 127 127 0 0 0 70
0 0 0 127 127 34 0 82.5287 16.6242 12.9936 10.7006 23.4783 0 24.2675
0 38.6306 24.2675 65.2105 0 0 7.45223 0.764331 127 71.1372 1 0 0 0
0 0 0 0 16 16 0 0 0 0 0 0 127 51 0;
egregore_data 0 0 127 0 0 127 0 0 0 0 0 0 0 0 0 127 38 0 127 0 0 0
0 0 0 0 0 0 0 100 0 0 127 127 78 0 93 90 127 0 19 127 127 0 0 0 70
0 0 0 127 127 34 0 82.5287 16.6242 12.9936 10.7006 23.4783 0 24.2675
0 38.6306 24.2675 65.2105 0 0 7.45223 0.764331 127 71.1372 1 0 0 0
0 0 0 0 16 16 0 0 0 0 0 0 127 51 0;
egregore_data 0 0 127 0 0 127 0 0 0 0 0 0 0 0 0 127 38 0 127 0 0 0
0 0 0 0 0 0 0 100 0 0 127 127 78 0 93 90 127 0 19 127 127 0 0 0 70
0 0 0 127 127 34 0 82.5287 16.6242 12.9936 10.7006 23.4783 0 24.2675
0 38.6306 24.2675 65.2105 0 0 7.45223 0.764331 127 71.1372 1 0 0 0
0 0 0 0 16 16 0 0 0 0 0 0 127 51 0;
egregore_data 0 0 127 0 0 127 0 0 0 0 0 0 0 0 0 127 38 0 127 0 0 0
0 0 0 0 0 0 0 100 0 0 127 127 78 0 93 90 127 0 19 127 127 0 0 0 70
0 0 0 127 127 34 0 82.5287 16.6242 12.9936 10.7006 23.4783 0 24.2675
0 38.6306 24.2675 65.2105 0 0 7.45223 0.764331 127 71.1372 1 0 0 0
0 0 0 0 16 16 0 0 0 0 0 0 127 51 0;
egregore_data 0 0 127 0 0 127 0 0 0 0 0 0 0 0 0 127 38 0 127 0 0 0
0 0 0 0 0 0 0 100 0 0 127 127 78 0 93 90 127 0 19 127 127 0 0 0 70
0 0 0 127 127 34 0 82.5287 16.6242 12.9936 10.7006 23.4783 0 24.2675
0 38.6306 24.2675 65.2105 0 0 7.45223 0.764331 127 71.1372 1 0 0 0
0 0 0 0 16 16 0 0 0 0 0 0 127 51 0;
egregore_data 0 0 127 0 0 127 0 0 0 0 0 0 0 0 0 127 38 0 127 0 0 0
0 0 0 0 0 0 0 100 0 0 127 127 78 0 93 90 127 0 19 127 127 0 0 0 70
0 0 0 127 127 34 0 82.5287 16.6242 12.9936 10.7006 23.4783 0 24.2675
0 38.6306 24.2675 65.2105 0 0 7.45223 0.764331 127 71.1372 1 0 0 0
0 0 0 0 16 16 0 0 0 0 0 0 127 51 0;
egregore_data 0 0 127 0 0 127 0 0 0 0 0 0 0 0 0 127 38 0 127 0 0 0
0 0 0 0 0 0 0 100 0 0 127 127 78 0 93 90 127 0 19 127 127 0 0 0 70
0 0 0 127 127 34 0 82.5287 16.6242 12.9936 10.7006 23.4783 0 24.2675
0 38.6306 24.2675 65.2105 0 0 7.45223 0.764331 127 71.1372 1 0 0 0
0 0 0 0 16 16 0 0 0 0 0 0 127 51 0;
egregore_data 0 0 127 0 0 127 0 0 0 0 0 0 0 0 0 127 38 0 127 0 0 0
0 0 0 0 0 0 0 100 0 0 127 127 78 0 93 90 127 0 19 127 127 0 0 0 70
0 0 0 127 127 34 0 82.5287 16.6242 12.9936 10.7006 23.4783 0 24.2675
0 38.6306 24.2675 65.2105 0 0 7.45223 0.764331 127 71.1372 1 0 0 0
0 0 0 0 16 16 0 0 0 0 0 0 127 51 0;
egregore_data 0 0 127 0 0 127 0 0 0 0 0 0 0 0 0 127 38 0 127 0 0 0
0 0 0 0 0 0 0 100 0 0 127 127 78 0 93 90 127 0 19 127 127 0 0 0 70
0 0 0 127 127 34 0 82.5287 16.6242 12.9936 10.7006 23.4783 0 24.2675
0 38.6306 24.2675 65.2105 0 0 7.45223 0.764331 127 71.1372 1 0 0 0
0 0 0 0 16 16 0 0 0 0 0 0 127 51 0;
egregore_data 0 0 127 0 0 127 0 0 0 0 0 0 0 0 0 127 38 0 127 0 0 0
0 0 0 0 0 0 0 100 0 0 127 127 78 0 93 90 127 0 19 127 127 0 0 0 70
0 0 0 127 127 34 0 82.5287 16.6242 12.9936 10.7006 23.4783 0 24.2675
0 38.6306 24.2675 65.2105 0 0 7.45223 0.764331 127 71.1372 1 0 0 0
0 0 0 0 16 16 0 0 0 0 0 0 127 51 0;
egregore_data 0 0 127 0 0 127 0 0 0 0 0 0 0 0 0 127 38 0 127 0 0 0
0 0 0 0 0 0 0 100 0 0 127 127 78 0 93 90 127 0 19 127 127 0 0 0 70
0 0 0 127 127 34 0 82.5287 16.6242 12.9936 10.7006 23.4783 0 24.2675
0 38.6306 24.2675 65.2105 0 0 7.45223 0.764331 127 71.1372 1 0 0 0
0 0 0 0 16 16 0 0 0 0 0 0 127 51 0;
egregore_data 0 0 127 0 0 127 0 0 0 0 0 0 0 0 0 127 38 0 127 0 0 0
0 0 0 0 0 0 0 100 0 0 127 127 78 0 93 90 127 0 19 127 127 0 0 0 70
0 0 0 127 127 34 0 82.5287 16.6242 12.9936 10.7006 23.4783 0 24.2675
0 38.6306 24.2675 65.2105 0 0 7.45223 0.764331 127 71.1372 1 0 0 0
0 0 0 0 16 16 0 0 0 0 0 0 127 51 0;
egregore_data 0 0 127 0 0 127 0 0 0 0 0 0 0 0 0 127 38 0 127 0 0 0
0 0 0 0 0 0 0 100 0 0 127 127 78 0 93 90 127 0 19 127 127 0 0 0 70
0 0 0 127 127 34 0 82.4872 16.1731 12.641 10.4103 22.8412 0 23.609
0 38.5321 23.609 65.6118 0 0 7.25 0.74359 127 71.1372 1 0 0 0 0 0 0
0 16 16 0 0 0 0 0 0 127 51 0;
egregore_data 0 0 127 0 0 127 0 0 0 0 0 0 0 0 0 127 38 0 127 0 0 0
0 0 0 0 0 0 0 100 0 0 127 127 78 0 93 90 127 0 19 127 127 0 0 0 70
0 0 0 127 127 34 0 82.4872 16.1731 12.641 10.4103 22.8412 0 23.609
0 38.5321 23.609 65.6118 0 0 7.25 0.74359 127 71.1372 1 0 0 0 0 0 0
0 16 16 0 0 0 0 0 0 127 51 0;
egregore_data 0 0 127 0 0 127 0 0 0 0 0 0 0 0 0 127 38 0 127 0 0 0
0 0 0 0 0 0 0 100 0 0 127 127 78 0 93 90 127 0 19 127 127 0 0 0 70
0 0 0 127 127 34 0 82.4452 15.7161 12.2839 10.1161 22.1959 0 22.9419
0 38.4323 22.9419 66.0184 0 0 7.04516 0.722581 127 71.1372 1 0 0 0
0 0 0 0 16 16 0 0 0 0 0 0 127 51 0;
egregore_data 0 0 127 0 0 127 0 0 0 0 0 0 0 0 0 127 38 0 127 0 0 0
0 0 0 0 0 0 0 100 0 0 127 127 78 0 93 90 127 0 19 127 127 0 0 0 70
0 0 0 127 127 34 0 82.4452 15.7161 12.2839 10.1161 22.1959 0 22.9419
0 38.4323 22.9419 66.0184 0 0 7.04516 0.722581 127 71.1372 1 0 0 0
0 0 0 0 16 16 0 0 0 0 0 0 127 51 0;
egregore_data 0 0 127 0 0 127 0 0 0 0 0 0 0 0 0 127 38 0 127 0 0 0
0 0 0 0 0 0 0 100 0 0 127 127 78 0 93 90 127 0 19 127 127 0 0 0 70
0 0 0 127 127 34 0 82.4452 15.7161 12.2839 10.1161 22.1959 0 22.9419
0 38.4323 22.9419 66.0184 0 0 7.04516 0.722581 127 71.1372 1 0 0 0
0 0 0 0 16 16 0 0 0 0 0 0 127 51 0;
egregore_data 0 0 127 0 0 127 0 0 0 0 0 0 0 0 0 127 38 0 127 0 0 0
0 0 0 0 0 0 0 100 0 0 127 127 78 0 93 90 127 0 19 127 127 0 0 0 70
0 0 0 127 127 34 0 82.4452 15.7161 12.2839 10.1161 22.1959 0 22.9419
0 38.4323 22.9419 66.0184 0 0 7.04516 0.722581 127 71.1372 1 0 0 0
0 0 0 0 16 16 0 0 0 0 0 0 127 51 0;
egregore_data 0 0 127 0 0 127 0 0 0 0 0 0 0 0 0 127 38 0 127 0 0 0
0 0 0 0 0 0 0 100 0 0 127 127 78 0 93 90 127 0 19 127 127 0 0 0 70
0 0 0 127 127 34 0 82.4452 15.7161 12.2839 10.1161 22.1959 0 22.9419
0 38.4323 22.9419 66.0184 0 0 7.04516 0.722581 127 71.1372 1 0 0 0
0 0 0 0 16 16 0 0 0 0 0 0 127 51 0;
egregore_data 0 0 127 0 0 127 0 0 0 0 0 0 0 0 0 127 38 0 127 0 0 0
0 0 0 0 0 0 0 100 0 0 127 127 78 0 93 90 127 0 19 127 127 0 0 0 70
0 0 0 127 127 34 0 82.4452 15.7161 12.2839 10.1161 22.1959 0 22.9419
0 38.4323 22.9419 66.0184 0 0 7.04516 0.722581 127 71.1372 1 0 0 0
0 0 0 0 16 16 0 0 0 0 0 0 127 51 0;
egregore_data 0 0 127 0 0 127 0 0 0 0 0 0 0 0 0 127 38 0 127 0 0 0
0 0 0 0 0 0 0 100 0 0 127 127 78 0 93 90 127 0 19 127 127 0 0 0 70
0 0 0 127 127 34 0 82.4026 15.2532 11.9221 9.81818 21.5421 0 22.2662
0 38.3312 22.2662 66.4302 0 0 6.83766 0.701299 127 71.1372 1 0 0 0
0 0 0 0 16 16 0 0 0 0 0 0 127 51 0;
egregore_data 0 0 127 0 0 127 0 0 0 0 0 0 0 0 0 127 38 0 127 0 0 0
0 0 0 0 0 0 0 100 0 0 127 127 78 0 93 90 127 0 19 127 127 0 0 0 70
0 0 0 127 127 34 0 82.4026 15.2532 11.9221 9.81818 21.5421 0 22.2662
0 38.3312 22.2662 66.4302 0 0 6.83766 0.701299 127 71.1372 1 0 0 0
0 0 0 0 16 16 0 0 0 0 0 0 127 51 0;
egregore_data 0 0 127 0 0 127 0 0 0 0 0 0 0 0 0 127 38 0 127 0 0 0
0 0 0 0 0 0 0 100 0 0 127 127 78 0 93 90 127 0 19 127 127 0 0 0 70
0 0 0 127 127 34 0 82.4026 15.2532 11.9221 9.81818 21.5421 0 22.2662
0 38.3312 22.2662 66.4302 0 0 6.83766 0.701299 127 71.1372 1 0 0 0
0 0 0 0 16 16 0 0 0 0 0 0 127 51 0;
egregore_data 0 0 127 0 0 127 0 0 0 0 0 0 0 0 0 127 38 0 127 0 0 0
0 0 0 0 0 0 0 100 0 0 127 127 78 0 93 90 127 0 19 127 127 0 0 0 70
0 0 0 127 127 34 0 82.4026 15.2532 11.9221 9.81818 21.5421 0 22.2662
0 38.3312 22.2662 66.4302 0 0 6.83766 0.701299 127 71.1372 1 0 0 0
0 0 0 0 16 16 0 0 0 0 0 0 127 51 0;
egregore_data 0 0 127 0 0 127 0 0 0 0 0 0 0 0 0 127 38 0 127 0 0 0
0 0 0 0 0 0 0 100 0 0 127 127 78 0 93 90 127 0 19 127 127 0 0 0 70
0 0 0 127 127 34 0 82.4026 15.2532 11.9221 9.81818 21.5421 0 22.2662
0 38.3312 22.2662 66.4302 0 0 6.83766 0.701299 127 71.1372 1 0 0 0
0 0 0 0 16 16 0 0 0 0 0 0 127 51 0;
egregore_data 0 0 127 0 0 127 0 0 0 0 0 0 0 0 0 127 38 0 127 0 0 0
0 0 0 0 0 0 0 100 0 0 127 127 78 0 93 90 127 0 19 127 127 0 0 0 70
0 0 0 127 127 34 0 82.4026 15.2532 11.9221 9.81818 21.5421 0 22.2662
0 38.3312 22.2662 66.4302 0 0 6.83766 0.701299 127 71.1372 1 0 0 0
0 0 0 0 16 16 0 0 0 0 0 0 127 51 0;
egregore_data 0 0 127 0 0 127 0 0 0 0 0 0 0 0 0 127 38 0 127 0 0 0
0 0 0 0 0 0 0 100 0 0 127 127 78 0 93 90 127 0 19 127 127 0 0 0 70
0 0 0 127 127 34 0 82.4026 15.2532 11.9221 9.81818 21.5421 0 22.2662
0 38.3312 22.2662 66.4302 0 0 6.83766 0.701299 127 71.1372 1 0 0 0
0 0 0 0 16 16 0 0 0 0 0 0 127 51 0;
egregore_data 0 0 127 0 0 127 0 0 0 0 0 0 0 0 0 127 38 0 127 0 0 0
0 0 0 0 0 0 0 100 0 0 127 127 78 0 93 90 127 0 19 127 127 0 0 0 70
0 0 0 127 127 34 0 82.4026 15.2532 11.9221 9.81818 21.5421 0 22.2662
0 38.3312 22.2662 66.4302 0 0 6.83766 0.701299 127 71.1372 1 0 0 0
0 0 0 0 16 16 0 0 0 0 0 0 127 51 0;
egregore_data 0 0 127 0 0 127 0 0 0 0 0 0 0 0 0 127 38 0 127 0 0 0
0 0 0 0 0 0 0 100 0 0 127 127 78 0 93 90 127 0 19 127 127 0 0 0 70
0 0 0 127 127 34 0 82.4026 15.2532 11.9221 9.81818 21.5421 0 22.2662
0 38.3312 22.2662 66.4302 0 0 6.83766 0.701299 127 71.1372 1 0 0 0
0 0 0 0 16 16 0 0 0 0 0 0 127 51 0;
egregore_data 0 0 127 0 0 127 0 0 0 0 0 0 0 0 0 127 38 0 127 0 0 0
0 0 0 0 0 0 0 100 0 0 127 127 78 0 93 90 127 0 19 127 127 0 0 0 70
0 0 0 127 127 34 0 82.4026 15.2532 11.9221 9.81818 21.5421 0 22.2662
0 38.3312 22.2662 66.4302 0 0 6.83766 0.701299 127 71.1372 1 0 0 0
0 0 0 0 16 16 0 0 0 0 0 0 127 51 0;
END;
