HTTP/1.1 200 OK
Date: Thu, 28 May 2015 12:25:47 GMT
Server: Apache
Last-Modified: Wed, 27 May 2015 19:35:42 GMT
Accept-Ranges: bytes
Content-Length: 28904
Vary: Accept-Encoding
Connection: close
Content-Type: text/plain

chdh_egregore_live_data;
egregore_data 0 0 127 0 0 127 0 0 0 0 0 0 0 0 0 127 38 0 127 0 0 0
0 0 0 0 0 0 0 100 0 0 127 127 78 0 93 90 127 0 19 127 127 0 0 0 70
0 0 0 127 127 34 0 122.524 72.8062 17.7621 0 93.7974 18.0617 0 102.173
16.2247 65.6784 77.9031 4.40529 2.64317 36.489 0 127 43.9337 1 58 0
0 0 0 0 3 16 16 0 0 0 0 0 0 127 51 1;
egregore_data 0 0 127 0 0 127 0 0 0 0 0 0 0 0 0 127 38 0 127 0 0 0
0 0 0 0 0 0 0 100 0 0 127 127 78 0 93 90 127 0 19 127 127 0 0 0 70
0 0 0 127 127 34 0 122.524 72.8062 17.7621 0 93.7974 18.0617 0 102.173
16.2247 65.6784 77.9031 4.40529 2.64317 36.489 0 127 43.9337 1 58 0
0 0 0 0 3 16 16 0 0 0 0 0 0 127 51 1;
egregore_data 0 0 127 0 0 127 0 0 0 0 0 0 0 0 0 127 38 0 127 0 0 0
0 0 0 0 0 0 0 100 0 0 127 127 78 0 93 90 127 0 19 127 127 0 0 0 70
0 0 0 127 127 34 0 122.524 72.8062 17.7621 0 93.7974 18.0617 0 102.173
16.2247 65.6784 77.9031 4.40529 2.64317 36.489 0 127 43.9337 1 58 0
0 0 0 0 3 16 16 0 0 0 0 0 0 127 51 1;
egregore_data 0 0 127 0 0 127 0 0 0 0 0 0 0 0 0 127 38 0 127 0 0 0
0 0 0 0 0 0 0 100 0 0 127 127 78 0 93 90 127 0 19 127 127 0 0 0 70
0 0 0 127 127 34 0 122.563 72.4934 17.7817 0 93.7729 18.262 0 102.097
16.083 65.6638 77.7467 4.45415 2.67249 36.5721 0 127 43.9337 1 58 0
0 0 0 0 3 16 16 0 0 0 0 0 0 127 51 1;
egregore_data 0 0 127 0 0 127 0 0 0 0 0 0 0 0 0 127 38 0 127 0 0 0
0 0 0 0 0 0 0 100 0 0 127 127 78 0 93 90 127 0 19 127 127 0 0 0 70
0 0 0 127 127 34 0 122.563 72.4934 17.7817 0 93.7729 18.262 0 102.097
16.083 65.6638 77.7467 4.45415 2.67249 36.5721 0 127 43.9337 1 58 0
0 0 0 0 3 16 16 0 0 0 0 0 0 127 51 1;
egregore_data 0 0 127 0 0 127 0 0 0 0 0 0 0 0 0 127 38 0 127 0 0 0
0 0 0 0 0 0 0 100 0 0 127 127 78 0 93 90 127 0 19 127 127 0 0 0 70
0 0 0 127 127 34 0 122.563 72.4934 17.7817 0 93.7729 18.262 0 102.097
16.083 65.6638 77.7467 4.45415 2.67249 36.5721 0 127 43.9337 1 58 0
0 0 0 0 3 16 16 0 0 0 0 0 0 127 51 1;
egregore_data 0 0 127 0 0 127 0 0 0 0 0 0 0 0 0 127 38 0 127 0 0 0
0 0 0 0 0 0 0 100 0 0 127 127 78 0 93 90 127 0 19 127 127 0 0 0 70
0 0 0 127 127 34 0 122.563 72.4934 17.7817 0 93.7729 18.262 0 102.097
16.083 65.6638 77.7467 4.45415 2.67249 36.5721 0 127 43.9337 1 58 0
0 0 0 0 3 16 16 0 0 0 0 0 0 127 51 1;
egregore_data 0 0 127 0 0 127 0 0 0 0 0 0 0 0 0 127 38 0 127 0 0 0
0 0 0 0 0 0 0 100 0 0 127 127 78 0 93 90 127 0 19 127 127 0 0 0 70
0 0 0 127 127 34 0 122.583 72.3391 17.7913 0 93.7609 18.3609 0 102.06
16.013 65.6565 77.6696 4.47826 2.68696 36.613 0 127 43.9337 1 58 0
0 0 0 0 3 16 16 0 0 0 0 0 0 127 51 1;
egregore_data 0 0 127 0 0 127 0 0 0 0 0 0 0 0 0 127 38 0 127 0 0 0
0 0 0 0 0 0 0 100 0 0 127 127 78 0 93 90 127 0 19 127 127 0 0 0 70
0 0 0 127 127 34 0 122.583 72.3391 17.7913 0 93.7609 18.3609 0 102.06
16.013 65.6565 77.6696 4.47826 2.68696 36.613 0 127 43.9337 1 58 0
0 0 0 0 3 16 16 0 0 0 0 0 0 127 51 1;
egregore_data 0 0 127 0 0 127 0 0 0 0 0 0 0 0 0 127 38 0 127 0 0 0
0 0 0 0 0 0 0 100 0 0 127 127 78 0 93 90 127 0 19 127 127 0 0 0 70
0 0 0 127 127 34 0 122.602 72.1861 17.8009 0 93.7489 18.4589 0 102.023
15.9437 65.6493 77.5931 4.50216 2.7013 36.6537 0 127 43.9337 1 58 0
0 0 0 0 3 16 16 0 0 0 0 0 0 127 51 1;
egregore_data 0 0 127 0 0 127 0 0 0 0 0 0 0 0 0 127 38 0 127 0 0 0
0 0 0 0 0 0 0 100 0 0 127 127 78 0 93 90 127 0 19 127 127 0 0 0 70
0 0 0 127 127 34 0 122.602 72.1861 17.8009 0 93.7489 18.4589 0 102.023
15.9437 65.6493 77.5931 4.50216 2.7013 36.6537 0 127 43.9337 1 58 0
0 0 0 0 3 16 16 0 0 0 0 0 0 127 51 1;
egregore_data 0 0 127 0 0 127 0 0 0 0 0 0 0 0 0 127 38 0 127 0 0 0
0 0 0 0 0 0 0 100 0 0 127 127 78 0 93 90 127 0 19 127 127 0 0 0 70
0 0 0 127 127 34 0 122.602 72.1861 17.8009 0 93.7489 18.4589 0 102.023
15.9437 65.6493 77.5931 4.50216 2.7013 36.6537 0 127 43.9337 1 58 0
0 0 0 0 3 16 16 0 0 0 0 0 0 127 51 1;
egregore_data 0 0 127 0 0 127 0 0 0 0 0 0 0 0 0 127 38 0 127 0 0 0
0 0 0 0 0 0 0 100 0 0 127 127 78 0 93 90 127 0 19 127 127 0 0 0 70
0 0 0 127 127 34 0 122.602 72.1861 17.8009 0 93.7489 18.4589 0 102.023
15.9437 65.6493 77.5931 4.50216 2.7013 36.6537 0 127 43.9337 1 58 0
0 0 0 0 3 16 16 0 0 0 0 0 0 127 51 1;
egregore_data 0 0 127 0 0 127 0 0 0 0 0 0 0 0 0 127 38 0 127 0 0 0
0 0 0 0 0 0 0 100 0 0 127 127 78 0 93 90 127 0 19 127 127 0 0 0 70
0 0 0 127 127 34 0 122.621 72.0345 17.8103 0 93.7371 18.556 0 101.986
15.875 65.6422 77.5172 4.52586 2.71552 36.694 0 127 43.9337 1 58 0
0 0 0 0 3 16 16 0 0 0 0 0 0 127 51 1;
egregore_data 0 0 127 0 0 127 0 0 0 0 0 0 0 0 0 127 38 0 127 0 0 0
0 0 0 0 0 0 0 100 0 0 127 127 78 0 93 90 127 0 19 127 127 0 0 0 70
0 0 0 127 127 34 0 122.621 72.0345 17.8103 0 93.7371 18.556 0 101.986
15.875 65.6422 77.5172 4.52586 2.71552 36.694 0 127 43.9337 1 58 0
0 0 0 0 3 16 16 0 0 0 0 0 0 127 51 1;
egregore_data 0 0 127 0 0 127 0 0 0 0 0 0 0 0 0 127 38 0 127 0 0 0
0 0 0 0 0 0 0 100 0 0 127 127 78 0 93 90 127 0 19 127 127 0 0 0 70
0 0 0 127 127 34 0 122.621 72.0345 17.8103 0 93.7371 18.556 0 101.986
15.875 65.6422 77.5172 4.52586 2.71552 36.694 0 127 43.9337 1 58 0
0 0 0 0 3 16 16 0 0 0 0 0 0 127 51 1;
egregore_data 0 0 127 0 0 127 0 0 0 0 0 0 0 0 0 127 38 0 127 0 0 0
0 0 0 0 0 0 0 100 0 0 127 127 78 0 93 90 127 0 19 127 127 0 0 0 70
0 0 0 127 127 34 0 122.621 72.0345 17.8103 0 93.7371 18.556 0 101.986
15.875 65.6422 77.5172 4.52586 2.71552 36.694 0 127 43.9337 1 58 0
0 0 0 0 4 16 16 0 0 0 0 0 0 127 51 1;
egregore_data 0 0 127 0 0 127 0 0 0 0 0 0 0 0 0 127 38 0 127 0 0 0
0 0 0 0 0 0 0 100 0 0 127 127 78 0 93 90 127 0 19 127 127 0 0 0 70
0 0 0 127 127 34 0 122.621 72.0345 17.8103 0 93.7371 18.556 0 101.986
15.875 65.6422 77.5172 4.52586 2.71552 36.694 0 127 43.9337 1 58 0
0 0 0 0 4 16 16 0 0 0 0 0 0 127 51 1;
egregore_data 0 0 127 0 0 127 0 0 0 0 0 0 0 0 0 127 38 0 127 0 0 0
0 0 0 0 0 0 0 100 0 0 127 127 78 0 93 90 127 0 19 127 127 0 0 0 70
0 0 0 127 127 34 0 122.621 72.0345 17.8103 0 93.7371 18.556 0 101.986
15.875 65.6422 77.5172 4.52586 2.71552 36.694 0 127 43.9337 1 58 0
0 0 0 0 4 16 16 0 0 0 0 0 0 127 51 1;
egregore_data 0 0 127 0 0 127 0 0 0 0 0 0 0 0 0 127 38 0 127 0 0 0
0 0 0 0 0 0 0 100 0 0 127 127 78 0 93 90 127 0 19 127 127 0 0 0 70
0 0 0 127 127 34 0 122.621 72.0345 17.8103 0 93.7371 18.556 0 101.986
15.875 65.6422 77.5172 4.52586 2.71552 36.694 0 127 43.9337 1 58 0
0 0 0 0 4 16 16 0 0 0 0 0 0 127 51 1;
egregore_data 0 0 127 0 0 127 0 0 0 0 0 0 0 0 0 127 38 0 127 0 0 0
0 0 0 0 0 0 0 100 0 0 127 127 78 0 93 90 127 0 19 127 127 0 0 0 70
0 0 0 127 127 34 0 122.639 71.8841 17.8197 0 93.7253 18.6524 0 101.949
15.8069 65.6352 77.4421 4.54936 2.72961 36.7339 0 127 43.9337 1 58
0 0 0 0 0 4 16 16 0 0 0 0 0 0 127 51 1;
egregore_data 0 0 127 0 0 127 0 0 0 0 0 0 0 0 0 127 38 0 127 0 0 0
0 0 0 0 0 0 0 100 0 0 127 127 78 0 93 90 127 0 19 127 127 0 0 0 70
0 0 0 127 127 34 0 122.677 71.5872 17.8383 0 93.7021 18.8426 0 101.878
15.6723 65.6213 77.2936 4.59574 2.75745 36.8128 0 127 43.9337 1 58
0 0 0 0 0 4 16 16 0 0 0 0 0 0 127 51 1;
egregore_data 0 0 127 0 0 127 0 0 0 0 0 0 0 0 0 127 38 0 127 0 0 0
0 0 0 0 0 0 0 100 0 0 127 127 78 0 93 90 127 0 19 127 127 0 0 0 70
0 0 0 127 127 34 0 122.695 71.4407 17.8475 0 93.6907 18.9364 0 101.842
15.6059 65.6144 77.2203 4.61864 2.77119 36.8517 0 127 43.9337 1 58
0 0 0 0 0 4 16 16 0 0 0 0 0 0 127 51 1;
egregore_data 0 0 127 0 0 127 0 0 0 0 0 0 0 0 0 127 38 0 127 0 0 0
0 0 0 0 0 0 0 100 0 0 127 127 78 0 93 90 127 0 19 127 127 0 0 0 70
0 0 0 127 127 34 0 122.695 71.4407 17.8475 0 93.6907 18.9364 0 101.842
15.6059 65.6144 77.2203 4.61864 2.77119 36.8517 0 127 43.9337 1 58
0 0 0 0 0 4 16 16 0 0 0 0 0 0 127 51 1;
egregore_data 0 0 127 0 0 127 0 0 0 0 0 0 0 0 0 127 38 0 127 0 0 0
0 0 0 0 0 0 0 100 0 0 127 127 78 0 93 90 127 0 19 127 127 0 0 0 70
0 0 0 127 127 34 0 122.695 71.4407 17.8475 0 93.6907 18.9364 0 101.842
15.6059 65.6144 77.2203 4.61864 2.77119 36.8517 0 127 43.9337 1 58
0 0 0 0 0 4 16 16 0 0 0 0 0 0 127 51 1;
egregore_data 0 0 127 0 0 127 0 0 0 0 0 0 0 0 0 127 38 0 127 0 0 0
0 0 0 0 0 0 0 100 0 0 127 127 78 0 93 90 127 0 19 127 127 0 0 0 70
0 0 0 127 127 34 0 122.713 71.2954 17.8565 0 93.6793 19.0295 0 101.807
15.5401 65.6076 77.1477 4.64135 2.78481 36.8903 0 127 43.9337 1 58
0 0 0 0 0 4 16 16 0 0 0 0 0 0 127 51 1;
egregore_data 0 0 127 0 0 127 0 0 0 0 0 0 0 0 0 127 38 0 127 0 0 0
0 0 0 0 0 0 0 100 0 0 127 127 78 0 93 90 127 0 19 127 127 0 0 0 70
0 0 0 127 127 34 0 122.731 71.1513 17.8655 0 93.6681 19.1218 0 101.772
15.4748 65.6008 77.0756 4.66387 2.79832 36.9286 0 127 43.9337 1 58
0 0 0 0 0 4 16 16 0 0 0 0 0 0 127 51 1;
egregore_data 0 0 127 0 0 127 0 0 0 0 0 0 0 0 0 127 38 0 127 0 0 0
0 0 0 0 0 0 0 100 0 0 127 127 78 0 93 90 127 0 19 127 127 0 0 0 70
0 0 0 127 127 34 0 122.731 71.1513 17.8655 0 93.6681 19.1218 0 101.772
15.4748 65.6008 77.0756 4.66387 2.79832 36.9286 0 127 43.9337 1 58
0 0 0 0 0 4 16 16 0 0 0 0 0 0 127 51 1;
egregore_data 0 0 127 0 0 127 0 0 0 0 0 0 0 0 0 127 38 0 127 0 0 0
0 0 0 0 0 0 0 100 0 0 127 127 78 0 93 90 127 0 19 127 127 0 0 0 70
0 0 0 127 127 34 0 122.749 71.0084 17.8745 0 93.6569 19.2134 0 101.737
15.41 65.5941 77.0042 4.68619 2.81172 36.9665 0 127 43.9337 1 58 0
0 0 0 0 4 16 16 0 0 0 0 0 0 127 51 1;
egregore_data 0 0 127 0 0 127 0 0 0 0 0 0 0 0 0 127 38 0 127 0 0 0
0 0 0 0 0 0 0 100 0 0 127 127 78 0 93 90 127 0 19 127 127 0 0 0 70
0 0 0 127 127 34 0 122.767 70.8667 17.8833 0 93.6458 19.3042 0 101.703
15.3458 65.5875 76.9333 4.70833 2.825 37.0042 0 127 43.9337 1 58 0
0 0 0 0 4 16 16 0 0 0 0 0 0 127 51 1;
egregore_data 0 0 127 0 0 127 0 0 0 0 0 0 0 0 0 127 38 0 127 0 0 0
0 0 0 0 0 0 0 100 0 0 127 127 78 0 93 90 127 0 19 127 127 0 0 0 70
0 0 0 127 127 34 0 122.802 70.5868 17.9008 0 93.624 19.4835 0 101.635
15.219 65.5744 76.7934 4.75207 2.85124 37.0785 0 127 43.9337 1 58 0
0 0 0 0 4 16 16 0 0 0 0 0 0 127 51 1;
egregore_data 0 0 127 0 0 127 0 0 0 0 0 0 0 0 0 127 38 0 127 0 0 0
0 0 0 0 0 0 0 100 0 0 127 127 78 0 93 90 127 0 19 127 127 0 0 0 70
0 0 0 127 127 34 0 122.802 70.5868 17.9008 0 93.624 19.4835 0 101.635
15.219 65.5744 76.7934 4.75207 2.85124 37.0785 0 127 43.9337 1 58 0
0 0 0 0 4 16 16 0 0 0 0 0 0 127 51 1;
egregore_data 0 0 127 0 0 127 0 0 0 0 0 0 0 0 0 127 38 0 127 0 0 0
0 0 0 0 0 0 0 100 0 0 127 127 78 0 93 90 127 0 19 127 127 0 0 0 70
0 0 0 127 127 34 0 122.819 70.4486 17.9095 0 93.6132 19.572 0 101.602
15.1564 65.5679 76.7243 4.77366 2.8642 37.1152 0 127 43.9337 1 58 0
0 0 0 0 4 16 16 0 0 0 0 0 0 127 51 1;
egregore_data 0 0 127 0 0 127 0 0 0 0 0 0 0 0 0 127 38 0 127 0 0 0
0 0 0 0 0 0 0 100 0 0 127 127 78 0 93 90 127 0 19 127 127 0 0 0 70
0 0 0 127 127 34 0 122.836 70.3115 17.918 0 93.6025 19.6598 0 101.569
15.0943 65.5615 76.6557 4.79508 2.87705 37.1516 0 127 43.9337 1 58
0 0 0 0 0 4 16 16 0 0 0 0 0 0 127 51 1;
egregore_data 0 0 127 0 0 127 0 0 0 0 0 0 0 0 0 127 38 0 127 0 0 0
0 0 0 0 0 0 0 100 0 0 127 127 78 0 93 90 127 0 19 127 127 0 0 0 70
0 0 0 127 127 34 0 122.853 70.1755 17.9265 0 93.5918 19.7469 0 101.536
15.0327 65.5551 76.5878 4.81633 2.8898 37.1878 0 127 43.9337 1 58 0
0 0 0 0 4 16 16 0 0 0 0 0 0 127 51 1;
egregore_data 0 0 127 0 0 127 0 0 0 0 0 0 0 0 0 127 38 0 127 0 0 0
0 0 0 0 0 0 0 100 0 0 127 127 78 0 93 90 127 0 19 127 127 0 0 0 70
0 0 0 127 127 34 0 122.87 70.0406 17.935 0 93.5813 19.8333 0 101.503
14.9715 65.5488 76.5203 4.8374 2.90244 37.2236 0 127 43.9337 1 58 0
0 0 0 0 4 16 16 0 0 0 0 0 0 127 51 1;
egregore_data 0 0 127 0 0 127 0 0 0 0 0 0 0 0 0 127 38 0 127 0 0 0
0 0 0 0 0 0 0 100 0 0 127 127 78 0 93 90 127 0 19 127 127 0 0 0 70
0 0 0 127 127 34 0 122.87 70.0406 17.935 0 93.5813 19.8333 0 101.503
14.9715 65.5488 76.5203 4.8374 2.90244 37.2236 0 127 43.9337 1 58 0
0 0 0 0 4 16 16 0 0 0 0 0 0 127 51 1;
egregore_data 0 0 127 0 0 127 0 0 0 0 0 0 0 0 0 127 38 0 127 0 0 0
0 0 0 0 0 0 0 100 0 0 127 127 78 0 93 90 127 0 19 127 127 0 0 0 70
0 0 0 127 127 34 0 122.903 69.7742 17.9516 0 93.5605 20.004 0 101.438
14.8508 65.5363 76.3871 4.87903 2.92742 37.2944 0 127 43.9337 1 55
0 0 0 0 0 4 16 16 0 0 0 0 0 0 127 51 1;
egregore_data 0 0 127 0 0 127 0 0 0 0 0 0 0 0 0 127 38 0 127 0 0 0
0 0 0 0 0 0 0 100 0 0 127 127 78 0 93 90 127 0 19 127 127 0 0 0 70
0 0 0 127 127 34 0 122.903 69.7742 17.9516 0 93.5605 20.004 0 101.438
14.8508 65.5363 76.3871 4.87903 2.92742 37.2944 0 127 43.9337 1 55
0 0 0 0 0 4 16 16 0 0 0 0 0 0 127 51 1;
egregore_data 0 0 127 0 0 127 0 0 0 0 0 0 0 0 0 127 38 0 127 0 0 0
0 0 0 0 0 0 0 100 0 0 127 127 78 0 93 90 127 0 19 127 127 0 0 0 70
0 0 0 127 127 34 0 122.92 69.6426 17.9598 0 93.5502 20.0884 0 101.407
14.7912 65.5301 76.3213 4.8996 2.93976 37.3293 0 127 43.9337 1 55 0
0 0 0 0 4 16 16 0 0 0 0 0 0 127 51 1;
egregore_data 0 0 127 0 0 127 0 0 0 0 0 0 0 0 0 127 38 0 127 0 0 0
0 0 0 0 0 0 0 100 0 0 127 127 78 0 93 90 127 0 19 127 127 0 0 0 70
0 0 0 127 127 34 0 122.936 69.512 17.968 0 93.54 20.172 0 101.375 14.732
65.524 76.256 4.92 2.952 37.364 0 127 43.9337 1 55 0 0 0 0 0 4 16 16
0 0 0 0 0 0 127 51 1;
egregore_data 0 0 127 0 0 127 0 0 0 0 0 0 0 0 0 127 38 0 127 0 0 0
0 0 0 0 0 0 0 100 0 0 127 127 78 0 93 90 127 0 19 127 127 0 0 0 70
0 0 0 127 127 34 0 122.936 69.512 17.968 0 93.54 20.172 0 101.375 14.732
65.524 76.256 4.92 2.952 37.364 0 127 43.9337 1 54 0 0 0 0 0 4 16 16
0 0 0 0 0 0 127 51 1;
egregore_data 0 0 127 0 0 127 0 0 0 0 0 0 0 0 0 127 38 0 127 0 0 0
0 0 0 0 0 0 0 100 0 0 127 127 78 0 93 90 127 0 19 127 127 0 0 0 70
0 0 0 127 127 34 0 122.952 69.3825 17.9761 0 93.5299 20.255 0 101.344
14.6733 65.5179 76.1912 4.94024 2.96414 37.3984 0 127 43.9337 1 54
0 0 0 0 0 4 16 16 0 0 0 0 0 0 127 51 1;
egregore_data 0 0 127 0 0 127 0 0 0 0 0 0 0 0 0 127 38 0 127 0 0 0
0 0 0 0 0 0 0 100 0 0 127 127 78 0 93 90 127 0 19 127 127 0 0 0 70
0 0 0 127 127 34 0 122.952 69.3825 17.9761 0 93.5299 20.255 0 101.344
14.6733 65.5179 76.1912 4.94024 2.96414 37.3984 0 127 43.9337 1 54
0 0 0 0 0 4 16 16 0 0 0 0 0 0 127 51 1;
egregore_data 0 0 127 0 0 127 0 0 0 0 0 0 0 0 0 127 38 0 127 0 0 0
0 0 0 0 0 0 0 100 0 0 127 127 78 0 93 90 127 0 19 127 127 0 0 0 70
0 0 0 127 127 34 0 123 69 18 0 93.5 20.5 0 101.251 14.5 65.5 76 5 3
37.5 0 127 43.9337 1 54 0 0 0 0 0 4 16 16 0 0 0 0 0 0 127 51 1;
egregore_data 0 0 127 0 0 127 0 0 0 0 0 0 0 0 0 127 38 0 127 0 0 0
0 0 0 0 0 0 0 100 0 0 127 127 78 0 93 90 127 0 19 127 127 0 0 0 70
0 0 0 127 127 34 0 123 69 18 0 93.5 20.5 0 101.251 14.5 65.5 76 5 3
37.5 0 127 43.9337 1 54 0 0 0 0 0 4 16 16 0 0 0 0 0 0 127 51 1;
egregore_data 0 0 127 0 0 127 0 0 0 0 0 0 0 0 0 127 38 0 127 0 0 0
0 0 0 0 0 0 0 100 0 0 127 127 78 0 93 90 127 0 19 127 127 0 0 0 70
0 0 0 127 127 34 0 123 69 18 0 93.5 20.5 0 101.251 14.5 65.5 76 5 3
37.5 0 127 43.9337 1 54 0 0 0 0 0 4 16 16 0 0 0 0 0 0 127 51 1;
egregore_data 0 0 127 0 0 127 0 0 0 0 0 0 0 0 0 127 38 0 127 0 0 0
0 0 0 0 0 0 0 100 0 0 127 127 78 0 93 90 127 0 19 127 127 0 0 0 70
0 0 0 127 127 34 0 123 69 18 0 93.5 20.5 0 101.251 14.5 65.5 76 5 3
37.5 0 127 43.9337 1 53 0 0 0 0 0 4 16 16 0 0 0 0 0 0 127 51 1;
egregore_data 0 0 127 0 0 127 0 0 0 0 0 0 0 0 0 127 38 0 127 0 0 0
0 0 0 0 0 0 0 100 0 0 127 127 78 0 93 90 127 0 19 127 127 0 0 0 70
0 0 0 127 127 34 0 123 69 18 0 93.5 20.5 0 101.251 14.5 65.5 76 5 3
37.5 0 127 43.9337 1 53 0 0 0 0 0 4 16 16 0 0 0 0 0 0 127 51 1;
egregore_data 0 0 127 0 0 127 0 0 0 0 0 0 0 0 0 127 38 0 127 0 0 0
0 0 0 0 0 0 0 100 0 0 127 127 78 0 93 90 127 0 19 127 127 0 0 0 70
0 0 0 127 127 34 0 123 69 18 0 93.5 20.5 0 101.251 14.5 65.5 76 5 3
37.5 0 127 43.9337 1 53 0 0 0 0 0 4 16 16 0 0 0 0 0 0 127 51 1;
egregore_data 0 0 127 0 0 127 0 0 0 0 0 0 0 0 0 127 38 0 127 0 0 0
0 0 0 0 0 0 0 100 0 0 127 127 78 0 93 90 127 0 19 127 127 0 0 0 70
0 0 0 127 127 34 0 123 69 18 0 93.5 20.5 0 101.251 14.5 65.5 76 5 3
37.5 0 127 43.9337 1 53 0 0 0 0 0 4 16 16 0 0 0 0 0 0 127 51 1;
egregore_data 0 0 127 0 0 127 0 0 0 0 0 0 0 0 0 127 38 0 127 0 0 0
0 0 0 0 0 0 0 100 0 0 127 127 78 0 93 90 127 0 19 127 127 0 0 0 70
0 0 0 127 127 34 0 123 69 18 0 93.5 20.5 0 101.251 14.5 65.5 76 5 3
37.5 0 127 43.9337 1 53 0 0 0 0 0 4 16 16 0 0 0 0 0 0 127 51 1;
egregore_data 0 0 127 0 0 127 0 0 0 0 0 0 0 0 0 127 38 0 127 0 0 0
0 0 0 0 0 0 0 100 0 0 127 127 78 0 93 90 127 0 19 127 127 0 0 0 70
0 0 0 127 127 34 0 123 69 18 0 93.5 20.5 0 101.251 14.5 65.5 76 5 3
37.5 0 127 43.9337 1 53 0 0 0 0 0 4 16 16 0 0 0 0 0 0 127 51 1;
egregore_data 0 0 127 0 0 127 0 0 0 0 0 0 0 0 0 127 38 0 127 0 0 0
0 0 0 0 0 0 0 100 0 0 127 127 78 0 93 90 127 0 19 127 127 0 0 0 70
0 0 0 127 127 34 0 123 69 18 0 93.5 20.5 0 101.251 14.5 65.5 76 5 3
37.5 0 127 43.9337 1 53 0 0 0 0 0 4 16 16 0 0 0 0 0 0 127 51 1;
egregore_data 0 0 127 0 0 127 0 0 0 0 0 0 0 0 0 127 38 0 127 0 0 0
0 0 0 0 0 0 0 100 0 0 127 127 78 0 93 90 127 0 19 127 127 0 0 0 70
0 0 0 127 127 34 0 123 69 18 0 93.5 20.5 0 101.251 14.5 65.5 76 5 3
37.5 0 127 43.9337 1 53 0 0 0 0 0 4 16 16 0 0 0 0 0 0 127 51 1;
egregore_data 0 0 127 0 0 127 0 0 0 0 0 0 0 0 0 127 38 0 127 0 0 0
0 0 0 0 0 0 0 100 0 0 127 127 78 0 93 90 127 0 19 127 127 0 0 0 70
0 0 0 127 127 34 0 123 69 18 0 93.5 20.5 0 101.251 14.5 65.5 76 5 3
37.5 0 127 43.9337 1 53 0 0 0 0 0 4 16 16 0 0 0 0 0 0 127 51 1;
egregore_data 0 0 127 0 0 127 0 0 0 0 0 0 0 0 0 127 38 0 127 0 0 0
0 0 0 0 0 0 0 100 0 0 127 127 78 0 93 90 127 0 19 127 127 0 0 0 70
0 0 0 127 127 34 0 123 69 18 0 93.5 20.5 0 101.251 14.5 65.5 76 5 3
37.5 0 127 43.9337 1 53 0 0 0 0 0 4 16 16 0 0 0 0 0 0 127 51 1;
egregore_data 0 0 127 0 0 127 0 0 0 0 0 0 0 0 0 127 38 0 127 0 0 0
0 0 0 0 0 0 0 100 0 0 127 127 78 0 93 90 127 0 19 127 127 0 0 0 70
0 0 0 127 127 34 0 123 69 18 0 93.5 20.5 0 101.251 14.5 65.5 76 5 3
37.5 0 127 43.9337 1 53 0 0 0 0 0 4 16 16 0 0 0 0 0 0 127 51 1;
egregore_data 0 0 127 0 0 127 0 0 0 0 0 0 0 0 0 127 38 0 127 0 0 0
0 0 0 0 0 0 0 100 0 0 127 127 78 0 93 90 127 0 19 127 127 0 0 0 70
0 0 0 127 127 34 0 123 69 18 0 93.5 20.5 0 101.251 14.5 65.5 76 5 3
37.5 0 127 43.9337 1 53 0 0 0 0 0 4 16 16 0 0 0 0 0 0 127 51 1;
egregore_data 0 0 127 0 0 127 0 0 0 0 0 0 0 0 0 127 38 0 127 0 0 0
0 0 0 0 0 0 0 100 0 0 127 127 78 0 93 90 127 0 19 127 127 0 0 0 70
0 0 0 127 127 34 0 123 69 18 0 93.5 20.5 0 101.251 14.5 65.5 76 5 3
37.5 0 127 43.9337 1 53 0 0 0 0 0 4 16 16 0 0 0 0 0 0 127 51 1;
egregore_data 0 0 127 0 0 127 0 0 0 0 0 0 0 0 0 127 38 0 127 0 0 0
0 0 0 0 0 0 0 100 0 0 127 127 78 0 93 90 127 0 19 127 127 0 0 0 70
0 0 0 127 127 34 0 123 69 18 0 93.5 20.5 0 101.251 14.5 65.5 76 5 3
37.5 0 127 43.9337 1 53 0 0 0 0 0 4 16 16 0 0 0 0 0 0 127 51 1;
egregore_data 0 0 127 0 0 127 0 0 0 0 0 0 0 0 0 127 38 0 127 0 0 0
0 0 0 0 0 0 0 100 0 0 127 127 78 0 93 90 127 0 19 127 127 0 0 0 70
0 0 0 127 127 34 0 123 69 18 0 93.5 20.5 0 101.251 14.5 65.5 76 5 3
37.5 0 127 43.9337 1 53 0 0 0 0 0 4 16 16 0 0 0 0 0 0 127 51 1;
egregore_data 0 0 127 0 0 127 0 0 0 0 0 0 0 0 0 127 38 0 127 0 0 0
0 0 0 0 0 0 0 100 0 0 127 127 78 0 93 90 127 0 19 127 127 0 0 0 70
0 0 0 127 127 34 0 123 69 18 0 93.5 20.5 0 101.251 14.5 65.5 76 5 3
37.5 0 127 43.9337 1 53 0 0 0 0 0 4 16 16 0 0 0 0 0 0 127 51 1;
egregore_data 0 0 127 0 0 127 0 0 0 0 0 0 0 0 0 127 38 0 127 0 0 0
0 0 0 0 0 0 0 100 0 0 127 127 78 0 93 90 127 0 19 127 127 0 0 0 70
0 0 0 127 127 34 0 123 69 18 0 93.5 20.5 0 101.251 14.5 65.5 76 5 3
37.5 0 127 43.9337 1 53 0 0 0 0 0 4 16 16 0 0 0 0 0 0 127 51 1;
egregore_data 0 0 127 0 0 127 0 0 0 0 0 0 0 0 0 127 38 0 127 0 0 0
0 0 0 0 0 0 0 100 0 0 127 127 78 0 93 90 127 0 19 127 127 0 0 0 70
0 0 0 127 127 34 0 123 69 18 0 93.5 20.5 0 101.251 14.5 65.5 76 5 3
37.5 0 127 43.9337 1 53 0 0 0 0 0 4 16 16 0 0 0 0 0 0 127 51 1;
egregore_data 0 0 127 0 0 127 0 0 0 0 0 0 0 0 0 127 38 0 127 0 0 0
0 0 0 0 0 0 0 100 0 0 127 127 78 0 93 90 127 0 19 127 127 0 0 0 70
0 0 0 127 127 34 0 123 69 18 0 93.5 20.5 0 101.251 14.5 65.5 76 5 3
37.5 0 127 43.9337 1 53 0 0 0 0 0 4 16 16 0 0 0 0 0 0 127 51 1;
egregore_data 0 0 127 0 0 127 0 0 0 0 0 0 0 0 0 127 38 0 127 0 0 0
0 0 0 0 0 0 0 100 0 0 127 127 78 0 93 90 127 0 19 127 127 0 0 0 70
0 0 0 127 127 34 0 123 69 18 0 93.5 20.5 0 101.251 14.5 65.5 76 5 3
37.5 0 127 43.9337 1 53 0 0 0 0 0 4 16 16 0 0 0 0 0 0 127 51 1;
egregore_data 0 0 127 0 0 127 0 0 0 0 0 0 0 0 0 127 38 0 127 0 0 0
0 0 0 0 0 0 0 100 0 0 127 127 78 0 93 90 127 0 19 127 127 0 0 0 70
0 0 0 127 127 34 0 123 69 18 0 93.5 20.5 0 101.251 14.5 65.5 76 5 3
37.5 0 127 43.9337 1 53 0 0 0 0 0 4 16 16 0 0 0 0 0 0 127 51 1;
egregore_data 0 0 127 0 0 127 0 0 0 0 0 0 0 0 0 127 38 0 127 0 0 0
0 0 0 0 0 0 0 100 0 0 127 127 78 0 93 90 127 0 19 127 127 0 0 0 70
0 0 0 127 127 34 0 123 69 18 0 93.5 20.5 0 101.251 14.5 65.5 76 5 3
37.5 0 127 43.9337 1 53 0 0 0 0 0 4 16 16 0 0 0 0 0 0 127 51 1;
egregore_data 0 0 127 0 0 127 0 0 0 0 0 0 0 0 0 127 38 0 127 0 0 0
0 0 0 0 0 0 0 100 0 0 127 127 78 0 93 90 127 0 19 127 127 0 0 0 70
0 0 0 127 127 34 0 123 69 18 0 93.5 20.5 0 101.251 14.5 65.5 76 5 3
37.5 0 127 43.9337 1 53 0 0 0 0 0 4 16 16 0 0 0 0 0 0 127 51 1;
egregore_data 0 0 127 0 0 127 0 0 0 0 0 0 0 0 0 127 38 0 127 0 0 0
0 0 0 0 0 0 0 100 0 0 127 127 78 0 93 90 127 0 19 127 127 0 0 0 70
0 0 0 127 127 34 0 123 69 18 0 93.5 20.5 0 101.251 14.5 65.5 76 5 3
37.5 0 127 43.9337 1 53 0 0 0 0 0 4 16 16 0 0 0 0 0 0 127 51 1;
egregore_data 0 0 127 0 0 127 0 0 0 0 0 0 0 0 0 127 38 0 127 0 0 0
0 0 0 0 0 0 0 100 0 0 127 127 78 0 93 90 127 0 19 127 127 0 0 0 70
0 0 0 127 127 34 0 123 69 18 0 93.5 20.5 0 101.251 14.5 65.5 76 5 3
37.5 0 127 43.9337 1 53 0 0 0 0 0 4 16 16 0 0 0 0 0 0 127 51 1;
egregore_data 0 0 127 0 0 127 0 0 0 0 0 0 0 0 0 127 38 0 127 0 0 0
0 0 0 0 0 0 0 100 0 0 127 127 78 0 93 90 127 0 19 127 127 0 0 0 70
0 0 0 127 127 34 0 123 69 18 0 93.5 20.5 0 101.251 14.5 65.5 76 5 3
37.5 0 127 43.9337 1 53 0 0 0 0 0 4 16 16 0 0 0 0 0 0 127 51 1;
egregore_data 0 0 127 0 0 127 0 0 0 0 0 0 0 0 0 127 38 0 127 0 0 0
0 0 0 0 0 0 0 100 0 0 127 127 78 0 93 90 127 0 19 127 127 0 0 0 70
0 0 0 127 127 34 0 123 69 18 0 93.5 20.5 0 101.251 14.5 65.5 76 5 3
37.5 0 127 43.9337 1 53 0 0 0 0 0 4 16 16 0 0 0 0 0 0 127 51 1;
egregore_data 0 0 127 0 0 127 0 0 0 0 0 0 0 0 0 127 38 0 127 0 0 0
0 0 0 0 0 0 0 100 0 0 127 127 78 0 93 90 127 0 19 127 127 0 0 0 70
0 0 0 127 127 34 0 123 69 18 0 93.5 20.5 0 101.251 14.5 65.5 76 5 3
37.5 0 127 43.9337 1 53 0 0 0 0 0 4 16 16 0 0 0 0 0 0 127 51 1;
egregore_data 0 0 127 0 0 127 0 0 0 0 0 0 0 0 0 127 38 0 127 0 0 0
0 0 0 0 0 0 0 100 0 0 127 127 78 0 93 90 127 0 19 127 127 0 0 0 70
0 0 0 127 127 34 0 123 69 18 0 93.5 20.5 0 101.251 14.5 65.5 76 5 3
37.5 0 127 43.9337 1 53 0 0 0 0 0 4 16 16 0 0 0 0 0 0 127 51 1;
egregore_data 0 0 127 0 0 127 0 0 0 0 0 0 0 0 0 127 38 0 127 0 0 0
0 0 0 0 0 0 0 100 0 0 127 127 78 0 93 90 127 0 19 127 127 0 0 0 70
0 0 0 127 127 34 0 123 69 18 0 93.5 20.5 0 101.251 14.5 65.5 76 5 3
37.5 0 127 43.9337 1 53 0 0 0 0 0 4 16 16 0 0 0 0 0 0 127 51 1;
egregore_data 0 0 127 0 0 127 0 0 0 0 0 0 0 0 0 127 38 0 127 0 0 0
0 0 0 0 0 0 0 100 0 0 127 127 78 0 93 90 127 0 19 127 127 0 0 0 70
0 0 0 127 127 34 0 123 69 18 0 93.5 20.5 0 101.251 14.5 65.5 76 5 3
37.5 0 127 43.9337 1 53 0 0 0 0 0 4 16 16 0 0 0 0 0 0 127 51 1;
egregore_data 0 0 127 0 0 127 0 0 0 0 0 0 0 0 0 127 38 0 127 0 0 0
0 0 0 0 0 0 0 100 0 0 127 127 78 0 93 90 127 0 19 127 127 0 0 0 70
0 0 0 127 127 34 0 123 69 18 0 93.5 20.5 0 101.251 14.5 65.5 76 5 3
37.5 0 127 43.9337 1 53 0 0 0 0 0 4 16 16 0 0 0 0 0 0 127 51 1;
egregore_data 0 0 127 0 0 127 0 0 0 0 0 0 0 0 0 127 38 0 127 0 0 0
0 0 0 0 0 0 0 100 0 0 127 127 78 0 93 90 127 0 19 127 127 0 0 0 70
0 0 0 127 127 34 0 123 69 18 0 93.5 20.5 0 101.251 14.5 65.5 76 5 3
37.5 0 127 43.9337 1 53 0 0 0 0 0 4 16 16 0 0 0 0 0 0 127 51 1;
egregore_data 0 0 127 0 0 127 0 0 0 0 0 0 0 0 0 127 38 0 127 0 0 0
0 0 0 0 0 0 0 100 0 0 127 127 78 0 93 90 127 0 19 127 127 0 0 0 70
0 0 0 127 127 34 0 123 69 18 0 93.5 20.5 0 101.251 14.5 65.5 76 5 3
37.5 0 127 43.9337 1 53 0 0 0 0 0 4 16 16 0 0 0 0 0 0 127 51 1;
egregore_data 0 0 127 0 0 127 0 0 0 0 0 0 0 0 0 127 38 0 127 0 0 0
0 0 0 0 0 0 0 100 0 0 127 127 78 0 93 90 127 0 19 127 127 0 0 0 70
0 0 0 127 127 34 0 123 69 18 0 93.5 20.5 0 101.251 14.5 65.5 76 5 3
37.5 0 127 43.9337 1 53 0 0 0 0 0 4 16 16 0 0 0 0 0 0 127 51 1;
egregore_data 0 0 127 0 0 127 0 0 0 0 0 0 0 0 0 127 38 0 127 0 0 0
0 0 0 0 0 0 0 100 0 0 127 127 78 0 93 90 127 0 19 127 127 0 0 0 70
0 0 0 127 127 34 0 123 69 18 0 93.5 20.5 0 101.251 14.5 65.5 76 5 3
37.5 0 127 43.9337 1 53 0 0 0 0 0 4 16 16 0 0 0 0 0 0 127 51 1;
egregore_data 0 0 127 0 0 127 0 0 0 0 0 0 0 0 0 127 38 0 127 0 0 0
0 0 0 0 0 0 0 100 0 0 127 127 78 0 93 90 127 0 19 127 127 0 0 0 70
0 0 0 127 127 34 0 123 69 18 0 93.5 20.5 0 101.251 14.5 65.5 76 5 3
37.5 0 127 43.9337 1 53 0 0 0 0 0 4 16 16 0 0 0 0 0 0 127 51 1;
egregore_data 0 0 127 0 0 127 0 0 0 0 0 0 0 0 0 127 38 0 127 0 0 0
0 0 0 0 0 0 0 100 0 0 127 127 78 0 93 90 127 0 19 127 127 0 0 0 70
0 0 0 127 127 34 0 123 69 18 0 93.5 20.5 0 101.251 14.5 65.5 76 5 3
37.5 0 127 43.9337 1 53 0 0 0 0 0 4 16 16 0 0 0 0 0 0 127 51 1;
egregore_data 0 0 127 0 0 127 0 0 0 0 0 0 0 0 0 127 38 0 127 0 0 0
0 0 0 0 0 0 0 100 0 0 127 127 78 0 93 90 127 0 19 127 127 0 0 0 70
0 0 0 127 127 34 0 123 69 18 0 93.5 20.5 0 101.251 14.5 65.5 76 5 3
37.5 0 127 43.9337 1 53 0 0 0 0 0 4 16 16 0 0 0 0 0 0 127 51 1;
egregore_data 0 0 127 0 0 127 0 0 0 0 0 0 0 0 0 127 38 0 127 0 0 0
0 0 0 0 0 0 0 100 0 0 127 127 78 0 93 90 127 0 19 127 127 0 0 0 70
0 0 0 127 127 34 0 123 69 18 0 93.5 20.5 0 101.251 14.5 65.5 76 5 3
37.5 0 127 43.9337 1 53 0 0 0 0 0 4 16 16 0 0 0 0 0 0 127 51 1;
egregore_data 0 0 127 0 0 127 0 0 0 0 0 0 0 0 0 127 38 0 127 0 0 0
0 0 0 0 0 0 0 100 0 0 127 127 78 0 93 90 127 0 19 127 127 0 0 0 70
0 0 0 127 127 34 0 123 69 18 0 93.5 20.5 0 101.251 14.5 65.5 76 5 3
37.5 0 127 43.9337 1 53 0 0 0 0 0 4 16 16 0 0 0 0 0 0 127 51 1;
egregore_data 0 0 127 0 0 127 0 0 0 0 0 0 0 0 0 127 38 0 127 0 0 0
0 0 0 0 0 0 0 100 0 0 127 127 78 0 93 90 127 0 19 127 127 0 0 0 70
0 0 0 127 127 34 0 123 69 18 0 93.5 20.5 0 101.251 14.5 65.5 76 5 3
37.5 0 127 43.9337 1 53 0 0 0 0 0 4 16 16 0 0 0 0 0 0 127 51 1;
egregore_data 0 0 127 0 0 127 0 0 0 0 0 0 0 0 0 127 38 0 127 0 0 0
0 0 0 0 0 0 0 100 0 0 127 127 78 0 93 90 127 0 19 127 127 0 0 0 70
0 0 0 127 127 34 0 123 69 18 0 93.5 20.5 0 101.251 14.5 65.5 76 5 3
37.5 0 127 43.9337 1 53 0 0 0 0 0 5 16 16 0 0 0 0 0 0 127 51 1;
egregore_data 0 0 127 0 0 127 0 0 0 0 0 0 0 0 0 127 38 0 127 0 0 0
0 0 0 0 0 0 0 100 0 0 127 127 78 0 93 90 127 0 19 127 127 0 0 0 70
0 0 0 127 127 34 0 123 69 18 0 93.5 20.5 0 101.251 14.5 65.5 76 5 3
37.5 0 127 43.9337 1 53 0 0 0 0 0 5 16 16 0 0 0 0 0 0 127 51 1;
egregore_data 0 0 127 0 0 127 0 0 0 0 0 0 0 0 0 127 38 0 127 0 0 0
0 0 0 0 0 0 0 100 0 0 127 127 78 0 93 90 127 0 19 127 127 0 0 0 70
0 0 0 127 127 34 0 123 69 18 0 93.5 20.5 0 101.251 14.5 65.5 76 5 3
37.5 0 127 43.9337 1 53 0 0 0 0 0 5 16 16 0 0 0 0 0 0 127 51 1;
egregore_data 0 0 127 0 0 127 0 0 0 0 0 0 0 0 0 127 38 0 127 0 0 0
0 0 0 0 0 0 0 100 0 0 127 127 78 0 93 90 127 0 19 127 127 0 0 0 70
0 0 0 127 127 34 0 123.032 68.746 18.0159 0 93.4802 20.6627 0 101.189
14.3849 65.4881 75.873 5.03968 3.02381 37.5675 0 127 43.9337 1 53 0
0 0 0 0 5 16 16 0 0 0 0 0 0 127 51 1;
egregore_data 0 0 127 0 0 127 0 0 0 0 0 0 0 0 0 127 38 0 127 0 0 0
0 0 0 0 0 0 0 100 0 0 127 127 78 0 93 90 127 0 19 127 127 0 0 0 70
0 0 0 127 127 34 0 123.048 68.6175 18.0239 0 93.4701 20.745 0 101.158
14.3267 65.4821 75.8088 5.05976 3.03586 37.6016 0 127 43.9337 1 54
0 0 0 0 0 5 16 16 0 0 0 0 0 0 127 51 1;
egregore_data 0 0 127 0 0 127 0 0 0 0 0 0 0 0 0 127 38 0 127 0 0 0
0 0 0 0 0 0 0 100 0 0 127 127 78 0 93 90 127 0 19 127 127 0 0 0 70
0 0 0 127 127 34 0 123.064 68.488 18.032 0 93.46 20.828 0 101.127 14.268
65.476 75.744 5.08 3.048 37.636 0 127 43.9337 1 54 0 0 0 0 0 7 16 16
0 0 0 0 0 0 127 51 1;
egregore_data 0 0 127 0 0 127 0 0 0 0 0 0 0 0 0 127 38 0 127 0 0 0
0 0 0 0 0 0 0 100 0 0 127 127 78 0 93 90 127 0 19 127 127 0 0 0 70
0 0 0 127 127 34 0 123.08 68.3574 18.0402 0 93.4498 20.9116 0 101.095
14.2088 65.4699 75.6787 5.1004 3.06024 37.6707 0 127 43.9337 1 54 0
0 0 0 0 7 16 16 0 0 0 0 0 0 127 51 1;
egregore_data 0 0 127 0 0 127 0 0 0 0 0 0 0 0 0 127 38 0 127 0 0 0
0 0 0 0 0 0 0 100 0 0 127 127 78 0 93 90 127 0 19 127 127 0 0 0 70
0 0 0 127 127 34 0 123.08 68.3574 18.0402 0 93.4498 20.9116 0 101.095
14.2088 65.4699 75.6787 5.1004 3.06024 37.6707 0 127 43.9337 1 54 0
0 0 0 0 7 16 16 0 0 0 0 0 0 127 51 1;
egregore_data 0 0 127 0 0 127 0 0 0 0 0 0 0 0 0 127 38 0 127 0 0 0
0 0 0 0 0 0 0 100 0 0 127 127 78 0 93 90 127 0 19 127 127 0 0 0 70
0 0 0 127 127 34 0 123.097 68.2258 18.0484 0 93.4395 20.996 0 101.064
14.1492 65.4637 75.6129 5.12097 3.07258 37.7056 0 127 43.9337 1 54
0 0 0 0 0 7 16 16 0 0 0 0 0 0 127 51 1;
egregore_data 0 0 127 0 0 127 0 0 0 0 0 0 0 0 0 127 38 0 127 0 0 0
0 0 0 0 0 0 0 100 0 0 127 127 78 0 93 90 127 0 19 127 127 0 0 0 70
0 0 0 127 127 34 0 123.147 67.8245 18.0735 0 93.4082 21.2531 0 100.966
13.9673 65.4449 75.4122 5.18367 3.1102 37.8122 0 127 43.9337 1 54 0
0 0 0 0 7 16 16 0 0 0 0 0 0 127 51 1;
egregore_data 0 0 127 0 0 127 0 0 0 0 0 0 0 0 0 127 38 0 127 0 0 0
0 0 0 0 0 0 0 100 0 0 127 127 78 0 93 90 127 0 19 127 127 0 0 0 70
0 0 0 127 127 34 0 123.147 67.8245 18.0735 0 93.4082 21.2531 0 100.966
13.9673 65.4449 75.4122 5.18367 3.1102 37.8122 0 127 43.9337 1 54 0
0 0 0 0 7 16 16 0 0 0 0 0 0 127 51 1;
END;
