HTTP/1.1 200 OK
Date: Thu, 28 May 2015 12:31:05 GMT
Server: Apache
Last-Modified: Wed, 27 May 2015 19:04:52 GMT
Accept-Ranges: bytes
Content-Length: 24872
Vary: Accept-Encoding
Connection: close
Content-Type: text/plain

chdh_egregore_live_data;
egregore_data 117 121 0 93 91 0 83 0 0 0 0 0 0 0 0 127 38 1 63.248
0 0 0 0 0 0 0 0 6 0 127 0 0 18.9744 127 78 1 0 0 127 0 0 30 127 0 0
0 70 0 0 0 0 127 34 0 53 99 83 0 0 0 0 32 0 0 21 0 40 0 0 127 88 0
0 0 0 0 0 0 0 16 16 0 0 0 0 0 0 127 51 0;
egregore_data 117 121 0 93 91 0 83 0 0 0 0 0 0 0 0 127 38 1 63.248
0 0 0 0 0 0 0 0 6 0 127 0 0 18.9744 127 78 1 0 0 127 0 0 30 127 0 0
0 70 0 0 0 0 127 34 0 53 99 83 0 0 0 0 32 0 0 21 0 40 0 0 127 88 0
0 0 0 0 0 0 0 16 16 0 0 0 0 0 0 127 51 0;
egregore_data 117 121 0 93 91 0 83 0 0 0 0 0 0 0 0 127 38 1 63.248
0 0 0 0 0 0 0 0 6 0 127 0 0 18.9744 127 78 1 0 0 127 0 0 30 127 0 0
0 70 0 0 0 0 127 34 0 53 99 83 0 0 0 0 32 0 0 21 0 40 0 0 127 88 0
0 0 0 0 0 0 0 16 16 0 0 0 0 0 0 127 51 0;
egregore_data 117 121 0 93 91 0 83 0 0 0 0 0 0 0 0 127 38 1 63.248
0 0 0 0 0 0 0 0 6 0 127 0 0 18.9744 127 78 1 0 0 127 0 0 30 127 0 0
0 70 0 0 0 0 127 34 0 53 99 83 0 0 0 0 32 0 0 21 0 40 0 0 127 88 0
0 0 0 0 0 0 0 16 16 0 0 0 0 0 0 127 51 0;
egregore_data 117 121 0 93 91 0 83 0 0 0 0 0 0 0 0 127 38 1 63.248
0 0 0 0 0 0 0 0 6 0 127 0 0 18.9744 127 78 1 0 0 127 0 0 30 127 0 0
0 70 0 0 0 0 127 34 0 53 99 83 0 0 0 0 32 0 0 21 0 40 0 0 127 88 0
0 0 0 0 0 0 0 16 16 0 0 0 0 0 0 127 51 0;
egregore_data 117 121 0 93 91 0 83 0 0 0 0 0 0 0 0 127 38 1 63.248
0 0 0 0 0 0 0 0 6 0 127 0 0 18.9744 127 78 1 0 0 127 0 0 30 127 0 0
0 70 0 0 0 0 127 34 0 53 99 83 0 0 0 0 32 0 0 21 0 40 0 0 127 88 0
0 0 0 0 0 0 0 16 16 0 0 0 0 0 0 127 51 0;
egregore_data 117 121 0 93 90 0 83 0 0 0 0 0 0 0 0 127 38 1 63.248
0 0 0 0 0 0 0 0 6 0 127 0 0 18.9744 127 78 1 0 0 127 0 0 30 127 0 0
0 70 0 0 0 0 127 34 0 53 99 83 0 0 0 0 32 0 0 21 0 40 0 0 127 88 0
0 0 0 0 0 0 0 16 16 0 0 0 0 0 0 127 51 0;
egregore_data 117 121 0 93 90 0 83 0 0 0 0 0 0 0 0 127 38 1 64.4193
0 0 0 0 0 0 0 0 6 0 127 0 0 19.3258 127 78 1 0 0 127 0 0 30 127 0 0
0 70 0 0 0 0 127 34 0 53 99 83 0 0 0 0 32 0 0 21 0 40 0 0 127 88 0
0 0 0 0 0 0 0 16 16 0 0 0 0 0 0 127 51 0;
egregore_data 117 121 0 92 89 0 83 0 0 0 0 0 0 0 0 127 38 1 64.4193
0 0 0 0 0 0 0 0 6 0 127 0 0 19.3258 127 78 1 0 0 127 0 0 30 127 0 0
0 70 0 0 0 0 127 34 0 53 99 83 0 0 0 0 32 0 0 21 0 40 0 0 127 88 0
0 0 0 0 0 0 0 16 16 0 0 0 0 0 0 127 51 0;
egregore_data 117 121 0 92 89 0 83 0 0 0 0 0 0 0 0 127 38 1 64.4193
0 0 0 0 0 0 0 0 6 0 127 0 0 19.3258 127 78 1 0 0 127 0 0 30 127 0 0
0 70 0 0 0 0 127 34 0 53 99 83 0 0 0 0 32 0 0 21 0 40 0 0 127 88 0
0 0 0 0 0 0 0 16 16 0 0 0 0 0 0 127 51 0;
egregore_data 117 119 0 91 87 0 83 0 0 0 0 0 0 0 0 127 38 1 64.4193
0 0 0 0 0 0 0 0 6 0 127 0 0 19.3258 127 78 1 0 0 127 0 0 30 127 0 0
0 70 0 0 0 0 127 34 0 53 99 83 0 0 0 0 32 0 0 21 0 40 0 0 127 88 0
0 0 0 0 0 0 0 16 16 0 0 0 0 0 0 127 51 0;
egregore_data 117 119 0 91 86 0 83 0 0 0 0 0 0 0 0 127 38 1 64.4193
0 0 0 0 0 0 0 0 6 0 127 0 0 19.3258 127 78 1 0 0 127 0 0 30 127 0 0
0 70 0 0 0 0 127 34 0 53 99 83 0 0 0 0 32 0 0 21 0 40 0 0 127 88 0
0 0 0 0 0 0 0 16 16 0 0 0 0 0 0 127 51 0;
egregore_data 116 118 0 90 85 0 83 0 0 0 0 0 0 0 0 127 38 1 64.4193
0 0 0 0 0 0 0 0 6 0 127 0 0 19.3258 127 78 1 0 0 127 0 0 30 127 0 0
0 70 0 0 0 0 127 34 0 53 99 83 0 0 0 0 32 0 0 21 0 40 0 0 127 88 0
0 0 0 0 0 0 0 16 16 0 0 0 0 0 0 127 51 0;
egregore_data 115 118 0 90 85 0 83 0 0 0 0 0 0 0 0 127 38 1 65.5905
0 0 0 0 0 0 0 0 6 0 127 0 0 19.6772 127 78 1 0 0 127 0 0 30 127 0 0
0 70 0 0 0 0 127 34 0 53 99 83 0 0 0 0 32 0 0 21 0 40 0 0 127 88 0
0 0 0 0 0 0 0 16 16 0 0 0 0 0 0 127 51 0;
egregore_data 115 117 0 90 85 0 83 0 0 0 0 0 0 0 0 127 38 1 65.5905
0 0 0 0 0 0 0 0 6 0 127 0 0 19.6772 127 78 1 0 0 127 0 0 30 127 0 0
0 70 0 0 0 0 127 34 0 53 99 83 0 0 0 0 32 0 0 21 0 40 0 0 127 88 0
0 0 0 0 0 0 0 16 16 0 0 0 0 0 0 127 51 0;
egregore_data 113 116 0 89 85 0 83 0 0 0 0 0 0 0 0 127 38 1 65.5905
0 0 0 0 0 0 0 0 6 0 127 0 0 19.6772 127 78 1 0 0 127 0 0 30 127 0 0
0 70 0 0 0 0 127 34 0 53 99 83 0 0 0 0 32 0 0 21 0 40 0 0 127 88 0
0 0 0 0 0 0 0 16 16 0 0 0 0 0 0 127 51 0;
egregore_data 112 116 0 89 84 0 83 0 0 0 0 0 0 0 0 127 38 1 65.5905
0 0 0 0 0 0 0 0 6 0 127 0 0 19.6772 127 78 1 0 0 127 0 0 30 127 0 0
0 70 0 0 0 0 127 34 0 53 99 83 0 0 0 0 32 0 0 21 0 40 0 0 127 88 0
0 0 0 0 0 0 0 16 16 0 0 0 0 0 0 127 51 0;
egregore_data 112 116 0 87 83 0 83 0 0 0 0 0 0 0 0 127 38 1 67.9331
0 0 0 0 0 0 0 0 6 0 127 0 0 20.3799 127 78 1 0 0 127 0 0 30 127 0 0
0 70 0 0 0 0 127 34 0 53 99 83 0 0 0 0 32 0 0 21 0 40 0 0 127 88 0
0 0 0 0 0 0 0 16 16 0 0 0 0 0 0 127 51 0;
egregore_data 112 115 0 87 83 0 83 0 0 0 0 0 0 0 0 127 38 1 67.9331
0 0 0 0 0 0 0 0 6 0 127 0 0 20.3799 127 78 1 0 0 127 0 0 30 127 0 0
0 70 0 0 0 0 127 34 0 53 99 83 0 0 0 0 32 0 0 21 0 40 0 0 127 88 0
0 0 0 0 0 0 0 16 16 0 0 0 0 0 0 127 51 0;
egregore_data 111 115 0 86 83 0 83 0 0 0 0 0 0 0 0 127 38 1 67.9331
0 0 0 0 0 0 0 0 6 0 127 0 0 20.3799 127 78 1 0 0 127 0 0 30 127 0 0
0 70 0 0 0 0 127 34 0 53 99 83 0 0 0 0 32 0 0 21 0 40 0 0 127 88 0
0 0 0 0 0 0 0 16 16 0 0 0 0 0 0 127 51 0;
egregore_data 110 113 0 86 81 0 83 0 0 0 0 0 0 0 0 127 38 1 67.9331
0 0 0 0 0 0 0 0 6 0 127 0 0 20.3799 127 78 1 0 0 127 0 0 30 127 0 0
0 70 0 0 0 0 127 34 0 53 99 83 0 0 0 0 32 0 0 21 0 40 0 0 127 88 0
0 0 0 0 0 0 0 16 16 0 0 0 0 0 0 127 51 0;
egregore_data 110 113 0 86 81 0 83 0 0 0 0 0 0 0 0 127 38 1 67.9331
0 0 0 0 0 0 0 0 6 0 127 0 0 20.3799 127 78 1 0 0 127 0 0 30 127 0 0
0 70 0 0 0 0 127 34 0 53 99 83 0 0 0 0 32 0 0 21 0 40 0 0 127 88 0
0 0 0 0 0 0 0 16 16 0 0 0 0 0 0 127 51 0;
egregore_data 110 113 0 86 81 0 83 0 0 0 0 0 0 0 0 127 38 1 69.1043
0 0 0 0 0 0 0 0 6 0 127 0 0 20.7313 127 78 1 0 0 127 0 0 30 127 0 0
0 70 0 0 0 0 127 34 0 53 99 83 0 0 0 0 32 0 0 21 0 40 0 0 127 88 0
0 0 0 0 0 0 0 16 16 0 0 0 0 0 0 127 51 0;
egregore_data 109 113 0 86 83 0 83 0 0 0 0 0 0 0 0 127 38 1 69.1043
0 0 0 0 0 0 0 0 6 0 127 0 0 20.7313 127 78 1 0 0 127 0 0 30 127 0 0
0 70 0 0 0 0 127 34 0 53 99 83 0 0 0 0 32 0 0 21 0 40 0 0 127 88 0
0 0 0 0 0 0 0 16 16 0 0 0 0 0 0 127 51 0;
egregore_data 109 113 0 86 83 0 83 0 0 0 0 0 0 0 0 127 38 1 69.1043
0 0 0 0 0 0 0 0 6 0 127 0 0 20.7313 127 78 1 0 0 127 0 0 30 127 0 0
0 70 0 0 0 0 127 34 0 53 99 83 0 0 0 0 32 0 0 21 0 40 0 0 127 88 0
0 0 0 0 0 0 0 16 16 0 0 0 0 0 0 127 51 0;
egregore_data 109 113 0 86 83 0 83 0 0 0 0 0 0 0 0 127 38 1 69.1043
0 0 0 0 0 0 0 0 6 0 127 0 0 20.7313 127 78 1 0 0 127 0 0 30 127 0 0
0 70 0 0 0 0 127 34 0 53 99 83 0 0 0 0 32 0 0 21 0 40 0 0 127 88 0
0 0 0 0 0 0 0 16 16 0 0 0 0 0 0 127 51 0;
egregore_data 109 113 0 86 83 0 83 0 0 0 0 0 0 0 0 127 38 1 69.1043
0 0 0 0 0 0 0 0 6 0 127 0 0 20.7313 127 78 1 0 0 127 0 0 30 127 0 0
0 70 0 0 0 0 127 34 0 53 99 83 0 0 0 0 32 0 0 21 0 40 0 0 127 88 0
0 0 0 0 0 0 0 16 16 0 0 0 0 0 0 127 51 0;
egregore_data 109 113 0 86 83 0 83 0 0 0 0 0 0 0 0 127 38 1 69.1043
0 0 0 0 0 0 0 0 6 0 127 0 0 20.7313 127 78 1 0 0 127 0 0 30 127 0 0
0 70 0 0 0 0 127 34 0 53 99 83 0 0 0 0 32 0 0 21 0 40 0 0 127 88 0
0 0 0 0 0 0 0 16 16 0 0 0 0 0 0 127 51 0;
egregore_data 109 113 0 86 83 0 83 0 0 0 0 0 0 0 0 127 38 1 69.1043
0 0 0 0 0 0 0 0 6 0 127 0 0 20.7313 127 78 1 0 0 127 0 0 30 127 0 0
0 70 0 0 0 0 127 34 0 53 99 83 0 0 0 0 32 0 0 21 0 40 0 0 127 88 0
0 0 0 0 0 0 0 16 16 0 0 0 0 0 0 127 51 0;
egregore_data 109 113 0 86 83 0 83 0 0 0 0 0 0 0 0 127 38 1 69.1043
0 0 0 0 0 0 0 0 6 0 127 0 0 20.7313 127 78 1 0 0 127 0 0 30 127 0 0
0 70 0 0 0 0 127 34 0 53 99 83 0 0 0 0 32 0 0 21 0 40 0 0 127 88 0
0 0 0 0 0 0 0 16 16 0 0 0 0 0 0 127 51 0;
egregore_data 109 113 0 86 83 0 83 0 0 0 0 0 0 0 0 127 38 1 69.1043
0 0 0 0 0 0 0 0 6 0 127 0 0 20.7313 127 78 1 0 0 127 0 0 30 127 0 0
0 70 0 0 0 0 127 34 0 53 99 83 0 0 0 0 32 0 0 21 0 40 0 0 127 88 0
0 0 0 0 0 0 0 16 16 0 0 0 0 0 0 127 51 0;
egregore_data 109 113 0 86 83 0 83 0 0 0 0 0 0 0 0 127 38 1 69.1043
0 0 0 0 0 0 0 0 6 0 127 0 0 20.7313 127 78 1 0 0 127 0 0 30 127 0 0
0 70 0 0 0 0 127 34 0 53 99 83 0 0 0 0 32 0 0 21 0 40 0 0 127 88 0
0 0 0 0 0 0 0 16 16 0 0 0 0 0 0 127 51 0;
egregore_data 109 113 0 86 83 0 83 0 0 0 0 0 0 0 0 127 38 1 69.1043
0 0 0 0 0 0 0 0 6 0 127 0 0 20.7313 127 78 1 0 0 127 0 0 30 127 0 0
0 70 0 0 0 0 127 34 0 53 99 83 0 0 0 0 32 0 0 21 0 40 0 0 127 88 0
0 0 0 0 0 0 0 16 16 0 0 0 0 0 0 127 51 0;
egregore_data 109 113 0 86 83 0 83 0 0 0 0 0 0 0 0 127 38 1 69.1043
0 0 0 0 0 0 0 0 6 0 127 0 0 20.7313 127 78 1 0 0 127 0 0 30 127 0 0
0 70 0 0 0 0 127 34 0 53 99 83 0 0 0 0 32 0 0 21 0 40 0 0 127 88 0
0 0 0 0 0 0 0 16 16 0 0 0 0 0 0 127 51 0;
egregore_data 109 113 0 86 83 0 83 0 0 0 0 0 0 0 0 127 38 1 69.1043
0 0 0 0 0 0 0 0 6 0 127 0 0 20.7313 127 78 1 0 0 127 0 0 30 127 0 0
0 70 0 0 0 0 127 34 0 53 99 83 0 0 0 0 32 0 0 21 0 40 0 0 127 88 0
0 0 0 0 0 0 0 16 16 0 0 0 0 0 0 127 51 0;
egregore_data 109 113 0 86 83 0 83 0 0 0 0 0 0 0 0 127 38 1 69.9409
0.0433071 0 0 0 0 0 0 0 6 0 127 0 0 21.0827 127 78 1 0 0 127 0 0 30
127 0 0 0 70 0 0 0 0 127 34 0 53 99 83 0 0 0 0 32 0 0 21 0 40 0 0 127
88 0 0 0 0 0 0 0 0 16 16 0 0 0 0 0 0 127 51 0;
egregore_data 109 113 0 86 83 0 83 0 0 0 0 0 0 0 0 127 38 1 69.69 0.227363
0 0 0 0 0 0 0 6 0 127 0 0 21.4341 127 78 1 0 0 127 0 0 30 127 0 0 0
70 0 0 0 0 127 34 0 53 99 83 0 0 0 0 32 0 0 21 0 40 0 0 127 88 0 0
0 0 0 0 0 0 16 16 0 0 0 0 0 0 127 51 0;
egregore_data 109 113 0 86 83 0 83 0 0 0 0 0 0 0 0 127 38 1 69.69 0.227363
0 0 0 0 0 0 0 6 0 127 0 0 21.4341 127 78 1 0 0 127 0 0 30 127 0 0 0
70 0 0 0 0 127 34 0 53 99 83 0 0 0 0 32 0 0 21 0 40 0 0 127 88 0 0
0 0 0 0 0 0 16 16 0 0 0 0 0 0 127 51 0;
egregore_data 109 113 0 86 83 0 83 0 0 0 0 0 0 0 0 127 38 1 69.439
0.411417 0 0 0 0 0 0 0 6 0 127 0 0 21.7854 127 78 1 0 0 127 0 0 30
127 0 0 0 70 0 0 0 0 127 34 0 53 99 83 0 0 0 0 32 0 0 21 0 40 0 0 127
88 0 0 0 0 0 0 0 0 16 16 0 0 0 0 0 0 127 51 0;
egregore_data 109 113 0 86 83 0 83 0 0 0 0 0 0 0 0 127 38 1 69.439
0.411417 0 0 0 0 0 0 0 6 0 127 0 0 21.7854 127 78 1 0 0 127 0 0 30
127 0 0 0 70 0 0 0 0 127 34 0 53 99 83 0 0 0 0 32 0 0 21 0 40 0 0 127
88 0 0 0 0 0 0 0 0 16 16 0 0 0 0 0 0 127 51 0;
egregore_data 109 113 0 86 83 0 83 0 0 0 0 0 0 0 0 127 38 1 69.439
0.411417 0 0 0 0 0 0 0 6 0 127 0 0 21.7854 127 78 1 0 0 127 0 0 30
127 0 0 0 70 0 0 0 0 127 34 0 53 99 83 0 0 0 0 32 0 0 21 0 40 0 0 127
88 0 0 0 0 0 0 0 0 16 16 0 0 0 0 0 0 127 51 0;
egregore_data 109 113 0 86 83 0 81 0 0 0 0 0 0 0 0 127 38 1 68.937
0.779527 0 0 0 0 0 0 0 6 0 127 0 0 22.4882 127 78 1 0 0 127 0 0 30
127 0 0 0 70 0 0 0 0 127 34 0 53 99 83 0 0 0 0 32 0 0 21 0 40 0 0 127
88 0 0 0 0 0 0 0 0 16 16 0 0 0 0 0 0 127 51 0;
egregore_data 109 113 0 86 83 0 81 0 0 0 0 0 0 0 0 127 38 1 68.937
0.779527 0 0 0 0 0 0 0 6 0 127 0 0 22.4882 127 78 1 0 0 127 0 0 30
127 0 0 0 70 0 0 0 0 127 34 0 53 99 83 0 0 0 0 32 0 0 21 0 40 0 0 127
88 0 0 0 0 0 0 0 0 16 16 0 0 0 0 0 0 127 51 0;
egregore_data 109 113 0 86 83 0 81 0 0 0 0 0 0 0 0 127 38 1 68.686
0.963583 0 0 0 0 0 0 0 6 0 127 0 0 22.8396 127 78 1 0 0 127 0 0 30
127 0 0 0 70 0 0 0 0 127 34 0 53 99 83 0 0 0 0 32 0 0 21 0 40 0 0 127
88 0 0 0 0 0 0 0 0 16 16 0 0 0 0 0 0 127 51 0;
egregore_data 109 113 0 86 83 0 81 0 0 0 0 0 0 0 0 127 38 1 68.686
0.963583 0 0 0 0 0 0 0 6 0 127 0 0 22.8396 127 78 1 0 0 127 0 0 30
127 0 0 0 70 0 0 0 0 127 34 0 53 99 83 0 0 0 0 32 0 0 21 0 40 0 0 127
88 0 0 0 0 0 0 0 0 16 16 0 0 0 0 0 0 127 51 0;
egregore_data 109 113 0 86 83 0 81 0 0 0 0 0 0 0 0 127 38 1 68.435
1.14764 0 0 0 0 0 0 0 6 0 127 0 0 23.1909 127 78 1 0 0 127 0 0 30 127
0 0 0 70 0 0 0 0 127 34 0 53 99 83 0 0 0 0 32 0 0 21 0 40 0 0 127 88
0 0 0 0 0 0 0 0 16 16 0 0 0 0 0 0 127 51 0;
egregore_data 109 113 0 86 83 0 81 0 0 0 0 0 0 0 0 127 38 1 68.435
1.14764 0 0 0 0 0 0 0 6 0 127 0 0 23.1909 127 78 1 0 0 127 0 0 30 127
0 0 0 70 0 0 0 0 127 34 0 53 99 83 0 0 0 0 32 0 0 21 0 40 0 0 127 88
0 0 0 0 0 0 0 0 16 16 0 0 0 0 0 0 127 51 0;
egregore_data 109 113 0 86 83 0 81 0 0 0 0 0 0 0 0 127 38 1 68.435
1.14764 0 0 0 0 0 0 0 6 0 127 0 0 23.1909 127 78 1 0 0 127 0 0 30 127
0 0 0 70 0 0 0 0 127 34 0 53 99 83 0 0 0 0 32 0 0 21 0 40 0 0 127 88
0 0 0 0 0 0 0 0 16 16 0 0 0 0 0 0 127 51 0;
egregore_data 109 113 0 86 83 0 81 0 0 0 0 0 0 0 0 127 38 1 68.435
1.14764 0 0 0 0 0 0 0 6 0 127 0 0 23.1909 127 78 1 0 0 127 0 0 30 127
0 0 0 70 0 0 0 0 127 34 0 53 99 83 0 0 0 0 32 0 0 21 0 40 0 0 127 88
0 0 0 0 0 0 0 0 16 16 0 0 0 0 0 0 127 51 0;
egregore_data 109 113 0 85 83 0 81 0 0 0 0 0 0 0 0 127 38 1 68.435
1.14764 0 0 0 0 0 0 0 6 0 127 0 0 23.1909 127 78 1 0 0 127 0 0 30 127
0 0 0 70 0 0 0 0 127 34 0 53 99 83 0 0 0 0 32 0 0 21 0 40 0 0 127 88
0 0 0 0 0 0 0 0 16 16 0 0 0 0 0 0 127 51 0;
egregore_data 109 113 0 85 83 0 80 0 0 0 0 0 0 0 0 127 38 1 68.435
1.14764 0 0 0 0 0 0 0 6 0 127 0 0 23.1909 127 78 1 0 0 127 0 0 30 127
0 0 0 70 0 0 0 0 127 34 0 53 99 83 0 0 0 0 32 0 0 21 0 40 0 0 127 88
0 0 0 0 0 0 0 0 16 16 0 0 0 0 0 0 127 51 0;
egregore_data 109 113 0 85 81 0 80 0 0 0 0 0 0 0 0 127 38 1 68.435
1.14764 0 0 0 0 0 0 0 6 0 127 0 0 23.1909 127 78 1 0 0 127 0 0 30 127
0 0 0 70 0 0 0 0 127 34 0 53 99 83 0 0 0 0 32 0 0 21 0 40 0 0 127 88
0 0 0 0 0 0 0 0 16 16 0 0 0 0 0 0 127 51 0;
egregore_data 109 113 0 85 81 0 80 0 0 0 0 0 0 0 0 127 38 1 68.435
1.14764 0 0 0 0 0 0 0 6 0 127 0 0 23.1909 127 78 1 0 0 127 0 0 30 127
0 0 0 70 0 0 0 0 127 34 0 53 99 83 0 0 0 0 32 0 0 21 0 40 0 0 127 88
0 0 0 0 0 0 0 0 16 16 0 0 0 0 0 0 127 51 0;
egregore_data 109 113 0 85 81 0 80 0 0 0 0 0 0 0 0 127 38 1 68.435
1.14764 0 0 0 0 0 0 0 6 0 127 0 0 23.1909 127 78 1 0 0 127 0 0 30 127
0 0 0 70 0 0 0 0 127 34 0 53 99 83 0 0 0 0 32 0 0 21 0 40 0 0 127 88
0 0 0 0 0 0 0 0 16 16 0 0 0 0 0 0 127 51 0;
egregore_data 109 113 0 85 81 0 80 0 0 0 0 0 0 0 0 127 38 1 68.435
1.14764 0 0 0 0 0 0 0 6 0 127 0 0 23.1909 127 78 1 0 0 127 0 0 30 127
0 0 0 70 0 0 0 0 127 34 0 53 99 83 0 0 0 0 32 0 0 21 0 40 0 0 127 88
0 0 0 0 0 0 0 0 16 16 0 0 0 0 0 0 127 51 0;
egregore_data 109 113 0 85 81 0 80 0 0 0 0 0 0 0 0 127 38 1 68.435
1.14764 0 0 0 0 0 0 0 6 0 127 0 0 23.1909 127 78 1 0 0 127 0 0 30 127
0 0 0 70 0 0 0 0 127 34 0 53 99 83 0 0 0 0 32 0 0 21 0 40 0 0 127 88
0 0 0 0 0 0 0 0 16 16 0 0 0 0 0 0 127 51 0;
egregore_data 109 113 0 85 81 0 80 0 0 0 0 0 0 0 0 127 38 1 68.435
1.14764 0 0 0 0 0 0 0 6 0 127 0 0 23.1909 127 78 1 0 0 127 0 0 30 127
0 0 0 70 0 0 0 0 127 34 0 53 99 83 0 0 0 0 32 0 0 21 0 40 0 0 127 88
0 0 0 0 0 0 0 0 16 16 0 0 0 0 0 0 127 51 0;
egregore_data 109 113 0 84 80 0 79 0 0 0 0 0 0 0 0 127 38 1 68.435
1.14764 0 0 0 0 0 0 0 6 0 127 0 0 23.1909 127 78 1 0 0 127 0 0 30 127
0 0 0 70 0 0 0 0 127 34 0 53 99 83 0 0 0 0 32 0 0 21 0 40 0 0 127 88
0 0 0 0 0 0 0 0 16 16 0 0 0 0 0 0 127 51 0;
egregore_data 109 113 0 84 80 0 79 0 0 0 0 0 0 0 0 127 38 1 68.435
1.14764 0 0 0 0 0 0 0 6 0 127 0 0 23.1909 127 78 1 0 0 127 0 0 30 127
0 0 0 70 0 0 0 0 127 34 0 53 99 83 0 0 0 0 32 0 0 21 0 40 0 0 127 88
0 0 0 0 0 0 0 0 16 16 0 0 0 0 0 0 127 51 0;
egregore_data 109 113 0 83 79 0 79 0 0 0 0 0 0 0 0 127 38 1 68.435
1.14764 0 0 0 0 0 0 0 6 0 127 0 0 23.1909 127 78 1 0 0 127 0 0 30 127
0 0 0 70 0 0 0 0 127 34 0 53 99 83 0 0 0 0 32 0 0 21 0 40 0 0 127 88
0 0 0 0 0 0 0 0 16 16 0 0 0 0 0 0 127 51 0;
egregore_data 109 113 0 83 79 0 79 0 0 0 0 0 0 0 0 127 38 1 68.435
1.14764 0 0 0 0 0 0 0 6 0 127 0 0 23.1909 127 78 1 0 0 127 0 0 30 127
0 0 0 70 0 0 0 0 127 34 0 53 99 83 0 0 0 0 32 0 0 21 0 40 0 0 127 88
0 0 0 0 0 0 0 0 16 16 0 0 0 0 0 0 127 51 0;
egregore_data 109 113 0 83 79 0 79 0 0 0 0 0 0 0 0 127 38 1 68.435
1.14764 0 0 0 0 0 0 0 6 0 127 0 0 23.1909 127 78 1 0 0 127 0 0 30 127
0 0 0 70 0 0 0 0 127 34 0 53 99 83 0 0 0 0 32 0 0 21 0 40 0 0 127 88
0 0 0 0 0 0 0 0 16 16 0 0 0 0 0 0 127 51 0;
egregore_data 109 113 0 83 79 0 79 0 0 0 0 0 0 0 0 127 38 1 68.435
1.14764 0 0 0 0 0 0 0 6 0 127 0 0 23.1909 127 78 1 0 0 127 0 0 30 127
0 0 0 70 0 0 0 0 127 34 0 53 99 83 0 0 0 0 32 0 0 21 0 40 0 0 127 88
0 0 0 0 0 0 0 0 16 16 0 0 0 0 0 0 127 51 0;
egregore_data 109 113 0 83 79 0 79 0 0 0 0 0 0 0 0 127 38 1 68.435
1.14764 0 0 0 0 0 0 0 6 0 127 0 0 23.1909 127 78 1 0 0 127 0 0 30 127
0 0 0 70 0 0 0 0 127 34 0 53 99 83 0 0 0 0 32 0 0 21 0 40 0 0 127 88
0 0 0 0 0 0 0 0 16 16 0 0 0 0 0 0 127 51 0;
egregore_data 109 113 0 83 79 0 79 0 0 0 0 0 0 0 0 127 38 1 68.435
1.14764 0 0 0 0 0 0 0 6 0 127 0 0 23.1909 127 78 1 0 0 127 0 0 30 127
0 0 0 70 0 0 0 0 127 34 0 53 99 83 0 0 0 0 32 0 0 21 0 40 0 0 127 88
0 0 0 0 0 0 0 0 16 16 0 0 0 0 0 0 127 51 0;
egregore_data 109 113 0 83 79 0 79 0 0 0 0 0 0 0 0 127 38 1 68.435
1.14764 0 0 0 0 0 0 0 6 0 127 0 0 23.1909 127 78 1 0 0 127 0 0 30 127
0 0 0 70 0 0 0 0 127 34 0 53 99 83 0 0 0 0 32 0 0 21 0 40 0 0 127 88
0 0 0 0 0 0 0 0 16 16 0 0 0 0 0 0 127 51 0;
egregore_data 109 113 0 83 79 0 79 0 0 0 0 0 0 0 0 127 38 1 68.435
1.14764 0 0 0 0 0 0 0 6 0 127 0 0 23.1909 127 78 1 0 0 127 0 0 30 127
0 0 0 70 0 0 0 0 127 34 0 53 99 83 0 0 0 0 32 0 0 21 0 40 0 0 127 88
0 0 0 0 0 0 0 0 16 16 0 0 0 0 0 0 127 51 0;
egregore_data 109 113 0 83 79 0 78 0 0 0 0 0 0 0 0 127 38 1 68.435
1.14764 0 0 0 0 0 0 0 6 0 127 0 0 23.1909 127 78 1 0 0 127 0 0 30 127
0 0 0 70 0 0 0 0 127 34 0 53 99 83 0 0 0 0 32 0 0 21 0 40 0 0 127 88
0 0 0 0 0 0 0 0 16 16 0 0 0 0 0 0 127 51 0;
egregore_data 109 113 0 83 79 0 78 0 0 0 0 0 0 0 0 127 38 1 68.435
1.14764 0 0 0 0 0 0 0 6 0 127 0 0 23.1909 127 78 1 0 0 127 0 0 30 127
0 0 0 70 0 0 0 0 127 34 0 53 99 83 0 0 0 0 32 0 0 21 0 40 0 0 127 88
0 0 0 0 0 0 0 0 16 16 0 0 0 0 0 0 127 51 0;
egregore_data 109 113 0 83 79 0 78 0 0 0 0 0 0 0 0 127 38 1 68.435
1.14764 0 0 0 0 0 0 0 6 0 127 0 0 23.1909 127 78 1 0 0 127 0 0 30 127
0 0 0 70 0 0 0 0 127 34 0 53 99 83 0 0 0 0 32 0 0 21 0 40 0 0 127 88
0 0 0 0 0 0 0 0 16 16 0 0 0 0 0 0 127 51 0;
egregore_data 109 113 0 83 79 0 78 0 0 0 0 0 0 0 0 127 38 1 68.435
1.14764 0 0 0 0 0 0 0 6 0 127 0 0 23.1909 127 78 1 0 0 127 0 0 30 127
0 0 0 70 0 0 0 0 127 34 0 53 99 83 0 0 0 0 32 0 0 21 0 40 0 0 127 88
0 0 0 0 0 0 0 0 16 16 0 0 0 0 0 0 127 51 0;
egregore_data 109 113 0 81 78 0 78 0 0 0 0 0 0 0 0 127 38 1 68.435
1.14764 0 0 0 0 0 0 0 6 0 127 0 0 23.1909 127 78 1 0 0 127 0 0 30 127
0 0 0 70 0 0 0 0 127 34 0 53 99 83 0 0 0 0 32 0 0 21 0 40 0 0 127 88
0 0 0 0 0 0 0 0 16 16 0 0 0 0 0 0 127 51 0;
egregore_data 109 113 0 81 78 0 78 0 0 0 0 0 0 0 0 127 38 1 68.435
1.14764 0 0 0 0 0 0 0 6 0 127 0 0 23.1909 127 78 1 0 0 127 0 0 30 127
0 0 0 70 0 0 0 0 127 34 0 53 99 83 0 0 0 0 32 0 0 21 0 40 0 0 127 88
0 0 0 0 0 0 0 0 16 16 0 0 0 0 0 0 127 51 0;
egregore_data 109 113 0 81 78 0 78 0 0 0 0 0 0 0 0 127 38 1 68.435
1.14764 0 0 0 0 0 0 0 6 0 127 0 0 23.1909 127 78 1 0 0 127 0 0 30 127
0 0 0 70 0 0 0 0 127 34 0 53 99 83 0 0 0 0 32 0 0 21 0 40 0 0 127 88
0 0 0 0 0 0 0 0 16 16 0 0 0 0 0 0 127 51 0;
egregore_data 109 113 0 81 78 0 78 0 0 0 0 0 0 0 0 127 38 1 68.435
1.14764 0 0 0 0 0 0 0 6 0 127 0 0 23.1909 127 78 1 0 0 127 0 0 30 127
0 0 0 70 0 0 0 0 127 34 0 53 99 83 0 0 0 0 32 0 0 21 0 40 0 0 127 88
0 0 0 0 0 0 0 0 16 16 0 0 0 0 0 0 127 51 0;
egregore_data 109 113 0 81 78 0 78 0 0 0 0 0 0 0 0 127 38 1 68.435
1.14764 0 0 0 0 0 0 0 6 0 127 0 0 23.1909 127 78 1 0 0 127 0 0 30 127
0 0 0 70 0 0 0 0 127 34 0 53 99 83 0 0 0 0 32 0 0 21 0 40 0 0 127 88
0 0 0 0 0 0 0 0 16 16 0 0 0 0 0 0 127 51 0;
egregore_data 109 113 0 81 78 0 77 0 0 0 0 0 0 0 0 127 38 1 68.435
1.14764 0 0 0 0 0 0 0 6 0 127 0 0 23.1909 127 78 1 0 0 127 0 0 30 127
0 0 0 70 0 0 0 0 127 34 0 53 99 83 0 0 0 0 32 0 0 21 0 40 0 0 127 88
0 0 0 0 0 0 0 0 16 16 0 0 0 0 0 0 127 51 0;
egregore_data 109 113 0 81 78 0 77 0 0 0 0 0 0 0 0 127 38 1 68.435
1.14764 0 0 0 0 0 0 0 6 0 127 0 0 23.1909 127 78 1 0 0 127 0 0 30 127
0 0 0 70 0 0 0 0 127 34 0 53 99 83 0 0 0 0 32 0 0 21 0 40 0 0 127 88
0 0 0 0 0 0 0 0 16 16 0 0 0 0 0 0 127 51 0;
egregore_data 109 113 0 80 78 0 77 0 0 0 0 0 0 0 0 127 38 1 68.435
1.14764 0 0 0 0 0 0 0 6 0 127 0 0 23.1909 127 78 1 0 0 127 0 0 30 127
0 0 0 70 0 0 0 0 127 34 0 53 99 83 0 0 0 0 32 0 0 21 0 40 0 0 127 88
0 0 0 0 0 0 0 0 16 16 0 0 0 0 0 0 127 51 0;
egregore_data 109 113 0 80 78 0 77 0 0 0 0 0 0 0 0 127 38 1 68.435
1.14764 0 0 0 0 0 0 0 6 0 127 0 0 23.1909 127 78 1 0 0 127 0 0 30 127
0 0 0 70 0 0 0 0 127 34 0 53 99 83 0 0 0 0 32 0 0 21 0 40 0 0 127 88
0 0 0 0 0 0 0 0 16 16 0 0 0 0 0 0 127 51 0;
egregore_data 109 113 0 80 78 0 77 0 0 0 0 0 0 0 0 127 38 1 68.435
1.14764 0 0 0 0 0 0 0 6 0 127 0 0 23.1909 127 78 1 0 0 127 0 0 30 127
0 0 0 70 0 0 0 0 127 34 0 53 99 83 0 0 0 0 32 0 0 21 0 40 0 0 127 88
0 0 0 0 0 0 0 0 16 16 0 0 0 0 0 0 127 51 0;
egregore_data 109 113 0 80 78 0 75 0 0 0 0 0 0 0 0 127 38 1 68.435
1.14764 0 0 0 0 0 0 0 6 0 127 0 0 23.1909 127 78 1 0 0 127 0 0 30 127
0 0 0 70 0 0 0 0 127 34 0 53 99 83 0 0 0 0 32 0 0 21 0 40 0 0 127 88
0 0 0 0 0 0 0 0 16 16 0 0 0 0 0 0 127 51 0;
egregore_data 109 113 0 80 77 0 75 0 0 0 0 0 0 0 0 127 38 1 68.435
1.14764 0 0 0 0 0 0 0 6 0 127 0 0 23.1909 127 78 1 0 0 127 0 0 30 127
0 0 0 70 0 0 0 0 127 34 0 53 99 83 0 0 0 0 32 0 0 21 0 40 0 0 127 88
0 0 0 0 0 0 0 0 16 16 0 0 0 0 0 0 127 51 0;
egregore_data 109 113 0 80 77 0 75 0 0 0 0 0 0 0 0 127 38 1 68.435
1.14764 0 0 0 0 0 0 0 6 0 127 0 0 23.1909 127 78 1 0 0 127 0 0 30 127
0 0 0 70 0 0 0 0 127 34 0 53 99 83 0 0 0 0 32 0 0 21 0 40 0 0 127 88
0 0 0 0 0 0 0 0 16 16 0 0 0 0 0 0 127 51 0;
egregore_data 109 113 0 80 77 0 75 0 0 0 0 0 0 0 0 127 38 1 68.435
1.14764 0 0 0 0 0 0 0 6 0 127 0 0 23.1909 127 78 1 0 0 127 0 0 30 127
0 0 0 70 0 0 0 0 127 34 0 53 99 83 0 0 0 0 32 0 0 21 0 40 0 0 127 88
0 0 0 0 0 0 0 0 16 16 0 0 0 0 0 0 127 51 0;
egregore_data 109 113 0 79 77 0 75 0 0 0 0 0 0 0 0 127 38 1 68.435
1.14764 0 0 0 0 0 0 0 6 0 127 0 0 23.1909 127 78 1 0 0 127 0 0 30 127
0 0 0 70 0 0 0 0 127 34 0 53 99 83 0 0 0 0 32 0 0 21 0 40 0 0 127 88
0 0 0 0 0 0 0 0 16 16 0 0 0 0 0 0 127 51 0;
egregore_data 109 113 0 79 75 0 74 0 0 0 0 0 0 0 0 127 38 1 68.1841
1.33169 0 0 0 0 0 0 0 6 0 127 0 0 23.5423 127 78 1 0 0 127 0 0 30 127
0 0 0 70 0 0 0 0 127 34 0 53 99 83 0 0 0 0 32 0 0 21 0 40 0 0 127 88
0 0 0 0 0 0 0 0 16 16 0 0 0 0 0 0 127 51 0;
egregore_data 109 113 0 79 75 0 74 0 0 0 0 0 0 0 0 127 38 1 68.1841
1.33169 0 0 0 0 0 0 0 6 0 127 0 0 23.5423 127 78 1 0 0 127 0 0 30 127
0 0 0 70 0 0 0 0 127 34 0 53 99 83 0 0 0 0 32 0 0 21 0 40 0 0 127 88
0 0 0 0 0 0 0 0 16 16 0 0 0 0 0 0 127 51 0;
egregore_data 109 113 0 79 75 0 74 0 0 0 0 0 0 0 0 127 38 1 68.1841
1.33169 0 0 0 0 0 0 0 6 0 127 0 0 23.5423 127 78 1 0 0 127 0 0 30 127
0 0 0 70 0 0 0 0 127 34 0 53 99 83 0 0 0 0 32 0 0 21 0 40 0 0 127 88
0 0 0 0 0 0 0 0 16 16 0 0 0 0 0 0 127 51 0;
egregore_data 109 113 0 78 74 0 74 0 0 0 0 0 0 0 0 127 38 1 68.1841
1.33169 0 0 0 0 0 0 0 6 0 127 0 0 23.5423 127 78 1 0 0 127 0 0 30 127
0 0 0 70 0 0 0 0 127 34 0 53 99 83 0 0 0 0 32 0 0 21 0 40 0 0 127 88
0 0 0 0 0 0 0 0 16 16 0 0 0 0 0 0 127 51 0;
egregore_data 109 113 0 78 74 0 73 0 0 0 0 0 0 0 0 127 38 1 67.9331
1.51575 0 0 0 0 0 0 0 6 0 127 0 0 23.8937 127 78 1 0 0 127 0 0 30 127
0 0 0 70 0 0 0 0 127 34 0 53 99 83 0 0 0 0 32 0 0 21 0 40 0 0 127 88
0 0 0 0 0 0 0 0 16 16 0 0 0 0 0 0 127 51 0;
egregore_data 109 113 0 78 74 0 73 0 0 0 0 0 0 0 0 127 38 1 67.9331
1.51575 0 0 0 0 0 0 0 6 0 127 0 0 23.8937 127 78 1 0 0 127 0 0 30 127
0 0 0 70 0 0 0 0 127 34 0 53 99 83 0 0 0 0 32 0 0 21 0 40 0 0 127 88
0 0 0 0 0 0 0 0 16 16 0 0 0 0 0 0 127 51 0;
egregore_data 109 113 0 78 74 0 73 0 0 0 0 0 0 0 0 127 38 1 67.9331
1.51575 0 0 0 0 0 0 0 6 0 127 0 0 23.8937 127 78 1 0 0 127 0 0 30 127
0 0 0 70 0 0 0 0 127 34 0 53 99 83 0 0 0 0 32 0 0 21 0 40 0 0 127 88
0 0 0 0 0 0 0 0 16 16 0 0 0 0 0 0 127 51 0;
egregore_data 109 113 0 78 74 0 73 0 0 0 0 0 0 0 0 127 38 1 67.9331
1.51575 0 0 0 0 0 0 0 6 0 127 0 0 23.8937 127 78 1 0 0 127 0 0 30 127
0 0 0 70 0 0 0 0 127 34 0 53 99 83 0 0 0 0 32 0 0 21 0 40 0 0 127 88
0 0 0 0 0 0 0 0 16 16 0 0 0 0 0 0 127 51 0;
egregore_data 109 113 0 78 74 0 73 0 0 0 0 0 0 0 0 127 38 1 67.9331
1.51575 0 0 0 0 0 0 0 6 0 127 0 0 23.8937 127 78 1 0 0 127 0 0 30 127
0 0 0 70 0 0 0 0 127 34 0 53 99 83 0 0 0 0 32 0 0 21 0 40 0 0 127 88
0 0 0 0 0 0 0 0 16 16 0 0 0 0 0 0 127 51 0;
egregore_data 109 113 0 78 73 0 73 0 0 0 0 0 0 0 0 127 38 1 67.9331
1.51575 0 0 0 0 0 0 0 6 0 127 0 0 23.8937 127 78 1 0 0 127 0 0 30 127
0 0 0 70 0 0 0 0 127 34 0 53 99 83 0 0 0 0 32 0 0 21 0 40 0 0 127 88
0 0 0 0 0 0 0 0 16 16 0 0 0 0 0 0 127 51 0;
egregore_data 109 113 0 78 73 0 72 0 0 0 0 0 0 0 0 127 38 1 67.9331
1.51575 0 0 0 0 0 0 0 6 0 127 0 0 23.8937 127 78 1 0 0 127 0 0 30 127
0 0 0 70 0 0 0 0 127 34 0 53 99 83 0 0 0 0 32 0 0 21 0 40 0 0 127 88
0 0 0 0 0 0 0 0 16 16 0 0 0 0 0 0 127 51 0;
egregore_data 109 113 0 77 73 0 72 0 0 0 0 0 0 0 0 127 38 1 67.9331
1.51575 0 0 0 0 0 0 0 6 0 127 0 0 23.8937 127 78 1 0 0 127 0 0 30 127
0 0 0 70 0 0 0 0 127 34 0 53 99 83 0 0 0 0 32 0 0 21 0 40 0 0 127 88
0 0 0 0 0 0 0 0 16 16 0 0 0 0 0 0 127 51 0;
egregore_data 109 113 0 77 73 0 72 0 0 0 0 0 0 0 0 127 38 1 67.9331
1.51575 0 0 0 0 0 0 0 6 0 127 0 0 23.8937 127 78 1 0 0 127 0 0 30 127
0 0 0 70 0 0 0 0 127 34 0 53 99 83 0 0 0 0 32 0 0 21 0 40 0 0 127 88
0 0 0 0 0 0 0 0 16 16 0 0 0 0 0 0 127 51 0;
egregore_data 109 113 0 77 73 0 72 0 0 0 0 0 0 0 0 127 38 1 67.9331
1.51575 0 0 0 0 0 0 0 6 0 127 0 0 23.8937 127 78 1 0 0 127 0 0 30 127
0 0 0 70 0 0 0 0 127 34 0 53 99 83 0 0 0 0 32 0 0 21 0 40 0 0 127 88
0 0 0 0 0 0 0 0 16 16 0 0 0 0 0 0 127 51 0;
END;
