HTTP/1.1 200 OK
Date: Thu, 28 May 2015 12:24:55 GMT
Server: Apache
Last-Modified: Wed, 27 May 2015 19:18:22 GMT
Accept-Ranges: bytes
Content-Length: 26956
Vary: Accept-Encoding
Connection: close
Content-Type: text/plain

chdh_egregore_live_data;
egregore_data 0 0 127 0 0 127 0 0 0 0 0 0 0 0 0 127 38 0 127 0 0 0
0 0 0 0 0 0 0 100 0 0 127 127 78 0 93 90 55 4 19 127 1 73 0 0 70 0
0 127 26 127 34 1 53.2314 98.6033 82.9339 0 0 0 0 32.4545 0 0 20.6529
0 40.3223 0 0 127 88 1 0 0 0 0 0 0 0 16 16 0 0 0 0 0 0 127 51 0;
egregore_data 0 0 127 0 0 127 0 0 0 0 0 0 0 0 0 127 38 0 127 0 0 0
0 0 0 0 0 0 0 100 0 0 127 127 78 0 93 90 55 4 19 127 1 73 0 0 70 0
0 127 26 127 34 1 53.2314 98.6033 82.9339 0 0 0 0 32.4545 0 0 20.6529
0 40.3223 0 0 127 88 1 0 0 0 0 0 0 0 16 16 0 0 0 0 0 0 127 51 0;
egregore_data 0 0 127 0 0 127 0 0 0 0 0 0 0 0 0 127 38 0 127 0 0 0
0 0 0 0 0 0 0 100 0 0 127 127 78 0 93 90 55 4 19 127 1 73 0 0 70 0
0 127 27 127 34 1 53.2314 98.6033 82.9339 0 0 0 0 32.4545 0 0 20.6529
0 40.3223 0 0 127 88 1 0 0 0 0 0 0 0 16 16 0 0 0 0 0 0 127 51 0;
egregore_data 0 0 127 0 0 127 0 0 0 0 0 0 0 0 0 127 38 0 127 0 0 0
0 0 0 0 0 0 0 100 0 0 127 127 78 0 93 90 56 4 19 127 1 73 0 0 70 0
0 127 27 127 34 1 53.2314 98.6033 82.9339 0 0 0 0 32.4545 0 0 20.6529
0 40.3223 0 0 127 88 1 0 0 0 0 0 0 0 16 16 0 0 0 0 0 0 127 51 0;
egregore_data 0 0 127 0 0 127 0 0 0 0 0 0 0 0 0 127 38 0 127 0 0 0
0 0 0 0 0 0 0 100 0 0 127 127 78 0 93 90 56 4 19 127 1 73 0 0 70 0
0 127 27 127 34 1 53.2314 98.6033 82.9339 0 0 0 0 32.4545 0 0 20.6529
0 40.3223 0 0 127 88 1 0 0 0 0 0 0 0 16 16 0 0 0 0 0 0 127 51 0;
egregore_data 0 0 127 0 0 127 0 0 0 0 0 0 0 0 0 127 38 0 127 0 0 0
0 0 0 0 0 0 0 100 0 0 127 127 78 0 93 90 56 4 19 127 1 73 0 0 70 0
0 127 27 127 34 1 53.2314 98.6033 82.9339 0 0 0 0 32.4545 0 0 20.6529
0 40.3223 0 0 127 88 1 0 0 0 0 0 0 0 16 16 0 0 0 0 0 0 127 51 0;
egregore_data 0 0 127 0 0 127 0 0 0 0 0 0 0 0 0 127 38 0 127 0 0 0
0 0 0 0 0 0 0 100 0 0 127 127 78 0 93 90 56 4 19 127 1 73 0 0 70 0
0 127 27 127 34 1 53.2314 98.6033 82.9339 0 0 0 0 32.4545 0 0 20.6529
0 40.3223 0 0 127 88 1 0 0 0 0 0 0 0 16 16 0 0 0 0 0 0 127 51 0;
egregore_data 0 0 127 0 0 127 0 0 0 0 0 0 0 0 0 127 38 0 127 0 0 0
0 0 0 0 0 0 0 100 0 0 127 127 78 0 93 90 56 4 19 127 1 73 0 0 70 0
0 127 27 127 34 1 53.2314 98.6033 82.9339 0 0 0 0 32.4545 0 0 20.6529
0 40.3223 0 0 127 88 1 0 0 0 0 0 0 0 16 16 0 0 0 0 0 0 127 51 0;
egregore_data 0 0 127 0 0 127 0 0 0 0 0 0 0 0 0 127 38 0 127 0 0 0
0 0 0 0 0 0 0 100 0 0 127 127 78 0 93 90 56 4 19 127 1 73 0 0 70 0
0 127 27 127 34 1 53.2314 98.6033 82.9339 0 0 0 0 32.4545 0 0 20.6529
0 40.3223 0 0 127 88 1 0 0 0 0 0 0 0 16 16 0 0 0 0 0 0 127 51 0;
egregore_data 0 0 127 0 0 127 0 0 0 0 0 0 0 0 0 127 38 0 127 0 0 0
0 0 0 0 0 0 0 100 0 0 127 127 78 0 93 90 56 4 19 127 1 73 0 0 70 0
0 127 28 127 34 1 53.2314 98.6033 82.9339 0 0 0 0 32.4545 0 0 20.6529
0 40.3223 0 0 127 88 1 0 0 0 0 0 0 0 16 16 0 0 0 0 0 0 127 51 0;
egregore_data 0 0 127 0 0 127 0 0 0 0 0 0 0 0 0 127 38 0 127 0 0 0
0 0 0 0 0 0 0 100 0 0 127 127 78 0 93 90 58 4 19 127 1 73 0 0 70 0
0 127 28 127 34 1 53.2314 98.6033 82.9339 0 0 0 0 32.4545 0 0 20.6529
0 40.3223 0 0 127 88 1 0 0 0 0 0 0 0 16 16 0 0 0 0 0 0 127 51 0;
egregore_data 0 0 127 0 0 127 0 0 0 0 0 0 0 0 0 127 38 0 127 0 0 0
0 0 0 0 0 0 0 100 0 0 127 127 78 0 93 90 58 4 19 127 1 73 0 0 70 0
0 127 29 127 34 1 53.2314 98.6033 82.9339 0 0 0 0 32.4545 0 0 20.6529
0 40.3223 0 0 127 88 1 0 0 0 0 0 0 0 16 16 0 0 0 0 0 0 127 51 0;
egregore_data 0 0 127 0 0 127 0 0 0 0 0 0 0 0 0 127 38 0 127 0 0 0
0 0 0 0 0 0 0 100 0 0 127 127 78 0 93 90 58 4 19 127 1 73 0 0 70 0
0 127 29 127 34 1 53.2314 98.6033 82.9339 0 0 0 0 32.4545 0 0 20.6529
0 40.3223 0 0 127 88 1 0 0 0 0 0 0 0 16 16 0 0 0 0 0 0 127 51 0;
egregore_data 0 0 127 0 0 127 0 0 0 0 0 0 0 0 0 127 38 0 127 0 0 0
0 0 0 0 0 0 0 100 0 0 127 127 78 0 93 90 58 4 19 127 1 73 0 0 70 0
0 127 29 127 34 1 53.2314 98.6033 82.9339 0 0 0 0 32.4545 0 0 20.6529
0 40.3223 0 0 127 88 1 0 0 0 0 0 0 0 16 16 0 0 0 0 0 0 127 51 0;
egregore_data 0 0 127 0 0 127 0 0 0 0 0 0 0 0 0 127 38 0 127 0 0 0
0 0 0 0 0 0 0 100 0 0 127 127 78 0 93 90 58 4 19 127 1 73 0 0 70 0
0 127 29 127 34 1 53.2314 98.6033 82.9339 0 0 0 0 32.4545 0 0 20.6529
0 40.3223 0 0 127 88 1 0 0 0 0 0 0 0 16 16 0 0 0 0 0 0 127 51 0;
egregore_data 0 0 127 0 0 127 0 0 0 0 0 0 0 0 0 127 38 0 127 0 0 0
0 0 0 0 0 0 0 100 0 0 127 127 78 0 93 90 58 4 19 127 1 73 0 0 70 0
0 127 29 127 34 1 53.2314 98.6033 82.9339 0 0 0 0 32.4545 0 0 20.6529
0 40.3223 0 0 127 88 1 0 0 0 0 0 0 0 16 16 0 0 0 0 0 0 127 51 0;
egregore_data 0 0 127 0 0 127 0 0 0 0 0 0 0 0 0 127 38 0 127 0 0 0
0 0 0 0 0 0 0 100 0 0 127 127 78 0 93 90 58 4 19 127 1 73 0 0 70 0
0 127 29 127 34 1 53.2314 98.6033 82.9339 0 0 0 0 32.4545 0 0 20.6529
0 40.3223 0 0 127 88 1 0 0 0 0 0 0 0 16 16 0 0 0 0 0 0 127 51 0;
egregore_data 0 0 127 0 0 127 0 0 0 0 0 0 0 0 0 127 38 0 127 0 0 0
0 0 0 0 0 0 0 100 0 0 127 127 78 0 93 90 58 4 19 127 1 73 0 0 70 0
0 127 29 127 34 1 53.2314 98.6033 82.9339 0 0 0 0 32.4545 0 0 20.6529
0 40.3223 0 0 127 88 1 0 0 0 0 0 0 0 16 16 0 0 0 0 0 0 127 51 0;
egregore_data 0 0 127 0 0 127 0 0 0 0 0 0 0 0 0 127 38 0 127 0 0 0
0 0 0 0 0 0 0 100 0 0 127 127 78 0 93 90 58 4 19 127 1 73 0 0 70 0
0 127 29 127 34 1 53.2314 98.6033 82.9339 0 0 0 0 32.4545 0 0 20.6529
0 40.3223 0 0 127 88 1 0 0 0 0 0 0 0 16 16 0 0 0 0 0 0 127 51 0;
egregore_data 0 0 127 0 0 127 0 0 0 0 0 0 0 0 0 127 38 0 127 0 0 0
0 0 0 0 0 0 0 100 0 0 127 127 78 0 93 90 58 4 19 127 1 73 0 0 70 0
0 127 29 127 34 1 53.2314 98.6033 82.9339 0 0 0 0 32.4545 0 0 20.6529
0 40.3223 0 0 127 88 1 0 0 0 0 0 0 0 16 16 0 0 0 0 0 0 127 51 0;
egregore_data 0 0 127 0 0 127 0 0 0 0 0 0 0 0 0 127 38 0 127 0 0 0
0 0 0 0 0 0 0 100 0 0 127 127 78 0 93 90 58 4 19 127 1 73 0 0 70 0
0 127 29 127 34 1 53.2314 98.6033 82.9339 0 0 0 0 32.4545 0 0 20.6529
0 40.3223 0 0 127 88 1 0 0 0 0 0 0 0 16 16 0 0 0 0 0 0 127 51 0;
egregore_data 0 0 127 0 0 127 0 0 0 0 0 0 0 0 0 127 38 0 127 0 0 0
0 0 0 0 0 0 0 100 0 0 127 127 78 0 93 90 58 4 19 127 1 73 0 0 70 0
0 127 29 127 34 1 53.2314 98.6033 82.9339 0 0 0 0 32.4545 0 0 20.6529
0 40.3223 0 0 127 88 1 0 0 0 0 0 0 0 16 16 0 0 0 0 0 0 127 51 0;
egregore_data 0 0 127 0 0 127 0 0 0 0 0 0 0 0 0 127 38 0 127 0 0 0
0 0 0 0 0 0 0 100 0 0 127 127 78 0 93 90 58 4 19 127 1 73 0 0 70 0
0 127 29 127 34 1 53.2314 98.6033 82.9339 0 0 0 0 32.4545 0 0 20.6529
0 40.3223 0 0 127 88 1 0 0 0 0 0 0 0 16 16 0 0 0 0 0 0 127 51 0;
egregore_data 0 0 127 0 0 127 0 0 0 0 0 0 0 0 0 127 38 0 127 0 0 0
0 0 0 0 0 0 0 100 0 0 127 127 78 0 93 90 58 4 19 127 1 73 0 0 70 0
0 127 29 127 34 1 53.2314 98.6033 82.9339 0 0 0 0 32.4545 0 0 20.6529
0 40.3223 0 0 127 88 1 0 0 0 0 0 0 0 16 16 0 0 0 0 0 0 127 51 0;
egregore_data 0 0 127 0 0 127 0 0 0 0 0 0 0 0 0 127 38 0 127 0 0 0
0 0 0 0 0 0 0 100 0 0 127 127 78 0 93 90 58 5 19 127 1 73 0 0 70 0
0 127 29 127 34 1 53.2314 98.6033 82.9339 0 0 0 0 32.4545 0 0 20.6529
0 40.3223 0 0 127 88 1 0 0 0 0 0 0 0 16 16 0 0 0 0 0 0 127 51 0;
egregore_data 0 0 127 0 0 127 0 0 0 0 0 0 0 0 0 127 38 0 127 0 0 0
0 0 0 0 0 0 0 100 0 0 127 127 78 0 93 90 58 5 19 127 1 73 0 0 70 0
0 127 29 127 34 1 53.2314 98.6033 82.9339 0 0 0 0 32.4545 0 0 20.6529
0 40.3223 0 0 127 88 1 0 0 0 0 0 0 0 16 16 0 0 0 0 0 0 127 51 0;
egregore_data 0 0 127 0 0 127 0 0 0 0 0 0 0 0 0 127 38 0 127 0 0 0
0 0 0 0 0 0 0 100 0 0 127 127 78 0 93 90 58 5 19 127 1 73 0 0 70 0
0 127 29 127 34 1 53.2314 98.6033 82.9339 0 0 0 0 32.4545 0 0 20.6529
0 40.3223 0 0 127 88 1 0 0 0 0 0 0 0 16 16 0 0 0 0 0 0 127 51 0;
egregore_data 0 0 127 0 0 127 0 0 0 0 0 0 0 0 0 127 38 0 127 0 0 0
0 0 0 0 0 0 0 100 0 0 127 127 78 0 93 90 58 5 19 127 1 73 0 0 70 0
0 127 29 127 34 1 53.2314 98.6033 82.9339 0 0 0 0 32.4545 0 0 20.6529
0 40.3223 0 0 127 88 1 0 0 0 0 0 0 0 16 16 0 0 0 0 0 0 127 51 0;
egregore_data 0 0 127 0 0 127 0 0 0 0 0 0 0 0 0 127 38 0 127 0 0 0
0 0 0 0 0 0 0 100 0 0 127 127 78 0 93 90 58 5 19 127 1 73 0 0 70 0
0 127 29 127 34 1 53.2314 98.6033 82.9339 0 0 0 0 32.4545 0 0 20.6529
0 40.3223 0 0 127 88 1 0 0 0 0 0 0 0 16 16 0 0 0 0 0 0 127 51 0;
egregore_data 0 0 127 0 0 127 0 0 0 0 0 0 0 0 0 127 38 0 127 0 0 0
0 0 0 0 0 0 0 100 0 0 127 127 78 0 93 90 58 5 19 127 1 73 0 0 70 0
0 127 29 127 34 1 53.2314 98.6033 82.9339 0 0 0 0 32.4545 0 0 20.6529
0 40.3223 0 0 127 88 1 0 0 0 0 0 0 0 16 16 0 0 0 0 0 0 127 51 0;
egregore_data 0 0 127 0 0 127 0 0 0 0 0 0 0 0 0 127 38 0 127 0 0 0
0 0 0 0 0 0 0 100 0 0 127 127 78 0 93 90 58 5 19 127 1 73 0 0 70 0
0 127 29 127 34 1 53.2314 98.6033 82.9339 0 0 0 0 32.4545 0 0 20.6529
0 40.3223 0 0 127 88 1 0 0 0 0 0 0 0 16 16 0 0 0 0 0 0 127 51 0;
egregore_data 0 0 127 0 0 127 0 0 0 0 0 0 0 0 0 127 38 0 127 0 0 0
0 0 0 0 0 0 0 100 0 0 127 127 78 0 93 90 58 5 19 127 1 73 0 0 70 0
0 127 29 127 34 1 53.2314 98.6033 82.9339 0 0 0 0 32.4545 0 0 20.6529
0 40.3223 0 0 127 88 1 0 0 0 0 0 0 0 16 16 0 0 0 0 0 0 127 51 0;
egregore_data 0 0 127 0 0 127 0 0 0 0 0 0 0 0 0 127 38 0 127 0 0 0
0 0 0 0 0 0 0 100 0 0 127 127 78 0 93 90 58 5 19 127 1 73 0 0 70 0
0 127 29 127 34 1 53.2314 98.6033 82.9339 0 0 0 0 32.4545 0 0 20.6529
0 40.3223 0 0 127 88 1 0 0 0 0 0 0 0 16 16 0 0 0 0 0 0 127 51 0;
egregore_data 0 0 127 0 0 127 0 0 0 0 0 0 0 0 0 127 38 0 127 0 0 0
0 0 0 0 0 0 0 100 0 0 127 127 78 0 93 90 58 5 19 127 1 73 0 0 70 0
0 127 29 127 34 1 53.2314 98.6033 82.9339 0 0 0 0 32.4545 0 0 20.6529
0 40.3223 0 0 127 88 1 0 0 0 0 0 0 0 16 16 0 0 0 0 0 0 127 51 0;
egregore_data 0 0 127 0 0 127 0 0 0 0 0 0 0 0 0 127 38 0 127 0 0 0
0 0 0 0 0 0 0 100 0 0 127 127 78 0 93 90 58 5 19 127 1 73 0 0 70 0
0 127 29 127 34 1 53.2314 98.6033 82.9339 0 0 0 0 32.4545 0 0 20.6529
0 40.3223 0 0 127 88 1 0 0 0 0 0 0 0 16 16 0 0 0 0 0 0 127 51 0;
egregore_data 0 0 127 0 0 127 0 0 0 0 0 0 0 0 0 127 38 0 127 0 0 0
0 0 0 0 0 0 0 100 0 0 127 127 78 0 93 90 58 5 19 127 1 73 0 0 70 0
0 127 29 127 34 1 53.2314 98.6033 82.9339 0 0 0 0 32.4545 0 0 20.6529
0 40.3223 0 0 127 88 1 0 0 0 0 0 0 0 16 16 0 0 0 0 0 0 127 51 0;
egregore_data 0 0 127 0 0 127 0 0 0 0 0 0 0 0 0 127 38 0 127 0 0 0
0 0 0 0 0 0 0 100 0 0 127 127 78 0 93 90 58 5 19 127 1 73 0 0 70 0
0 127 29 127 34 1 53.2314 98.6033 82.9339 0 0 0 0 32.4545 0 0 20.6529
0 40.3223 0 0 127 88 1 0 0 0 0 0 0 0 16 16 0 0 0 0 0 0 127 51 0;
egregore_data 0 0 127 0 0 127 0 0 0 0 0 0 0 0 0 127 38 0 127 0 0 0
0 0 0 0 0 0 0 100 0 0 127 127 78 0 93 90 58 5 19 127 1 73 0 0 70 0
0 127 30 127 34 1 53.2314 98.6033 82.9339 0 0 0 0 32.4545 0 0 20.6529
0 40.3223 0 0 127 88 1 0 0 0 0 0 0 0 16 16 0 0 0 0 0 0 127 51 0;
egregore_data 0 0 127 0 0 127 0 0 0 0 0 0 0 0 0 127 38 0 127 0 0 0
0 0 0 0 0 0 0 100 0 0 127 127 78 0 93 90 58 5 19 127 1 73 0 0 70 0
0 127 30 127 34 1 53.2314 98.6033 82.9339 0 0 0 0 32.4545 0 0 20.6529
0 40.3223 0 0 127 88 1 0 0 0 0 0 0 0 16 16 0 0 0 0 0 0 127 51 0;
egregore_data 0 0 127 0 0 127 0 0 0 0 0 0 0 0 0 127 38 0 127 0 0 0
0 0 0 0 0 0 0 100 0 0 127 127 78 0 93 90 58 5 19 127 1 73 0 0 70 0
0 127 31 127 34 1 53.2314 98.6033 82.9339 0 0 0 0 32.4545 0 0 20.6529
0 40.3223 0 0 127 88 1 0 0 0 0 0 0 0 16 16 0 0 0 0 0 0 127 51 0;
egregore_data 0 0 127 0 0 127 0 0 0 0 0 0 0 0 0 127 38 0 127 0 0 0
0 0 0 0 0 0 0 100 0 0 127 127 78 0 93 90 58 5 19 127 1 73 0 0 70 0
0 127 31 127 34 1 53.2314 98.6033 82.9339 0 0 0 0 32.4545 0 0 20.6529
0 40.3223 0 0 127 88 1 0 0 0 0 0 0 0 16 16 0 0 0 0 0 0 127 51 0;
egregore_data 0 0 127 0 0 127 0 0 0 0 0 0 0 0 0 127 38 0 127 0 0 0
0 0 0 0 0 0 0 100 0 0 127 127 78 0 93 90 58 5 19 127 1 73 0 0 70 0
0 127 31 127 34 1 53.2314 98.6033 82.9339 0 0 0 0 32.4545 0 0 20.6529
0 40.3223 0 0 127 88 1 0 0 0 0 0 0 0 16 16 0 0 0 0 0 0 127 51 0;
egregore_data 0 0 127 0 0 127 0 0 0 0 0 0 0 0 0 127 38 0 127 0 0 0
0 0 0 0 0 0 0 100 0 0 127 127 78 0 93 90 58 5 19 127 1 73 0 0 70 0
0 127 31 127 34 1 53.2314 98.6033 82.9339 0 0 0 0 32.4545 0 0 20.6529
0 40.3223 0 0 127 88 1 0 0 0 0 0 0 0 16 16 0 0 0 0 0 0 127 51 0;
egregore_data 0 0 127 0 0 127 0 0 0 0 0 0 0 0 0 127 38 0 127 0 0 0
0 0 0 0 0 0 0 100 0 0 127 127 78 0 93 90 58 5 19 127 1 73 0 0 70 0
0 127 31 127 34 1 53.2314 98.6033 82.9339 0 0 0 0 32.4545 0 0 20.6529
0 40.3223 0 0 127 88 1 0 0 0 0 0 0 0 16 16 0 0 0 0 0 0 127 51 0;
egregore_data 0 0 127 0 0 127 0 0 0 0 0 0 0 0 0 127 38 0 127 0 0 0
0 0 0 0 0 0 0 100 0 0 127 127 78 0 93 90 58 5 19 127 1 73 0 0 70 0
0 127 31 127 34 1 53.2314 98.6033 82.9339 0 0 0 0 32.4545 0 0 20.6529
0 40.3223 0 0 127 88 1 0 0 0 0 0 0 0 16 16 0 0 0 0 0 0 127 51 0;
egregore_data 0 0 127 0 0 127 0 0 0 0 0 0 0 0 0 127 38 0 127 0 0 0
0 0 0 0 0 0 0 100 0 0 127 127 78 0 93 90 58 5 19 127 1 73 0 0 70 0
0 127 32 127 34 1 53.2314 98.6033 82.9339 0 0 0 0 32.4545 0 0 20.6529
0 40.3223 0 0 127 88 1 0 0 0 0 0 0 0 16 16 0 0 0 0 0 0 127 51 0;
egregore_data 0 0 127 0 0 127 0 0 0 0 0 0 0 0 0 127 38 0 127 0 0 0
0 0 0 0 0 0 0 100 0 0 127 127 78 0 93 90 58 5 19 127 1 73 0 0 70 0
0 127 32 127 34 1 53.2314 98.6033 82.9339 0 0 0 0 32.4545 0 0 20.6529
0 40.3223 0 0 127 88 1 0 0 0 0 0 0 0 16 16 0 0 0 0 0 0 127 51 0;
egregore_data 0 0 127 0 0 127 0 0 0 0 0 0 0 0 0 127 38 0 127 0 0 0
0 0 0 0 0 0 0 100 0 0 127 127 78 0 93 90 58 5 19 127 1 73 0 0 70 0
0 127 32 127 34 1 53.2314 98.6033 82.9339 0 0 0 0 32.4545 0 0 20.6529
0 40.3223 0 0 127 88 1 0 0 0 0 0 0 0 16 16 0 0 0 0 0 0 127 51 0;
egregore_data 0 0 127 0 0 127 0 0 0 0 0 0 0 0 0 127 38 0 127 0 0 0
0 0 0 0 0 0 0 100 0 0 127 127 78 0 93 90 58 5 19 127 1 73 0 0 70 0
0 127 32 127 34 1 53.2314 98.6033 82.9339 0 0 0 0 32.4545 0 0 20.6529
0 40.3223 0 0 127 88 1 0 0 0 0 0 0 0 16 16 0 0 0 0 0 0 127 51 0;
egregore_data 0 0 127 0 0 127 0 0 0 0 0 0 0 0 0 127 38 0 127 0 0 0
0 0 0 0 0 0 0 100 0 0 127 127 78 0 93 90 58 5 19 127 1 73 0 0 70 0
0 127 32 127 34 1 53.2314 98.6033 82.9339 0 0 0 0 32.4545 0 0 20.6529
0 40.3223 0 0 127 88 1 0 0 0 0 0 0 0 16 16 0 0 0 0 0 0 127 51 0;
egregore_data 0 0 127 0 0 127 0 0 0 0 0 0 0 0 0 127 38 0 127 0 0 0
0 0 0 0 0 0 0 100 0 0 127 127 78 0 93 90 58 5 19 127 1 73 0 0 70 0
0 127 32 127 34 1 53.2314 98.6033 82.9339 0 0 0 0 32.4545 0 0 20.6529
0 40.3223 0 0 127 88 1 0 0 0 0 0 0 0 16 16 0 0 0 0 0 0 127 51 0;
egregore_data 0 0 127 0 0 127 0 0 0 0 0 0 0 0 0 127 38 0 127 0 0 0
0 0 0 0 0 0 0 100 0 0 127 127 78 0 93 90 58 5 19 127 1 73 0 0 70 0
0 127 32 127 34 1 53.2314 98.6033 82.9339 0 0 0 0 32.4545 0 0 20.6529
0 40.3223 0 0 127 88 1 0 0 0 0 0 0 0 16 16 0 0 0 0 0 0 127 51 0;
egregore_data 0 0 127 0 0 127 0 0 0 0 0 0 0 0 0 127 38 0 127 0 0 0
0 0 0 0 0 0 0 100 0 0 127 127 78 0 93 90 58 5 19 127 1 73 0 0 70 0
0 127 32 127 34 1 53.2314 98.6033 82.9339 0 0 0 0 32.4545 0 0 20.6529
0 40.3223 0 0 127 88 1 0 0 0 0 0 0 0 16 16 0 0 0 0 0 0 127 51 0;
egregore_data 0 0 127 0 0 127 0 0 0 0 0 0 0 0 0 127 38 0 127 0 0 0
0 0 0 0 0 0 0 100 0 0 127 127 78 0 93 90 58 5 19 127 1 73 0 0 70 0
0 127 32 127 34 1 53.2314 98.6033 82.9339 0 0 0 0 32.4545 0 0 20.6529
0 40.3223 0 0 127 88 1 0 0 0 0 0 0 0 16 16 0 0 0 0 0 0 127 51 0;
egregore_data 0 0 127 0 0 127 0 0 0 0 0 0 0 0 0 127 38 0 127 0 0 0
0 0 0 0 0 0 0 100 0 0 127 127 78 0 93 90 58 5 19 127 1 73 0 0 70 0
0 127 32 127 34 1 53.2314 98.6033 82.9339 0 0 0 0 32.4545 0 0 20.6529
0 40.3223 0 0 127 88 1 0 0 0 0 0 0 0 16 16 0 0 0 0 0 0 127 51 0;
egregore_data 0 0 127 0 0 127 0 0 0 0 0 0 0 0 0 127 38 0 127 0 0 0
0 0 0 0 0 0 0 100 0 0 127 127 78 0 93 90 58 5 19 127 1 73 0 0 70 0
0 127 32 127 34 1 53.2314 98.6033 82.9339 0 0 0 0 32.4545 0 0 20.6529
0 40.3223 0 0 127 88 1 0 0 0 0 0 0 0 16 16 0 0 0 0 0 0 127 51 0;
egregore_data 0 0 127 0 0 127 0 0 0 0 0 0 0 0 0 127 38 0 127 0 0 0
0 0 0 0 0 0 0 100 0 0 127 127 78 0 93 90 58 8 19 127 1 73 0 0 70 0
0 127 32 127 34 1 53.2314 98.6033 82.9339 0 0 0 0 32.4545 0 0 20.6529
0 40.3223 0 0 127 88 1 0 0 0 0 0 0 0 16 16 0 0 0 0 0 0 127 51 0;
egregore_data 0 0 127 0 0 127 0 0 0 0 0 0 0 0 0 127 38 0 127 0 0 0
0 0 0 0 0 0 0 100 0 0 127 127 78 0 93 90 58 8 19 127 1 73 0 0 70 0
0 127 32 127 34 1 53.2314 98.6033 82.9339 0 0 0 0 32.4545 0 0 20.6529
0 40.3223 0 0 127 88 1 0 0 0 0 0 0 0 16 16 0 0 0 0 0 0 127 51 0;
egregore_data 0 0 127 0 0 127 0 0 0 0 0 0 0 0 0 127 38 0 127 0 0 0
0 0 0 0 0 0 0 100 0 0 127 127 78 0 93 90 58 8 19 127 1 73 0 0 70 0
0 127 32 127 34 1 53.2314 98.6033 82.9339 0 0 0 0 32.4545 0 0 20.6529
0 40.3223 0 0 127 88 1 0 0 0 0 0 0 0 16 16 0 0 0 0 0 0 127 51 0;
egregore_data 0 0 127 0 0 127 0 0 0 0 0 0 0 0 0 127 38 0 127 0 0 0
0 0 0 0 0 0 0 100 0 0 127 127 78 0 93 90 58 8 19 127 1 73 0 0 70 0
0 127 32 127 34 1 53.2314 98.6033 82.9339 0 0 0 0 32.4545 0 0 20.6529
0 40.3223 0 0 127 88 1 0 0 0 0 0 0 0 16 16 0 0 0 0 0 0 127 51 0;
egregore_data 0 0 127 0 0 127 0 0 0 0 0 0 0 0 0 127 38 0 127 0 0 0
0 0 0 0 0 0 0 100 0 0 127 127 78 0 93 90 58 8 19 127 1 73 0 0 70 0
0 127 32 127 34 1 53.2314 98.6033 82.9339 0 0 0 0 32.4545 0 0 20.6529
0 40.3223 0 0 127 88 1 0 0 0 0 0 0 0 16 16 0 0 0 0 0 0 127 51 0;
egregore_data 0 0 127 0 0 127 0 0 0 0 0 0 0 0 0 127 38 0 127 0 0 0
0 0 0 0 0 0 0 100 0 0 127 127 78 0 93 90 58 9 19 127 1 73 0 0 70 0
0 127 33 127 34 1 53.2314 98.6033 82.9339 0 0 0 0 32.4545 0 0 20.6529
0 40.3223 0 0 127 88 1 0 0 0 0 0 0 0 16 16 0 0 0 0 0 0 127 51 0;
egregore_data 0 0 127 0 0 127 0 0 0 0 0 0 0 0 0 127 38 0 127 0 0 0
0 0 0 0 0 0 0 100 0 0 127 127 78 0 93 90 58 9 19 127 1 73 0 0 70 0
0 127 33 127 34 1 53.2314 98.6033 82.9339 0 0 0 0 32.4545 0 0 20.6529
0 40.3223 0 0 127 88 1 0 0 0 0 0 0 0 16 16 0 0 0 0 0 0 127 51 0;
egregore_data 0 0 127 0 0 127 0 0 0 0 0 0 0 0 0 127 38 0 127 0 0 0
0 0 0 0 0 0 0 100 0 0 127 127 78 0 93 90 58 9 19 127 1 73 0 0 70 0
0 127 33 127 34 1 53.2314 98.6033 82.9339 0 0 0 0 32.4545 0 0 20.6529
0 40.3223 0 0 127 88 1 0 0 0 0 0 0 0 16 16 0 0 0 0 0 0 127 51 0;
egregore_data 0 0 127 0 0 127 0 0 0 0 0 0 0 0 0 127 38 0 127 0 0 0
0 0 0 0 0 0 0 100 0 0 127 127 78 0 93 90 58 9 19 127 1 73 0 0 70 0
0 127 33 127 34 1 53.2314 98.6033 82.9339 0 0 0 0 32.4545 0 0 20.6529
0 40.3223 0 0 127 88 1 0 0 0 0 0 0 0 16 16 0 0 0 0 0 0 127 51 0;
egregore_data 0 0 127 0 0 127 0 0 0 0 0 0 0 0 0 127 38 0 127 0 0 0
0 0 0 0 0 0 0 100 0 0 127 127 78 0 93 90 58 9 19 127 1 73 0 0 70 0
0 127 33 127 34 1 53.2314 98.6033 82.9339 0 0 0 0 32.4545 0 0 20.6529
0 40.3223 0 0 127 88 1 0 0 0 0 0 0 0 16 16 0 0 0 0 0 0 127 51 0;
egregore_data 0 0 127 0 0 127 0 0 0 0 0 0 0 0 0 127 38 0 127 0 0 0
0 0 0 0 0 0 0 100 0 0 127 127 78 0 93 90 58 9 19 127 1 73 0 0 70 0
0 127 33 127 34 1 53.2314 98.6033 82.9339 0 0 0 0 32.4545 0 0 20.6529
0 40.3223 0 0 127 88 1 0 0 0 0 0 0 0 16 16 0 0 0 0 0 0 127 51 0;
egregore_data 0 0 127 0 0 127 0 0 0 0 0 0 0 0 0 127 38 0 127 0 0 0
0 0 0 0 0 0 0 100 0 0 127 127 78 0 93 90 58 9 19 127 1 73 0 0 70 0
0 127 33 127 34 1 53.2314 98.6033 82.9339 0 0 0 0 32.4545 0 0 20.6529
0 40.3223 0 0 127 88 1 0 0 0 0 0 0 0 16 16 0 0 0 0 0 0 127 51 0;
egregore_data 0 0 127 0 0 127 0 0 0 0 0 0 0 0 0 127 38 0 127 0 0 0
0 0 0 0 0 0 0 100 0 0 127 127 78 0 93 90 58 9 19 127 1 73 0 0 70 0
0 127 33 127 34 1 53.2314 98.6033 82.9339 0 0 0 0 32.4545 0 0 20.6529
0 40.3223 0 0 127 88 1 0 0 0 0 0 0 0 16 16 0 0 0 0 0 0 127 51 0;
egregore_data 0 0 127 0 0 127 0 0 0 0 0 0 0 0 0 127 38 0 127 0 0 0
0 0 0 0 0 0 0 100 0 0 127 127 78 0 93 90 58 9 19 127 1 73 0 0 70 0
0 127 33 127 34 1 53.2314 98.6033 82.9339 0 0 0 0 32.4545 0 0 20.6529
0 40.3223 0 0 127 88 1 0 0 0 0 0 0 0 16 16 0 0 0 0 0 0 127 51 0;
egregore_data 0 0 127 0 0 127 0 0 0 0 0 0 0 0 0 127 38 0 127 0 0 0
0 0 0 0 0 0 0 100 0 0 127 127 78 0 93 90 58 9 19 127 1 73 0 0 70 0
0 127 33 127 34 1 53.2314 98.6033 82.9339 0 0 0 0 32.4545 0 0 20.6529
0 40.3223 0 0 127 88 1 0 0 0 0 0 0 0 16 16 0 0 0 0 0 0 127 51 0;
egregore_data 0 0 127 0 0 127 0 0 0 0 0 0 0 0 0 127 38 0 127 0 0 0
0 0 0 0 0 0 0 100 0 0 127 127 78 0 93 90 58 9 19 127 1 73 0 0 70 0
0 127 33 127 34 1 53.2314 98.6033 82.9339 0 0 0 0 32.4545 0 0 20.6529
0 40.3223 0 0 127 88 1 0 0 0 0 0 0 0 16 16 0 0 0 0 0 0 127 51 0;
egregore_data 0 0 127 0 0 127 0 0 0 0 0 0 0 0 0 127 38 0 127 0 0 0
0 0 0 0 0 0 0 100 0 0 127 127 78 0 93 90 58 9 19 127 1 73 0 0 70 0
0 127 33 127 34 1 53.2314 98.6033 82.9339 0 0 0 0 32.4545 0 0 20.6529
0 40.3223 0 0 127 88 1 0 0 0 0 0 0 0 16 16 0 0 0 0 0 0 127 51 0;
egregore_data 0 0 127 0 0 127 0 0 0 0 0 0 0 0 0 127 38 0 127 0 0 0
0 0 0 0 0 0 0 100 0 0 127 127 78 0 93 90 58 9 19 127 1 73 0 0 70 0
0 127 33 127 34 1 53.2314 98.6033 82.9339 0 0 0 0 32.4545 0 0 20.6529
0 40.3223 0 0 127 88 1 0 0 0 0 0 0 0 16 16 0 0 0 0 0 0 127 51 0;
egregore_data 0 0 127 0 0 127 0 0 0 0 0 0 0 0 0 127 38 0 127 0 0 0
0 0 0 0 0 0 0 100 0 0 127 127 78 0 93 90 58 10 19 127 1 73 0 0 70 0
0 127 33 127 34 1 53.2314 98.6033 82.9339 0 0 0 0 32.4545 0 0 20.6529
0 40.3223 0 0 127 88 1 0 0 0 0 0 0 0 16 16 0 0 0 0 0 0 127 51 0;
egregore_data 0 0 127 0 0 127 0 0 0 0 0 0 0 0 0 127 38 0 127 0 0 0
0 0 0 0 0 0 0 100 0 0 127 127 78 0 93 90 58 10 19 127 1 73 0 0 70 0
0 127 33 127 34 1 53.2314 98.6033 82.9339 0 0 0 0 32.4545 0 0 20.6529
0 40.3223 0 0 127 88 1 0 0 0 0 0 0 0 16 16 0 0 0 0 0 0 127 51 0;
egregore_data 0 0 127 0 0 127 0 0 0 0 0 0 0 0 0 127 38 0 127 0 0 0
0 0 0 0 0 0 0 100 0 0 127 127 78 0 93 90 58 10 19 127 1 73 0 0 70 0
0 127 33 127 34 1 53.2314 98.6033 82.9339 0 0 0 0 32.4545 0 0 20.6529
0 40.3223 0 0 127 88 1 0 0 0 0 0 0 0 16 16 0 0 0 0 0 0 127 51 0;
egregore_data 0 0 127 0 0 127 0 0 0 0 0 0 0 0 0 127 38 0 127 0 0 0
0 0 0 0 0 0 0 100 0 0 127 127 78 0 93 90 58 10 19 127 1 73 0 0 70 0
0 127 33 127 34 1 53.2314 98.6033 82.9339 0 0 0 0 32.4545 0 0 20.6529
0 40.3223 0 0 127 88 1 0 0 0 0 0 0 0 16 16 0 0 0 0 0 0 127 51 0;
egregore_data 0 0 127 0 0 127 0 0 0 0 0 0 0 0 0 127 38 0 127 0 0 0
0 0 0 0 0 0 0 100 0 0 127 127 78 0 93 90 58 10 19 127 1 73 0 0 70 0
0 127 34 127 34 1 53.2314 98.6033 82.9339 0 0 0 0 32.4545 0 0 20.6529
0 40.3223 0 0 127 88 1 0 0 0 0 0 0 0 16 16 0 0 0 0 0 0 127 51 0;
egregore_data 0 0 127 0 0 127 0 0 0 0 0 0 0 0 0 127 38 0 127 0 0 0
0 0 0 0 0 0 0 100 0 0 127 127 78 0 93 90 58 10 19 127 1 73 0 0 70 0
0 127 34 127 34 1 53.2314 98.6033 82.9339 0 0 0 0 32.4545 0 0 20.6529
0 40.3223 0 0 127 88 1 0 0 0 0 0 0 0 16 16 0 0 0 0 0 0 127 51 0;
egregore_data 0 0 127 0 0 127 0 0 0 0 0 0 0 0 0 127 38 0 127 0 0 0
0 0 0 0 0 0 0 100 0 0 127 127 78 0 93 90 58 10 19 127 1 73 0 0 70 0
0 127 34 127 34 1 53.2314 98.6033 82.9339 0 0 0 0 32.4545 0 0 20.6529
0 40.3223 0 0 127 88 1 0 0 0 0 0 0 0 16 16 0 0 0 0 0 0 127 51 0;
egregore_data 0 0 127 0 0 127 0 0 0 0 0 0 0 0 0 127 38 0 127 0 0 0
0 0 0 0 0 0 0 100 0 0 127 127 78 0 93 90 58 11 19 127 1 73 0 0 70 0
0 127 34 127 34 1 53.2314 98.6033 82.9339 0 0 0 0 32.4545 0 0 20.6529
0 40.3223 0 0 127 88 1 0 0 0 0 0 0 0 16 16 0 0 0 0 0 0 127 51 0;
egregore_data 0 0 127 0 0 127 0 0 0 0 0 0 0 0 0 127 38 0 127 0 0 0
0 0 0 0 0 0 0 100 0 0 127 127 78 0 93 90 58 11 19 127 1 73 0 0 70 0
0 127 34 127 34 1 53.2314 98.6033 82.9339 0 0 0 0 32.4545 0 0 20.6529
0 40.3223 0 0 127 88 1 0 0 0 0 0 0 0 16 16 0 0 0 0 0 0 127 51 0;
egregore_data 0 0 127 0 0 127 0 0 0 0 0 0 0 0 0 127 38 0 127 0 0 0
0 0 0 0 0 0 0 100 0 0 127 127 78 0 93 90 58 11 19 127 1 73 0 0 70 0
0 127 34 127 34 1 53.2314 98.6033 82.9339 0 0 0 0 32.4545 0 0 20.6529
0 40.3223 0 0 127 88 1 0 0 0 0 0 0 0 16 16 0 0 0 0 0 0 127 51 0;
egregore_data 0 0 127 0 0 127 0 0 0 0 0 0 0 0 0 127 38 0 127 0 0 0
0 0 0 0 0 0 0 100 0 0 127 127 78 0 93 90 58 11 19 127 1 73 0 0 70 0
0 127 34 127 34 1 53.2314 98.6033 82.9339 0 0 0 0 32.4545 0 0 20.6529
0 40.3223 0 0 127 88 1 0 0 0 0 0 0 0 16 16 0 0 0 0 0 0 127 51 0;
egregore_data 0 0 127 0 0 127 0 0 0 0 0 0 0 0 0 127 38 0 127 0 0 0
0 0 0 0 0 0 0 100 0 0 127 127 78 0 93 90 58 11 19 127 1 73 0 0 70 0
0 127 34 127 34 1 53.2314 98.6033 82.9339 0 0 0 0 32.4545 0 0 20.6529
0 40.3223 0 0 127 88 1 0 0 0 0 0 0 0 16 16 0 0 0 0 0 0 127 51 0;
egregore_data 0 0 127 0 0 127 0 0 0 0 0 0 0 0 0 127 38 0 127 0 0 0
0 0 0 0 0 0 0 100 0 0 127 127 78 0 93 90 58 11 19 127 1 73 0 0 70 0
0 127 34 127 34 1 53.2314 98.6033 82.9339 0 0 0 0 32.4545 0 0 20.6529
0 40.3223 0 0 127 88 1 0 0 0 0 0 0 0 16 16 0 0 0 0 0 0 127 51 0;
egregore_data 0 0 127 0 0 127 0 0 0 0 0 0 0 0 0 127 38 0 127 0 0 0
0 0 0 0 0 0 0 100 0 0 127 127 78 0 93 90 58 11 19 127 1 73 0 0 70 0
0 127 34 127 34 1 53.2314 98.6033 82.9339 0 0 0 0 32.4545 0 0 20.6529
0 40.3223 0 0 127 88 1 0 0 0 0 0 0 0 16 16 0 0 0 0 0 0 127 51 0;
egregore_data 0 0 127 0 0 127 0 0 0 0 0 0 0 0 0 127 38 0 127 0 0 0
0 0 0 0 0 0 0 100 0 0 127 127 78 0 93 90 58 11 19 127 1 73 0 0 70 0
0 127 34 127 34 1 53.2314 98.6033 82.9339 0 0 0 0 32.4545 0 0 20.6529
0 40.3223 0 0 127 88 1 0 0 0 0 0 0 0 16 16 0 0 0 0 0 0 127 51 0;
egregore_data 0 0 127 0 0 127 0 0 0 0 0 0 0 0 0 127 38 0 127 0 0 0
0 0 0 0 0 0 0 100 0 0 127 127 78 0 93 90 58 11 19 127 1 73 0 0 70 0
0 127 34 127 34 1 53.2314 98.6033 82.9339 0 0 0 0 32.4545 0 0 20.6529
0 40.3223 0 0 127 88 1 0 0 0 0 0 0 0 16 16 0 0 0 0 0 0 127 51 0;
egregore_data 0 0 127 0 0 127 0 0 0 0 0 0 0 0 0 127 38 0 127 0 0 0
0 0 0 0 0 0 0 100 0 0 127 127 78 0 93 90 58 11 19 127 1 73 0 0 70 0
0 127 35 127 34 1 53.2314 98.6033 82.9339 0 0 0 0 32.4545 0 0 20.6529
0 40.3223 0 0 127 88 1 0 0 0 0 0 0 0 16 16 0 0 0 0 0 0 127 51 0;
egregore_data 0 0 127 0 0 127 0 0 0 0 0 0 0 0 0 127 38 0 127 0 0 0
0 0 0 0 0 0 0 100 0 0 127 127 78 0 93 90 58 11 19 127 1 73 0 0 70 0
0 127 35 127 34 1 53.2314 98.6033 82.9339 0 0 0 0 32.4545 0 0 20.6529
0 40.3223 0 0 127 88 1 0 0 0 0 0 0 0 16 16 0 0 0 0 0 0 127 51 0;
egregore_data 0 0 127 0 0 127 0 0 0 0 0 0 0 0 0 127 38 0 127 0 0 0
0 0 0 0 0 0 0 100 0 0 127 127 78 0 93 90 58 11 19 127 1 73 0 0 70 0
0 127 35 127 34 1 53.2314 98.6033 82.9339 0 0 0 0 32.4545 0 0 20.6529
0 40.3223 0 0 127 88 1 0 0 0 0 0 0 0 16 16 0 0 0 0 0 0 127 51 0;
egregore_data 0 0 127 0 0 127 0 0 0 0 0 0 0 0 0 127 38 0 127 0 0 0
0 0 0 0 0 0 0 100 0 0 127 127 78 0 93 90 58 11 19 127 1 73 0 0 70 0
0 127 35 127 34 1 53.2314 98.6033 82.9339 0 0 0 0 32.4545 0 0 20.6529
0 40.3223 0 0 127 88 1 0 0 0 0 0 0 0 16 16 0 0 0 0 0 0 127 51 0;
egregore_data 0 0 127 0 0 127 0 0 0 0 0 0 0 0 0 127 38 0 127 0 0 0
0 0 0 0 0 0 0 100 0 0 127 127 78 0 93 90 58 11 19 127 1 73 0 0 70 0
0 127 35 127 34 1 53.2314 98.6033 82.9339 0 0 0 0 32.4545 0 0 20.6529
0 40.3223 0 0 127 88 1 0 0 0 0 0 0 0 16 16 0 0 0 0 0 0 127 51 0;
egregore_data 0 0 127 0 0 127 0 0 0 0 0 0 0 0 0 127 38 0 127 0 0 0
0 0 0 0 0 0 0 100 0 0 127 127 78 0 93 90 58 11 19 127 1 73 0 0 70 0
0 127 35 127 34 1 53.2314 98.6033 82.9339 0 0 0 0 32.4545 0 0 20.6529
0 40.3223 0 0 127 88 1 0 0 0 0 0 0 0 16 16 0 0 0 0 0 0 127 51 0;
egregore_data 0 0 127 0 0 127 0 0 0 0 0 0 0 0 0 127 38 0 127 0 0 0
0 0 0 0 0 0 0 100 0 0 127 127 78 0 93 90 58 11 19 127 1 73 0 0 70 0
0 127 35 127 34 1 53.2314 98.6033 82.9339 0 0 0 0 32.4545 0 0 20.6529
0 40.3223 0 0 127 88 1 0 0 0 0 0 0 0 16 16 0 0 0 0 0 0 127 51 0;
egregore_data 0 0 127 0 0 127 0 0 0 0 0 0 0 0 0 127 38 0 127 0 0 0
0 0 0 0 0 0 0 100 0 0 127 127 78 0 93 90 58 11 19 127 1 73 0 0 70 0
0 127 35 127 34 1 53.2314 98.6033 82.9339 0 0 0 0 32.4545 0 0 20.6529
0 40.3223 0 0 127 88 1 0 0 0 0 0 0 0 16 16 0 0 0 0 0 0 127 51 0;
egregore_data 0 0 127 0 0 127 0 0 0 0 0 0 0 0 0 127 38 0 127 0 0 0
0 0 0 0 0 0 0 100 0 0 127 127 78 0 93 90 58 11 19 127 1 73 0 0 70 0
0 127 35 127 34 1 53.2314 98.6033 82.9339 0 0 0 0 32.4545 0 0 20.6529
0 40.3223 0 0 127 88 1 0 0 0 0 0 0 0 16 16 0 0 0 0 0 0 127 51 0;
egregore_data 0 0 127 0 0 127 0 0 0 0 0 0 0 0 0 127 38 0 127 0 0 0
0 0 0 0 0 0 0 100 0 0 127 127 78 0 93 90 58 11 19 127 1 73 0 0 70 0
0 127 35 127 34 1 53.2314 98.6033 82.9339 0 0 0 0 32.4545 0 0 20.6529
0 40.3223 0 0 127 88 1 0 0 0 0 0 0 0 16 16 0 0 0 0 0 0 127 51 0;
END;
