HTTP/1.1 200 OK
Date: Thu, 28 May 2015 12:31:03 GMT
Server: Apache
Last-Modified: Wed, 27 May 2015 19:04:22 GMT
Accept-Ranges: bytes
Content-Length: 24809
Vary: Accept-Encoding
Connection: close
Content-Type: text/plain

chdh_egregore_live_data;
egregore_data 123 127 0 121 121 0 113 0 0 0 0 0 0 0 0 127 38 1 25.7677
0 0 0 0 0 0 0 0 6 0 127 0 0 7.73032 127 78 1 0 0 127 0 0 30 127 0 0
0 70 0 0 0 0 127 34 0 53 99 83 0 0 0 0 32 0 0 21 0 40 0 0 127 88 0
0 0 0 0 0 0 0 16 16 0 0 0 0 0 0 127 51 0;
egregore_data 123 127 0 121 121 0 112 0 0 0 0 0 0 0 0 127 38 1 25.7677
0 0 0 0 0 0 0 0 6 0 127 0 0 7.73032 127 78 1 0 0 127 0 0 30 127 0 0
0 70 0 0 0 0 127 34 0 53 99 83 0 0 0 0 32 0 0 21 0 40 0 0 127 88 0
0 0 0 0 0 0 0 16 16 0 0 0 0 0 0 127 51 0;
egregore_data 123 127 0 121 121 0 112 0 0 0 0 0 0 0 0 127 38 1 25.7677
0 0 0 0 0 0 0 0 6 0 127 0 0 7.73032 127 78 1 0 0 127 0 0 30 127 0 0
0 70 0 0 0 0 127 34 0 53 99 83 0 0 0 0 32 0 0 21 0 40 0 0 127 88 0
0 0 0 0 0 0 0 16 16 0 0 0 0 0 0 127 51 0;
egregore_data 123 127 0 121 121 0 112 0 0 0 0 0 0 0 0 127 38 1 25.7677
0 0 0 0 0 0 0 0 6 0 127 0 0 7.73032 127 78 1 0 0 127 0 0 30 127 0 0
0 70 0 0 0 0 127 34 0 53 99 83 0 0 0 0 32 0 0 21 0 40 0 0 127 88 0
0 0 0 0 0 0 0 16 16 0 0 0 0 0 0 127 51 0;
egregore_data 123 127 0 121 121 0 112 0 0 0 0 0 0 0 0 127 38 1 25.7677
0 0 0 0 0 0 0 0 6 0 127 0 0 7.73032 127 78 1 0 0 127 0 0 30 127 0 0
0 70 0 0 0 0 127 34 0 53 99 83 0 0 0 0 32 0 0 21 0 40 0 0 127 88 0
0 0 0 0 0 0 0 16 16 0 0 0 0 0 0 127 51 0;
egregore_data 123 127 0 121 121 0 112 0 0 0 0 0 0 0 0 127 38 1 26.939
0 0 0 0 0 0 0 0 6 0 127 0 0 8.08169 127 78 1 0 0 127 0 0 30 127 0 0
0 70 0 0 0 0 127 34 0 53 99 83 0 0 0 0 32 0 0 21 0 40 0 0 127 88 0
0 0 0 0 0 0 0 16 16 0 0 0 0 0 0 127 51 0;
egregore_data 123 127 0 121 121 0 112 0 0 0 0 0 0 0 0 127 38 1 30.4528
0 0 0 0 0 0 0 0 6 0 127 0 0 9.13583 127 78 1 0 0 127 0 0 30 127 0 0
0 70 0 0 0 0 127 34 0 53 99 83 0 0 0 0 32 0 0 21 0 40 0 0 127 88 0
0 0 0 0 0 0 0 16 16 0 0 0 0 0 0 127 51 0;
egregore_data 123 127 0 121 121 0 112 0 0 0 0 0 0 0 0 127 38 1 30.4528
0 0 0 0 0 0 0 0 6 0 127 0 0 9.13583 127 78 1 0 0 127 0 0 30 127 0 0
0 70 0 0 0 0 127 34 0 53 99 83 0 0 0 0 32 0 0 21 0 40 0 0 127 88 0
0 0 0 0 0 0 0 16 16 0 0 0 0 0 0 127 51 0;
egregore_data 123 127 0 121 121 0 112 0 0 0 0 0 0 0 0 127 38 1 31.624
0 0 0 0 0 0 0 0 6 0 127 0 0 9.4872 127 78 1 0 0 127 0 0 30 127 0 0
0 70 0 0 0 0 127 34 0 53 99 83 0 0 0 0 32 0 0 21 0 40 0 0 127 88 0
0 0 0 0 0 0 0 16 16 0 0 0 0 0 0 127 51 0;
egregore_data 123 127 0 121 121 0 112 0 0 0 0 0 0 0 0 127 38 1 31.624
0 0 0 0 0 0 0 0 6 0 127 0 0 9.4872 127 78 1 0 0 127 0 0 30 127 0 0
0 70 0 0 0 0 127 34 0 53 99 83 0 0 0 0 32 0 0 21 0 40 0 0 127 88 0
0 0 0 0 0 0 0 16 16 0 0 0 0 0 0 127 51 0;
egregore_data 123 127 0 121 121 0 112 0 0 0 0 0 0 0 0 127 38 1 31.624
0 0 0 0 0 0 0 0 6 0 127 0 0 9.4872 127 78 1 0 0 127 0 0 30 127 0 0
0 70 0 0 0 0 127 34 0 53 99 83 0 0 0 0 32 0 0 21 0 40 0 0 127 88 0
0 0 0 0 0 0 0 16 16 0 0 0 0 0 0 127 51 0;
egregore_data 123 127 0 121 121 0 111 0 0 0 0 0 0 0 0 127 38 1 31.624
0 0 0 0 0 0 0 0 6 0 127 0 0 9.4872 127 78 1 0 0 127 0 0 30 127 0 0
0 70 0 0 0 0 127 34 0 53 99 83 0 0 0 0 32 0 0 21 0 40 0 0 127 88 0
0 0 0 0 0 0 0 16 16 0 0 0 0 0 0 127 51 0;
egregore_data 123 127 0 121 121 0 111 0 0 0 0 0 0 0 0 127 38 1 31.624
0 0 0 0 0 0 0 0 6 0 127 0 0 9.4872 127 78 1 0 0 127 0 0 30 127 0 0
0 70 0 0 0 0 127 34 0 53 99 83 0 0 0 0 32 0 0 21 0 40 0 0 127 88 0
0 0 0 0 0 0 0 16 16 0 0 0 0 0 0 127 51 0;
egregore_data 123 127 0 121 121 0 111 0 0 0 0 0 0 0 0 127 38 1 31.624
0 0 0 0 0 0 0 0 6 0 127 0 0 9.4872 127 78 1 0 0 127 0 0 30 127 0 0
0 70 0 0 0 0 127 34 0 53 99 83 0 0 0 0 32 0 0 21 0 40 0 0 127 88 0
0 0 0 0 0 0 0 16 16 0 0 0 0 0 0 127 51 0;
egregore_data 123 127 0 121 121 0 111 0 0 0 0 0 0 0 0 127 38 1 32.7953
0 0 0 0 0 0 0 0 6 0 127 0 0 9.83858 127 78 1 0 0 127 0 0 30 127 0 0
0 70 0 0 0 0 127 34 0 53 99 83 0 0 0 0 32 0 0 21 0 40 0 0 127 88 0
0 0 0 0 0 0 0 16 16 0 0 0 0 0 0 127 51 0;
egregore_data 123 127 0 121 121 0 111 0 0 0 0 0 0 0 0 127 38 1 32.7953
0 0 0 0 0 0 0 0 6 0 127 0 0 9.83858 127 78 1 0 0 127 0 0 30 127 0 0
0 70 0 0 0 0 127 34 0 53 99 83 0 0 0 0 32 0 0 21 0 40 0 0 127 88 0
0 0 0 0 0 0 0 16 16 0 0 0 0 0 0 127 51 0;
egregore_data 123 127 0 121 121 0 111 0 0 0 0 0 0 0 0 127 38 1 32.7953
0 0 0 0 0 0 0 0 6 0 127 0 0 9.83858 127 78 1 0 0 127 0 0 30 127 0 0
0 70 0 0 0 0 127 34 0 53 99 83 0 0 0 0 32 0 0 21 0 40 0 0 127 88 0
0 0 0 0 0 0 0 16 16 0 0 0 0 0 0 127 51 0;
egregore_data 123 127 0 121 121 0 111 0 0 0 0 0 0 0 0 127 38 1 32.7953
0 0 0 0 0 0 0 0 6 0 127 0 0 9.83858 127 78 1 0 0 127 0 0 30 127 0 0
0 70 0 0 0 0 127 34 0 53 99 83 0 0 0 0 32 0 0 21 0 40 0 0 127 88 0
0 0 0 0 0 0 0 16 16 0 0 0 0 0 0 127 51 0;
egregore_data 123 127 0 121 121 0 111 0 0 0 0 0 0 0 0 127 38 1 33.9665
0 0 0 0 0 0 0 0 6 0 127 0 0 10.19 127 78 1 0 0 127 0 0 30 127 0 0 0
70 0 0 0 0 127 34 0 53 99 83 0 0 0 0 32 0 0 21 0 40 0 0 127 88 0 0
0 0 0 0 0 0 16 16 0 0 0 0 0 0 127 51 0;
egregore_data 123 127 0 121 121 0 111 0 0 0 0 0 0 0 0 127 38 1 33.9665
0 0 0 0 0 0 0 0 6 0 127 0 0 10.19 127 78 1 0 0 127 0 0 30 127 0 0 0
70 0 0 0 0 127 34 0 53 99 83 0 0 0 0 32 0 0 21 0 40 0 0 127 88 0 0
0 0 0 0 0 0 16 16 0 0 0 0 0 0 127 51 0;
egregore_data 123 127 0 121 121 0 111 0 0 0 0 0 0 0 0 127 38 1 33.9665
0 0 0 0 0 0 0 0 6 0 127 0 0 10.19 127 78 1 0 0 127 0 0 30 127 0 0 0
70 0 0 0 0 127 34 0 53 99 83 0 0 0 0 32 0 0 21 0 40 0 0 127 88 0 0
0 0 0 0 0 0 16 16 0 0 0 0 0 0 127 51 0;
egregore_data 123 127 0 121 121 0 111 0 0 0 0 0 0 0 0 127 38 1 33.9665
0 0 0 0 0 0 0 0 6 0 127 0 0 10.19 127 78 1 0 0 127 0 0 30 127 0 0 0
70 0 0 0 0 127 34 0 53 99 83 0 0 0 0 32 0 0 21 0 40 0 0 127 88 0 0
0 0 0 0 0 0 16 16 0 0 0 0 0 0 127 51 0;
egregore_data 123 127 0 121 121 0 111 0 0 0 0 0 0 0 0 127 38 1 35.1378
0 0 0 0 0 0 0 0 6 0 127 0 0 10.5413 127 78 1 0 0 127 0 0 30 127 0 0
0 70 0 0 0 0 127 34 0 53 99 83 0 0 0 0 32 0 0 21 0 40 0 0 127 88 0
0 0 0 0 0 0 0 16 16 0 0 0 0 0 0 127 51 0;
egregore_data 123 127 0 121 121 0 111 0 0 0 0 0 0 0 0 127 38 1 35.1378
0 0 0 0 0 0 0 0 6 0 127 0 0 10.5413 127 78 1 0 0 127 0 0 30 127 0 0
0 70 0 0 0 0 127 34 0 53 99 83 0 0 0 0 32 0 0 21 0 40 0 0 127 88 0
0 0 0 0 0 0 0 16 16 0 0 0 0 0 0 127 51 0;
egregore_data 123 127 0 121 121 0 111 0 0 0 0 0 0 0 0 127 38 1 35.1378
0 0 0 0 0 0 0 0 6 0 127 0 0 10.5413 127 78 1 0 0 127 0 0 30 127 0 0
0 70 0 0 0 0 127 34 0 53 99 83 0 0 0 0 32 0 0 21 0 40 0 0 127 88 0
0 0 0 0 0 0 0 16 16 0 0 0 0 0 0 127 51 0;
egregore_data 123 127 0 121 121 0 110 0 0 0 0 0 0 0 0 127 38 1 35.1378
0 0 0 0 0 0 0 0 6 0 127 0 0 10.5413 127 78 1 0 0 127 0 0 30 127 0 0
0 70 0 0 0 0 127 34 0 53 99 83 0 0 0 0 32 0 0 21 0 40 0 0 127 88 0
0 0 0 0 0 0 0 16 16 0 0 0 0 0 0 127 51 0;
egregore_data 123 127 0 121 121 0 110 0 0 0 0 0 0 0 0 127 38 1 35.1378
0 0 0 0 0 0 0 0 6 0 127 0 0 10.5413 127 78 1 0 0 127 0 0 30 127 0 0
0 70 0 0 0 0 127 34 0 53 99 83 0 0 0 0 32 0 0 21 0 40 0 0 127 88 0
0 0 0 0 0 0 0 16 16 0 0 0 0 0 0 127 51 0;
egregore_data 123 127 0 121 121 0 110 0 0 0 0 0 0 0 0 127 38 1 35.1378
0 0 0 0 0 0 0 0 6 0 127 0 0 10.5413 127 78 1 0 0 127 0 0 30 127 0 0
0 70 0 0 0 0 127 34 0 53 99 83 0 0 0 0 32 0 0 21 0 40 0 0 127 88 0
0 0 0 0 0 0 0 16 16 0 0 0 0 0 0 127 51 0;
egregore_data 123 127 0 121 121 0 110 0 0 0 0 0 0 0 0 127 38 1 35.1378
0 0 0 0 0 0 0 0 6 0 127 0 0 10.5413 127 78 1 0 0 127 0 0 30 127 0 0
0 70 0 0 0 0 127 34 0 53 99 83 0 0 0 0 32 0 0 21 0 40 0 0 127 88 0
0 0 0 0 0 0 0 16 16 0 0 0 0 0 0 127 51 0;
egregore_data 123 127 0 121 121 0 110 0 0 0 0 0 0 0 0 127 38 1 35.1378
0 0 0 0 0 0 0 0 6 0 127 0 0 10.5413 127 78 1 0 0 127 0 0 30 127 0 0
0 70 0 0 0 0 127 34 0 53 99 83 0 0 0 0 32 0 0 21 0 40 0 0 127 88 0
0 0 0 0 0 0 0 16 16 0 0 0 0 0 0 127 51 0;
egregore_data 123 127 0 121 121 0 110 0 0 0 0 0 0 0 0 127 38 1 35.1378
0 0 0 0 0 0 0 0 6 0 127 0 0 10.5413 127 78 1 0 0 127 0 0 30 127 0 0
0 70 0 0 0 0 127 34 0 53 99 83 0 0 0 0 32 0 0 21 0 40 0 0 127 88 0
0 0 0 0 0 0 0 16 16 0 0 0 0 0 0 127 51 0;
egregore_data 123 127 0 121 121 0 110 0 0 0 0 0 0 0 0 127 38 1 35.1378
0 0 0 0 0 0 0 0 6 0 127 0 0 10.5413 127 78 1 0 0 127 0 0 30 127 0 0
0 70 0 0 0 0 127 34 0 53 99 83 0 0 0 0 32 0 0 21 0 40 0 0 127 88 0
0 0 0 0 0 0 0 16 16 0 0 0 0 0 0 127 51 0;
egregore_data 123 127 0 121 121 0 109 0 0 0 0 0 0 0 0 127 38 1 35.1378
0 0 0 0 0 0 0 0 6 0 127 0 0 10.5413 127 78 1 0 0 127 0 0 30 127 0 0
0 70 0 0 0 0 127 34 0 53 99 83 0 0 0 0 32 0 0 21 0 40 0 0 127 88 0
0 0 0 0 0 0 0 16 16 0 0 0 0 0 0 127 51 0;
egregore_data 123 127 0 121 121 0 109 0 0 0 0 0 0 0 0 127 38 1 35.1378
0 0 0 0 0 0 0 0 6 0 127 0 0 10.5413 127 78 1 0 0 127 0 0 30 127 0 0
0 70 0 0 0 0 127 34 0 53 99 83 0 0 0 0 32 0 0 21 0 40 0 0 127 88 0
0 0 0 0 0 0 0 16 16 0 0 0 0 0 0 127 51 0;
egregore_data 123 127 0 121 121 0 109 0 0 0 0 0 0 0 0 127 38 1 35.1378
0 0 0 0 0 0 0 0 6 0 127 0 0 10.5413 127 78 1 0 0 127 0 0 30 127 0 0
0 70 0 0 0 0 127 34 0 53 99 83 0 0 0 0 32 0 0 21 0 40 0 0 127 88 0
0 0 0 0 0 0 0 16 16 0 0 0 0 0 0 127 51 0;
egregore_data 123 127 0 121 121 0 109 0 0 0 0 0 0 0 0 127 38 1 37.4803
0 0 0 0 0 0 0 0 6 0 127 0 0 11.2441 127 78 1 0 0 127 0 0 30 127 0 0
0 70 0 0 0 0 127 34 0 53 99 83 0 0 0 0 32 0 0 21 0 40 0 0 127 88 0
0 0 0 0 0 0 0 16 16 0 0 0 0 0 0 127 51 0;
egregore_data 123 127 0 121 121 0 109 0 0 0 0 0 0 0 0 127 38 1 37.4803
0 0 0 0 0 0 0 0 6 0 127 0 0 11.2441 127 78 1 0 0 127 0 0 30 127 0 0
0 70 0 0 0 0 127 34 0 53 99 83 0 0 0 0 32 0 0 21 0 40 0 0 127 88 0
0 0 0 0 0 0 0 16 16 0 0 0 0 0 0 127 51 0;
egregore_data 123 127 0 121 121 0 109 0 0 0 0 0 0 0 0 127 38 1 37.4803
0 0 0 0 0 0 0 0 6 0 127 0 0 11.2441 127 78 1 0 0 127 0 0 30 127 0 0
0 70 0 0 0 0 127 34 0 53 99 83 0 0 0 0 32 0 0 21 0 40 0 0 127 88 0
0 0 0 0 0 0 0 16 16 0 0 0 0 0 0 127 51 0;
egregore_data 123 127 0 121 121 0 109 0 0 0 0 0 0 0 0 127 38 1 37.4803
0 0 0 0 0 0 0 0 6 0 127 0 0 11.2441 127 78 1 0 0 127 0 0 30 127 0 0
0 70 0 0 0 0 127 34 0 53 99 83 0 0 0 0 32 0 0 21 0 40 0 0 127 88 0
0 0 0 0 0 0 0 16 16 0 0 0 0 0 0 127 51 0;
egregore_data 123 127 0 121 121 0 109 0 0 0 0 0 0 0 0 127 38 1 37.4803
0 0 0 0 0 0 0 0 6 0 127 0 0 11.2441 127 78 1 0 0 127 0 0 30 127 0 0
0 70 0 0 0 0 127 34 0 53 99 83 0 0 0 0 32 0 0 21 0 40 0 0 127 88 0
0 0 0 0 0 0 0 16 16 0 0 0 0 0 0 127 51 0;
egregore_data 123 127 0 121 121 0 109 0 0 0 0 0 0 0 0 127 38 1 37.4803
0 0 0 0 0 0 0 0 6 0 127 0 0 11.2441 127 78 1 0 0 127 0 0 30 127 0 0
0 70 0 0 0 0 127 34 0 53 99 83 0 0 0 0 32 0 0 21 0 40 0 0 127 88 0
0 0 0 0 0 0 0 16 16 0 0 0 0 0 0 127 51 0;
egregore_data 123 127 0 121 121 0 109 0 0 0 0 0 0 0 0 127 38 1 37.4803
0 0 0 0 0 0 0 0 6 0 127 0 0 11.2441 127 78 1 0 0 127 0 0 30 127 0 0
0 70 0 0 0 0 127 34 0 53 99 83 0 0 0 0 32 0 0 21 0 40 0 0 127 88 0
0 0 0 0 0 0 0 16 16 0 0 0 0 0 0 127 51 0;
egregore_data 123 127 0 121 121 0 108 0 0 0 0 0 0 0 0 127 38 1 38.6516
0 0 0 0 0 0 0 0 6 0 127 0 0 11.5955 127 78 1 0 0 127 0 0 30 127 0 0
0 70 0 0 0 0 127 34 0 53 99 83 0 0 0 0 32 0 0 21 0 40 0 0 127 88 0
0 0 0 0 0 0 0 16 16 0 0 0 0 0 0 127 51 0;
egregore_data 123 127 0 121 121 0 108 0 0 0 0 0 0 0 0 127 38 1 38.6516
0 0 0 0 0 0 0 0 6 0 127 0 0 11.5955 127 78 1 0 0 127 0 0 30 127 0 0
0 70 0 0 0 0 127 34 0 53 99 83 0 0 0 0 32 0 0 21 0 40 0 0 127 88 0
0 0 0 0 0 0 0 16 16 0 0 0 0 0 0 127 51 0;
egregore_data 123 127 0 121 121 0 108 0 0 0 0 0 0 0 0 127 38 1 38.6516
0 0 0 0 0 0 0 0 6 0 127 0 0 11.5955 127 78 1 0 0 127 0 0 30 127 0 0
0 70 0 0 0 0 127 34 0 53 99 83 0 0 0 0 32 0 0 21 0 40 0 0 127 88 0
0 0 0 0 0 0 0 16 16 0 0 0 0 0 0 127 51 0;
egregore_data 123 127 0 121 121 0 108 0 0 0 0 0 0 0 0 127 38 1 38.6516
0 0 0 0 0 0 0 0 6 0 127 0 0 11.5955 127 78 1 0 0 127 0 0 30 127 0 0
0 70 0 0 0 0 127 34 0 53 99 83 0 0 0 0 32 0 0 21 0 40 0 0 127 88 0
0 0 0 0 0 0 0 16 16 0 0 0 0 0 0 127 51 0;
egregore_data 123 127 0 121 121 0 108 0 0 0 0 0 0 0 0 127 38 1 38.6516
0 0 0 0 0 0 0 0 6 0 127 0 0 11.5955 127 78 1 0 0 127 0 0 30 127 0 0
0 70 0 0 0 0 127 34 0 53 99 83 0 0 0 0 32 0 0 21 0 40 0 0 127 88 0
0 0 0 0 0 0 0 16 16 0 0 0 0 0 0 127 51 0;
egregore_data 123 127 0 121 121 0 108 0 0 0 0 0 0 0 0 127 38 1 38.6516
0 0 0 0 0 0 0 0 6 0 127 0 0 11.5955 127 78 1 0 0 127 0 0 30 127 0 0
0 70 0 0 0 0 127 34 0 53 99 83 0 0 0 0 32 0 0 21 0 40 0 0 127 88 0
0 0 0 0 0 0 0 16 16 0 0 0 0 0 0 127 51 0;
egregore_data 123 127 0 121 121 0 106 0 0 0 0 0 0 0 0 127 38 1 39.8228
0 0 0 0 0 0 0 0 6 0 127 0 0 11.9468 127 78 1 0 0 127 0 0 30 127 0 0
0 70 0 0 0 0 127 34 0 53 99 83 0 0 0 0 32 0 0 21 0 40 0 0 127 88 0
0 0 0 0 0 0 0 16 16 0 0 0 0 0 0 127 51 0;
egregore_data 123 127 0 121 121 0 106 0 0 0 0 0 0 0 0 127 38 1 39.8228
0 0 0 0 0 0 0 0 6 0 127 0 0 11.9468 127 78 1 0 0 127 0 0 30 127 0 0
0 70 0 0 0 0 127 34 0 53 99 83 0 0 0 0 32 0 0 21 0 40 0 0 127 88 0
0 0 0 0 0 0 0 16 16 0 0 0 0 0 0 127 51 0;
egregore_data 123 127 0 121 121 0 106 0 0 0 0 0 0 0 0 127 38 1 38.6516
0 0 0 0 0 0 0 0 6 0 127 0 0 11.5955 127 78 1 0 0 127 0 0 30 127 0 0
0 70 0 0 0 0 127 34 0 53 99 83 0 0 0 0 32 0 0 21 0 40 0 0 127 88 0
0 0 0 0 0 0 0 16 16 0 0 0 0 0 0 127 51 0;
egregore_data 123 127 0 121 121 0 106 0 0 0 0 0 0 0 0 127 38 1 38.6516
0 0 0 0 0 0 0 0 6 0 127 0 0 11.5955 127 78 1 0 0 127 0 0 30 127 0 0
0 70 0 0 0 0 127 34 0 53 99 83 0 0 0 0 32 0 0 21 0 40 0 0 127 88 0
0 0 0 0 0 0 0 16 16 0 0 0 0 0 0 127 51 0;
egregore_data 123 127 0 121 121 0 106 0 0 0 0 0 0 0 0 127 38 1 38.6516
0 0 0 0 0 0 0 0 6 0 127 0 0 11.5955 127 78 1 0 0 127 0 0 30 127 0 0
0 70 0 0 0 0 127 34 0 53 99 83 0 0 0 0 32 0 0 21 0 40 0 0 127 88 0
0 0 0 0 0 0 0 16 16 0 0 0 0 0 0 127 51 0;
egregore_data 123 127 0 121 121 0 106 0 0 0 0 0 0 0 0 127 38 1 38.6516
0 0 0 0 0 0 0 0 6 0 127 0 0 11.5955 127 78 1 0 0 127 0 0 30 127 0 0
0 70 0 0 0 0 127 34 0 53 99 83 0 0 0 0 32 0 0 21 0 40 0 0 127 88 0
0 0 0 0 0 0 0 16 16 0 0 0 0 0 0 127 51 0;
egregore_data 123 127 0 121 121 0 106 0 0 0 0 0 0 0 0 127 38 1 38.6516
0 0 0 0 0 0 0 0 6 0 127 0 0 11.5955 127 78 1 0 0 127 0 0 30 127 0 0
0 70 0 0 0 0 127 34 0 53 99 83 0 0 0 0 32 0 0 21 0 40 0 0 127 88 0
0 0 0 0 0 0 0 16 16 0 0 0 0 0 0 127 51 0;
egregore_data 123 127 0 121 121 0 106 0 0 0 0 0 0 0 0 127 38 1 38.6516
0 0 0 0 0 0 0 0 6 0 127 0 0 11.5955 127 78 1 0 0 127 0 0 30 127 0 0
0 70 0 0 0 0 127 34 0 53 99 83 0 0 0 0 32 0 0 21 0 40 0 0 127 88 0
0 0 0 0 0 0 0 16 16 0 0 0 0 0 0 127 51 0;
egregore_data 123 127 0 121 121 0 106 0 0 0 0 0 0 0 0 127 38 1 38.6516
0 0 0 0 0 0 0 0 6 0 127 0 0 11.5955 127 78 1 0 0 127 0 0 30 127 0 0
0 70 0 0 0 0 127 34 0 53 99 83 0 0 0 0 32 0 0 21 0 40 0 0 127 88 0
0 0 0 0 0 0 0 16 16 0 0 0 0 0 0 127 51 0;
egregore_data 123 127 0 121 121 0 106 0 0 0 0 0 0 0 0 127 38 1 38.6516
0 0 0 0 0 0 0 0 6 0 127 0 0 11.5955 127 78 1 0 0 127 0 0 30 127 0 0
0 70 0 0 0 0 127 34 0 53 99 83 0 0 0 0 32 0 0 21 0 40 0 0 127 88 0
0 0 0 0 0 0 0 16 16 0 0 0 0 0 0 127 51 0;
egregore_data 123 127 0 121 121 0 106 0 0 0 0 0 0 0 0 127 38 1 38.6516
0 0 0 0 0 0 0 0 6 0 127 0 0 11.5955 127 78 1 0 0 127 0 0 30 127 0 0
0 70 0 0 0 0 127 34 0 53 99 83 0 0 0 0 32 0 0 21 0 40 0 0 127 88 0
0 0 0 0 0 0 0 16 16 0 0 0 0 0 0 127 51 0;
egregore_data 123 127 0 119 121 0 106 0 0 0 0 0 0 0 0 127 38 1 38.6516
0 0 0 0 0 0 0 0 6 0 127 0 0 11.5955 127 78 1 0 0 127 0 0 30 127 0 0
0 70 0 0 0 0 127 34 0 53 99 83 0 0 0 0 32 0 0 21 0 40 0 0 127 88 0
0 0 0 0 0 0 0 16 16 0 0 0 0 0 0 127 51 0;
egregore_data 123 127 0 119 119 0 106 0 0 0 0 0 0 0 0 127 38 1 38.6516
0 0 0 0 0 0 0 0 6 0 127 0 0 11.5955 127 78 1 0 0 127 0 0 30 127 0 0
0 70 0 0 0 0 127 34 0 53 99 83 0 0 0 0 32 0 0 21 0 40 0 0 127 88 0
0 0 0 0 0 0 0 16 16 0 0 0 0 0 0 127 51 0;
egregore_data 123 127 0 119 119 0 106 0 0 0 0 0 0 0 0 127 38 1 38.6516
0 0 0 0 0 0 0 0 6 0 127 0 0 11.5955 127 78 1 0 0 127 0 0 30 127 0 0
0 70 0 0 0 0 127 34 0 53 99 83 0 0 0 0 32 0 0 21 0 40 0 0 127 88 0
0 0 0 0 0 0 0 16 16 0 0 0 0 0 0 127 51 0;
egregore_data 123 127 0 119 119 0 106 0 0 0 0 0 0 0 0 127 38 1 39.8228
0 0 0 0 0 0 0 0 6 0 127 0 0 11.9468 127 78 1 0 0 127 0 0 30 127 0 0
0 70 0 0 0 0 127 34 0 53 99 83 0 0 0 0 32 0 0 21 0 40 0 0 127 88 0
0 0 0 0 0 0 0 16 16 0 0 0 0 0 0 127 51 0;
egregore_data 123 127 0 119 119 0 106 0 0 0 0 0 0 0 0 127 38 1 40.9941
0 0 0 0 0 0 0 0 6 0 127 0 0 12.2982 127 78 1 0 0 127 0 0 30 127 0 0
0 70 0 0 0 0 127 34 0 53 99 83 0 0 0 0 32 0 0 21 0 40 0 0 127 88 0
0 0 0 0 0 0 0 16 16 0 0 0 0 0 0 127 51 0;
egregore_data 123 127 0 119 118 0 105 0 0 0 0 0 0 0 0 127 38 1 40.9941
0 0 0 0 0 0 0 0 6 0 127 0 0 12.2982 127 78 1 0 0 127 0 0 30 127 0 0
0 70 0 0 0 0 127 34 0 53 99 83 0 0 0 0 32 0 0 21 0 40 0 0 127 88 0
0 0 0 0 0 0 0 16 16 0 0 0 0 0 0 127 51 0;
egregore_data 123 127 0 119 118 0 105 0 0 0 0 0 0 0 0 127 38 1 40.9941
0 0 0 0 0 0 0 0 6 0 127 0 0 12.2982 127 78 1 0 0 127 0 0 30 127 0 0
0 70 0 0 0 0 127 34 0 53 99 83 0 0 0 0 32 0 0 21 0 40 0 0 127 88 0
0 0 0 0 0 0 0 16 16 0 0 0 0 0 0 127 51 0;
egregore_data 123 127 0 119 118 0 105 0 0 0 0 0 0 0 0 127 38 1 40.9941
0 0 0 0 0 0 0 0 6 0 127 0 0 12.2982 127 78 1 0 0 127 0 0 30 127 0 0
0 70 0 0 0 0 127 34 0 53 99 83 0 0 0 0 32 0 0 21 0 40 0 0 127 88 0
0 0 0 0 0 0 0 16 16 0 0 0 0 0 0 127 51 0;
egregore_data 123 127 0 119 117 0 105 0 0 0 0 0 0 0 0 127 38 1 40.9941
0 0 0 0 0 0 0 0 6 0 127 0 0 12.2982 127 78 1 0 0 127 0 0 30 127 0 0
0 70 0 0 0 0 127 34 0 53 99 83 0 0 0 0 32 0 0 21 0 40 0 0 127 88 0
0 0 0 0 0 0 0 16 16 0 0 0 0 0 0 127 51 0;
egregore_data 123 127 0 117 117 0 105 0 0 0 0 0 0 0 0 127 38 1 40.9941
0 0 0 0 0 0 0 0 6 0 127 0 0 12.2982 127 78 1 0 0 127 0 0 30 127 0 0
0 70 0 0 0 0 127 34 0 53 99 83 0 0 0 0 32 0 0 21 0 40 0 0 127 88 0
0 0 0 0 0 0 0 16 16 0 0 0 0 0 0 127 51 0;
egregore_data 123 127 0 117 117 0 105 0 0 0 0 0 0 0 0 127 38 1 40.9941
0 0 0 0 0 0 0 0 6 0 127 0 0 12.2982 127 78 1 0 0 127 0 0 30 127 0 0
0 70 0 0 0 0 127 34 0 53 99 83 0 0 0 0 32 0 0 21 0 40 0 0 127 88 0
0 0 0 0 0 0 0 16 16 0 0 0 0 0 0 127 51 0;
egregore_data 123 127 0 117 117 0 105 0 0 0 0 0 0 0 0 127 38 1 40.9941
0 0 0 0 0 0 0 0 6 0 127 0 0 12.2982 127 78 1 0 0 127 0 0 30 127 0 0
0 70 0 0 0 0 127 34 0 53 99 83 0 0 0 0 32 0 0 21 0 40 0 0 127 88 0
0 0 0 0 0 0 0 16 16 0 0 0 0 0 0 127 51 0;
egregore_data 123 127 0 117 116 0 105 0 0 0 0 0 0 0 0 127 38 1 40.9941
0 0 0 0 0 0 0 0 6 0 127 0 0 12.2982 127 78 1 0 0 127 0 0 30 127 0 0
0 70 0 0 0 0 127 34 0 53 99 83 0 0 0 0 32 0 0 21 0 40 0 0 127 88 0
0 0 0 0 0 0 0 16 16 0 0 0 0 0 0 127 51 0;
egregore_data 123 127 0 117 116 0 105 0 0 0 0 0 0 0 0 127 38 1 40.9941
0 0 0 0 0 0 0 0 6 0 127 0 0 12.2982 127 78 1 0 0 127 0 0 30 127 0 0
0 70 0 0 0 0 127 34 0 53 99 83 0 0 0 0 32 0 0 21 0 40 0 0 127 88 0
0 0 0 0 0 0 0 16 16 0 0 0 0 0 0 127 51 0;
egregore_data 123 127 0 117 116 0 105 0 0 0 0 0 0 0 0 127 38 1 40.9941
0 0 0 0 0 0 0 0 6 0 127 0 0 12.2982 127 78 1 0 0 127 0 0 30 127 0 0
0 70 0 0 0 0 127 34 0 53 99 83 0 0 0 0 32 0 0 21 0 40 0 0 127 88 0
0 0 0 0 0 0 0 16 16 0 0 0 0 0 0 127 51 0;
egregore_data 123 127 0 117 116 0 105 0 0 0 0 0 0 0 0 127 38 1 40.9941
0 0 0 0 0 0 0 0 6 0 127 0 0 12.2982 127 78 1 0 0 127 0 0 30 127 0 0
0 70 0 0 0 0 127 34 0 53 99 83 0 0 0 0 32 0 0 21 0 40 0 0 127 88 0
0 0 0 0 0 0 0 16 16 0 0 0 0 0 0 127 51 0;
egregore_data 123 127 0 117 116 0 105 0 0 0 0 0 0 0 0 127 38 1 40.9941
0 0 0 0 0 0 0 0 6 0 127 0 0 12.2982 127 78 1 0 0 127 0 0 30 127 0 0
0 70 0 0 0 0 127 34 0 53 99 83 0 0 0 0 32 0 0 21 0 40 0 0 127 88 0
0 0 0 0 0 0 0 16 16 0 0 0 0 0 0 127 51 0;
egregore_data 123 127 0 117 116 0 105 0 0 0 0 0 0 0 0 127 38 1 40.9941
0 0 0 0 0 0 0 0 6 0 127 0 0 12.2982 127 78 1 0 0 127 0 0 30 127 0 0
0 70 0 0 0 0 127 34 0 53 99 83 0 0 0 0 32 0 0 21 0 40 0 0 127 88 0
0 0 0 0 0 0 0 16 16 0 0 0 0 0 0 127 51 0;
egregore_data 123 127 0 117 116 0 105 0 0 0 0 0 0 0 0 127 38 1 40.9941
0 0 0 0 0 0 0 0 6 0 127 0 0 12.2982 127 78 1 0 0 127 0 0 30 127 0 0
0 70 0 0 0 0 127 34 0 53 99 83 0 0 0 0 32 0 0 21 0 40 0 0 127 88 0
0 0 0 0 0 0 0 16 16 0 0 0 0 0 0 127 51 0;
egregore_data 123 127 0 117 116 0 105 0 0 0 0 0 0 0 0 127 38 1 40.9941
0 0 0 0 0 0 0 0 6 0 127 0 0 12.2982 127 78 1 0 0 127 0 0 30 127 0 0
0 70 0 0 0 0 127 34 0 53 99 83 0 0 0 0 32 0 0 21 0 40 0 0 127 88 0
0 0 0 0 0 0 0 16 16 0 0 0 0 0 0 127 51 0;
egregore_data 123 127 0 117 116 0 105 0 0 0 0 0 0 0 0 127 38 1 40.9941
0 0 0 0 0 0 0 0 6 0 127 0 0 12.2982 127 78 1 0 0 127 0 0 30 127 0 0
0 70 0 0 0 0 127 34 0 53 99 83 0 0 0 0 32 0 0 21 0 40 0 0 127 88 0
0 0 0 0 0 0 0 16 16 0 0 0 0 0 0 127 51 0;
egregore_data 123 127 0 117 116 0 105 0 0 0 0 0 0 0 0 127 38 1 40.9941
0 0 0 0 0 0 0 0 6 0 127 0 0 12.2982 127 78 1 0 0 127 0 0 30 127 0 0
0 70 0 0 0 0 127 34 0 53 99 83 0 0 0 0 32 0 0 21 0 40 0 0 127 88 0
0 0 0 0 0 0 0 16 16 0 0 0 0 0 0 127 51 0;
egregore_data 123 127 0 117 116 0 105 0 0 0 0 0 0 0 0 127 38 1 40.9941
0 0 0 0 0 0 0 0 6 0 127 0 0 12.2982 127 78 1 0 0 127 0 0 30 127 0 0
0 70 0 0 0 0 127 34 0 53 99 83 0 0 0 0 32 0 0 21 0 40 0 0 127 88 0
0 0 0 0 0 0 0 16 16 0 0 0 0 0 0 127 51 0;
egregore_data 123 127 0 117 116 0 105 0 0 0 0 0 0 0 0 127 38 1 40.9941
0 0 0 0 0 0 0 0 6 0 127 0 0 12.2982 127 78 1 0 0 127 0 0 30 127 0 0
0 70 0 0 0 0 127 34 0 53 99 83 0 0 0 0 32 0 0 21 0 40 0 0 127 88 0
0 0 0 0 0 0 0 16 16 0 0 0 0 0 0 127 51 0;
egregore_data 123 127 0 117 116 0 105 0 0 0 0 0 0 0 0 127 38 1 40.9941
0 0 0 0 0 0 0 0 6 0 127 0 0 12.2982 127 78 1 0 0 127 0 0 30 127 0 0
0 70 0 0 0 0 127 34 0 53 99 83 0 0 0 0 32 0 0 21 0 40 0 0 127 88 0
0 0 0 0 0 0 0 16 16 0 0 0 0 0 0 127 51 0;
egregore_data 123 127 0 117 116 0 104 0 0 0 0 0 0 0 0 127 38 1 40.9941
0 0 0 0 0 0 0 0 6 0 127 0 0 12.2982 127 78 1 0 0 127 0 0 30 127 0 0
0 70 0 0 0 0 127 34 0 53 99 83 0 0 0 0 32 0 0 21 0 40 0 0 127 88 0
0 0 0 0 0 0 0 16 16 0 0 0 0 0 0 127 51 0;
egregore_data 123 127 0 117 116 0 104 0 0 0 0 0 0 0 0 127 38 1 40.9941
0 0 0 0 0 0 0 0 6 0 127 0 0 12.2982 127 78 1 0 0 127 0 0 30 127 0 0
0 70 0 0 0 0 127 34 0 53 99 83 0 0 0 0 32 0 0 21 0 40 0 0 127 88 0
0 0 0 0 0 0 0 16 16 0 0 0 0 0 0 127 51 0;
egregore_data 123 127 0 116 116 0 103 0 0 0 0 0 0 0 0 127 38 1 40.9941
0 0 0 0 0 0 0 0 6 0 127 0 0 12.2982 127 78 1 0 0 127 0 0 30 127 0 0
0 70 0 0 0 0 127 34 0 53 99 83 0 0 0 0 32 0 0 21 0 40 0 0 127 88 0
0 0 0 0 0 0 0 16 16 0 0 0 0 0 0 127 51 0;
egregore_data 123 127 0 116 116 0 103 0 0 0 0 0 0 0 0 127 38 1 40.9941
0 0 0 0 0 0 0 0 6 0 127 0 0 12.2982 127 78 1 0 0 127 0 0 30 127 0 0
0 70 0 0 0 0 127 34 0 53 99 83 0 0 0 0 32 0 0 21 0 40 0 0 127 88 0
0 0 0 0 0 0 0 16 16 0 0 0 0 0 0 127 51 0;
egregore_data 123 127 0 116 116 0 103 0 0 0 0 0 0 0 0 127 38 1 40.9941
0 0 0 0 0 0 0 0 6 0 127 0 0 12.2982 127 78 1 0 0 127 0 0 30 127 0 0
0 70 0 0 0 0 127 34 0 53 99 83 0 0 0 0 32 0 0 21 0 40 0 0 127 88 0
0 0 0 0 0 0 0 16 16 0 0 0 0 0 0 127 51 0;
egregore_data 123 127 0 116 116 0 103 0 0 0 0 0 0 0 0 127 38 1 40.9941
0 0 0 0 0 0 0 0 6 0 127 0 0 12.2982 127 78 1 0 0 127 0 0 30 127 0 0
0 70 0 0 0 0 127 34 0 53 99 83 0 0 0 0 32 0 0 21 0 40 0 0 127 88 0
0 0 0 0 0 0 0 16 16 0 0 0 0 0 0 127 51 0;
egregore_data 123 127 0 116 116 0 103 0 0 0 0 0 0 0 0 127 38 1 40.9941
0 0 0 0 0 0 0 0 6 0 127 0 0 12.2982 127 78 1 0 0 127 0 0 30 127 0 0
0 70 0 0 0 0 127 34 0 53 99 83 0 0 0 0 32 0 0 21 0 40 0 0 127 88 0
0 0 0 0 0 0 0 16 16 0 0 0 0 0 0 127 51 0;
egregore_data 123 127 0 116 116 0 103 0 0 0 0 0 0 0 0 127 38 1 40.9941
0 0 0 0 0 0 0 0 6 0 127 0 0 12.2982 127 78 1 0 0 127 0 0 30 127 0 0
0 70 0 0 0 0 127 34 0 53 99 83 0 0 0 0 32 0 0 21 0 40 0 0 127 88 0
0 0 0 0 0 0 0 16 16 0 0 0 0 0 0 127 51 0;
egregore_data 123 127 0 115 116 0 103 0 0 0 0 0 0 0 0 127 38 1 40.9941
0 0 0 0 0 0 0 0 6 0 127 0 0 12.2982 127 78 1 0 0 127 0 0 30 127 0 0
0 70 0 0 0 0 127 34 0 53 99 83 0 0 0 0 32 0 0 21 0 40 0 0 127 88 0
0 0 0 0 0 0 0 16 16 0 0 0 0 0 0 127 51 0;
egregore_data 123 127 0 115 116 0 103 0 0 0 0 0 0 0 0 127 38 1 40.9941
0 0 0 0 0 0 0 0 6 0 127 0 0 12.2982 127 78 1 0 0 127 0 0 30 127 0 0
0 70 0 0 0 0 127 34 0 53 99 83 0 0 0 0 32 0 0 21 0 40 0 0 127 88 0
0 0 0 0 0 0 0 16 16 0 0 0 0 0 0 127 51 0;
egregore_data 123 127 0 115 116 0 102 0 0 0 0 0 0 0 0 127 38 1 40.9941
0 0 0 0 0 0 0 0 6 0 127 0 0 12.2982 127 78 1 0 0 127 0 0 30 127 0 0
0 70 0 0 0 0 127 34 0 53 99 83 0 0 0 0 32 0 0 21 0 40 0 0 127 88 0
0 0 0 0 0 0 0 16 16 0 0 0 0 0 0 127 51 0;
egregore_data 123 127 0 115 116 0 102 0 0 0 0 0 0 0 0 127 38 1 40.9941
0 0 0 0 0 0 0 0 6 0 127 0 0 12.2982 127 78 1 0 0 127 0 0 30 127 0 0
0 70 0 0 0 0 127 34 0 53 99 83 0 0 0 0 32 0 0 21 0 40 0 0 127 88 0
0 0 0 0 0 0 0 16 16 0 0 0 0 0 0 127 51 0;
egregore_data 123 127 0 115 116 0 102 0 0 0 0 0 0 0 0 127 38 1 40.9941
0 0 0 0 0 0 0 0 6 0 127 0 0 12.2982 127 78 1 0 0 127 0 0 30 127 0 0
0 70 0 0 0 0 127 34 0 53 99 83 0 0 0 0 32 0 0 21 0 40 0 0 127 88 0
0 0 0 0 0 0 0 16 16 0 0 0 0 0 0 127 51 0;
egregore_data 123 127 0 115 116 0 102 0 0 0 0 0 0 0 0 127 38 1 40.9941
0 0 0 0 0 0 0 0 6 0 127 0 0 12.2982 127 78 1 0 0 127 0 0 30 127 0 0
0 70 0 0 0 0 127 34 0 53 99 83 0 0 0 0 32 0 0 21 0 40 0 0 127 88 0
0 0 0 0 0 0 0 16 16 0 0 0 0 0 0 127 51 0;
egregore_data 123 127 0 115 116 0 102 0 0 0 0 0 0 0 0 127 38 1 40.9941
0 0 0 0 0 0 0 0 6 0 127 0 0 12.2982 127 78 1 0 0 127 0 0 30 127 0 0
0 70 0 0 0 0 127 34 0 53 99 83 0 0 0 0 32 0 0 21 0 40 0 0 127 88 0
0 0 0 0 0 0 0 16 16 0 0 0 0 0 0 127 51 0;
egregore_data 123 127 0 115 116 0 102 0 0 0 0 0 0 0 0 127 38 1 40.9941
0 0 0 0 0 0 0 0 6 0 127 0 0 12.2982 127 78 1 0 0 127 0 0 30 127 0 0
0 70 0 0 0 0 127 34 0 53 99 83 0 0 0 0 32 0 0 21 0 40 0 0 127 88 0
0 0 0 0 0 0 0 16 16 0 0 0 0 0 0 127 51 0;
END;
