HTTP/1.1 200 OK
Date: Thu, 28 May 2015 12:25:42 GMT
Server: Apache
Last-Modified: Wed, 27 May 2015 19:34:12 GMT
Accept-Ranges: bytes
Content-Length: 29431
Vary: Accept-Encoding
Connection: close
Content-Type: text/plain

chdh_egregore_live_data;
egregore_data 0 0 127 0 0 127 0 0 0 0 0 0 0 0 0 127 38 0 127 0 0 0
0 0 0 0 0 0 0 100 0 0 127 127 78 0 93 90 127 0 19 127 127 0 0 0 70
0 0 0 127 127 34 0 109.388 78.9941 16 32.1235 71.7176 0 6.07059 97.8706
26.2176 67 86.1824 0 0 32.2882 0 127 46.3567 1 0 0 0 0 0 0 0 16 16
0 0 0 0 0 0 127 51 0;
egregore_data 0 0 127 0 0 127 0 0 0 0 0 0 0 0 0 127 38 0 127 0 0 0
0 0 0 0 0 0 0 100 0 0 127 127 78 0 93 90 127 0 19 127 127 0 0 0 70
0 0 0 127 127 34 0 109.556 79.3787 16 31.5621 72.142 0 5.9645 98.0651
26.2663 67 86.284 0 0 32.2308 0 127 46.3567 1 0 0 0 0 0 0 0 16 16 0
0 0 0 0 0 127 51 0;
egregore_data 0 0 127 0 0 127 0 0 0 0 0 0 0 0 0 127 38 0 127 0 0 0
0 0 0 0 0 0 0 100 0 0 127 127 78 0 93 90 127 0 19 127 127 0 0 0 70
0 0 0 127 127 34 0 109.556 79.3787 16 31.5621 72.142 0 5.9645 98.0651
26.2663 67 86.284 0 0 32.2308 0 127 46.3567 1 0 0 0 0 0 0 0 16 16 0
0 0 0 0 0 127 51 0;
egregore_data 0 0 127 0 0 127 0 0 0 0 0 0 0 0 0 127 38 0 127 0 0 0
0 0 0 0 0 0 0 100 0 0 127 127 78 0 93 90 127 0 19 127 127 0 0 0 70
0 0 0 127 127 34 0 109.726 79.7679 16 30.994 72.5714 0 5.85714 98.2619
26.3155 67 86.3869 0 0 32.1726 0 127 46.3567 1 0 0 0 0 0 0 0 16 16
0 0 0 0 0 0 127 51 0;
egregore_data 0 0 127 0 0 127 0 0 0 0 0 0 0 0 0 127 38 0 127 0 0 0
0 0 0 0 0 0 0 100 0 0 127 127 78 0 93 90 127 0 19 127 127 0 0 0 70
0 0 0 127 127 34 0 109.726 79.7679 16 30.994 72.5714 0 5.85714 98.2619
26.3155 67 86.3869 0 0 32.1726 0 127 46.3567 1 0 0 0 0 0 0 0 16 16
0 0 0 0 0 0 127 51 0;
egregore_data 0 0 127 0 0 127 0 0 0 0 0 0 0 0 0 127 38 0 127 0 0 0
0 0 0 0 0 0 0 100 0 0 127 127 78 0 93 90 127 0 19 127 127 0 0 0 70
0 0 0 127 127 34 0 109.726 79.7679 16 30.994 72.5714 0 5.85714 98.2619
26.3155 67 86.3869 0 0 32.1726 0 127 46.3567 1 0 0 0 0 0 0 0 16 16
0 0 0 0 0 0 127 51 0;
egregore_data 0 0 127 0 0 127 0 0 0 0 0 0 0 0 0 127 38 0 127 0 0 0
0 0 0 0 0 0 0 100 0 0 127 127 78 0 93 90 127 0 19 127 127 0 0 0 70
0 0 0 127 127 34 0 109.726 79.7679 16 30.994 72.5714 0 5.85714 98.2619
26.3155 67 86.3869 0 0 32.1726 0 127 46.3567 1 0 0 0 0 0 0 0 16 16
0 0 0 0 0 0 127 51 0;
egregore_data 0 0 127 0 0 127 0 0 0 0 0 0 0 0 0 127 38 0 127 0 0 0
0 0 0 0 0 0 0 100 0 0 127 127 78 0 93 90 127 0 19 127 127 0 0 0 70
0 0 0 127 127 34 0 109.726 79.7679 16 30.994 72.5714 0 5.85714 98.2619
26.3155 67 86.3869 0 0 32.1726 0 127 46.3567 1 0 0 0 0 0 0 0 16 16
0 0 0 0 0 0 127 51 0;
egregore_data 0 0 127 0 0 127 0 0 0 0 0 0 0 0 0 127 38 0 127 0 0 0
0 0 0 0 0 0 0 100 0 0 127 127 78 0 93 90 127 0 19 127 127 0 0 0 70
0 0 0 127 127 34 0 109.726 79.7679 16 30.994 72.5714 0 5.85714 98.2619
26.3155 67 86.3869 0 0 32.1726 0 127 46.3567 1 0 0 0 0 0 0 0 16 16
0 0 0 0 0 0 127 51 0;
egregore_data 0 0 127 0 0 127 0 0 0 0 0 0 0 0 0 127 38 0 127 0 0 0
0 0 0 0 0 0 0 100 0 0 127 127 78 0 93 90 127 0 19 127 127 0 0 0 70
0 0 0 127 127 34 0 109.726 79.7679 16 30.994 72.5714 0 5.85714 98.2619
26.3155 67 86.3869 0 0 32.1726 0 127 46.3567 1 0 0 0 0 0 0 0 16 16
0 0 0 0 0 0 127 51 0;
egregore_data 0 0 127 0 0 127 0 0 0 0 0 0 0 0 0 127 38 0 127 0 0 0
0 0 0 0 0 0 0 100 0 0 127 127 78 0 93 90 127 0 19 127 127 0 0 0 70
0 0 0 127 127 34 0 109.898 80.1617 16 30.4192 73.006 0 5.7485 98.4611
26.3653 67 86.491 0 0 32.1138 0 127 46.3567 1 0 0 0 0 0 0 0 16 16 0
0 0 0 0 0 127 51 0;
egregore_data 0 0 127 0 0 127 0 0 0 0 0 0 0 0 0 127 38 0 127 0 0 0
0 0 0 0 0 0 0 100 0 0 127 127 78 0 93 90 127 0 19 127 127 0 0 0 70
0 0 0 127 127 34 0 109.898 80.1617 16 30.4192 73.006 0 5.7485 98.4611
26.3653 67 86.491 0 0 32.1138 0 127 46.3567 1 0 0 0 0 0 0 0 16 16 0
0 0 0 0 0 127 51 0;
egregore_data 0 0 127 0 0 127 0 0 0 0 0 0 0 0 0 127 38 0 127 0 0 0
0 0 0 0 0 0 0 100 0 0 127 127 78 0 93 90 127 0 19 127 127 0 0 0 70
0 0 0 127 127 34 0 109.898 80.1617 16 30.4192 73.006 0 5.7485 98.4611
26.3653 67 86.491 0 0 32.1138 0 127 46.3567 1 0 0 0 0 0 0 0 16 16 0
0 0 0 0 0 127 51 0;
egregore_data 0 0 127 0 0 127 0 0 0 0 0 0 0 0 0 127 38 0 127 0 0 0
0 0 0 0 0 0 0 100 0 0 127 127 78 0 93 90 127 0 19 127 127 0 0 0 70
0 0 0 127 127 34 0 110.072 80.5602 16 29.8373 73.4458 0 5.63855 98.6626
26.4157 67 86.5964 0 0 32.0542 0 127 46.3567 1 0 0 0 0 0 0 0 16 16
0 0 0 0 0 0 127 51 0;
egregore_data 0 0 127 0 0 127 0 0 0 0 0 0 0 0 0 127 38 0 127 0 0 0
0 0 0 0 0 0 0 100 0 0 127 127 78 0 93 90 127 0 19 127 127 0 0 0 70
0 0 0 127 127 34 0 110.072 80.5602 16 29.8373 73.4458 0 5.63855 98.6626
26.4157 67 86.5964 0 0 32.0542 0 127 46.3567 1 0 0 0 0 0 0 0 16 16
0 0 0 0 0 0 127 51 0;
egregore_data 0 0 127 0 0 127 0 0 0 0 0 0 0 0 0 127 38 0 127 0 0 0
0 0 0 0 0 0 0 100 0 0 127 127 78 0 93 90 127 0 19 127 127 0 0 0 70
0 0 0 127 127 34 0 110.427 81.3719 16 28.6524 74.3415 0 5.41463 99.0732
26.5183 67 86.811 0 0 31.9329 0 127 46.3567 1 0 0 0 0 0 0 0 16 16 0
0 0 0 0 0 127 51 0;
egregore_data 0 0 127 0 0 127 0 0 0 0 0 0 0 0 0 127 38 0 127 0 0 0
0 0 0 0 0 0 0 100 0 0 127 127 78 0 93 90 127 0 19 127 127 0 0 0 70
0 0 0 127 127 34 0 110.427 81.3719 16 28.6524 74.3415 0 5.41463 99.0732
26.5183 67 86.811 0 0 31.9329 0 127 46.3567 1 0 0 0 0 0 0 0 16 16 0
0 0 0 0 0 127 51 0;
egregore_data 0 0 127 0 0 127 0 0 0 0 0 0 0 0 0 127 38 0 127 0 0 0
0 0 0 0 0 0 0 100 0 0 127 127 78 0 93 90 127 0 19 127 127 0 0 0 70
0 0 0 127 127 34 0 110.607 81.7853 16 28.0491 74.7975 0 5.30061 99.2822
26.5706 67 86.9202 0 0 31.8712 0 127 46.3567 1 0 0 0 0 0 0 0 16 16
0 0 0 0 0 0 127 51 0;
egregore_data 0 0 127 0 0 127 0 0 0 0 0 0 0 0 0 127 38 0 127 0 0 0
0 0 0 0 0 0 0 100 0 0 127 127 78 0 93 90 127 0 19 127 127 0 0 0 70
0 0 0 127 127 34 0 110.607 81.7853 16 28.0491 74.7975 0 5.30061 99.2822
26.5706 67 86.9202 0 0 31.8712 0 127 46.3567 1 0 0 0 0 0 0 0 16 16
0 0 0 0 0 0 127 51 0;
egregore_data 0 0 127 0 0 127 0 0 0 0 0 0 0 0 0 127 38 0 127 0 0 0
0 0 0 0 0 0 0 100 0 0 127 127 78 0 93 90 127 0 19 127 127 0 0 0 70
0 0 0 127 127 34 0 110.607 81.7853 16 28.0491 74.7975 0 5.30061 99.2822
26.5706 67 86.9202 0 0 31.8712 0 127 46.3567 1 0 0 0 0 0 0 0 16 16
0 0 0 0 0 0 127 51 0;
egregore_data 0 0 127 0 0 127 0 0 0 0 0 0 0 0 0 127 38 0 127 0 0 0
0 0 0 0 0 0 0 100 0 0 127 127 78 0 93 90 127 0 19 127 127 0 0 0 70
0 0 0 127 127 34 0 110.607 81.7853 16 28.0491 74.7975 0 5.30061 99.2822
26.5706 67 86.9202 0 0 31.8712 0 127 46.3567 1 0 0 0 0 0 0 0 16 16
0 0 0 0 0 0 127 51 0;
egregore_data 0 0 127 0 0 127 0 0 0 0 0 0 0 0 0 127 38 0 127 0 0 0
0 0 0 0 0 0 0 100 0 0 127 127 78 0 93 90 127 0 19 127 127 0 0 0 70
0 0 0 127 127 34 0 110.79 82.2037 16 27.4383 75.2593 0 5.18519 99.4938
26.6235 67 87.0309 0 0 31.8086 0 127 46.3567 1 0 0 0 0 0 0 0 16 16
0 0 0 0 0 0 127 51 0;
egregore_data 0 0 127 0 0 127 0 0 0 0 0 0 0 0 0 127 38 0 127 0 0 0
0 0 0 0 0 0 0 100 0 0 127 127 78 0 93 90 127 0 19 127 127 0 0 0 70
0 0 0 127 127 34 0 110.975 82.6273 16 26.8199 75.7267 0 5.06832 99.7081
26.677 67 87.1429 0 0 31.7453 0 127 46.3567 1 0 0 0 0 0 0 0 16 16 0
0 0 0 0 0 127 51 0;
egregore_data 0 0 127 0 0 127 0 0 0 0 0 0 0 0 0 127 38 0 127 0 0 0
0 0 0 0 0 0 0 100 0 0 127 127 78 0 93 90 127 0 19 127 127 0 0 0 70
0 0 0 127 127 34 0 110.975 82.6273 16 26.8199 75.7267 0 5.06832 99.7081
26.677 67 87.1429 0 0 31.7453 0 127 46.3567 1 0 0 0 0 0 0 0 16 16 0
0 0 0 0 0 127 51 0;
egregore_data 0 0 127 0 0 127 0 0 0 0 0 0 0 0 0 127 38 0 127 0 0 0
0 0 0 0 0 0 0 100 0 0 127 127 78 0 93 90 127 0 19 127 127 0 0 0 70
0 0 0 127 127 34 0 110.975 82.6273 16 26.8199 75.7267 0 5.06832 99.7081
26.677 67 87.1429 0 0 31.7453 0 127 46.3567 1 0 0 0 0 0 0 0 16 16 0
0 0 0 0 0 127 51 0;
egregore_data 0 0 127 0 0 127 0 0 0 0 0 0 0 0 0 127 38 0 127 0 0 0
0 0 0 0 0 0 0 100 0 0 127 127 78 0 93 90 127 0 19 127 127 0 0 0 70
0 0 0 127 127 34 0 110.975 82.6273 16 26.8199 75.7267 0 5.06832 99.7081
26.677 67 87.1429 0 0 31.7453 0 127 46.3567 1 0 0 0 0 0 0 0 16 16 0
0 0 0 0 0 127 51 0;
egregore_data 0 0 127 0 0 127 0 0 0 0 0 0 0 0 0 127 38 0 127 0 0 0
0 0 0 0 0 0 0 100 0 0 127 127 78 0 93 90 127 0 19 127 127 0 0 0 70
0 0 0 127 127 34 0 110.975 82.6273 16 26.8199 75.7267 0 5.06832 99.7081
26.677 67 87.1429 0 0 31.7453 0 127 46.3567 1 0 0 0 0 0 0 0 16 16 0
0 0 0 0 0 127 51 0;
egregore_data 0 0 127 0 0 127 0 0 0 0 0 0 0 0 0 127 38 0 127 0 0 0
0 0 0 0 0 0 0 100 0 0 127 127 78 0 93 90 127 0 19 127 127 0 0 0 70
0 0 0 127 127 34 0 111.162 83.0562 16 26.1938 76.2 0 4.95 99.925 26.7312
67 87.2562 0 0 31.6812 0 127 46.3567 1 0 0 0 0 0 0 0 16 16 0 0 0 0
0 0 127 51 0;
egregore_data 0 0 127 0 0 127 0 0 0 0 0 0 0 0 0 127 38 0 127 0 0 0
0 0 0 0 0 0 0 100 0 0 127 127 78 0 93 90 127 0 19 127 127 0 0 0 70
0 0 0 127 127 34 0 111.162 83.0562 16 26.1938 76.2 0 4.95 99.925 26.7312
67 87.2562 0 0 31.6812 0 127 46.3567 1 0 0 0 0 0 0 0 16 16 0 0 0 0
0 0 127 51 0;
egregore_data 0 0 127 0 0 127 0 0 0 0 0 0 0 0 0 127 38 0 127 0 0 0
0 0 0 0 0 0 0 100 0 0 127 127 78 0 93 90 127 0 19 127 127 0 0 0 70
0 0 0 127 127 34 0 111.352 83.4906 16 25.5597 76.6792 0 4.83019 100.145
26.7862 67 87.3711 0 0 31.6164 0 127 46.3567 1 0 0 0 0 0 0 0 16 16
0 0 0 0 0 0 127 51 0;
egregore_data 0 0 127 0 0 127 0 0 0 0 0 0 0 0 0 127 38 0 127 0 0 0
0 0 0 0 0 0 0 100 0 0 127 127 78 0 93 90 127 0 19 127 127 0 0 0 70
0 0 0 127 127 34 0 111.352 83.4906 16 25.5597 76.6792 0 4.83019 100.145
26.7862 67 87.3711 0 0 31.6164 0 127 46.3567 1 0 0 0 0 0 0 0 16 16
0 0 0 0 0 0 127 51 0;
egregore_data 0 0 127 0 0 127 0 0 0 0 0 0 0 0 0 127 38 0 127 0 0 0
0 0 0 0 0 0 0 100 0 0 127 127 78 0 93 90 127 0 19 127 127 0 0 0 70
0 0 0 127 127 34 0 111.739 84.3758 16 24.2675 77.6561 0 4.58599 100.592
26.8981 67 87.6051 0 0 31.4841 0 127 46.3567 1 0 0 0 0 0 0 0 16 16
0 0 0 0 0 0 127 51 0;
egregore_data 0 0 127 0 0 127 0 0 0 0 0 0 0 0 0 127 38 0 127 0 0 0
0 0 0 0 0 0 0 100 0 0 127 127 78 0 93 90 127 0 19 127 127 0 0 0 70
0 0 0 127 127 34 0 111.739 84.3758 16 24.2675 77.6561 0 4.58599 100.592
26.8981 67 87.6051 0 0 31.4841 0 127 46.3567 1 0 0 0 0 0 0 0 16 16
0 0 0 0 0 0 127 51 0;
egregore_data 0 0 127 0 0 127 0 0 0 0 0 0 0 0 0 127 38 0 127 0 0 0
0 0 0 0 0 0 0 100 0 0 127 127 78 0 93 90 127 0 19 127 127 0 0 0 70
0 0 0 127 127 34 0 111.936 84.8269 16 23.609 78.1538 0 4.46154 100.821
26.9551 67 87.7244 0 0 31.4167 0 127 46.3567 1 0 0 0 0 0 0 0 16 16
0 0 0 0 0 0 127 51 0;
egregore_data 0 0 127 0 0 127 0 0 0 0 0 0 0 0 0 127 38 0 127 0 0 0
0 0 0 0 0 0 0 100 0 0 127 127 78 0 93 90 127 0 19 127 127 0 0 0 70
0 0 0 127 127 34 0 111.936 84.8269 16 23.609 78.1538 0 4.46154 100.821
26.9551 67 87.7244 0 0 31.4167 0 127 46.3567 1 0 0 0 0 0 0 0 16 16
0 0 0 0 0 0 127 51 0;
egregore_data 0 0 127 0 0 127 0 0 0 0 0 0 0 0 0 127 38 0 127 0 0 0
0 0 0 0 0 0 0 100 0 0 127 127 78 0 93 90 127 0 19 127 127 0 0 0 70
0 0 0 127 127 34 0 112.135 85.2839 16 22.9419 78.6581 0 4.33548 101.052
27.0129 67 87.8452 0 0 31.3484 0 127 46.3567 1 0 0 0 0 0 0 0 16 16
0 0 0 0 0 0 127 51 0;
egregore_data 0 0 127 0 0 127 0 0 0 0 0 0 0 0 0 127 38 0 127 0 0 0
0 0 0 0 0 0 0 100 0 0 127 127 78 0 93 90 127 0 19 127 127 0 0 0 70
0 0 0 127 127 34 0 112.135 85.2839 16 22.9419 78.6581 0 4.33548 101.052
27.0129 67 87.8452 0 0 31.3484 0 127 46.3567 1 0 0 0 0 0 0 0 16 16
0 0 0 0 0 0 127 51 0;
egregore_data 0 0 127 0 0 127 0 0 0 0 0 0 0 0 0 127 38 0 127 0 0 0
0 0 0 0 0 0 0 100 0 0 127 127 78 0 93 90 127 0 19 127 127 0 0 0 70
0 0 0 127 127 34 0 112.338 85.7467 16 22.2662 79.1688 0 4.20779 101.286
27.0714 67 87.9675 0 0 31.2792 0 127 46.3567 1 0 0 0 0 0 0 0 16 16
0 0 0 0 0 0 127 51 0;
egregore_data 0 0 127 0 0 127 0 0 0 0 0 0 0 0 0 127 38 0 127 0 0 0
0 0 0 0 0 0 0 100 0 0 127 127 78 0 93 90 127 0 19 127 127 0 0 0 70
0 0 0 127 127 34 0 112.542 86.2157 16 21.5817 79.6863 0 4.07843 101.523
27.1307 67 88.0915 0 0 31.2092 0 127 46.3567 1 0 0 0 0 0 0 0 16 16
0 0 0 0 0 0 127 51 0;
egregore_data 0 0 127 0 0 127 0 0 0 0 0 0 0 0 0 127 38 0 127 0 0 0
0 0 0 0 0 0 0 100 0 0 127 127 78 0 93 90 127 0 19 127 127 0 0 0 70
0 0 0 127 127 34 0 112.542 86.2157 16 21.5817 79.6863 0 4.07843 101.523
27.1307 67 88.0915 0 0 31.2092 0 127 46.3567 1 0 0 0 0 0 0 0 16 16
0 0 0 0 0 0 127 51 0;
egregore_data 0 0 127 0 0 127 0 0 0 0 0 0 0 0 0 127 38 0 127 0 0 0
0 0 0 0 0 0 0 100 0 0 127 127 78 0 93 90 127 0 19 127 127 0 0 0 70
0 0 0 127 127 34 0 112.542 86.2157 16 21.5817 79.6863 0 4.07843 101.523
27.1307 67 88.0915 0 0 31.2092 0 127 46.3567 1 0 0 0 0 0 0 0 16 16
0 0 0 0 0 0 127 51 0;
egregore_data 0 0 127 0 0 127 0 0 0 0 0 0 0 0 0 127 38 0 127 0 0 0
0 0 0 0 0 0 0 100 0 0 127 127 78 0 93 90 127 0 19 127 127 0 0 0 70
0 0 0 127 127 34 0 112.542 86.2157 16 21.5817 79.6863 0 4.07843 101.523
27.1307 67 88.0915 0 0 31.2092 0 127 46.3567 1 0 0 0 0 0 0 0 16 16
0 0 0 0 0 0 127 51 0;
egregore_data 0 0 127 0 0 127 0 0 0 0 0 0 0 0 0 127 38 0 127 0 0 0
0 0 0 0 0 0 0 100 0 0 127 127 78 0 93 90 127 0 19 127 127 0 0 0 70
0 0 0 127 127 34 0 112.542 86.2157 16 21.5817 79.6863 0 4.07843 101.523
27.1307 67 88.0915 0 0 31.2092 0 127 46.3567 1 0 0 0 0 0 0 0 16 16
0 0 0 0 0 0 127 51 0;
egregore_data 0 0 127 0 0 127 0 0 0 0 0 0 0 0 0 127 38 0 127 0 0 0
0 0 0 0 0 0 0 100 0 0 127 127 78 0 93 90 127 0 19 127 127 0 0 0 70
0 0 0 127 127 34 0 112.542 86.2157 16 21.5817 79.6863 0 4.07843 101.523
27.1307 67 88.0915 0 0 31.2092 0 127 46.3567 1 0 0 0 0 0 0 0 16 16
0 0 0 0 0 0 127 51 0;
egregore_data 0 0 127 0 0 127 0 0 0 0 0 0 0 0 0 127 38 0 127 0 0 0
0 0 0 0 0 0 0 100 0 0 127 127 78 0 93 90 127 0 19 127 127 0 0 0 70
0 0 0 127 127 34 0 112.542 86.2157 16 21.5817 79.6863 0 4.07843 101.523
27.1307 67 88.0915 0 0 31.2092 0 127 46.3567 1 0 0 0 0 0 0 0 16 16
0 0 0 0 0 0 127 51 0;
egregore_data 0 0 127 0 0 127 0 0 0 0 0 0 0 0 0 127 38 0 127 0 0 0
0 0 0 0 0 0 0 100 0 0 127 127 78 0 93 90 127 0 19 127 127 0 0 0 70
0 0 0 127 127 34 0 112.542 86.2157 16 21.5817 79.6863 0 4.07843 101.523
27.1307 67 88.0915 0 0 31.2092 0 127 46.3567 1 0 0 0 0 0 0 0 16 16
0 0 0 0 0 0 127 51 0;
egregore_data 0 0 127 0 0 127 0 0 0 0 0 0 0 0 0 127 38 0 127 0 0 0
0 0 0 0 0 0 0 100 0 0 127 127 78 0 93 90 127 0 19 127 127 0 0 0 70
0 0 0 127 127 34 0 112.96 87.1722 16 20.1854 80.7417 0 3.81457 102.007
27.2517 67 88.3444 0 0 31.0662 0 127 46.3567 1 0 0 0 0 0 0 0 16 16
0 0 0 0 0 0 127 51 0;
egregore_data 0 0 127 0 0 127 0 0 0 0 0 0 0 0 0 127 38 0 127 0 0 0
0 0 0 0 0 0 0 100 0 0 127 127 78 0 93 90 127 0 19 127 127 0 0 0 70
0 0 0 127 127 34 0 112.96 87.1722 16 20.1854 80.7417 0 3.81457 102.007
27.2517 67 88.3444 0 0 31.0662 0 127 46.3567 1 0 0 0 0 0 0 0 16 16
0 0 0 0 0 0 127 51 0;
egregore_data 0 0 127 0 0 127 0 0 0 0 0 0 0 0 0 127 38 0 127 0 0 0
0 0 0 0 0 0 0 100 0 0 127 127 78 0 93 90 127 0 19 127 127 0 0 0 70
0 0 0 127 127 34 0 112.96 87.1722 16 20.1854 80.7417 0 3.81457 102.007
27.2517 67 88.3444 0 0 31.0662 0 127 46.3567 1 0 0 0 0 0 0 0 16 16
0 0 0 0 0 0 127 51 0;
egregore_data 0 0 127 0 0 127 0 0 0 0 0 0 0 0 0 127 38 0 127 0 0 0
0 0 0 0 0 0 0 100 0 0 127 127 78 0 93 90 127 0 19 127 127 0 0 0 70
0 0 0 127 127 34 0 112.96 87.1722 16 20.1854 80.7417 0 3.81457 102.007
27.2517 67 88.3444 0 0 31.0662 0 127 46.3567 1 0 0 0 0 0 0 0 16 16
0 0 0 0 0 0 127 51 0;
egregore_data 0 0 127 0 0 127 0 0 0 0 0 0 0 0 0 127 38 0 127 0 0 0
0 0 0 0 0 0 0 100 0 0 127 127 78 0 93 90 127 0 19 127 127 0 0 0 70
0 0 0 127 127 34 0 112.96 87.1722 16 20.1854 80.7417 0 3.81457 102.007
27.2517 67 88.3444 0 0 31.0662 0 127 46.3567 1 0 0 0 0 0 0 0 16 16
0 0 0 0 0 0 127 51 0;
egregore_data 0 0 127 0 0 127 0 0 0 0 0 0 0 0 0 127 38 0 127 0 0 0
0 0 0 0 0 0 0 100 0 0 127 127 78 0 93 90 127 0 19 127 127 0 0 0 70
0 0 0 127 127 34 0 112.96 87.1722 16 20.1854 80.7417 0 3.81457 102.007
27.2517 67 88.3444 0 0 31.0662 0 127 46.3567 1 0 0 0 0 0 0 0 16 16
0 0 0 0 0 0 127 51 0;
egregore_data 0 0 127 0 0 127 0 0 0 0 0 0 0 0 0 127 38 0 127 0 0 0
0 0 0 0 0 0 0 100 0 0 127 127 78 0 93 90 127 0 19 127 127 0 0 0 70
0 0 0 127 127 34 0 112.96 87.1722 16 20.1854 80.7417 0 3.81457 102.007
27.2517 67 88.3444 0 0 31.0662 0 127 46.3567 1 0 0 0 0 0 0 0 16 16
0 0 0 0 0 0 127 51 0;
egregore_data 0 0 127 0 0 127 0 0 0 0 0 0 0 0 0 127 38 0 127 0 0 0
0 0 0 0 0 0 0 100 0 0 127 127 78 0 93 90 127 0 19 127 127 0 0 0 70
0 0 0 127 127 34 0 112.96 87.1722 16 20.1854 80.7417 0 3.81457 102.007
27.2517 67 88.3444 0 0 31.0662 0 127 46.3567 1 0 0 0 0 0 0 0 16 16
0 0 0 0 0 0 127 51 0;
egregore_data 0 0 127 0 0 127 0 0 0 0 0 0 0 0 0 127 38 0 127 0 0 0
0 0 0 0 0 0 0 100 0 0 127 127 78 0 93 90 127 0 19 127 127 0 0 0 70
0 0 0 127 127 34 0 113.173 87.66 16 19.4733 81.28 0 3.68 102.253 27.3133
67 88.4733 0 0 30.9933 0 127 46.3567 1 0 0 0 0 0 0 0 16 16 0 0 0 0
0 0 127 51 0;
egregore_data 0 0 127 0 0 127 0 0 0 0 0 0 0 0 0 127 38 0 127 0 0 0
0 0 0 0 0 0 0 100 0 0 127 127 78 0 93 90 127 0 19 127 127 0 0 0 70
0 0 0 127 127 34 0 113.173 87.66 16 19.4733 81.28 0 3.68 102.253 27.3133
67 88.4733 0 0 30.9933 0 127 46.3567 1 0 0 0 0 0 0 0 16 16 0 0 0 0
0 0 127 51 0;
egregore_data 0 0 127 0 0 127 0 0 0 0 0 0 0 0 0 127 38 0 127 0 0 0
0 0 0 0 0 0 0 100 0 0 127 127 78 0 93 90 127 0 19 127 127 0 0 0 70
0 0 0 127 127 34 0 113.173 87.66 16 19.4733 81.28 0 3.68 102.253 27.3133
67 88.4733 0 0 30.9933 0 127 46.3567 1 0 0 0 0 0 0 0 16 16 0 0 0 0
0 0 127 51 0;
egregore_data 0 0 127 0 0 127 0 0 0 0 0 0 0 0 0 127 38 0 127 0 0 0
0 0 0 0 0 0 0 100 0 0 127 127 78 0 93 90 127 0 19 127 127 0 0 0 70
0 0 0 127 127 34 0 113.389 88.1544 16 18.7517 81.8255 0 3.54362 102.503
27.3758 67 88.604 0 0 30.9195 0 127 46.3567 1 0 0 0 0 0 0 0 16 16 0
0 0 0 0 0 127 51 0;
egregore_data 0 0 127 0 0 127 0 0 0 0 0 0 0 0 0 127 38 0 127 0 0 0
0 0 0 0 0 0 0 100 0 0 127 127 78 0 93 90 127 0 19 127 127 0 0 0 70
0 0 0 127 127 34 0 113.389 88.1544 16 18.7517 81.8255 0 3.54362 102.503
27.3758 67 88.604 0 0 30.9195 0 127 46.3567 1 0 0 0 0 0 0 0 16 16 0
0 0 0 0 0 127 51 0;
egregore_data 0 0 127 0 0 127 0 0 0 0 0 0 0 0 0 127 38 0 127 0 0 0
0 0 0 0 0 0 0 100 0 0 127 127 78 0 93 90 127 0 19 127 127 0 0 0 70
0 0 0 127 127 34 0 113.608 88.6554 16 18.0203 82.3784 0 3.40541 102.757
27.4392 67 88.7365 0 0 30.8446 0 127 46.3567 1 0 0 0 0 0 0 0 16 16
0 0 0 0 0 0 127 51 0;
egregore_data 0 0 127 0 0 127 0 0 0 0 0 0 0 0 0 127 38 0 127 0 0 0
0 0 0 0 0 0 0 100 0 0 127 127 78 0 93 90 127 0 19 127 127 0 0 0 70
0 0 0 127 127 34 0 113.608 88.6554 16 18.0203 82.3784 0 3.40541 102.757
27.4392 67 88.7365 0 0 30.8446 0 127 46.3567 1 0 0 0 0 0 0 0 16 16
0 0 0 0 0 0 127 51 0;
egregore_data 0 0 127 0 0 127 0 0 0 0 0 0 0 0 0 127 38 0 127 0 0 0
0 0 0 0 0 0 0 100 0 0 127 127 78 0 93 90 127 0 19 127 127 0 0 0 70
0 0 0 127 127 34 0 113.608 88.6554 16 18.0203 82.3784 0 3.40541 102.757
27.4392 67 88.7365 0 0 30.8446 0 127 46.3567 1 0 0 0 0 0 0 0 16 16
0 0 0 0 0 0 127 51 0;
egregore_data 0 0 127 0 0 127 0 0 0 0 0 0 0 0 0 127 38 0 127 0 0 0
0 0 0 0 0 0 0 100 0 0 127 127 78 0 93 90 127 0 19 127 127 0 0 0 70
0 0 0 127 127 34 0 113.83 89.1633 16 17.2789 82.9388 0 3.26531 103.014
27.5034 67 88.8708 0 0 30.7687 0 127 46.3567 1 0 0 0 0 0 0 0 16 16
0 0 0 0 0 0 127 51 0;
egregore_data 0 0 127 0 0 127 0 0 0 0 0 0 0 0 0 127 38 0 127 0 0 0
0 0 0 0 0 0 0 100 0 0 127 127 78 0 93 90 127 0 19 127 127 0 0 0 70
0 0 0 127 127 34 0 113.83 89.1633 16 17.2789 82.9388 0 3.26531 103.014
27.5034 67 88.8708 0 0 30.7687 0 127 46.3567 1 0 0 0 0 0 0 0 16 16
0 0 0 0 0 0 127 51 0;
egregore_data 0 0 127 0 0 127 0 0 0 0 0 0 0 0 0 127 38 0 127 0 0 0
0 0 0 0 0 0 0 100 0 0 127 127 78 0 93 90 127 0 19 127 127 0 0 0 70
0 0 0 127 127 34 0 113.83 89.1633 16 17.2789 82.9388 0 3.26531 103.014
27.5034 67 88.8708 0 0 30.7687 0 127 46.3567 1 0 0 0 0 0 0 0 16 16
0 0 0 0 0 0 127 51 0;
egregore_data 0 0 127 0 0 127 0 0 0 0 0 0 0 0 0 127 38 0 127 0 0 0
0 0 0 0 0 0 0 100 0 0 127 127 78 0 93 90 127 0 19 127 127 0 0 0 70
0 0 0 127 127 34 0 113.83 89.1633 16 17.2789 82.9388 0 3.26531 103.014
27.5034 67 88.8708 0 0 30.7687 0 127 46.3567 1 0 0 0 0 0 0 0 16 16
0 0 0 0 0 0 127 51 0;
egregore_data 0 0 127 0 0 127 0 0 0 0 0 0 0 0 0 127 38 0 127 0 0 0
0 0 0 0 0 0 0 100 0 0 127 127 78 0 93 90 127 0 19 127 127 0 0 0 70
0 0 0 127 127 34 0 114.283 90.2 16 15.7655 84.0828 0 2.97931 103.538
27.6345 67 89.1448 0 0 30.6138 0 127 46.3567 1 0 0 0 0 0 0 0 16 16
0 0 0 0 0 0 127 51 0;
egregore_data 0 0 127 0 0 127 0 0 0 0 0 0 0 0 0 127 38 0 127 0 0 0
0 0 0 0 0 0 0 100 0 0 127 127 78 0 93 90 127 0 19 127 127 0 0 0 70
0 0 0 127 127 34 0 114.283 90.2 16 15.7655 84.0828 0 2.97931 103.538
27.6345 67 89.1448 0 0 30.6138 0 127 46.3567 1 0 0 0 0 0 0 0 16 16
0 0 0 0 0 0 127 51 0;
egregore_data 0 0 127 0 0 127 0 0 0 0 0 0 0 0 0 127 38 0 127 0 0 0
0 0 0 0 0 0 0 100 0 0 127 127 78 0 93 90 127 0 19 127 127 0 0 0 70
0 0 0 127 127 34 0 114.283 90.2 16 15.7655 84.0828 0 2.97931 103.538
27.6345 67 89.1448 0 0 30.6138 0 127 46.3567 1 0 0 0 0 0 0 0 16 16
0 0 0 0 0 0 127 51 0;
egregore_data 0 0 127 0 0 127 0 0 0 0 0 0 0 0 0 127 38 0 127 0 0 0
0 0 0 0 0 0 0 100 0 0 127 127 78 0 93 90 127 0 19 127 127 0 0 0 70
0 0 0 127 127 34 0 114.283 90.2 16 15.7655 84.0828 0 2.97931 103.538
27.6345 67 89.1448 0 0 30.6138 0 127 46.3567 1 0 0 0 0 0 0 0 16 16
0 0 0 0 0 0 127 51 0;
egregore_data 0 0 127 0 0 127 0 0 0 0 0 0 0 0 0 127 38 0 127 0 0 0
0 0 0 0 0 0 0 100 0 0 127 127 78 0 93 90 127 0 19 127 127 0 0 0 70
0 0 0 127 127 34 0 114.283 90.2 16 15.7655 84.0828 0 2.97931 103.538
27.6345 67 89.1448 0 0 30.6138 0 127 46.3567 1 0 0 0 0 0 0 0 16 16
0 0 0 0 0 0 127 51 0;
egregore_data 0 0 127 0 0 127 0 0 0 0 0 0 0 0 0 127 38 0 127 0 0 0
0 0 0 0 0 0 0 100 0 0 127 127 78 0 93 90 127 0 19 127 127 0 0 0 70
0 0 0 127 127 34 0 114.514 90.7292 16 14.9931 84.6667 0 2.83333 103.806
27.7014 67 89.2847 0 0 30.5347 0 127 46.3567 1 0 0 0 0 0 0 0 16 16
0 0 0 0 0 0 127 51 0;
egregore_data 0 0 127 0 0 127 0 0 0 0 0 0 0 0 0 127 38 0 127 0 0 0
0 0 0 0 0 0 0 100 0 0 127 127 78 0 93 90 127 0 19 127 127 0 0 0 70
0 0 0 127 127 34 0 114.514 90.7292 16 14.9931 84.6667 0 2.83333 103.806
27.7014 67 89.2847 0 0 30.5347 0 127 46.3567 1 0 0 0 0 0 0 0 16 16
0 0 0 0 0 0 127 51 0;
egregore_data 0 0 127 0 0 127 0 0 0 0 0 0 0 0 0 127 38 0 127 0 0 0
0 0 0 0 0 0 0 100 0 0 127 127 78 0 93 90 127 0 19 127 127 0 0 0 70
0 0 0 127 127 34 0 114.514 90.7292 16 14.9931 84.6667 0 2.83333 103.806
27.7014 67 89.2847 0 0 30.5347 0 127 46.3567 1 0 0 0 0 0 0 0 16 16
0 0 0 0 0 0 127 51 0;
egregore_data 0 0 127 0 0 127 0 0 0 0 0 0 0 0 0 127 38 0 127 0 0 0
0 0 0 0 0 0 0 100 0 0 127 127 78 0 93 90 127 0 19 127 127 0 0 0 70
0 0 0 127 127 34 0 114.514 90.7292 16 14.9931 84.6667 0 2.83333 103.806
27.7014 67 89.2847 0 0 30.5347 0 127 46.3567 1 0 0 0 0 0 0 0 16 16
0 0 0 0 0 0 127 51 0;
egregore_data 0 0 127 0 0 127 0 0 0 0 0 0 0 0 0 127 38 0 127 0 0 0
0 0 0 0 0 0 0 100 0 0 127 127 78 0 93 90 127 0 19 127 127 0 0 0 70
0 0 0 127 127 34 0 114.514 90.7292 16 14.9931 84.6667 0 2.83333 103.806
27.7014 67 89.2847 0 0 30.5347 0 127 46.3567 1 0 0 0 0 0 0 0 16 16
0 0 0 0 0 0 127 51 0;
egregore_data 0 0 127 0 0 127 0 0 0 0 0 0 0 0 0 127 38 0 127 0 0 0
0 0 0 0 0 0 0 100 0 0 127 127 78 0 93 90 127 0 19 127 127 0 0 0 70
0 0 0 127 127 34 0 114.514 90.7292 16 14.9931 84.6667 0 2.83333 103.806
27.7014 67 89.2847 0 0 30.5347 0 127 46.3567 1 0 0 0 0 0 0 0 16 16
0 0 0 0 0 0 127 51 0;
egregore_data 0 0 127 0 0 127 0 0 0 0 0 0 0 0 0 127 38 0 127 0 0 0
0 0 0 0 0 0 0 100 0 0 127 127 78 0 93 90 127 0 19 127 127 0 0 0 70
0 0 0 127 127 34 0 114.514 90.7292 16 14.9931 84.6667 0 2.83333 103.806
27.7014 67 89.2847 0 0 30.5347 0 127 46.3567 1 0 0 0 0 0 0 0 16 16
0 0 0 0 0 0 127 51 0;
egregore_data 0 0 127 0 0 127 0 0 0 0 0 0 0 0 0 127 38 0 127 0 0 0
0 0 0 0 0 0 0 100 0 0 127 127 78 0 93 90 127 0 19 127 127 0 0 0 70
0 0 0 127 127 34 0 114.514 90.7292 16 14.9931 84.6667 0 2.83333 103.806
27.7014 67 89.2847 0 0 30.5347 0 127 46.3567 1 0 0 0 0 0 0 0 16 16
0 0 0 0 0 0 127 51 0;
egregore_data 0 0 127 0 0 127 0 0 0 0 0 0 0 0 0 127 38 0 127 0 0 0
0 0 0 0 0 0 0 100 0 0 127 127 78 0 93 90 127 0 19 127 127 0 0 0 70
0 0 0 127 127 34 0 114.514 90.7292 16 14.9931 84.6667 0 2.83333 103.806
27.7014 67 89.2847 0 0 30.5347 0 127 46.3567 1 0 0 0 0 0 0 0 16 16
0 0 0 0 0 0 127 51 0;
egregore_data 0 0 127 0 0 127 0 0 0 0 0 0 0 0 0 127 38 0 127 0 0 0
0 0 0 0 0 0 0 100 0 0 127 127 78 0 93 90 127 0 19 127 127 0 0 0 70
0 0 0 127 127 34 0 114.514 90.7292 16 14.9931 84.6667 0 2.83333 103.806
27.7014 67 89.2847 0 0 30.5347 0 127 46.3567 1 0 0 0 0 0 0 0 16 16
0 0 0 0 0 0 127 51 0;
egregore_data 0 0 127 0 0 127 0 0 0 0 0 0 0 0 0 127 38 0 127 0 0 0
0 0 0 0 0 0 0 100 0 0 127 127 78 0 93 90 127 0 19 127 127 0 0 0 70
0 0 0 127 127 34 0 114.748 91.2657 16 14.2098 85.2587 0 2.68531 104.077
27.7692 67 89.4266 0 0 30.4545 0 127 46.3567 1 0 0 0 0 0 0 0 16 16
0 0 0 0 0 0 127 51 0;
egregore_data 0 0 127 0 0 127 0 0 0 0 0 0 0 0 0 127 38 0 127 0 0 0
0 0 0 0 0 0 0 100 0 0 127 127 78 0 93 90 127 0 19 127 127 0 0 0 70
0 0 0 127 127 34 0 114.748 91.2657 16 14.2098 85.2587 0 2.68531 104.077
27.7692 67 89.4266 0 0 30.4545 0 127 46.3567 1 0 0 0 0 0 0 0 16 16
0 0 0 0 0 0 127 51 0;
egregore_data 0 0 127 0 0 127 0 0 0 0 0 0 0 0 0 127 38 0 127 0 0 0
0 0 0 0 0 0 0 100 0 0 127 127 78 0 93 90 127 0 19 127 127 0 0 0 70
0 0 0 127 127 34 0 114.986 91.8099 16 13.4155 85.8592 0 2.53521 104.352
27.838 67 89.5704 0 0 30.3732 0 127 46.3567 1 0 0 0 0 0 0 0 16 16 0
0 0 0 0 0 127 51 0;
egregore_data 0 0 127 0 0 127 0 0 0 0 0 0 0 0 0 127 38 0 127 0 0 0
0 0 0 0 0 0 0 100 0 0 127 127 78 0 93 90 127 0 19 127 127 0 0 0 70
0 0 0 127 127 34 0 114.986 91.8099 16 13.4155 85.8592 0 2.53521 104.352
27.838 67 89.5704 0 0 30.3732 0 127 46.3567 1 0 0 0 0 0 0 0 16 16 0
0 0 0 0 0 127 51 0;
egregore_data 0 0 127 0 0 127 0 0 0 0 0 0 0 0 0 127 38 0 127 0 0 0
0 0 0 0 0 0 0 100 0 0 127 127 78 0 93 90 127 0 19 127 127 0 0 0 70
0 0 0 127 127 34 0 114.986 91.8099 16 13.4155 85.8592 0 2.53521 104.352
27.838 67 89.5704 0 0 30.3732 0 127 46.3567 1 0 0 0 0 0 0 0 16 16 0
0 0 0 0 0 127 51 0;
egregore_data 0 0 127 0 0 127 0 0 0 0 0 0 0 0 0 127 38 0 127 0 0 0
0 0 0 0 0 0 0 100 0 0 127 127 78 0 93 90 127 0 19 127 127 0 0 0 70
0 0 0 127 127 34 0 115.227 92.3617 16 12.6099 86.4681 0 2.38298 104.631
27.9078 67 89.7163 0 0 30.2908 0 127 46.3567 1 0 0 0 0 0 0 0 16 16
0 0 0 0 0 0 127 51 0;
egregore_data 0 0 127 0 0 127 0 0 0 0 0 0 0 0 0 127 38 0 127 0 0 0
0 0 0 0 0 0 0 100 0 0 127 127 78 0 93 90 127 0 19 127 127 0 0 0 70
0 0 0 127 127 34 0 115.227 92.3617 16 12.6099 86.4681 0 2.38298 104.631
27.9078 67 89.7163 0 0 30.2908 0 127 46.3567 1 0 0 0 0 0 0 0 16 16
0 0 0 0 0 0 127 51 0;
egregore_data 0 0 127 0 0 127 0 0 0 0 0 0 0 0 0 127 38 0 127 0 0 0
0 0 0 0 0 0 0 100 0 0 127 127 78 0 93 90 127 0 19 127 127 0 0 0 70
0 0 0 127 127 34 0 115.227 92.3617 16 12.6099 86.4681 0 2.38298 104.631
27.9078 67 89.7163 0 0 30.2908 0 127 46.3567 1 0 0 0 0 0 0 0 16 16
0 0 0 0 0 0 127 51 0;
egregore_data 0 0 127 0 0 127 0 0 0 0 0 0 0 0 0 127 38 0 127 0 0 0
0 0 0 0 0 0 0 100 0 0 127 127 78 0 93 90 127 0 19 127 127 0 0 0 70
0 0 0 127 127 34 0 115.227 92.3617 16 12.6099 86.4681 0 2.38298 104.631
27.9078 67 89.7163 0 0 30.2908 0 127 46.3567 1 0 0 0 0 0 0 0 16 16
0 0 0 0 0 0 127 51 0;
egregore_data 0 0 127 0 0 127 0 0 0 0 0 0 0 0 0 127 38 0 127 0 0 0
0 0 0 0 0 0 0 100 0 0 127 127 78 0 93 90 127 0 19 127 127 0 0 0 70
0 0 0 127 127 34 0 115.227 92.3617 16 12.6099 86.4681 0 2.38298 104.631
27.9078 67 89.7163 0 0 30.2908 0 127 46.3567 1 0 0 0 0 0 0 0 16 16
0 0 0 0 0 0 127 51 0;
egregore_data 0 0 127 0 0 127 0 0 0 0 0 0 0 0 0 127 38 0 127 0 0 0
0 0 0 0 0 0 0 100 0 0 127 127 78 0 93 90 127 0 19 127 127 0 0 0 70
0 0 0 127 127 34 0 115.471 92.9214 16 11.7929 87.0857 0 2.22857 104.914
27.9786 67 89.8643 0 0 30.2071 0 127 46.3567 1 0 0 0 0 0 0 0 16 16
0 0 0 0 0 0 127 51 0;
egregore_data 0 0 127 0 0 127 0 0 0 0 0 0 0 0 0 127 38 0 127 0 0 0
0 0 0 0 0 0 0 100 0 0 127 127 78 0 93 90 127 0 19 127 127 0 0 0 70
0 0 0 127 127 34 0 115.471 92.9214 16 11.7929 87.0857 0 2.22857 104.914
27.9786 67 89.8643 0 0 30.2071 0 127 46.3567 1 0 0 0 0 0 0 0 16 16
0 0 0 0 0 0 127 51 0;
egregore_data 0 0 127 0 0 127 0 0 0 0 0 0 0 0 0 127 38 0 127 0 0 0
0 0 0 0 0 0 0 100 0 0 127 127 78 0 93 90 127 0 19 127 127 0 0 0 70
0 0 0 127 127 34 0 115.471 92.9214 16 11.7929 87.0857 0 2.22857 104.914
27.9786 67 89.8643 0 0 30.2071 0 127 46.3567 1 0 0 0 0 0 0 0 16 16
0 0 0 0 0 0 127 51 0;
egregore_data 0 0 127 0 0 127 0 0 0 0 0 0 0 0 0 127 38 0 127 0 0 0
0 0 0 0 0 0 0 100 0 0 127 127 78 0 93 90 127 0 19 127 127 0 0 0 70
0 0 0 127 127 34 0 115.471 92.9214 16 11.7929 87.0857 0 2.22857 104.914
27.9786 67 89.8643 0 0 30.2071 0 127 46.3567 1 0 0 0 0 0 0 0 16 16
0 0 0 0 0 0 127 51 0;
egregore_data 0 0 127 0 0 127 0 0 0 0 0 0 0 0 0 127 38 0 127 0 0 0
0 0 0 0 0 0 0 100 0 0 127 127 78 0 93 90 127 0 19 127 127 0 0 0 70
0 0 0 127 127 34 0 115.471 92.9214 16 11.7929 87.0857 0 2.22857 104.914
27.9786 67 89.8643 0 0 30.2071 0 127 46.3567 1 0 0 0 0 0 0 0 16 16
0 0 0 0 0 0 127 51 0;
egregore_data 0 0 127 0 0 127 0 0 0 0 0 0 0 0 0 127 38 0 127 0 0 0
0 0 0 0 0 0 0 100 0 0 127 127 78 0 93 90 127 0 19 127 127 0 0 0 70
0 0 0 127 127 34 0 115.471 92.9214 16 11.7929 87.0857 0 2.22857 104.914
27.9786 67 89.8643 0 0 30.2071 0 127 46.3567 1 0 0 0 0 0 0 0 16 16
0 0 0 0 0 0 127 51 0;
egregore_data 0 0 127 0 0 127 0 0 0 0 0 0 0 0 0 127 38 0 127 0 0 0
0 0 0 0 0 0 0 100 0 0 127 127 78 0 93 90 127 0 19 127 127 0 0 0 70
0 0 0 127 127 34 0 115.471 92.9214 16 11.7929 87.0857 0 2.22857 104.914
27.9786 67 89.8643 0 0 30.2071 0 127 46.3567 1 0 0 0 0 0 0 0 16 16
0 0 0 0 0 0 127 51 0;
egregore_data 0 0 127 0 0 127 0 0 0 0 0 0 0 0 0 127 38 0 127 0 0 0
0 0 0 0 0 0 0 100 0 0 127 127 78 0 93 90 127 0 19 127 127 0 0 0 70
0 0 0 127 127 34 0 115.471 92.9214 16 11.7929 87.0857 0 2.22857 104.914
27.9786 67 89.8643 0 0 30.2071 0 127 46.3567 1 0 0 0 0 0 0 0 16 16
0 0 0 0 0 0 127 51 0;
egregore_data 0 0 127 0 0 127 0 0 0 0 0 0 0 0 0 127 38 0 127 0 0 0
0 0 0 0 0 0 0 100 0 0 127 127 78 0 93 90 127 0 19 127 127 0 0 0 70
0 0 0 127 127 34 0 115.971 94.0652 16 10.1232 88.3478 0 1.91304 105.493
28.1232 67 90.1667 0 0 30.0362 0 127 46.3567 1 0 0 0 0 0 0 0 16 16
0 0 0 0 0 0 127 51 0;
END;
