HTTP/1.1 200 OK
Date: Thu, 28 May 2015 12:25:19 GMT
Server: Apache
Last-Modified: Wed, 27 May 2015 19:26:32 GMT
Accept-Ranges: bytes
Content-Length: 32073
Vary: Accept-Encoding
Connection: close
Content-Type: text/plain

chdh_egregore_live_data;
egregore_data 0 0 127 0 0 127 0 0 0 0 0 0 0 0 0 127 38 0 127 0 0 0
0 0 0 0 0 0 0 100 0 0 127 127 78 0 93 90 127 0 19 127 127 0 0 0 70
0 0 0 127 127 34 0 69.0295 38.9451 39.0591 90.0295 105.016 51.9789
62.6962 60.0169 25.5654 95.384 36.1137 0 21.9705 37.8101 1.56962 127
81.8066 1 0 0 0 0 0 0 0 16 16 0 0 0 0 0 0 127 51 0;
egregore_data 0 0 127 0 0 127 0 0 0 0 0 0 0 0 0 127 38 0 127 0 0 0
0 0 0 0 0 0 0 100 0 0 127 127 78 0 93 90 127 0 19 127 127 0 0 0 70
0 0 0 127 127 34 0 68.9534 38.8263 39 90.411 105.461 52.1992 62.9619
60.2712 25.4153 95.7881 36.093 0 22.0636 37.9703 1.57627 127 81.8066
1 0 0 0 0 0 0 0 16 16 0 0 0 0 0 0 127 51 0;
egregore_data 0 0 127 0 0 127 0 0 0 0 0 0 0 0 0 127 38 0 127 0 0 0
0 0 0 0 0 0 0 100 0 0 127 127 78 0 93 90 127 0 19 127 127 0 0 0 70
0 0 0 127 127 34 0 68.9534 38.8263 39 90.411 105.461 52.1992 62.9619
60.2712 25.4153 95.7881 36.093 0 22.0636 37.9703 1.57627 127 81.8066
1 0 0 0 0 0 0 0 16 16 0 0 0 0 0 0 127 51 0;
egregore_data 0 0 127 0 0 127 0 0 0 0 0 0 0 0 0 127 38 0 127 0 0 0
0 0 0 0 0 0 0 100 0 0 127 127 78 0 93 90 127 0 19 127 127 0 0 0 70
0 0 0 127 127 34 0 68.9534 38.8263 39 90.411 105.461 52.1992 62.9619
60.2712 25.4153 95.7881 36.093 0 22.0636 37.9703 1.57627 127 81.8066
1 0 0 0 0 0 0 0 16 16 0 0 0 0 0 0 127 51 0;
egregore_data 0 0 127 0 0 127 0 0 0 0 0 0 0 0 0 127 38 0 127 0 0 0
0 0 0 0 0 0 0 100 0 0 127 127 78 0 93 90 127 0 19 127 127 0 0 0 70
0 0 0 127 127 34 0 69.038 39.0295 39.1224 90.2658 105.535 51.9789 63.2321
60.0169 25.5359 95.9198 35.9517 0 21.9705 37.9747 1.5865 127 81.8066
1 0 0 0 0 0 0 0 16 16 0 0 0 0 0 0 127 51 0;
egregore_data 0 0 127 0 0 127 0 0 0 0 0 0 0 0 0 127 38 0 127 0 0 0
0 0 0 0 0 0 0 100 0 0 127 127 78 0 93 90 127 0 19 127 127 0 0 0 70
0 0 0 127 127 34 0 69.038 39.0295 39.1224 90.2658 105.535 51.9789 63.2321
60.0169 25.5359 95.9198 35.9517 0 21.9705 37.9747 1.5865 127 81.8066
1 0 0 0 0 0 0 0 16 16 0 0 0 0 0 0 127 51 0;
egregore_data 0 0 127 0 0 127 0 0 0 0 0 0 0 0 0 127 38 0 127 0 0 0
0 0 0 0 0 0 0 100 0 0 127 127 78 0 93 90 127 0 19 127 127 0 0 0 70
0 0 0 127 127 34 0 69.038 39.0295 39.1224 90.2658 105.535 51.9789 63.2321
60.0169 25.5359 95.9198 35.9517 0 21.9705 37.9747 1.5865 127 81.8066
1 0 0 0 0 0 0 0 16 16 0 0 0 0 0 0 127 51 0;
egregore_data 0 0 127 0 0 127 0 0 0 0 0 0 0 0 0 127 38 0 127 0 0 0
0 0 0 0 0 0 0 100 0 0 127 127 78 0 93 90 127 0 19 127 127 0 0 0 70
0 0 0 127 127 34 0 69.038 39.0295 39.1224 90.2658 105.535 51.9789 63.2321
60.0169 25.5359 95.9198 35.9517 0 21.9705 37.9747 1.5865 127 81.8066
1 0 0 0 0 0 0 0 16 16 0 0 0 0 0 0 127 51 0;
egregore_data 0 0 127 0 0 127 0 0 0 0 0 0 0 0 0 127 38 0 127 0 0 0
0 0 0 0 0 0 0 100 0 0 127 127 78 0 93 90 127 0 19 127 127 0 0 0 70
0 0 0 127 127 34 0 69.205 39.431 39.364 89.9791 105.68 51.5439 63.7657
59.5146 25.7741 96.1799 35.6726 0 21.7866 37.9833 1.60669 127 81.8066
1 0 0 0 0 0 0 0 16 16 0 0 0 0 0 0 127 51 0;
egregore_data 0 0 127 0 0 127 0 0 0 0 0 0 0 0 0 127 38 0 127 0 0 0
0 0 0 0 0 0 0 100 0 0 127 127 78 0 93 90 127 0 19 127 127 0 0 0 70
0 0 0 127 127 34 0 69.2875 39.6292 39.4833 89.8375 105.752 51.3292
64.0292 59.2667 25.8917 96.3083 35.5348 0 21.6958 37.9875 1.61667 127
81.8066 1 0 0 0 0 0 0 0 16 16 0 0 0 0 0 0 127 51 0;
egregore_data 0 0 127 0 0 127 0 0 0 0 0 0 0 0 0 127 38 0 127 0 0 0
0 0 0 0 0 0 0 100 0 0 127 127 78 0 93 90 127 0 19 127 127 0 0 0 70
0 0 0 127 127 34 0 69.2875 39.6292 39.4833 89.8375 105.752 51.3292
64.0292 59.2667 25.8917 96.3083 35.5348 0 21.6958 37.9875 1.61667 127
81.8066 1 0 0 0 0 0 0 0 16 16 0 0 0 0 0 0 127 51 0;
egregore_data 0 0 127 0 0 127 0 0 0 0 0 0 0 0 0 127 38 0 127 0 0 0
0 0 0 0 0 0 0 100 0 0 127 127 78 0 93 90 127 0 19 127 127 0 0 0 70
0 0 0 127 127 34 0 69.2875 39.6292 39.4833 89.8375 105.752 51.3292
64.0292 59.2667 25.8917 96.3083 35.5348 0 21.6958 37.9875 1.61667 127
81.8066 1 0 0 0 0 0 0 0 16 16 0 0 0 0 0 0 127 51 0;
egregore_data 0 0 127 0 0 127 0 0 0 0 0 0 0 0 0 127 38 0 127 0 0 0
0 0 0 0 0 0 0 100 0 0 127 127 78 0 93 90 127 0 19 127 127 0 0 0 70
0 0 0 127 127 34 0 69.2134 39.5146 39.4268 90.2134 106.194 51.5439
64.2971 59.5146 25.7448 96.7113 35.512 0 21.7866 38.1464 1.62343 127
81.8066 1 0 0 0 0 0 0 0 16 16 0 0 0 0 0 0 127 51 0;
egregore_data 0 0 127 0 0 127 0 0 0 0 0 0 0 0 0 127 38 0 127 0 0 0
0 0 0 0 0 0 0 100 0 0 127 127 78 0 93 90 127 0 19 127 127 0 0 0 70
0 0 0 127 127 34 0 69.2134 39.5146 39.4268 90.2134 106.194 51.5439
64.2971 59.5146 25.7448 96.7113 35.512 0 21.7866 38.1464 1.62343 127
81.8066 1 0 0 0 0 0 0 0 16 16 0 0 0 0 0 0 127 51 0;
egregore_data 0 0 127 0 0 127 0 0 0 0 0 0 0 0 0 127 38 0 127 0 0 0
0 0 0 0 0 0 0 100 0 0 127 127 78 0 93 90 127 0 19 127 127 0 0 0 70
0 0 0 127 127 34 0 69.2134 39.5146 39.4268 90.2134 106.194 51.5439
64.2971 59.5146 25.7448 96.7113 35.512 0 21.7866 38.1464 1.62343 127
81.8066 1 0 0 0 0 0 0 0 16 16 0 0 0 0 0 0 127 51 0;
egregore_data 0 0 127 0 0 127 0 0 0 0 0 0 0 0 0 127 38 0 127 0 0 0
0 0 0 0 0 0 0 100 0 0 127 127 78 0 93 90 127 0 19 127 127 0 0 0 70
0 0 0 127 127 34 0 69.2134 39.5146 39.4268 90.2134 106.194 51.5439
64.2971 59.5146 25.7448 96.7113 35.512 0 21.7866 38.1464 1.62343 127
81.8066 1 0 0 0 0 0 0 0 16 16 0 0 0 0 0 0 127 51 0;
egregore_data 0 0 127 0 0 127 0 0 0 0 0 0 0 0 0 127 38 0 127 0 0 0
0 0 0 0 0 0 0 100 0 0 127 127 78 0 93 90 127 0 19 127 127 0 0 0 70
0 0 0 127 127 34 0 69.2134 39.5146 39.4268 90.2134 106.194 51.5439
64.2971 59.5146 25.7448 96.7113 35.512 0 21.7866 38.1464 1.62343 127
81.8066 1 0 0 0 0 0 0 0 16 16 0 0 0 0 0 0 127 51 0;
egregore_data 0 0 127 0 0 127 0 0 0 0 0 0 0 0 0 127 38 0 127 0 0 0
0 0 0 0 0 0 0 100 0 0 127 127 78 0 93 90 127 0 19 127 127 0 0 0 70
0 0 0 127 127 34 0 69.2958 39.7125 39.5458 90.0708 106.264 51.3292
64.5583 59.2667 25.8625 96.8375 35.3748 0 21.6958 38.15 1.63333 127
81.8066 1 0 0 0 0 0 0 0 16 16 0 0 0 0 0 0 127 51 0;
egregore_data 0 0 127 0 0 127 0 0 0 0 0 0 0 0 0 127 38 0 127 0 0 0
0 0 0 0 0 0 0 100 0 0 127 127 78 0 93 90 127 0 19 127 127 0 0 0 70
0 0 0 127 127 34 0 69.2958 39.7125 39.5458 90.0708 106.264 51.3292
64.5583 59.2667 25.8625 96.8375 35.3748 0 21.6958 38.15 1.63333 127
81.8066 1 0 0 0 0 0 0 0 16 16 0 0 0 0 0 0 127 51 0;
egregore_data 0 0 127 0 0 127 0 0 0 0 0 0 0 0 0 127 38 0 127 0 0 0
0 0 0 0 0 0 0 100 0 0 127 127 78 0 93 90 127 0 19 127 127 0 0 0 70
0 0 0 127 127 34 0 69.2958 39.7125 39.5458 90.0708 106.264 51.3292
64.5583 59.2667 25.8625 96.8375 35.3748 0 21.6958 38.15 1.63333 127
81.8066 1 0 0 0 0 0 0 0 16 16 0 0 0 0 0 0 127 51 0;
egregore_data 0 0 127 0 0 127 0 0 0 0 0 0 0 0 0 127 38 0 127 0 0 0
0 0 0 0 0 0 0 100 0 0 127 127 78 0 93 90 127 0 19 127 127 0 0 0 70
0 0 0 127 127 34 0 69.2958 39.7125 39.5458 90.0708 106.264 51.3292
64.5583 59.2667 25.8625 96.8375 35.3748 0 21.6958 38.15 1.63333 127
81.8066 1 0 0 0 0 0 0 0 16 16 0 0 0 0 0 0 127 51 0;
egregore_data 0 0 127 0 0 127 0 0 0 0 0 0 0 0 0 127 38 0 127 0 0 0
0 0 0 0 0 0 0 100 0 0 127 127 78 0 93 90 127 0 19 127 127 0 0 0 70
0 0 0 127 127 34 0 69.2958 39.7125 39.5458 90.0708 106.264 51.3292
64.5583 59.2667 25.8625 96.8375 35.3748 0 21.6958 38.15 1.63333 127
81.8066 1 0 0 0 0 0 0 0 16 16 0 0 0 0 0 0 127 51 0;
egregore_data 0 0 127 0 0 127 0 0 0 0 0 0 0 0 0 127 38 0 127 0 0 0
0 0 0 0 0 0 0 100 0 0 127 127 78 0 93 90 127 0 19 127 127 0 0 0 70
0 0 0 127 127 34 0 69.2958 39.7125 39.5458 90.0708 106.264 51.3292
64.5583 59.2667 25.8625 96.8375 35.3748 0 21.6958 38.15 1.63333 127
81.8066 1 0 0 0 0 0 0 0 16 16 0 0 0 0 0 0 127 51 0;
egregore_data 0 0 127 0 0 127 0 0 0 0 0 0 0 0 0 127 38 0 127 0 0 0
0 0 0 0 0 0 0 100 0 0 127 127 78 0 93 90 127 0 19 127 127 0 0 0 70
0 0 0 127 127 34 0 69.2218 39.5983 39.4895 90.4477 106.708 51.5439
64.8285 59.5146 25.7155 97.2427 35.3513 0 21.7866 38.3096 1.64017 127
81.8066 1 0 0 0 0 0 0 0 16 16 0 0 0 0 0 0 127 51 0;
egregore_data 0 0 127 0 0 127 0 0 0 0 0 0 0 0 0 127 38 0 127 0 0 0
0 0 0 0 0 0 0 100 0 0 127 127 78 0 93 90 127 0 19 127 127 0 0 0 70
0 0 0 127 127 34 0 69.2218 39.5983 39.4895 90.4477 106.708 51.5439
64.8285 59.5146 25.7155 97.2427 35.3513 0 21.7866 38.3096 1.64017 127
81.8066 1 0 0 0 0 0 0 0 16 16 0 0 0 0 0 0 127 51 0;
egregore_data 0 0 127 0 0 127 0 0 0 0 0 0 0 0 0 127 38 0 127 0 0 0
0 0 0 0 0 0 0 100 0 0 127 127 78 0 93 90 127 0 19 127 127 0 0 0 70
0 0 0 127 127 34 0 69.2218 39.5983 39.4895 90.4477 106.708 51.5439
64.8285 59.5146 25.7155 97.2427 35.3513 0 21.7866 38.3096 1.64017 127
81.8066 1 0 0 0 0 0 0 0 16 16 0 0 0 0 0 0 127 51 0;
egregore_data 0 0 127 0 0 127 0 0 0 0 0 0 0 0 0 127 38 0 127 0 0 0
0 0 0 0 0 0 0 100 0 0 127 127 78 0 93 90 127 0 19 127 127 0 0 0 70
0 0 0 127 127 34 0 69.2218 39.5983 39.4895 90.4477 106.708 51.5439
64.8285 59.5146 25.7155 97.2427 35.3513 0 21.7866 38.3096 1.64017 127
81.8066 1 0 0 0 0 0 0 0 16 16 0 0 0 0 0 0 127 51 0;
egregore_data 0 0 127 0 0 127 0 0 0 0 0 0 0 0 0 127 38 0 127 0 0 0
0 0 0 0 0 0 0 100 0 0 127 127 78 0 93 90 127 0 19 127 127 0 0 0 70
0 0 0 127 127 34 0 69.2218 39.5983 39.4895 90.4477 106.708 51.5439
64.8285 59.5146 25.7155 97.2427 35.3513 0 21.7866 38.3096 1.64017 127
81.8066 1 0 0 0 0 0 0 0 16 16 0 0 0 0 0 0 127 51 0;
egregore_data 0 0 127 0 0 127 0 0 0 0 0 0 0 0 0 127 38 0 127 0 0 0
0 0 0 0 0 0 0 100 0 0 127 127 78 0 93 90 127 0 19 127 127 0 0 0 70
0 0 0 127 127 34 0 69.2218 39.5983 39.4895 90.4477 106.708 51.5439
64.8285 59.5146 25.7155 97.2427 35.3513 0 21.7866 38.3096 1.64017 127
81.8066 1 0 0 0 0 0 0 0 16 16 0 0 0 0 0 0 127 51 0;
egregore_data 0 0 127 0 0 127 0 0 0 0 0 0 0 0 0 127 38 0 127 0 0 0
0 0 0 0 0 0 0 100 0 0 127 127 78 0 93 90 127 0 19 127 127 0 0 0 70
0 0 0 127 127 34 0 69.2218 39.5983 39.4895 90.4477 106.708 51.5439
64.8285 59.5146 25.7155 97.2427 35.3513 0 21.7866 38.3096 1.64017 127
81.8066 1 0 0 0 0 0 0 0 16 16 0 0 0 0 0 0 127 51 0;
egregore_data 0 0 127 0 0 127 0 0 0 0 0 0 0 0 0 127 38 0 127 0 0 0
0 0 0 0 0 0 0 100 0 0 127 127 78 0 93 90 127 0 19 127 127 0 0 0 70
0 0 0 127 127 34 0 69.2218 39.5983 39.4895 90.4477 106.708 51.5439
64.8285 59.5146 25.7155 97.2427 35.3513 0 21.7866 38.3096 1.64017 127
81.8066 1 0 0 0 0 0 0 0 16 16 0 0 0 0 0 0 127 51 0;
egregore_data 0 0 127 0 0 127 0 0 0 0 0 0 0 0 0 127 38 0 127 0 0 0
0 0 0 0 0 0 0 100 0 0 127 127 78 0 93 90 127 0 19 127 127 0 0 0 70
0 0 0 127 127 34 0 69.2301 39.682 39.5523 90.682 107.222 51.5439 65.3598
59.5146 25.6862 97.7741 35.1906 0 21.7866 38.4728 1.6569 127 81.8066
1 0 0 0 0 0 0 0 16 16 0 0 0 0 0 0 127 51 0;
egregore_data 0 0 127 0 0 127 0 0 0 0 0 0 0 0 0 127 38 0 127 0 0 0
0 0 0 0 0 0 0 100 0 0 127 127 78 0 93 90 127 0 19 127 127 0 0 0 70
0 0 0 127 127 34 0 69.2301 39.682 39.5523 90.682 107.222 51.5439 65.3598
59.5146 25.6862 97.7741 35.1906 0 21.7866 38.4728 1.6569 127 81.8066
1 0 0 0 0 0 0 0 16 16 0 0 0 0 0 0 127 51 0;
egregore_data 0 0 127 0 0 127 0 0 0 0 0 0 0 0 0 127 38 0 127 0 0 0
0 0 0 0 0 0 0 100 0 0 127 127 78 0 93 90 127 0 19 127 127 0 0 0 70
0 0 0 127 127 34 0 69.2301 39.682 39.5523 90.682 107.222 51.5439 65.3598
59.5146 25.6862 97.7741 35.1906 0 21.7866 38.4728 1.6569 127 81.8066
1 0 0 0 0 0 0 0 16 16 0 0 0 0 0 0 127 51 0;
egregore_data 0 0 127 0 0 127 0 0 0 0 0 0 0 0 0 127 38 0 127 0 0 0
0 0 0 0 0 0 0 100 0 0 127 127 78 0 93 90 127 0 19 127 127 0 0 0 70
0 0 0 127 127 34 0 69.2301 39.682 39.5523 90.682 107.222 51.5439 65.3598
59.5146 25.6862 97.7741 35.1906 0 21.7866 38.4728 1.6569 127 81.8066
1 0 0 0 0 0 0 0 16 16 0 0 0 0 0 0 127 51 0;
egregore_data 0 0 127 0 0 127 0 0 0 0 0 0 0 0 0 127 38 0 127 0 0 0
0 0 0 0 0 0 0 100 0 0 127 127 78 0 93 90 127 0 19 127 127 0 0 0 70
0 0 0 127 127 34 0 69.2301 39.682 39.5523 90.682 107.222 51.5439 65.3598
59.5146 25.6862 97.7741 35.1906 0 21.7866 38.4728 1.6569 127 81.8066
1 0 0 0 0 0 0 0 16 16 0 0 0 0 0 0 127 51 0;
egregore_data 0 0 127 0 0 127 0 0 0 0 0 0 0 0 0 127 38 0 127 0 0 0
0 0 0 0 0 0 0 100 0 0 127 127 78 0 93 90 127 0 19 127 127 0 0 0 70
0 0 0 127 127 34 0 69.3125 39.8792 39.6708 90.5375 107.287 51.3292
65.6167 59.2667 25.8042 97.8958 35.0548 0 21.6958 38.475 1.66667 127
81.8066 1 0 0 0 0 0 0 0 16 16 0 0 0 0 0 0 127 51 0;
egregore_data 0 0 127 0 0 127 0 0 0 0 0 0 0 0 0 127 38 0 127 0 0 0
0 0 0 0 0 0 0 100 0 0 127 127 78 0 93 90 127 0 19 127 127 0 0 0 70
0 0 0 127 127 34 0 69.3125 39.8792 39.6708 90.5375 107.287 51.3292
65.6167 59.2667 25.8042 97.8958 35.0548 0 21.6958 38.475 1.66667 127
81.8066 1 0 0 0 0 0 0 0 16 16 0 0 0 0 0 0 127 51 0;
egregore_data 0 0 127 0 0 127 0 0 0 0 0 0 0 0 0 127 38 0 127 0 0 0
0 0 0 0 0 0 0 100 0 0 127 127 78 0 93 90 127 0 19 127 127 0 0 0 70
0 0 0 127 127 34 0 69.3125 39.8792 39.6708 90.5375 107.287 51.3292
65.6167 59.2667 25.8042 97.8958 35.0548 0 21.6958 38.475 1.66667 127
81.8066 1 0 0 0 0 0 0 0 16 16 0 0 0 0 0 0 127 51 0;
egregore_data 0 0 127 0 0 127 0 0 0 0 0 0 0 0 0 127 38 0 127 0 0 0
0 0 0 0 0 0 0 100 0 0 127 127 78 0 93 90 127 0 19 127 127 0 0 0 70
0 0 0 127 127 34 0 69.3125 39.8792 39.6708 90.5375 107.287 51.3292
65.6167 59.2667 25.8042 97.8958 35.0548 0 21.6958 38.475 1.66667 127
81.8066 1 0 0 0 0 0 0 0 16 16 0 0 0 0 0 0 127 51 0;
egregore_data 0 0 127 0 0 127 0 0 0 0 0 0 0 0 0 127 38 0 127 0 0 0
0 0 0 0 0 0 0 100 0 0 127 127 78 0 93 90 127 0 19 127 127 0 0 0 70
0 0 0 127 127 34 0 69.3125 39.8792 39.6708 90.5375 107.287 51.3292
65.6167 59.2667 25.8042 97.8958 35.0548 0 21.6958 38.475 1.66667 127
81.8066 1 0 0 0 0 0 0 0 16 16 0 0 0 0 0 0 127 51 0;
egregore_data 0 0 127 0 0 127 0 0 0 0 0 0 0 0 0 127 38 0 127 0 0 0
0 0 0 0 0 0 0 100 0 0 127 127 78 0 93 90 127 0 19 127 127 0 0 0 70
0 0 0 127 127 34 0 69.3125 39.8792 39.6708 90.5375 107.287 51.3292
65.6167 59.2667 25.8042 97.8958 35.0548 0 21.6958 38.475 1.66667 127
81.8066 1 0 0 0 0 0 0 0 16 16 0 0 0 0 0 0 127 51 0;
egregore_data 0 0 127 0 0 127 0 0 0 0 0 0 0 0 0 127 38 0 127 0 0 0
0 0 0 0 0 0 0 100 0 0 127 127 78 0 93 90 127 0 19 127 127 0 0 0 70
0 0 0 127 127 34 0 69.4752 40.2686 39.905 90.2521 107.416 50.905 66.124
58.7769 26.0372 98.1364 34.7866 0 21.5165 38.4793 1.68595 127 81.8066
1 0 0 0 0 0 0 0 16 16 0 0 0 0 0 0 127 51 0;
egregore_data 0 0 127 0 0 127 0 0 0 0 0 0 0 0 0 127 38 0 127 0 0 0
0 0 0 0 0 0 0 100 0 0 127 127 78 0 93 90 127 0 19 127 127 0 0 0 70
0 0 0 127 127 34 0 69.4752 40.2686 39.905 90.2521 107.416 50.905 66.124
58.7769 26.0372 98.1364 34.7866 0 21.5165 38.4793 1.68595 127 81.8066
1 0 0 0 0 0 0 0 16 16 0 0 0 0 0 0 127 51 0;
egregore_data 0 0 127 0 0 127 0 0 0 0 0 0 0 0 0 127 38 0 127 0 0 0
0 0 0 0 0 0 0 100 0 0 127 127 78 0 93 90 127 0 19 127 127 0 0 0 70
0 0 0 127 127 34 0 69.5555 40.4609 40.0206 90.1111 107.48 50.6955 66.3745
58.535 26.1523 98.2551 34.6542 0 21.428 38.4815 1.69547 127 81.8066
1 0 0 0 0 0 0 0 16 16 0 0 0 0 0 0 127 51 0;
egregore_data 0 0 127 0 0 127 0 0 0 0 0 0 0 0 0 127 38 0 127 0 0 0
0 0 0 0 0 0 0 100 0 0 127 127 78 0 93 90 127 0 19 127 127 0 0 0 70
0 0 0 127 127 34 0 69.5555 40.4609 40.0206 90.1111 107.48 50.6955 66.3745
58.535 26.1523 98.2551 34.6542 0 21.428 38.4815 1.69547 127 81.8066
1 0 0 0 0 0 0 0 16 16 0 0 0 0 0 0 127 51 0;
egregore_data 0 0 127 0 0 127 0 0 0 0 0 0 0 0 0 127 38 0 127 0 0 0
0 0 0 0 0 0 0 100 0 0 127 127 78 0 93 90 127 0 19 127 127 0 0 0 70
0 0 0 127 127 34 0 69.5555 40.4609 40.0206 90.1111 107.48 50.6955 66.3745
58.535 26.1523 98.2551 34.6542 0 21.428 38.4815 1.69547 127 81.8066
1 0 0 0 0 0 0 0 16 16 0 0 0 0 0 0 127 51 0;
egregore_data 0 0 127 0 0 127 0 0 0 0 0 0 0 0 0 127 38 0 127 0 0 0
0 0 0 0 0 0 0 100 0 0 127 127 78 0 93 90 127 0 19 127 127 0 0 0 70
0 0 0 127 127 34 0 69.5555 40.4609 40.0206 90.1111 107.48 50.6955 66.3745
58.535 26.1523 98.2551 34.6542 0 21.428 38.4815 1.69547 127 81.8066
1 0 0 0 0 0 0 0 16 16 0 0 0 0 0 0 127 51 0;
egregore_data 0 0 127 0 0 127 0 0 0 0 0 0 0 0 0 127 38 0 127 0 0 0
0 0 0 0 0 0 0 100 0 0 127 127 78 0 93 90 127 0 19 127 127 0 0 0 70
0 0 0 127 127 34 0 69.5555 40.4609 40.0206 90.1111 107.48 50.6955 66.3745
58.535 26.1523 98.2551 34.6542 0 21.428 38.4815 1.69547 127 81.8066
1 0 0 0 0 0 0 0 16 16 0 0 0 0 0 0 127 51 0;
egregore_data 0 0 127 0 0 127 0 0 0 0 0 0 0 0 0 127 38 0 127 0 0 0
0 0 0 0 0 0 0 100 0 0 127 127 78 0 93 90 127 0 19 127 127 0 0 0 70
0 0 0 127 127 34 0 69.5555 40.4609 40.0206 90.1111 107.48 50.6955 66.3745
58.535 26.1523 98.2551 34.6542 0 21.428 38.4815 1.69547 127 81.8066
1 0 0 0 0 0 0 0 16 16 0 0 0 0 0 0 127 51 0;
egregore_data 0 0 127 0 0 127 0 0 0 0 0 0 0 0 0 127 38 0 127 0 0 0
0 0 0 0 0 0 0 100 0 0 127 127 78 0 93 90 127 0 19 127 127 0 0 0 70
0 0 0 127 127 34 0 69.5555 40.4609 40.0206 90.1111 107.48 50.6955 66.3745
58.535 26.1523 98.2551 34.6542 0 21.428 38.4815 1.69547 127 81.8066
1 0 0 0 0 0 0 0 16 16 0 0 0 0 0 0 127 51 0;
egregore_data 0 0 127 0 0 127 0 0 0 0 0 0 0 0 0 127 38 0 127 0 0 0
0 0 0 0 0 0 0 100 0 0 127 127 78 0 93 90 127 0 19 127 127 0 0 0 70
0 0 0 127 127 34 0 69.5555 40.4609 40.0206 90.1111 107.48 50.6955 66.3745
58.535 26.1523 98.2551 34.6542 0 21.428 38.4815 1.69547 127 81.8066
1 0 0 0 0 0 0 0 16 16 0 0 0 0 0 0 127 51 0;
egregore_data 0 0 127 0 0 127 0 0 0 0 0 0 0 0 0 127 38 0 127 0 0 0
0 0 0 0 0 0 0 100 0 0 127 127 78 0 93 90 127 0 19 127 127 0 0 0 70
0 0 0 127 127 34 0 69.5555 40.4609 40.0206 90.1111 107.48 50.6955 66.3745
58.535 26.1523 98.2551 34.6542 0 21.428 38.4815 1.69547 127 81.8066
1 0 0 0 0 0 0 0 16 16 0 0 0 0 0 0 127 51 0;
egregore_data 0 0 127 0 0 127 0 0 0 0 0 0 0 0 0 127 38 0 127 0 0 0
0 0 0 0 0 0 0 100 0 0 127 127 78 0 93 90 127 0 19 127 127 0 0 0 70
0 0 0 127 127 34 0 69.5555 40.4609 40.0206 90.1111 107.48 50.6955 66.3745
58.535 26.1523 98.2551 34.6542 0 21.428 38.4815 1.69547 127 81.8066
1 0 0 0 0 0 0 0 16 16 0 0 0 0 0 0 127 51 0;
egregore_data 0 0 127 0 0 127 0 0 0 0 0 0 0 0 0 127 38 0 127 0 0 0
0 0 0 0 0 0 0 100 0 0 127 127 78 0 93 90 127 0 19 127 127 0 0 0 70
0 0 0 127 127 34 0 69.5555 40.4609 40.0206 90.1111 107.48 50.6955 66.3745
58.535 26.1523 98.2551 34.6542 0 21.428 38.4815 1.69547 127 81.8066
1 0 0 0 0 0 0 0 16 16 0 0 0 0 0 0 127 51 0;
egregore_data 0 0 127 0 0 127 0 0 0 0 0 0 0 0 0 127 38 0 127 0 0 0
0 0 0 0 0 0 0 100 0 0 127 127 78 0 93 90 127 0 19 127 127 0 0 0 70
0 0 0 127 127 34 0 69.5555 40.4609 40.0206 90.1111 107.48 50.6955 66.3745
58.535 26.1523 98.2551 34.6542 0 21.428 38.4815 1.69547 127 81.8066
1 0 0 0 0 0 0 0 16 16 0 0 0 0 0 0 127 51 0;
egregore_data 0 0 127 0 0 127 0 0 0 0 0 0 0 0 0 127 38 0 127 0 0 0
0 0 0 0 0 0 0 100 0 0 127 127 78 0 93 90 127 0 19 127 127 0 0 0 70
0 0 0 127 127 34 0 69.5555 40.4609 40.0206 90.1111 107.48 50.6955 66.3745
58.535 26.1523 98.2551 34.6542 0 21.428 38.4815 1.69547 127 81.8066
1 0 0 0 0 0 0 0 16 16 0 0 0 0 0 0 127 51 0;
egregore_data 0 0 127 0 0 127 0 0 0 0 0 0 0 0 0 127 38 0 127 0 0 0
0 0 0 0 0 0 0 100 0 0 127 127 78 0 93 90 127 0 19 127 127 0 0 0 70
0 0 0 127 127 34 0 69.5555 40.4609 40.0206 90.1111 107.48 50.6955 66.3745
58.535 26.1523 98.2551 34.6542 0 21.428 38.4815 1.69547 127 81.8066
1 0 0 0 0 0 0 0 16 16 0 0 0 0 0 0 127 51 0;
egregore_data 0 0 127 0 0 127 0 0 0 0 0 0 0 0 0 127 38 0 127 0 0 0
0 0 0 0 0 0 0 100 0 0 127 127 78 0 93 90 127 0 19 127 127 0 0 0 70
0 0 0 127 127 34 0 69.5555 40.4609 40.0206 90.1111 107.48 50.6955 66.3745
58.535 26.1523 98.2551 34.6542 0 21.428 38.4815 1.69547 127 81.8066
1 0 0 0 0 0 0 0 16 16 0 0 0 0 0 0 127 51 0;
egregore_data 0 0 127 0 0 127 0 0 0 0 0 0 0 0 0 127 38 0 127 0 0 0
0 0 0 0 0 0 0 100 0 0 127 127 78 0 93 90 127 0 19 127 127 0 0 0 70
0 0 0 127 127 34 0 69.5555 40.4609 40.0206 90.1111 107.48 50.6955 66.3745
58.535 26.1523 98.2551 34.6542 0 21.428 38.4815 1.69547 127 81.8066
1 0 0 0 0 0 0 0 16 16 0 0 0 0 0 0 127 51 0;
egregore_data 0 0 127 0 0 127 0 0 0 0 0 0 0 0 0 127 38 0 127 0 0 0
0 0 0 0 0 0 0 100 0 0 127 127 78 0 93 90 127 0 19 127 127 0 0 0 70
0 0 0 127 127 34 0 69.5555 40.4609 40.0206 90.1111 107.48 50.6955 66.3745
58.535 26.1523 98.2551 34.6542 0 21.428 38.4815 1.69547 127 81.8066
1 0 0 0 0 0 0 0 16 16 0 0 0 0 0 0 127 51 0;
egregore_data 0 0 127 0 0 127 0 0 0 0 0 0 0 0 0 127 38 0 127 0 0 0
0 0 0 0 0 0 0 100 0 0 127 127 78 0 93 90 127 0 19 127 127 0 0 0 70
0 0 0 127 127 34 0 69.5555 40.4609 40.0206 90.1111 107.48 50.6955 66.3745
58.535 26.1523 98.2551 34.6542 0 21.428 38.4815 1.69547 127 81.8066
1 0 0 0 0 0 0 0 16 16 0 0 0 0 0 0 127 51 0;
egregore_data 0 0 127 0 0 127 0 0 0 0 0 0 0 0 0 127 38 0 127 0 0 0
0 0 0 0 0 0 0 100 0 0 127 127 78 0 93 90 127 0 19 127 127 0 0 0 70
0 0 0 127 127 34 0 69.5555 40.4609 40.0206 90.1111 107.48 50.6955 66.3745
58.535 26.1523 98.2551 34.6542 0 21.428 38.4815 1.69547 127 81.8066
1 0 0 0 0 0 0 0 16 16 0 0 0 0 0 0 127 51 0;
egregore_data 0 0 127 0 0 127 0 0 0 0 0 0 0 0 0 127 38 0 127 0 0 0
0 0 0 0 0 0 0 100 0 0 127 127 78 0 93 90 127 0 19 127 127 0 0 0 70
0 0 0 127 127 34 0 69.5555 40.4609 40.0206 90.1111 107.48 50.6955 66.3745
58.535 26.1523 98.2551 34.6542 0 21.428 38.4815 1.69547 127 81.8066
1 0 0 0 0 0 0 0 16 16 0 0 0 0 0 0 127 51 0;
egregore_data 0 0 127 0 0 127 0 0 0 0 0 0 0 0 0 127 38 0 127 0 0 0
0 0 0 0 0 0 0 100 0 0 127 127 78 0 93 90 127 0 19 127 127 0 0 0 70
0 0 0 127 127 34 0 69.4108 40.2407 39.9129 90.8589 108.372 51.1162
66.9253 59.0208 25.8631 99.0705 34.6015 0 21.6058 38.8008 1.70954 127
81.8066 1 0 0 0 0 0 0 0 16 16 0 0 0 0 0 0 127 51 0;
egregore_data 0 0 127 0 0 127 0 0 0 0 0 0 0 0 0 127 38 0 127 0 0 0
0 0 0 0 0 0 0 100 0 0 127 127 78 0 93 90 127 0 19 127 127 0 0 0 70
0 0 0 127 127 34 0 69.4108 40.2407 39.9129 90.8589 108.372 51.1162
66.9253 59.0208 25.8631 99.0705 34.6015 0 21.6058 38.8008 1.70954 127
81.8066 1 0 0 0 0 0 0 0 16 16 0 0 0 0 0 0 127 51 0;
egregore_data 0 0 127 0 0 127 0 0 0 0 0 0 0 0 0 127 38 0 127 0 0 0
0 0 0 0 0 0 0 100 0 0 127 127 78 0 93 90 127 0 19 127 127 0 0 0 70
0 0 0 127 127 34 0 69.4108 40.2407 39.9129 90.8589 108.372 51.1162
66.9253 59.0208 25.8631 99.0705 34.6015 0 21.6058 38.8008 1.70954 127
81.8066 1 0 0 0 0 0 0 0 16 16 0 0 0 0 0 0 127 51 0;
egregore_data 0 0 127 0 0 127 0 0 0 0 0 0 0 0 0 127 38 0 127 0 0 0
0 0 0 0 0 0 0 100 0 0 127 127 78 0 93 90 127 0 19 127 127 0 0 0 70
0 0 0 127 127 34 0 69.4108 40.2407 39.9129 90.8589 108.372 51.1162
66.9253 59.0208 25.8631 99.0705 34.6015 0 21.6058 38.8008 1.70954 127
81.8066 1 0 0 0 0 0 0 0 16 16 0 0 0 0 0 0 127 51 0;
egregore_data 0 0 127 0 0 127 0 0 0 0 0 0 0 0 0 127 38 0 127 0 0 0
0 0 0 0 0 0 0 100 0 0 127 127 78 0 93 90 127 0 19 127 127 0 0 0 70
0 0 0 127 127 34 0 69.4917 40.4339 40.0289 90.7149 108.432 50.905 67.1736
58.7769 25.9793 99.1859 34.4693 0 21.5165 38.8017 1.71901 127 81.8066
1 0 0 0 0 0 0 0 16 16 0 0 0 0 0 0 127 51 0;
egregore_data 0 0 127 0 0 127 0 0 0 0 0 0 0 0 0 127 38 0 127 0 0 0
0 0 0 0 0 0 0 100 0 0 127 127 78 0 93 90 127 0 19 127 127 0 0 0 70
0 0 0 127 127 34 0 69.4917 40.4339 40.0289 90.7149 108.432 50.905 67.1736
58.7769 25.9793 99.1859 34.4693 0 21.5165 38.8017 1.71901 127 81.8066
1 0 0 0 0 0 0 0 16 16 0 0 0 0 0 0 127 51 0;
egregore_data 0 0 127 0 0 127 0 0 0 0 0 0 0 0 0 127 38 0 127 0 0 0
0 0 0 0 0 0 0 100 0 0 127 127 78 0 93 90 127 0 19 127 127 0 0 0 70
0 0 0 127 127 34 0 69.4191 40.3237 39.9751 91.0913 108.882 51.1162
67.4523 59.0208 25.834 99.5975 34.4422 0 21.6058 38.9627 1.72614 127
81.8066 1 0 0 0 0 0 0 0 16 16 0 0 0 0 0 0 127 51 0;
egregore_data 0 0 127 0 0 127 0 0 0 0 0 0 0 0 0 127 38 0 127 0 0 0
0 0 0 0 0 0 0 100 0 0 127 127 78 0 93 90 127 0 19 127 127 0 0 0 70
0 0 0 127 127 34 0 69.5 40.5165 40.0909 90.9463 108.939 50.905 67.6983
58.7769 25.9504 99.7107 34.3106 0 21.5165 38.9628 1.73554 127 81.8066
1 0 0 0 0 0 0 0 16 16 0 0 0 0 0 0 127 51 0;
egregore_data 0 0 127 0 0 127 0 0 0 0 0 0 0 0 0 127 38 0 127 0 0 0
0 0 0 0 0 0 0 100 0 0 127 127 78 0 93 90 127 0 19 127 127 0 0 0 70
0 0 0 127 127 34 0 69.5 40.5165 40.0909 90.9463 108.939 50.905 67.6983
58.7769 25.9504 99.7107 34.3106 0 21.5165 38.9628 1.73554 127 81.8066
1 0 0 0 0 0 0 0 16 16 0 0 0 0 0 0 127 51 0;
egregore_data 0 0 127 0 0 127 0 0 0 0 0 0 0 0 0 127 38 0 127 0 0 0
0 0 0 0 0 0 0 100 0 0 127 127 78 0 93 90 127 0 19 127 127 0 0 0 70
0 0 0 127 127 34 0 69.5 40.5165 40.0909 90.9463 108.939 50.905 67.6983
58.7769 25.9504 99.7107 34.3106 0 21.5165 38.9628 1.73554 127 81.8066
1 0 0 0 0 0 0 0 16 16 0 0 0 0 0 0 127 51 0;
egregore_data 0 0 127 0 0 127 0 0 0 0 0 0 0 0 0 127 38 0 127 0 0 0
0 0 0 0 0 0 0 100 0 0 127 127 78 0 93 90 127 0 19 127 127 0 0 0 70
0 0 0 127 127 34 0 69.5 40.5165 40.0909 90.9463 108.939 50.905 67.6983
58.7769 25.9504 99.7107 34.3106 0 21.5165 38.9628 1.73554 127 81.8066
1 0 0 0 0 0 0 0 16 16 0 0 0 0 0 0 127 51 0;
egregore_data 0 0 127 0 0 127 0 0 0 0 0 0 0 0 0 127 38 0 127 0 0 0
0 0 0 0 0 0 0 100 0 0 127 127 78 0 93 90 127 0 19 127 127 0 0 0 70
0 0 0 127 127 34 0 69.5 40.5165 40.0909 90.9463 108.939 50.905 67.6983
58.7769 25.9504 99.7107 34.3106 0 21.5165 38.9628 1.73554 127 81.8066
1 0 0 0 0 0 0 0 16 16 0 0 0 0 0 0 127 51 0;
egregore_data 0 0 127 0 0 127 0 0 0 0 0 0 0 0 0 127 38 0 127 0 0 0
0 0 0 0 0 0 0 100 0 0 127 127 78 0 93 90 127 0 19 127 127 0 0 0 70
0 0 0 127 127 34 0 69.5 40.5165 40.0909 90.9463 108.939 50.905 67.6983
58.7769 25.9504 99.7107 34.3106 0 21.5165 38.9628 1.73554 127 81.8066
1 0 0 0 0 0 0 0 16 16 0 0 0 0 0 0 127 51 0;
egregore_data 0 0 127 0 0 127 0 0 0 0 0 0 0 0 0 127 38 0 127 0 0 0
0 0 0 0 0 0 0 100 0 0 127 127 78 0 93 90 127 0 19 127 127 0 0 0 70
0 0 0 127 127 34 0 69.5 40.5165 40.0909 90.9463 108.939 50.905 67.6983
58.7769 25.9504 99.7107 34.3106 0 21.5165 38.9628 1.73554 127 81.8066
1 0 0 0 0 0 0 0 16 16 0 0 0 0 0 0 127 51 0;
egregore_data 0 0 127 0 0 127 0 0 0 0 0 0 0 0 0 127 38 0 127 0 0 0
0 0 0 0 0 0 0 100 0 0 127 127 78 0 93 90 127 0 19 127 127 0 0 0 70
0 0 0 127 127 34 0 69.5 40.5165 40.0909 90.9463 108.939 50.905 67.6983
58.7769 25.9504 99.7107 34.3106 0 21.5165 38.9628 1.73554 127 81.8066
1 0 0 0 0 0 0 0 16 16 0 0 0 0 0 0 127 51 0;
egregore_data 0 0 127 0 0 127 0 0 0 0 0 0 0 0 0 127 38 0 127 0 0 0
0 0 0 0 0 0 0 100 0 0 127 127 78 0 93 90 127 0 19 127 127 0 0 0 70
0 0 0 127 127 34 0 69.5 40.5165 40.0909 90.9463 108.939 50.905 67.6983
58.7769 25.9504 99.7107 34.3106 0 21.5165 38.9628 1.73554 127 81.8066
1 0 0 0 0 0 0 0 16 16 0 0 0 0 0 0 127 51 0;
egregore_data 0 0 127 0 0 127 0 0 0 0 0 0 0 0 0 127 38 0 127 0 0 0
0 0 0 0 0 0 0 100 0 0 127 127 78 0 93 90 127 0 19 127 127 0 0 0 70
0 0 0 127 127 34 0 69.5802 40.7078 40.2058 90.8025 108.997 50.6955
67.9424 58.535 26.0658 99.823 34.1801 0 21.428 38.963 1.74486 127 81.8066
1 0 0 0 0 0 0 0 16 16 0 0 0 0 0 0 127 51 0;
egregore_data 0 0 127 0 0 127 0 0 0 0 0 0 0 0 0 127 38 0 127 0 0 0
0 0 0 0 0 0 0 100 0 0 127 127 78 0 93 90 127 0 19 127 127 0 0 0 70
0 0 0 127 127 34 0 69.5802 40.7078 40.2058 90.8025 108.997 50.6955
67.9424 58.535 26.0658 99.823 34.1801 0 21.428 38.963 1.74486 127 81.8066
1 0 0 0 0 0 0 0 16 16 0 0 0 0 0 0 127 51 0;
egregore_data 0 0 127 0 0 127 0 0 0 0 0 0 0 0 0 127 38 0 127 0 0 0
0 0 0 0 0 0 0 100 0 0 127 127 78 0 93 90 127 0 19 127 127 0 0 0 70
0 0 0 127 127 34 0 69.5802 40.7078 40.2058 90.8025 108.997 50.6955
67.9424 58.535 26.0658 99.823 34.1801 0 21.428 38.963 1.74486 127 81.8066
1 0 0 0 0 0 0 0 16 16 0 0 0 0 0 0 127 51 0;
egregore_data 0 0 127 0 0 127 0 0 0 0 0 0 0 0 0 127 38 0 127 0 0 0
0 0 0 0 0 0 0 100 0 0 127 127 78 0 93 90 127 0 19 127 127 0 0 0 70
0 0 0 127 127 34 0 69.5802 40.7078 40.2058 90.8025 108.997 50.6955
67.9424 58.535 26.0658 99.823 34.1801 0 21.428 38.963 1.74486 127 81.8066
1 0 0 0 0 0 0 0 16 16 0 0 0 0 0 0 127 51 0;
egregore_data 0 0 127 0 0 127 0 0 0 0 0 0 0 0 0 127 38 0 127 0 0 0
0 0 0 0 0 0 0 100 0 0 127 127 78 0 93 90 127 0 19 127 127 0 0 0 70
0 0 0 127 127 34 0 69.5802 40.7078 40.2058 90.8025 108.997 50.6955
67.9424 58.535 26.0658 99.823 34.1801 0 21.428 38.963 1.74486 127 81.8066
1 0 0 0 0 0 0 0 16 16 0 0 0 0 0 0 127 51 0;
egregore_data 0 0 127 0 0 127 0 0 0 0 0 0 0 0 0 127 38 0 127 0 0 0
0 0 0 0 0 0 0 100 0 0 127 127 78 0 93 90 127 0 19 127 127 0 0 0 70
0 0 0 127 127 34 0 69.5802 40.7078 40.2058 90.8025 108.997 50.6955
67.9424 58.535 26.0658 99.823 34.1801 0 21.428 38.963 1.74486 127 81.8066
1 0 0 0 0 0 0 0 16 16 0 0 0 0 0 0 127 51 0;
egregore_data 0 0 127 0 0 127 0 0 0 0 0 0 0 0 0 127 38 0 127 0 0 0
0 0 0 0 0 0 0 100 0 0 127 127 78 0 93 90 127 0 19 127 127 0 0 0 70
0 0 0 127 127 34 0 69.5802 40.7078 40.2058 90.8025 108.997 50.6955
67.9424 58.535 26.0658 99.823 34.1801 0 21.428 38.963 1.74486 127 81.8066
1 0 0 0 0 0 0 0 16 16 0 0 0 0 0 0 127 51 0;
egregore_data 0 0 127 0 0 127 0 0 0 0 0 0 0 0 0 127 38 0 127 0 0 0
0 0 0 0 0 0 0 100 0 0 127 127 78 0 93 90 127 0 19 127 127 0 0 0 70
0 0 0 127 127 34 0 69.5802 40.7078 40.2058 90.8025 108.997 50.6955
67.9424 58.535 26.0658 99.823 34.1801 0 21.428 38.963 1.74486 127 81.8066
1 0 0 0 0 0 0 0 16 16 0 0 0 0 0 0 127 51 0;
egregore_data 0 0 127 0 0 127 0 0 0 0 0 0 0 0 0 127 38 0 127 0 0 0
0 0 0 0 0 0 0 100 0 0 127 127 78 0 93 90 127 0 19 127 127 0 0 0 70
0 0 0 127 127 34 0 69.5802 40.7078 40.2058 90.8025 108.997 50.6955
67.9424 58.535 26.0658 99.823 34.1801 0 21.428 38.963 1.74486 127 81.8066
1 0 0 0 0 0 0 0 16 16 0 0 0 0 0 0 127 51 0;
egregore_data 0 0 127 0 0 127 0 0 0 0 0 0 0 0 0 127 38 0 127 0 0 0
0 0 0 0 0 0 0 100 0 0 127 127 78 0 93 90 127 0 19 127 127 0 0 0 70
0 0 0 127 127 34 0 69.5802 40.7078 40.2058 90.8025 108.997 50.6955
67.9424 58.535 26.0658 99.823 34.1801 0 21.428 38.963 1.74486 127 81.8066
1 0 0 0 0 0 0 0 16 16 0 0 0 0 0 0 127 51 0;
egregore_data 0 0 127 0 0 127 0 0 0 0 0 0 0 0 0 127 38 0 127 0 0 0
0 0 0 0 0 0 0 100 0 0 127 127 78 0 93 90 127 0 19 127 127 0 0 0 70
0 0 0 127 127 34 0 69.5802 40.7078 40.2058 90.8025 108.997 50.6955
67.9424 58.535 26.0658 99.823 34.1801 0 21.428 38.963 1.74486 127 81.8066
1 0 0 0 0 0 0 0 16 16 0 0 0 0 0 0 127 51 0;
egregore_data 0 0 127 0 0 127 0 0 0 0 0 0 0 0 0 127 38 0 127 0 0 0
0 0 0 0 0 0 0 100 0 0 127 127 78 0 93 90 127 0 19 127 127 0 0 0 70
0 0 0 127 127 34 0 69.5802 40.7078 40.2058 90.8025 108.997 50.6955
67.9424 58.535 26.0658 99.823 34.1801 0 21.428 38.963 1.74486 127 81.8066
1 0 0 0 0 0 0 0 16 16 0 0 0 0 0 0 127 51 0;
egregore_data 0 0 127 0 0 127 0 0 0 0 0 0 0 0 0 127 38 0 127 0 0 0
0 0 0 0 0 0 0 100 0 0 127 127 78 0 93 90 127 0 19 127 127 0 0 0 70
0 0 0 127 127 34 0 69.5802 40.7078 40.2058 90.8025 108.997 50.6955
67.9424 58.535 26.0658 99.823 34.1801 0 21.428 38.963 1.74486 127 81.8066
1 0 0 0 0 0 0 0 16 16 0 0 0 0 0 0 127 51 0;
egregore_data 0 0 127 0 0 127 0 0 0 0 0 0 0 0 0 127 38 0 127 0 0 0
0 0 0 0 0 0 0 100 0 0 127 127 78 0 93 90 127 0 19 127 127 0 0 0 70
0 0 0 127 127 34 0 69.5802 40.7078 40.2058 90.8025 108.997 50.6955
67.9424 58.535 26.0658 99.823 34.1801 0 21.428 38.963 1.74486 127 81.8066
1 0 0 0 0 0 0 0 16 16 0 0 0 0 0 0 127 51 0;
egregore_data 0 0 127 0 0 127 0 0 0 0 0 0 0 0 0 127 38 0 127 0 0 0
0 0 0 0 0 0 0 100 0 0 127 127 78 0 93 90 127 0 19 127 127 0 0 0 70
0 0 0 127 127 34 0 69.5802 40.7078 40.2058 90.8025 108.997 50.6955
67.9424 58.535 26.0658 99.823 34.1801 0 21.428 38.963 1.74486 127 81.8066
1 0 0 0 0 0 0 0 16 16 0 0 0 0 0 0 127 51 0;
egregore_data 0 0 127 0 0 127 0 0 0 0 0 0 0 0 0 127 38 0 127 0 0 0
0 0 0 0 0 0 0 100 0 0 127 127 78 0 93 90 127 0 19 127 127 0 0 0 70
0 0 0 127 127 34 0 69.5802 40.7078 40.2058 90.8025 108.997 50.6955
67.9424 58.535 26.0658 99.823 34.1801 0 21.428 38.963 1.74486 127 81.8066
1 0 0 0 0 0 0 0 16 16 0 0 0 0 0 0 127 51 0;
egregore_data 0 0 127 0 0 127 0 0 0 0 0 0 0 0 0 127 38 0 127 0 0 0
0 0 0 0 0 0 0 100 0 0 127 127 78 0 93 90 127 0 19 127 127 0 0 0 70
0 0 0 127 127 34 0 69.5802 40.7078 40.2058 90.8025 108.997 50.6955
67.9424 58.535 26.0658 99.823 34.1801 0 21.428 38.963 1.74486 127 81.8066
1 0 0 0 0 0 0 0 16 16 0 0 0 0 0 0 127 51 0;
egregore_data 0 0 127 0 0 127 0 0 0 0 0 0 0 0 0 127 38 0 127 0 0 0
0 0 0 0 0 0 0 100 0 0 127 127 78 0 93 90 127 0 19 127 127 0 0 0 70
0 0 0 127 127 34 0 69.5802 40.7078 40.2058 90.8025 108.997 50.6955
67.9424 58.535 26.0658 99.823 34.1801 0 21.428 38.963 1.74486 127 81.8066
1 0 0 0 0 0 0 0 16 16 0 0 0 0 0 0 127 51 0;
egregore_data 0 0 127 0 0 127 0 0 0 0 0 0 0 0 0 127 38 0 127 0 0 0
0 0 0 0 0 0 0 100 0 0 127 127 78 0 93 90 127 0 19 127 127 0 0 0 70
0 0 0 127 127 34 0 69.5802 40.7078 40.2058 90.8025 108.997 50.6955
67.9424 58.535 26.0658 99.823 34.1801 0 21.428 38.963 1.74486 127 81.8066
1 0 0 0 0 0 0 0 16 16 0 0 0 0 0 0 127 51 0;
egregore_data 0 0 127 0 0 127 0 0 0 0 0 0 0 0 0 127 38 0 127 0 0 0
0 0 0 0 0 0 0 100 0 0 127 127 78 0 93 90 127 0 19 127 127 0 0 0 70
0 0 0 127 127 34 0 69.5802 40.7078 40.2058 90.8025 108.997 50.6955
67.9424 58.535 26.0658 99.823 34.1801 0 21.428 38.963 1.74486 127 81.8066
1 0 0 0 0 0 0 0 16 16 0 0 0 0 0 0 127 51 0;
END;
