HTTP/1.1 200 OK
Date: Thu, 28 May 2015 12:25:14 GMT
Server: Apache
Last-Modified: Wed, 27 May 2015 19:24:52 GMT
Accept-Ranges: bytes
Content-Length: 31270
Vary: Accept-Encoding
Connection: close
Content-Type: text/plain

chdh_egregore_live_data;
egregore_data 0 0 127 0 0 127 0 0 0 0 0 0 0 0 0 127 38 0 127 0 0 0
0 0 0 0 0 0 0 100 0 0 127 127 78 0 93 90 127 0 19 127 127 0 0 0 70
0 0 0 127 127 34 0 74.225 42.545 39.495 46.355 38.69 35.405 8.76 40.88
38.735 31.025 47.935 0 14.965 15.33 0 127 81.8066 1 0 0 0 0 0 0 0 16
16 0 0 0 0 0 0 127 51 0;
egregore_data 0 0 127 0 0 127 0 0 0 0 0 0 0 0 0 127 38 0 127 0 0 0
0 0 0 0 0 0 0 100 0 0 127 127 78 0 93 90 127 0 19 127 127 0 0 0 70
0 0 0 127 127 34 0 74.225 42.545 39.495 46.355 38.69 35.405 8.76 40.88
38.735 31.025 47.935 0 14.965 15.33 0 127 81.8066 1 0 0 0 0 0 0 0 16
16 0 0 0 0 0 0 127 51 0;
egregore_data 0 0 127 0 0 127 0 0 0 0 0 0 0 0 0 127 38 0 127 0 0 0
0 0 0 0 0 0 0 100 0 0 127 127 78 0 93 90 127 0 19 127 127 0 0 0 70
0 0 0 127 127 34 0 74.225 42.545 39.495 46.355 38.69 35.405 8.76 40.88
38.735 31.025 47.935 0 14.965 15.33 0 127 81.8066 1 0 0 0 0 0 0 0 16
16 0 0 0 0 0 0 127 51 0;
egregore_data 0 0 127 0 0 127 0 0 0 0 0 0 0 0 0 127 38 0 127 0 0 0
0 0 0 0 0 0 0 100 0 0 127 127 78 0 93 90 127 0 19 127 127 0 0 0 70
0 0 0 127 127 34 0 74.225 42.545 39.495 46.355 38.69 35.405 8.76 40.88
38.735 31.025 47.935 0 14.965 15.33 0 127 81.8066 1 0 0 0 0 0 0 0 16
16 0 0 0 0 0 0 127 51 0;
egregore_data 0 0 127 0 0 127 0 0 0 0 0 0 0 0 0 127 38 0 127 0 0 0
0 0 0 0 0 0 0 100 0 0 127 127 78 0 93 90 127 0 19 127 127 0 0 0 70
0 0 0 127 127 34 0 74.225 42.545 39.495 46.355 38.69 35.405 8.76 40.88
38.735 31.025 47.935 0 14.965 15.33 0 127 81.8066 1 0 0 0 0 0 0 0 16
16 0 0 0 0 0 0 127 51 0;
egregore_data 0 0 127 0 0 127 0 0 0 0 0 0 0 0 0 127 38 0 127 0 0 0
0 0 0 0 0 0 0 100 0 0 127 127 78 0 93 90 127 0 19 127 127 0 0 0 70
0 0 0 127 127 34 0 74.225 42.545 39.495 46.355 38.69 35.405 8.76 40.88
38.735 31.025 47.935 0 14.965 15.33 0 127 81.8066 1 0 0 0 0 0 0 0 16
16 0 0 0 0 0 0 127 51 0;
egregore_data 0 0 127 0 0 127 0 0 0 0 0 0 0 0 0 127 38 0 127 0 0 0
0 0 0 0 0 0 0 100 0 0 127 127 78 0 93 90 127 0 19 127 127 0 0 0 70
0 0 0 127 127 34 0 74.225 42.545 39.495 46.355 38.69 35.405 8.76 40.88
38.735 31.025 47.935 0 14.965 15.33 0 127 81.8066 1 0 0 0 0 0 0 0 16
16 0 0 0 0 0 0 127 51 0;
egregore_data 0 0 127 0 0 127 0 0 0 0 0 0 0 0 0 127 38 0 127 0 0 0
0 0 0 0 0 0 0 100 0 0 127 127 78 0 93 90 127 0 19 127 127 0 0 0 70
0 0 0 127 127 34 0 74.225 42.545 39.495 46.355 38.69 35.405 8.76 40.88
38.735 31.025 47.935 0 14.965 15.33 0 127 81.8066 1 0 0 0 0 0 0 0 16
16 0 0 0 0 0 0 127 51 0;
egregore_data 0 0 127 0 0 127 0 0 0 0 0 0 0 0 0 127 38 0 127 0 0 0
0 0 0 0 0 0 0 100 0 0 127 127 78 0 93 90 127 0 19 127 127 0 0 0 70
0 0 0 127 127 34 0 74.225 42.545 39.495 46.355 38.69 35.405 8.76 40.88
38.735 31.025 47.935 0 14.965 15.33 0 127 81.8066 1 0 0 0 0 0 0 0 16
16 0 0 0 0 0 0 127 51 0;
egregore_data 0 0 127 0 0 127 0 0 0 0 0 0 0 0 0 127 38 0 127 0 0 0
0 0 0 0 0 0 0 100 0 0 127 127 78 0 93 90 127 0 19 127 127 0 0 0 70
0 0 0 127 127 34 0 74.225 42.545 39.495 46.355 38.69 35.405 8.76 40.88
38.735 31.025 47.935 0 14.965 15.33 0 127 81.8066 1 0 0 0 0 0 0 0 16
16 0 0 0 0 0 0 127 51 0;
egregore_data 0 0 127 0 0 127 0 0 0 0 0 0 0 0 0 127 38 0 127 0 0 0
0 0 0 0 0 0 0 100 0 0 127 127 78 0 93 90 127 0 19 127 127 0 0 0 70
0 0 0 127 127 34 0 74.225 42.545 39.495 46.355 38.69 35.405 8.76 40.88
38.735 31.025 47.935 0 14.965 15.33 0 127 81.8066 1 0 0 0 0 0 0 0 16
16 0 0 0 0 0 0 127 51 0;
egregore_data 0 0 127 0 0 127 0 0 0 0 0 0 0 0 0 127 38 0 127 0 0 0
0 0 0 0 0 0 0 100 0 0 127 127 78 0 93 90 127 0 19 127 127 0 0 0 70
0 0 0 127 127 34 0 74.225 42.545 39.495 46.355 38.69 35.405 8.76 40.88
38.735 31.025 47.935 0 14.965 15.33 0 127 81.8066 1 0 0 0 0 0 0 0 16
16 0 0 0 0 0 0 127 51 0;
egregore_data 0 0 127 0 0 127 0 0 0 0 0 0 0 0 0 127 38 0 127 0 0 0
0 0 0 0 0 0 0 100 0 0 127 127 78 0 93 90 127 0 19 127 127 0 0 0 70
0 0 0 127 127 34 0 74.225 42.545 39.495 46.355 38.69 35.405 8.76 40.88
38.735 31.025 47.935 0 14.965 15.33 0 127 81.8066 1 0 0 0 0 0 0 0 16
16 0 0 0 0 0 0 127 51 0;
egregore_data 0 0 127 0 0 127 0 0 0 0 0 0 0 0 0 127 38 0 127 0 0 0
0 0 0 0 0 0 0 100 0 0 127 127 78 0 93 90 127 0 19 127 127 0 0 0 70
0 0 0 127 127 34 0 74.225 42.545 39.495 46.355 38.69 35.405 8.76 40.88
38.735 31.025 47.935 0 14.965 15.33 0 127 81.8066 1 0 0 0 0 0 0 0 16
16 0 0 0 0 0 0 127 51 0;
egregore_data 0 0 127 0 0 127 0 0 0 0 0 0 0 0 0 127 38 0 127 0 0 0
0 0 0 0 0 0 0 100 0 0 127 127 78 0 93 90 127 0 19 127 127 0 0 0 70
0 0 0 127 127 34 0 74.225 42.545 39.495 46.355 38.69 35.405 8.76 40.88
38.735 31.025 47.935 0 14.965 15.33 0 127 81.8066 1 0 0 0 0 0 0 0 16
16 0 0 0 0 0 0 127 51 0;
egregore_data 0 0 127 0 0 127 0 0 0 0 0 0 0 0 0 127 38 0 127 0 0 0
0 0 0 0 0 0 0 100 0 0 127 127 78 0 93 90 127 0 19 127 127 0 0 0 70
0 0 0 127 127 34 0 74.225 42.545 39.495 46.355 38.69 35.405 8.76 40.88
38.735 31.025 47.935 0 14.965 15.33 0 127 81.8066 1 0 0 0 0 0 0 0 16
16 0 0 0 0 0 0 127 51 0;
egregore_data 0 0 127 0 0 127 0 0 0 0 0 0 0 0 0 127 38 0 127 0 0 0
0 0 0 0 0 0 0 100 0 0 127 127 78 0 93 90 127 0 19 127 127 0 0 0 70
0 0 0 127 127 34 0 74.225 42.545 39.495 46.355 38.69 35.405 8.76 40.88
38.735 31.025 47.935 0 14.965 15.33 0 127 81.8066 1 0 0 0 0 0 0 0 16
16 0 0 0 0 0 0 127 51 0;
egregore_data 0 0 127 0 0 127 0 0 0 0 0 0 0 0 0 127 38 0 127 0 0 0
0 0 0 0 0 0 0 100 0 0 127 127 78 0 93 90 127 0 19 127 127 0 0 0 70
0 0 0 127 127 34 0 74.225 42.545 39.495 46.355 38.69 35.405 8.76 40.88
38.735 31.025 47.935 0 14.965 15.33 0 127 81.8066 1 0 0 0 0 0 0 0 16
16 0 0 0 0 0 0 127 51 0;
egregore_data 0 0 127 0 0 127 0 0 0 0 0 0 0 0 0 127 38 0 127 0 0 0
0 0 0 0 0 0 0 100 0 0 127 127 78 0 93 90 127 0 19 127 127 0 0 0 70
0 0 0 127 127 34 0 74.225 42.545 39.495 46.355 38.69 35.405 8.76 40.88
38.735 31.025 47.935 0 14.965 15.33 0 127 81.8066 1 0 0 0 0 0 0 0 16
16 0 0 0 0 0 0 127 51 0;
egregore_data 0 0 127 0 0 127 0 0 0 0 0 0 0 0 0 127 38 0 127 0 0 0
0 0 0 0 0 0 0 100 0 0 127 127 78 0 93 90 127 0 19 127 127 0 0 0 70
0 0 0 127 127 34 0 74.1144 42.3333 39.3781 46.7562 39.0249 35.7114
8.83582 41.2338 38.5423 31.2935 47.995 0 15.0945 15.4627 0 127 81.8066
1 0 0 0 0 0 0 0 16 16 0 0 0 0 0 0 127 51 0;
egregore_data 0 0 127 0 0 127 0 0 0 0 0 0 0 0 0 127 38 0 127 0 0 0
0 0 0 0 0 0 0 100 0 0 127 127 78 0 93 90 127 0 19 127 127 0 0 0 70
0 0 0 127 127 34 0 73.7892 41.7108 39.0343 47.9363 40.0098 36.6127
9.05882 42.2745 37.9755 32.0833 48.1716 0 15.4755 15.8529 0 127 81.8066
1 0 0 0 0 0 0 0 16 16 0 0 0 0 0 0 127 51 0;
egregore_data 0 0 127 0 0 127 0 0 0 0 0 0 0 0 0 127 38 0 127 0 0 0
0 0 0 0 0 0 0 100 0 0 127 127 78 0 93 90 127 0 19 127 127 0 0 0 70
0 0 0 127 127 34 0 73.7892 41.7108 39.0343 47.9363 40.0098 36.6127
9.05882 42.2745 37.9755 32.0833 48.1716 0 15.4755 15.8529 0 127 81.8066
1 0 0 0 0 0 0 0 16 16 0 0 0 0 0 0 127 51 0;
egregore_data 0 0 127 0 0 127 0 0 0 0 0 0 0 0 0 127 38 0 127 0 0 0
0 0 0 0 0 0 0 100 0 0 127 127 78 0 93 90 127 0 19 127 127 0 0 0 70
0 0 0 127 127 34 0 73.7892 41.7108 39.0343 47.9363 40.0098 36.6127
9.05882 42.2745 37.9755 32.0833 48.1716 0 15.4755 15.8529 0 127 81.8066
1 0 0 0 0 0 0 0 16 16 0 0 0 0 0 0 127 51 0;
egregore_data 0 0 127 0 0 127 0 0 0 0 0 0 0 0 0 127 38 0 127 0 0 0
0 0 0 0 0 0 0 100 0 0 127 127 78 0 93 90 127 0 19 127 127 0 0 0 70
0 0 0 127 127 34 0 73.7892 41.7108 39.0343 47.9363 40.0098 36.6127
9.05882 42.2745 37.9755 32.0833 48.1716 0 15.4755 15.8529 0 127 81.8066
1 0 0 0 0 0 0 0 16 16 0 0 0 0 0 0 127 51 0;
egregore_data 0 0 127 0 0 127 0 0 0 0 0 0 0 0 0 127 38 0 127 0 0 0
0 0 0 0 0 0 0 100 0 0 127 127 78 0 93 90 127 0 19 127 127 0 0 0 70
0 0 0 127 127 34 0 73.7892 41.7108 39.0343 47.9363 40.0098 36.6127
9.05882 42.2745 37.9755 32.0833 48.1716 0 15.4755 15.8529 0 127 81.8066
1 0 0 0 0 0 0 0 16 16 0 0 0 0 0 0 127 51 0;
egregore_data 0 0 127 0 0 127 0 0 0 0 0 0 0 0 0 127 38 0 127 0 0 0
0 0 0 0 0 0 0 100 0 0 127 127 78 0 93 90 127 0 19 127 127 0 0 0 70
0 0 0 127 127 34 0 73.7892 41.7108 39.0343 47.9363 40.0098 36.6127
9.05882 42.2745 37.9755 32.0833 48.1716 0 15.4755 15.8529 0 127 81.8066
1 0 0 0 0 0 0 0 16 16 0 0 0 0 0 0 127 51 0;
egregore_data 0 0 127 0 0 127 0 0 0 0 0 0 0 0 0 127 38 0 127 0 0 0
0 0 0 0 0 0 0 100 0 0 127 127 78 0 93 90 127 0 19 127 127 0 0 0 70
0 0 0 127 127 34 0 73.7892 41.7108 39.0343 47.9363 40.0098 36.6127
9.05882 42.2745 37.9755 32.0833 48.1716 0 15.4755 15.8529 0 127 81.8066
1 0 0 0 0 0 0 0 16 16 0 0 0 0 0 0 127 51 0;
egregore_data 0 0 127 0 0 127 0 0 0 0 0 0 0 0 0 127 38 0 127 0 0 0
0 0 0 0 0 0 0 100 0 0 127 127 78 0 93 90 127 0 19 127 127 0 0 0 70
0 0 0 127 127 34 0 73.7892 41.7108 39.0343 47.9363 40.0098 36.6127
9.05882 42.2745 37.9755 32.0833 48.1716 0 15.4755 15.8529 0 127 81.8066
1 0 0 0 0 0 0 0 16 16 0 0 0 0 0 0 127 51 0;
egregore_data 0 0 127 0 0 127 0 0 0 0 0 0 0 0 0 127 38 0 127 0 0 0
0 0 0 0 0 0 0 100 0 0 127 127 78 0 93 90 127 0 19 127 127 0 0 0 70
0 0 0 127 127 34 0 73.7892 41.7108 39.0343 47.9363 40.0098 36.6127
9.05882 42.2745 37.9755 32.0833 48.1716 0 15.4755 15.8529 0 127 81.8066
1 0 0 0 0 0 0 0 16 16 0 0 0 0 0 0 127 51 0;
egregore_data 0 0 127 0 0 127 0 0 0 0 0 0 0 0 0 127 38 0 127 0 0 0
0 0 0 0 0 0 0 100 0 0 127 127 78 0 93 90 127 0 19 127 127 0 0 0 70
0 0 0 127 127 34 0 73.7892 41.7108 39.0343 47.9363 40.0098 36.6127
9.05882 42.2745 37.9755 32.0833 48.1716 0 15.4755 15.8529 0 127 81.8066
1 0 0 0 0 0 0 0 16 16 0 0 0 0 0 0 127 51 0;
egregore_data 0 0 127 0 0 127 0 0 0 0 0 0 0 0 0 127 38 0 127 0 0 0
0 0 0 0 0 0 0 100 0 0 127 127 78 0 93 90 127 0 19 127 127 0 0 0 70
0 0 0 127 127 34 0 73.7892 41.7108 39.0343 47.9363 40.0098 36.6127
9.05882 42.2745 37.9755 32.0833 48.1716 0 15.4755 15.8529 0 127 81.8066
1 0 0 0 0 0 0 0 16 16 0 0 0 0 0 0 127 51 0;
egregore_data 0 0 127 0 0 127 0 0 0 0 0 0 0 0 0 127 38 0 127 0 0 0
0 0 0 0 0 0 0 100 0 0 127 127 78 0 93 90 127 0 19 127 127 0 0 0 70
0 0 0 127 127 34 0 73.7892 41.7108 39.0343 47.9363 40.0098 36.6127
9.05882 42.2745 37.9755 32.0833 48.1716 0 15.4755 15.8529 0 127 81.8066
1 0 0 0 0 0 0 0 16 16 0 0 0 0 0 0 127 51 0;
egregore_data 0 0 127 0 0 127 0 0 0 0 0 0 0 0 0 127 38 0 127 0 0 0
0 0 0 0 0 0 0 100 0 0 127 127 78 0 93 90 127 0 19 127 127 0 0 0 70
0 0 0 127 127 34 0 73.7892 41.7108 39.0343 47.9363 40.0098 36.6127
9.05882 42.2745 37.9755 32.0833 48.1716 0 15.4755 15.8529 0 127 81.8066
1 0 0 0 0 0 0 0 16 16 0 0 0 0 0 0 127 51 0;
egregore_data 0 0 127 0 0 127 0 0 0 0 0 0 0 0 0 127 38 0 127 0 0 0
0 0 0 0 0 0 0 100 0 0 127 127 78 0 93 90 127 0 19 127 127 0 0 0 70
0 0 0 127 127 34 0 73.7892 41.7108 39.0343 47.9363 40.0098 36.6127
9.05882 42.2745 37.9755 32.0833 48.1716 0 15.4755 15.8529 0 127 81.8066
1 0 0 0 0 0 0 0 16 16 0 0 0 0 0 0 127 51 0;
egregore_data 0 0 127 0 0 127 0 0 0 0 0 0 0 0 0 127 38 0 127 0 0 0
0 0 0 0 0 0 0 100 0 0 127 127 78 0 93 90 127 0 19 127 127 0 0 0 70
0 0 0 127 127 34 0 73.7892 41.7108 39.0343 47.9363 40.0098 36.6127
9.05882 42.2745 37.9755 32.0833 48.1716 0 15.4755 15.8529 0 127 81.8066
1 0 0 0 0 0 0 0 16 16 0 0 0 0 0 0 127 51 0;
egregore_data 0 0 127 0 0 127 0 0 0 0 0 0 0 0 0 127 38 0 127 0 0 0
0 0 0 0 0 0 0 100 0 0 127 127 78 0 93 90 127 0 19 127 127 0 0 0 70
0 0 0 127 127 34 0 73.7892 41.7108 39.0343 47.9363 40.0098 36.6127
9.05882 42.2745 37.9755 32.0833 48.1716 0 15.4755 15.8529 0 127 81.8066
1 0 0 0 0 0 0 0 16 16 0 0 0 0 0 0 127 51 0;
egregore_data 0 0 127 0 0 127 0 0 0 0 0 0 0 0 0 127 38 0 127 0 0 0
0 0 0 0 0 0 0 100 0 0 127 127 78 0 93 90 127 0 19 127 127 0 0 0 70
0 0 0 127 127 34 0 73.7892 41.7108 39.0343 47.9363 40.0098 36.6127
9.05882 42.2745 37.9755 32.0833 48.1716 0 15.4755 15.8529 0 127 81.8066
1 0 0 0 0 0 0 0 16 16 0 0 0 0 0 0 127 51 0;
egregore_data 0 0 127 0 0 127 0 0 0 0 0 0 0 0 0 127 38 0 127 0 0 0
0 0 0 0 0 0 0 100 0 0 127 127 78 0 93 90 127 0 19 127 127 0 0 0 70
0 0 0 127 127 34 0 73.7892 41.7108 39.0343 47.9363 40.0098 36.6127
9.05882 42.2745 37.9755 32.0833 48.1716 0 15.4755 15.8529 0 127 81.8066
1 0 0 0 0 0 0 0 16 16 0 0 0 0 0 0 127 51 0;
egregore_data 0 0 127 0 0 127 0 0 0 0 0 0 0 0 0 127 38 0 127 0 0 0
0 0 0 0 0 0 0 100 0 0 127 127 78 0 93 90 127 0 19 127 127 0 0 0 70
0 0 0 127 127 34 0 73.6829 41.5073 38.922 48.3219 40.3317 36.9073 9.13171
42.6146 37.7902 32.3415 48.2293 0 15.6 15.9805 0 127 81.8066 1 0 0
0 0 0 0 0 16 16 0 0 0 0 0 0 127 51 0;
egregore_data 0 0 127 0 0 127 0 0 0 0 0 0 0 0 0 127 38 0 127 0 0 0
0 0 0 0 0 0 0 100 0 0 127 127 78 0 93 90 127 0 19 127 127 0 0 0 70
0 0 0 127 127 34 0 73.6829 41.5073 38.922 48.3219 40.3317 36.9073 9.13171
42.6146 37.7902 32.3415 48.2293 0 15.6 15.9805 0 127 81.8066 1 0 0
0 0 0 0 0 16 16 0 0 0 0 0 0 127 51 0;
egregore_data 0 0 127 0 0 127 0 0 0 0 0 0 0 0 0 127 38 0 127 0 0 0
0 0 0 0 0 0 0 100 0 0 127 127 78 0 93 90 127 0 19 127 127 0 0 0 70
0 0 0 127 127 34 0 73.6829 41.5073 38.922 48.3219 40.3317 36.9073 9.13171
42.6146 37.7902 32.3415 48.2293 0 15.6 15.9805 0 127 81.8066 1 0 0
0 0 0 0 0 16 16 0 0 0 0 0 0 127 51 0;
egregore_data 0 0 127 0 0 127 0 0 0 0 0 0 0 0 0 127 38 0 127 0 0 0
0 0 0 0 0 0 0 100 0 0 127 127 78 0 93 90 127 0 19 127 127 0 0 0 70
0 0 0 127 127 34 0 73.5777 41.3058 38.8107 48.7039 40.6505 37.199 9.20388
42.9515 37.6068 32.5971 48.2864 0 15.7233 16.1068 0 127 81.8066 1 0
0 0 0 0 0 0 16 16 0 0 0 0 0 0 127 51 0;
egregore_data 0 0 127 0 0 127 0 0 0 0 0 0 0 0 0 127 38 0 127 0 0 0
0 0 0 0 0 0 0 100 0 0 127 127 78 0 93 90 127 0 19 127 127 0 0 0 70
0 0 0 127 127 34 0 73.5777 41.3058 38.8107 48.7039 40.6505 37.199 9.20388
42.9515 37.6068 32.5971 48.2864 0 15.7233 16.1068 0 127 81.8066 1 0
0 0 0 0 0 0 16 16 0 0 0 0 0 0 127 51 0;
egregore_data 0 0 127 0 0 127 0 0 0 0 0 0 0 0 0 127 38 0 127 0 0 0
0 0 0 0 0 0 0 100 0 0 127 127 78 0 93 90 127 0 19 127 127 0 0 0 70
0 0 0 127 127 34 0 73.5777 41.3058 38.8107 48.7039 40.6505 37.199 9.20388
42.9515 37.6068 32.5971 48.2864 0 15.7233 16.1068 0 127 81.8066 1 0
0 0 0 0 0 0 16 16 0 0 0 0 0 0 127 51 0;
egregore_data 0 0 127 0 0 127 0 0 0 0 0 0 0 0 0 127 38 0 127 0 0 0
0 0 0 0 0 0 0 100 0 0 127 127 78 0 93 90 127 0 19 127 127 0 0 0 70
0 0 0 127 127 34 0 73.5777 41.3058 38.8107 48.7039 40.6505 37.199 9.20388
42.9515 37.6068 32.5971 48.2864 0 15.7233 16.1068 0 127 81.8066 1 0
0 0 0 0 0 0 16 16 0 0 0 0 0 0 127 51 0;
egregore_data 0 0 127 0 0 127 0 0 0 0 0 0 0 0 0 127 38 0 127 0 0 0
0 0 0 0 0 0 0 100 0 0 127 127 78 0 93 90 127 0 19 127 127 0 0 0 70
0 0 0 127 127 34 0 73.5777 41.3058 38.8107 48.7039 40.6505 37.199 9.20388
42.9515 37.6068 32.5971 48.2864 0 15.7233 16.1068 0 127 81.8066 1 0
0 0 0 0 0 0 16 16 0 0 0 0 0 0 127 51 0;
egregore_data 0 0 127 0 0 127 0 0 0 0 0 0 0 0 0 127 38 0 127 0 0 0
0 0 0 0 0 0 0 100 0 0 127 127 78 0 93 90 127 0 19 127 127 0 0 0 70
0 0 0 127 127 34 0 73.5777 41.3058 38.8107 48.7039 40.6505 37.199 9.20388
42.9515 37.6068 32.5971 48.2864 0 15.7233 16.1068 0 127 81.8066 1 0
0 0 0 0 0 0 16 16 0 0 0 0 0 0 127 51 0;
egregore_data 0 0 127 0 0 127 0 0 0 0 0 0 0 0 0 127 38 0 127 0 0 0
0 0 0 0 0 0 0 100 0 0 127 127 78 0 93 90 127 0 19 127 127 0 0 0 70
0 0 0 127 127 34 0 73.5777 41.3058 38.8107 48.7039 40.6505 37.199 9.20388
42.9515 37.6068 32.5971 48.2864 0 15.7233 16.1068 0 127 81.8066 1 0
0 0 0 0 0 0 16 16 0 0 0 0 0 0 127 51 0;
egregore_data 0 0 127 0 0 127 0 0 0 0 0 0 0 0 0 127 38 0 127 0 0 0
0 0 0 0 0 0 0 100 0 0 127 127 78 0 93 90 127 0 19 127 127 0 0 0 70
0 0 0 127 127 34 0 73.5777 41.3058 38.8107 48.7039 40.6505 37.199 9.20388
42.9515 37.6068 32.5971 48.2864 0 15.7233 16.1068 0 127 81.8066 1 0
0 0 0 0 0 0 16 16 0 0 0 0 0 0 127 51 0;
egregore_data 0 0 127 0 0 127 0 0 0 0 0 0 0 0 0 127 38 0 127 0 0 0
0 0 0 0 0 0 0 100 0 0 127 127 78 0 93 90 127 0 19 127 127 0 0 0 70
0 0 0 127 127 34 0 73.5777 41.3058 38.8107 48.7039 40.6505 37.199 9.20388
42.9515 37.6068 32.5971 48.2864 0 15.7233 16.1068 0 127 81.8066 1 0
0 0 0 0 0 0 16 16 0 0 0 0 0 0 127 51 0;
egregore_data 0 0 127 0 0 127 0 0 0 0 0 0 0 0 0 127 38 0 127 0 0 0
0 0 0 0 0 0 0 100 0 0 127 127 78 0 93 90 127 0 19 127 127 0 0 0 70
0 0 0 127 127 34 0 73.5777 41.3058 38.8107 48.7039 40.6505 37.199 9.20388
42.9515 37.6068 32.5971 48.2864 0 15.7233 16.1068 0 127 81.8066 1 0
0 0 0 0 0 0 16 16 0 0 0 0 0 0 127 51 0;
egregore_data 0 0 127 0 0 127 0 0 0 0 0 0 0 0 0 127 38 0 127 0 0 0
0 0 0 0 0 0 0 100 0 0 127 127 78 0 93 90 127 0 19 127 127 0 0 0 70
0 0 0 127 127 34 0 73.5777 41.3058 38.8107 48.7039 40.6505 37.199 9.20388
42.9515 37.6068 32.5971 48.2864 0 15.7233 16.1068 0 127 81.8066 1 0
0 0 0 0 0 0 16 16 0 0 0 0 0 0 127 51 0;
egregore_data 0 0 127 0 0 127 0 0 0 0 0 0 0 0 0 127 38 0 127 0 0 0
0 0 0 0 0 0 0 100 0 0 127 127 78 0 93 90 127 0 19 127 127 0 0 0 70
0 0 0 127 127 34 0 73.5777 41.3058 38.8107 48.7039 40.6505 37.199 9.20388
42.9515 37.6068 32.5971 48.2864 0 15.7233 16.1068 0 127 81.8066 1 0
0 0 0 0 0 0 16 16 0 0 0 0 0 0 127 51 0;
egregore_data 0 0 127 0 0 127 0 0 0 0 0 0 0 0 0 127 38 0 127 0 0 0
0 0 0 0 0 0 0 100 0 0 127 127 78 0 93 90 127 0 19 127 127 0 0 0 70
0 0 0 127 127 34 0 73.5777 41.3058 38.8107 48.7039 40.6505 37.199 9.20388
42.9515 37.6068 32.5971 48.2864 0 15.7233 16.1068 0 127 81.8066 1 0
0 0 0 0 0 0 16 16 0 0 0 0 0 0 127 51 0;
egregore_data 0 0 127 0 0 127 0 0 0 0 0 0 0 0 0 127 38 0 127 0 0 0
0 0 0 0 0 0 0 100 0 0 127 127 78 0 93 90 127 0 19 127 127 0 0 0 70
0 0 0 127 127 34 0 73.4734 41.1063 38.7005 49.0821 40.9662 37.4879
9.27536 43.285 37.4251 32.8502 48.343 0 15.8454 16.2319 0 127 81.8066
1 0 0 0 0 0 0 0 16 16 0 0 0 0 0 0 127 51 0;
egregore_data 0 0 127 0 0 127 0 0 0 0 0 0 0 0 0 127 38 0 127 0 0 0
0 0 0 0 0 0 0 100 0 0 127 127 78 0 93 90 127 0 19 127 127 0 0 0 70
0 0 0 127 127 34 0 73.4734 41.1063 38.7005 49.0821 40.9662 37.4879
9.27536 43.285 37.4251 32.8502 48.343 0 15.8454 16.2319 0 127 81.8066
1 0 0 0 0 0 0 0 16 16 0 0 0 0 0 0 127 51 0;
egregore_data 0 0 127 0 0 127 0 0 0 0 0 0 0 0 0 127 38 0 127 0 0 0
0 0 0 0 0 0 0 100 0 0 127 127 78 0 93 90 127 0 19 127 127 0 0 0 70
0 0 0 127 127 34 0 73.4734 41.1063 38.7005 49.0821 40.9662 37.4879
9.27536 43.285 37.4251 32.8502 48.343 0 15.8454 16.2319 0 127 81.8066
1 0 0 0 0 0 0 0 16 16 0 0 0 0 0 0 127 51 0;
egregore_data 0 0 127 0 0 127 0 0 0 0 0 0 0 0 0 127 38 0 127 0 0 0
0 0 0 0 0 0 0 100 0 0 127 127 78 0 93 90 127 0 19 127 127 0 0 0 70
0 0 0 127 127 34 0 73.4734 41.1063 38.7005 49.0821 40.9662 37.4879
9.27536 43.285 37.4251 32.8502 48.343 0 15.8454 16.2319 0 127 81.8066
1 0 0 0 0 0 0 0 16 16 0 0 0 0 0 0 127 51 0;
egregore_data 0 0 127 0 0 127 0 0 0 0 0 0 0 0 0 127 38 0 127 0 0 0
0 0 0 0 0 0 0 100 0 0 127 127 78 0 93 90 127 0 19 127 127 0 0 0 70
0 0 0 127 127 34 0 73.4734 41.1063 38.7005 49.0821 40.9662 37.4879
9.27536 43.285 37.4251 32.8502 48.343 0 15.8454 16.2319 0 127 81.8066
1 0 0 0 0 0 0 0 16 16 0 0 0 0 0 0 127 51 0;
egregore_data 0 0 127 0 0 127 0 0 0 0 0 0 0 0 0 127 38 0 127 0 0 0
0 0 0 0 0 0 0 100 0 0 127 127 78 0 93 90 127 0 19 127 127 0 0 0 70
0 0 0 127 127 34 0 73.4734 41.1063 38.7005 49.0821 40.9662 37.4879
9.27536 43.285 37.4251 32.8502 48.343 0 15.8454 16.2319 0 127 81.8066
1 0 0 0 0 0 0 0 16 16 0 0 0 0 0 0 127 51 0;
egregore_data 0 0 127 0 0 127 0 0 0 0 0 0 0 0 0 127 38 0 127 0 0 0
0 0 0 0 0 0 0 100 0 0 127 127 78 0 93 90 127 0 19 127 127 0 0 0 70
0 0 0 127 127 34 0 73.4734 41.1063 38.7005 49.0821 40.9662 37.4879
9.27536 43.285 37.4251 32.8502 48.343 0 15.8454 16.2319 0 127 81.8066
1 0 0 0 0 0 0 0 16 16 0 0 0 0 0 0 127 51 0;
egregore_data 0 0 127 0 0 127 0 0 0 0 0 0 0 0 0 127 38 0 127 0 0 0
0 0 0 0 0 0 0 100 0 0 127 127 78 0 93 90 127 0 19 127 127 0 0 0 70
0 0 0 127 127 34 0 73.4734 41.1063 38.7005 49.0821 40.9662 37.4879
9.27536 43.285 37.4251 32.8502 48.343 0 15.8454 16.2319 0 127 81.8066
1 0 0 0 0 0 0 0 16 16 0 0 0 0 0 0 127 51 0;
egregore_data 0 0 127 0 0 127 0 0 0 0 0 0 0 0 0 127 38 0 127 0 0 0
0 0 0 0 0 0 0 100 0 0 127 127 78 0 93 90 127 0 19 127 127 0 0 0 70
0 0 0 127 127 34 0 73.4734 41.1063 38.7005 49.0821 40.9662 37.4879
9.27536 43.285 37.4251 32.8502 48.343 0 15.8454 16.2319 0 127 81.8066
1 0 0 0 0 0 0 0 16 16 0 0 0 0 0 0 127 51 0;
egregore_data 0 0 127 0 0 127 0 0 0 0 0 0 0 0 0 127 38 0 127 0 0 0
0 0 0 0 0 0 0 100 0 0 127 127 78 0 93 90 127 0 19 127 127 0 0 0 70
0 0 0 127 127 34 0 73.4734 41.1063 38.7005 49.0821 40.9662 37.4879
9.27536 43.285 37.4251 32.8502 48.343 0 15.8454 16.2319 0 127 81.8066
1 0 0 0 0 0 0 0 16 16 0 0 0 0 0 0 127 51 0;
egregore_data 0 0 127 0 0 127 0 0 0 0 0 0 0 0 0 127 38 0 127 0 0 0
0 0 0 0 0 0 0 100 0 0 127 127 78 0 93 90 127 0 19 127 127 0 0 0 70
0 0 0 127 127 34 0 73.4734 41.1063 38.7005 49.0821 40.9662 37.4879
9.27536 43.285 37.4251 32.8502 48.343 0 15.8454 16.2319 0 127 81.8066
1 0 0 0 0 0 0 0 16 16 0 0 0 0 0 0 127 51 0;
egregore_data 0 0 127 0 0 127 0 0 0 0 0 0 0 0 0 127 38 0 127 0 0 0
0 0 0 0 0 0 0 100 0 0 127 127 78 0 93 90 127 0 19 127 127 0 0 0 70
0 0 0 127 127 34 0 73.4734 41.1063 38.7005 49.0821 40.9662 37.4879
9.27536 43.285 37.4251 32.8502 48.343 0 15.8454 16.2319 0 127 81.8066
1 0 0 0 0 0 0 0 16 16 0 0 0 0 0 0 127 51 0;
egregore_data 0 0 127 0 0 127 0 0 0 0 0 0 0 0 0 127 38 0 127 0 0 0
0 0 0 0 0 0 0 100 0 0 127 127 78 0 93 90 127 0 19 127 127 0 0 0 70
0 0 0 127 127 34 0 73.4734 41.1063 38.7005 49.0821 40.9662 37.4879
9.27536 43.285 37.4251 32.8502 48.343 0 15.8454 16.2319 0 127 81.8066
1 0 0 0 0 0 0 0 16 16 0 0 0 0 0 0 127 51 0;
egregore_data 0 0 127 0 0 127 0 0 0 0 0 0 0 0 0 127 38 0 127 0 0 0
0 0 0 0 0 0 0 100 0 0 127 127 78 0 93 90 127 0 19 127 127 0 0 0 70
0 0 0 127 127 34 0 73.4734 41.1063 38.7005 49.0821 40.9662 37.4879
9.27536 43.285 37.4251 32.8502 48.343 0 15.8454 16.2319 0 127 81.8066
1 0 0 0 0 0 0 0 16 16 0 0 0 0 0 0 127 51 0;
egregore_data 0 0 127 0 0 127 0 0 0 0 0 0 0 0 0 127 38 0 127 0 0 0
0 0 0 0 0 0 0 100 0 0 127 127 78 0 93 90 127 0 19 127 127 0 0 0 70
0 0 0 127 127 34 0 73.4734 41.1063 38.7005 49.0821 40.9662 37.4879
9.27536 43.285 37.4251 32.8502 48.343 0 15.8454 16.2319 0 127 81.8066
1 0 0 0 0 0 0 0 16 16 0 0 0 0 0 0 127 51 0;
egregore_data 0 0 127 0 0 127 0 0 0 0 0 0 0 0 0 127 38 0 127 0 0 0
0 0 0 0 0 0 0 100 0 0 127 127 78 0 93 90 127 0 19 127 127 0 0 0 70
0 0 0 127 127 34 0 73.4734 41.1063 38.7005 49.0821 40.9662 37.4879
9.27536 43.285 37.4251 32.8502 48.343 0 15.8454 16.2319 0 127 81.8066
1 0 0 0 0 0 0 0 16 16 0 0 0 0 0 0 127 51 0;
egregore_data 0 0 127 0 0 127 0 0 0 0 0 0 0 0 0 127 38 0 127 0 0 0
0 0 0 0 0 0 0 100 0 0 127 127 78 0 93 90 127 0 19 127 127 0 0 0 70
0 0 0 127 127 34 0 73.4734 41.1063 38.7005 49.0821 40.9662 37.4879
9.27536 43.285 37.4251 32.8502 48.343 0 15.8454 16.2319 0 127 81.8066
1 0 0 0 0 0 0 0 16 16 0 0 0 0 0 0 127 51 0;
egregore_data 0 0 127 0 0 127 0 0 0 0 0 0 0 0 0 127 38 0 127 0 0 0
0 0 0 0 0 0 0 100 0 0 127 127 78 0 93 90 127 0 19 127 127 0 0 0 70
0 0 0 127 127 34 0 73.4734 41.1063 38.7005 49.0821 40.9662 37.4879
9.27536 43.285 37.4251 32.8502 48.343 0 15.8454 16.2319 0 127 81.8066
1 0 0 0 0 0 0 0 16 16 0 0 0 0 0 0 127 51 0;
egregore_data 0 0 127 0 0 127 0 0 0 0 0 0 0 0 0 127 38 0 127 0 0 0
0 0 0 0 0 0 0 100 0 0 127 127 78 0 93 90 127 0 19 127 127 0 0 0 70
0 0 0 127 127 34 0 73.4734 41.1063 38.7005 49.0821 40.9662 37.4879
9.27536 43.285 37.4251 32.8502 48.343 0 15.8454 16.2319 0 127 81.8066
1 0 0 0 0 0 0 0 16 16 0 0 0 0 0 0 127 51 0;
egregore_data 0 0 127 0 0 127 0 0 0 0 0 0 0 0 0 127 38 0 127 0 0 0
0 0 0 0 0 0 0 100 0 0 127 127 78 0 93 90 127 0 19 127 127 0 0 0 70
0 0 0 127 127 34 0 73.4734 41.1063 38.7005 49.0821 40.9662 37.4879
9.27536 43.285 37.4251 32.8502 48.343 0 15.8454 16.2319 0 127 81.8066
1 0 0 0 0 0 0 0 16 16 0 0 0 0 0 0 127 51 0;
egregore_data 0 0 127 0 0 127 0 0 0 0 0 0 0 0 0 127 38 0 127 0 0 0
0 0 0 0 0 0 0 100 0 0 127 127 78 0 93 90 127 0 19 127 127 0 0 0 70
0 0 0 127 127 34 0 73.4734 41.1063 38.7005 49.0821 40.9662 37.4879
9.27536 43.285 37.4251 32.8502 48.343 0 15.8454 16.2319 0 127 81.8066
1 0 0 0 0 0 0 0 16 16 0 0 0 0 0 0 127 51 0;
egregore_data 0 0 127 0 0 127 0 0 0 0 0 0 0 0 0 127 38 0 127 0 0 0
0 0 0 0 0 0 0 100 0 0 127 127 78 0 93 90 127 0 19 127 127 0 0 0 70
0 0 0 127 127 34 0 73.4734 41.1063 38.7005 49.0821 40.9662 37.4879
9.27536 43.285 37.4251 32.8502 48.343 0 15.8454 16.2319 0 127 81.8066
1 0 0 0 0 0 0 0 16 16 0 0 0 0 0 0 127 51 0;
egregore_data 0 0 127 0 0 127 0 0 0 0 0 0 0 0 0 127 38 0 127 0 0 0
0 0 0 0 0 0 0 100 0 0 127 127 78 0 93 90 127 0 19 127 127 0 0 0 70
0 0 0 127 127 34 0 73.4734 41.1063 38.7005 49.0821 40.9662 37.4879
9.27536 43.285 37.4251 32.8502 48.343 0 15.8454 16.2319 0 127 81.8066
1 0 0 0 0 0 0 0 16 16 0 0 0 0 0 0 127 51 0;
egregore_data 0 0 127 0 0 127 0 0 0 0 0 0 0 0 0 127 38 0 127 0 0 0
0 0 0 0 0 0 0 100 0 0 127 127 78 0 93 90 127 0 19 127 127 0 0 0 70
0 0 0 127 127 34 0 73.4734 41.1063 38.7005 49.0821 40.9662 37.4879
9.27536 43.285 37.4251 32.8502 48.343 0 15.8454 16.2319 0 127 81.8066
1 0 0 0 0 0 0 0 16 16 0 0 0 0 0 0 127 51 0;
egregore_data 0 0 127 0 0 127 0 0 0 0 0 0 0 0 0 127 38 0 127 0 0 0
0 0 0 0 0 0 0 100 0 0 127 127 78 0 93 90 127 0 19 127 127 0 0 0 70
0 0 0 127 127 34 0 73.4734 41.1063 38.7005 49.0821 40.9662 37.4879
9.27536 43.285 37.4251 32.8502 48.343 0 15.8454 16.2319 0 127 81.8066
1 0 0 0 0 0 0 0 16 16 0 0 0 0 0 0 127 51 0;
egregore_data 0 0 127 0 0 127 0 0 0 0 0 0 0 0 0 127 38 0 127 0 0 0
0 0 0 0 0 0 0 100 0 0 127 127 78 0 93 90 127 0 19 127 127 0 0 0 70
0 0 0 127 127 34 0 73.4734 41.1063 38.7005 49.0821 40.9662 37.4879
9.27536 43.285 37.4251 32.8502 48.343 0 15.8454 16.2319 0 127 81.8066
1 0 0 0 0 0 0 0 16 16 0 0 0 0 0 0 127 51 0;
egregore_data 0 0 127 0 0 127 0 0 0 0 0 0 0 0 0 127 38 0 127 0 0 0
0 0 0 0 0 0 0 100 0 0 127 127 78 0 93 90 127 0 19 127 127 0 0 0 70
0 0 0 127 127 34 0 73.4734 41.1063 38.7005 49.0821 40.9662 37.4879
9.27536 43.285 37.4251 32.8502 48.343 0 15.8454 16.2319 0 127 81.8066
1 0 0 0 0 0 0 0 16 16 0 0 0 0 0 0 127 51 0;
egregore_data 0 0 127 0 0 127 0 0 0 0 0 0 0 0 0 127 38 0 127 0 0 0
0 0 0 0 0 0 0 100 0 0 127 127 78 0 93 90 127 0 19 127 127 0 0 0 70
0 0 0 127 127 34 0 73.4734 41.1063 38.7005 49.0821 40.9662 37.4879
9.27536 43.285 37.4251 32.8502 48.343 0 15.8454 16.2319 0 127 81.8066
1 0 0 0 0 0 0 0 16 16 0 0 0 0 0 0 127 51 0;
egregore_data 0 0 127 0 0 127 0 0 0 0 0 0 0 0 0 127 38 0 127 0 0 0
0 0 0 0 0 0 0 100 0 0 127 127 78 0 93 90 127 0 19 127 127 0 0 0 70
0 0 0 127 127 34 0 73.4734 41.1063 38.7005 49.0821 40.9662 37.4879
9.27536 43.285 37.4251 32.8502 48.343 0 15.8454 16.2319 0 127 81.8066
1 0 0 0 0 0 0 0 16 16 0 0 0 0 0 0 127 51 0;
egregore_data 0 0 127 0 0 127 0 0 0 0 0 0 0 0 0 127 38 0 127 0 0 0
0 0 0 0 0 0 0 100 0 0 127 127 78 0 93 90 127 0 19 127 127 0 0 0 70
0 0 0 127 127 34 0 73.4734 41.1063 38.7005 49.0821 40.9662 37.4879
9.27536 43.285 37.4251 32.8502 48.343 0 15.8454 16.2319 0 127 81.8066
1 0 0 0 0 0 0 0 16 16 0 0 0 0 0 0 127 51 0;
egregore_data 0 0 127 0 0 127 0 0 0 0 0 0 0 0 0 127 38 0 127 0 0 0
0 0 0 0 0 0 0 100 0 0 127 127 78 0 93 90 127 0 19 127 127 0 0 0 70
0 0 0 127 127 34 0 73.4734 41.1063 38.7005 49.0821 40.9662 37.4879
9.27536 43.285 37.4251 32.8502 48.343 0 15.8454 16.2319 0 127 81.8066
1 0 0 0 0 0 0 0 16 16 0 0 0 0 0 0 127 51 0;
egregore_data 0 0 127 0 0 127 0 0 0 0 0 0 0 0 0 127 38 0 127 0 0 0
0 0 0 0 0 0 0 100 0 0 127 127 78 0 93 90 127 0 19 127 127 0 0 0 70
0 0 0 127 127 34 0 73.4734 41.1063 38.7005 49.0821 40.9662 37.4879
9.27536 43.285 37.4251 32.8502 48.343 0 15.8454 16.2319 0 127 81.8066
1 0 0 0 0 0 0 0 16 16 0 0 0 0 0 0 127 51 0;
egregore_data 0 0 127 0 0 127 0 0 0 0 0 0 0 0 0 127 38 0 127 0 0 0
0 0 0 0 0 0 0 100 0 0 127 127 78 0 93 90 127 0 19 127 127 0 0 0 70
0 0 0 127 127 34 0 73.4734 41.1063 38.7005 49.0821 40.9662 37.4879
9.27536 43.285 37.4251 32.8502 48.343 0 15.8454 16.2319 0 127 81.8066
1 0 0 0 0 0 0 0 16 16 0 0 0 0 0 0 127 51 0;
egregore_data 0 0 127 0 0 127 0 0 0 0 0 0 0 0 0 127 38 0 127 0 0 0
0 0 0 0 0 0 0 100 0 0 127 127 78 0 93 90 127 0 19 127 127 0 0 0 70
0 0 0 127 127 34 0 73.4734 41.1063 38.7005 49.0821 40.9662 37.4879
9.27536 43.285 37.4251 32.8502 48.343 0 15.8454 16.2319 0 127 81.8066
1 0 0 0 0 0 0 0 16 16 0 0 0 0 0 0 127 51 0;
egregore_data 0 0 127 0 0 127 0 0 0 0 0 0 0 0 0 127 38 0 127 0 0 0
0 0 0 0 0 0 0 100 0 0 127 127 78 0 93 90 127 0 19 127 127 0 0 0 70
0 0 0 127 127 34 0 73.4734 41.1063 38.7005 49.0821 40.9662 37.4879
9.27536 43.285 37.4251 32.8502 48.343 0 15.8454 16.2319 0 127 81.8066
1 0 0 0 0 0 0 0 16 16 0 0 0 0 0 0 127 51 0;
egregore_data 0 0 127 0 0 127 0 0 0 0 0 0 0 0 0 127 38 0 127 0 0 0
0 0 0 0 0 0 0 100 0 0 127 127 78 0 93 90 127 0 19 127 127 0 0 0 70
0 0 0 127 127 34 0 73.4734 41.1063 38.7005 49.0821 40.9662 37.4879
9.27536 43.285 37.4251 32.8502 48.343 0 15.8454 16.2319 0 127 81.8066
1 0 0 0 0 0 0 0 16 16 0 0 0 0 0 0 127 51 0;
egregore_data 0 0 127 0 0 127 0 0 0 0 0 0 0 0 0 127 38 0 127 0 0 0
0 0 0 0 0 0 0 100 0 0 127 127 78 0 93 90 127 0 19 127 127 0 0 0 70
0 0 0 127 127 34 0 73.4734 41.1063 38.7005 49.0821 40.9662 37.4879
9.27536 43.285 37.4251 32.8502 48.343 0 15.8454 16.2319 0 127 81.8066
1 0 0 0 0 0 0 0 16 16 0 0 0 0 0 0 127 51 0;
egregore_data 0 0 127 0 0 127 0 0 0 0 0 0 0 0 0 127 38 0 127 0 0 0
0 0 0 0 0 0 0 100 0 0 127 127 78 0 93 90 127 0 19 127 127 0 0 0 70
0 0 0 127 127 34 0 73.4734 41.1063 38.7005 49.0821 40.9662 37.4879
9.27536 43.285 37.4251 32.8502 48.343 0 15.8454 16.2319 0 127 81.8066
1 0 0 0 0 0 0 0 16 16 0 0 0 0 0 0 127 51 0;
egregore_data 0 0 127 0 0 127 0 0 0 0 0 0 0 0 0 127 38 0 127 0 0 0
0 0 0 0 0 0 0 100 0 0 127 127 78 0 93 90 127 0 19 127 127 0 0 0 70
0 0 0 127 127 34 0 73.4734 41.1063 38.7005 49.0821 40.9662 37.4879
9.27536 43.285 37.4251 32.8502 48.343 0 15.8454 16.2319 0 127 81.8066
1 0 0 0 0 0 0 0 16 16 0 0 0 0 0 0 127 51 0;
egregore_data 0 0 127 0 0 127 0 0 0 0 0 0 0 0 0 127 38 0 127 0 0 0
0 0 0 0 0 0 0 100 0 0 127 127 78 0 93 90 127 0 19 127 127 0 0 0 70
0 0 0 127 127 34 0 73.4734 41.1063 38.7005 49.0821 40.9662 37.4879
9.27536 43.285 37.4251 32.8502 48.343 0 15.8454 16.2319 0 127 81.8066
1 0 0 0 0 0 0 0 16 16 0 0 0 0 0 0 127 51 0;
egregore_data 0 0 127 0 0 127 0 0 0 0 0 0 0 0 0 127 38 0 127 0 0 0
0 0 0 0 0 0 0 100 0 0 127 127 78 0 93 90 127 0 19 127 127 0 0 0 70
0 0 0 127 127 34 0 73.4734 41.1063 38.7005 49.0821 40.9662 37.4879
9.27536 43.285 37.4251 32.8502 48.343 0 15.8454 16.2319 0 127 81.8066
1 0 0 0 0 0 0 0 16 16 0 0 0 0 0 0 127 51 0;
egregore_data 0 0 127 0 0 127 0 0 0 0 0 0 0 0 0 127 38 0 127 0 0 0
0 0 0 0 0 0 0 100 0 0 127 127 78 0 93 90 127 0 19 127 127 0 0 0 70
0 0 0 127 127 34 0 73.4734 41.1063 38.7005 49.0821 40.9662 37.4879
9.27536 43.285 37.4251 32.8502 48.343 0 15.8454 16.2319 0 127 81.8066
1 0 0 0 0 0 0 0 16 16 0 0 0 0 0 0 127 51 0;
egregore_data 0 0 127 0 0 127 0 0 0 0 0 0 0 0 0 127 38 0 127 0 0 0
0 0 0 0 0 0 0 100 0 0 127 127 78 0 93 90 127 0 19 127 127 0 0 0 70
0 0 0 127 127 34 0 73.4734 41.1063 38.7005 49.0821 40.9662 37.4879
9.27536 43.285 37.4251 32.8502 48.343 0 15.8454 16.2319 0 127 81.8066
1 0 0 0 0 0 0 0 16 16 0 0 0 0 0 0 127 51 0;
egregore_data 0 0 127 0 0 127 0 0 0 0 0 0 0 0 0 127 38 0 127 0 0 0
0 0 0 0 0 0 0 100 0 0 127 127 78 0 93 90 127 0 19 127 127 0 0 0 70
0 0 0 127 127 34 0 73.4734 41.1063 38.7005 49.0821 40.9662 37.4879
9.27536 43.285 37.4251 32.8502 48.343 0 15.8454 16.2319 0 127 81.8066
1 0 0 0 0 0 0 0 16 16 0 0 0 0 0 0 127 51 0;
egregore_data 0 0 127 0 0 127 0 0 0 0 0 0 0 0 0 127 38 0 127 0 0 0
0 0 0 0 0 0 0 100 0 0 127 127 78 0 93 90 127 0 19 127 127 0 0 0 70
0 0 0 127 127 34 0 73.4734 41.1063 38.7005 49.0821 40.9662 37.4879
9.27536 43.285 37.4251 32.8502 48.343 0 15.8454 16.2319 0 127 81.8066
1 0 0 0 0 0 0 0 16 16 0 0 0 0 0 0 127 51 0;
egregore_data 0 0 127 0 0 127 0 0 0 0 0 0 0 0 0 127 38 0 127 0 0 0
0 0 0 0 0 0 0 100 0 0 127 127 78 0 93 90 127 0 19 127 127 0 0 0 70
0 0 0 127 127 34 0 73.4734 41.1063 38.7005 49.0821 40.9662 37.4879
9.27536 43.285 37.4251 32.8502 48.343 0 15.8454 16.2319 0 127 81.8066
1 0 0 0 0 0 0 0 16 16 0 0 0 0 0 0 127 51 0;
END;
