HTTP/1.1 200 OK
Date: Thu, 28 May 2015 12:25:30 GMT
Server: Apache
Last-Modified: Wed, 27 May 2015 19:30:02 GMT
Accept-Ranges: bytes
Content-Length: 30325
Vary: Accept-Encoding
Connection: close
Content-Type: text/plain

chdh_egregore_live_data;
egregore_data 0 0 127 0 0 127 0 0 0 0 0 0 0 0 0 127 38 0 127 0 0 0
0 0 0 0 0 0 0 100 0 0 127 127 78 0 93 90 127 0 19 127 127 0 0 0 70
0 0 0 127 127 34 0 84.2523 35.3692 27.6449 22.7664 49.9518 0 51.6308
0 42.7243 51.6308 48.5343 0 0 15.8551 1.62617 127 80.4299 1 0 0 0 0
0 0 0 16 16 0 0 0 0 0 0 127 51 0;
egregore_data 0 0 127 0 0 127 0 0 0 0 0 0 0 0 0 127 38 0 127 0 0 0
0 0 0 0 0 0 0 100 0 0 127 127 78 0 93 90 127 0 19 127 127 0 0 0 70
0 0 0 127 127 34 0 84.2523 35.3692 27.6449 22.7664 49.9518 0 51.6308
0 42.7243 51.6308 48.5343 0 0 15.8551 1.62617 127 80.4299 1 0 0 0 0
0 0 0 16 16 0 0 0 0 0 0 127 51 0;
egregore_data 0 0 127 0 0 127 0 0 0 0 0 0 0 0 0 127 38 0 127 0 0 0
0 0 0 0 0 0 0 100 0 0 127 127 78 0 93 90 127 0 19 127 127 0 0 0 70
0 0 0 127 127 34 0 84.2523 35.3692 27.6449 22.7664 49.9518 0 51.6308
0 42.7243 51.6308 48.5343 0 0 15.8551 1.62617 127 80.4299 1 0 0 0 0
0 0 0 16 16 0 0 0 0 0 0 127 51 0;
egregore_data 0 0 127 0 0 127 0 0 0 0 0 0 0 0 0 127 38 0 127 0 0 0
0 0 0 0 0 0 0 100 0 0 127 127 78 0 93 90 127 0 19 127 127 0 0 0 70
0 0 0 127 127 34 0 84.2523 35.3692 27.6449 22.7664 49.9518 0 51.6308
0 42.7243 51.6308 48.5343 0 0 15.8551 1.62617 127 80.4299 1 0 0 0 0
0 0 0 16 16 0 0 0 0 0 0 127 51 0;
egregore_data 0 0 127 0 0 127 0 0 0 0 0 0 0 0 0 127 38 0 127 0 0 0
0 0 0 0 0 0 0 100 0 0 127 127 78 0 93 90 127 0 19 127 127 0 0 0 70
0 0 0 127 127 34 0 84.23 35.1268 27.4554 22.6103 49.6095 0 51.277 0
42.6714 51.277 48.75 0 0 15.7465 1.61502 127 80.4299 1 0 0 0 0 0 0
0 16 16 0 0 0 0 0 0 127 51 0;
egregore_data 0 0 127 0 0 127 0 0 0 0 0 0 0 0 0 127 38 0 127 0 0 0
0 0 0 0 0 0 0 100 0 0 127 127 78 0 93 90 127 0 19 127 127 0 0 0 70
0 0 0 127 127 34 0 84.2076 34.8821 27.2642 22.4528 49.2639 0 50.9198
0 42.6179 50.9198 48.9676 0 0 15.6368 1.60377 127 80.4299 1 0 0 0 0
0 0 0 16 16 0 0 0 0 0 0 127 51 0;
egregore_data 0 0 127 0 0 127 0 0 0 0 0 0 0 0 0 127 38 0 127 0 0 0
0 0 0 0 0 0 0 100 0 0 127 127 78 0 93 90 127 0 19 127 127 0 0 0 70
0 0 0 127 127 34 0 84.2076 34.8821 27.2642 22.4528 49.2639 0 50.9198
0 42.6179 50.9198 48.9676 0 0 15.6368 1.60377 127 80.4299 1 0 0 0 0
0 0 0 16 16 0 0 0 0 0 0 127 51 0;
egregore_data 0 0 127 0 0 127 0 0 0 0 0 0 0 0 0 127 38 0 127 0 0 0
0 0 0 0 0 0 0 100 0 0 127 127 78 0 93 90 127 0 19 127 127 0 0 0 70
0 0 0 127 127 34 0 84.1848 34.6351 27.0711 22.2938 48.9151 0 50.5592
0 42.564 50.5592 49.1874 0 0 15.5261 1.59242 127 80.4299 1 0 0 0 0
0 0 0 16 16 0 0 0 0 0 0 127 51 0;
egregore_data 0 0 127 0 0 127 0 0 0 0 0 0 0 0 0 127 38 0 127 0 0 0
0 0 0 0 0 0 0 100 0 0 127 127 78 0 93 90 127 0 19 127 127 0 0 0 70
0 0 0 127 127 34 0 84.1848 34.6351 27.0711 22.2938 48.9151 0 50.5592
0 42.564 50.5592 49.1874 0 0 15.5261 1.59242 127 80.4299 1 0 0 0 0
0 0 0 16 16 0 0 0 0 0 0 127 51 0;
egregore_data 0 0 127 0 0 127 0 0 0 0 0 0 0 0 0 127 38 0 127 0 0 0
0 0 0 0 0 0 0 100 0 0 127 127 78 0 93 90 127 0 19 127 127 0 0 0 70
0 0 0 127 127 34 0 84.1848 34.6351 27.0711 22.2938 48.9151 0 50.5592
0 42.564 50.5592 49.1874 0 0 15.5261 1.59242 127 80.4299 1 0 0 0 0
0 0 0 16 16 0 0 0 0 0 0 127 51 0;
egregore_data 0 0 127 0 0 127 0 0 0 0 0 0 0 0 0 127 38 0 127 0 0 0
0 0 0 0 0 0 0 100 0 0 127 127 78 0 93 90 127 0 19 127 127 0 0 0 70
0 0 0 127 127 34 0 84.1619 34.3857 26.8762 22.1333 48.5629 0 50.1952
0 42.5095 50.1952 49.4092 0 0 15.4143 1.58095 127 80.4299 1 0 0 0 0
0 0 0 16 16 0 0 0 0 0 0 127 51 0;
egregore_data 0 0 127 0 0 127 0 0 0 0 0 0 0 0 0 127 38 0 127 0 0 0
0 0 0 0 0 0 0 100 0 0 127 127 78 0 93 90 127 0 19 127 127 0 0 0 70
0 0 0 127 127 34 0 84.1619 34.3857 26.8762 22.1333 48.5629 0 50.1952
0 42.5095 50.1952 49.4092 0 0 15.4143 1.58095 127 80.4299 1 0 0 0 0
0 0 0 16 16 0 0 0 0 0 0 127 51 0;
egregore_data 0 0 127 0 0 127 0 0 0 0 0 0 0 0 0 127 38 0 127 0 0 0
0 0 0 0 0 0 0 100 0 0 127 127 78 0 93 90 127 0 19 127 127 0 0 0 70
0 0 0 127 127 34 0 84.1619 34.3857 26.8762 22.1333 48.5629 0 50.1952
0 42.5095 50.1952 49.4092 0 0 15.4143 1.58095 127 80.4299 1 0 0 0 0
0 0 0 16 16 0 0 0 0 0 0 127 51 0;
egregore_data 0 0 127 0 0 127 0 0 0 0 0 0 0 0 0 127 38 0 127 0 0 0
0 0 0 0 0 0 0 100 0 0 127 127 78 0 93 90 127 0 19 127 127 0 0 0 70
0 0 0 127 127 34 0 84.1619 34.3857 26.8762 22.1333 48.5629 0 50.1952
0 42.5095 50.1952 49.4092 0 0 15.4143 1.58095 127 80.4299 1 0 0 0 0
0 0 0 16 16 0 0 0 0 0 0 127 51 0;
egregore_data 0 0 127 0 0 127 0 0 0 0 0 0 0 0 0 127 38 0 127 0 0 0
0 0 0 0 0 0 0 100 0 0 127 127 78 0 93 90 127 0 19 127 127 0 0 0 70
0 0 0 127 127 34 0 84.1619 34.3857 26.8762 22.1333 48.5629 0 50.1952
0 42.5095 50.1952 49.4092 0 0 15.4143 1.58095 127 80.4299 1 0 0 0 0
0 0 0 16 16 0 0 0 0 0 0 127 51 0;
egregore_data 0 0 127 0 0 127 0 0 0 0 0 0 0 0 0 127 38 0 127 0 0 0
0 0 0 0 0 0 0 100 0 0 127 127 78 0 93 90 127 0 19 127 127 0 0 0 70
0 0 0 127 127 34 0 84.1619 34.3857 26.8762 22.1333 48.5629 0 50.1952
0 42.5095 50.1952 49.4092 0 0 15.4143 1.58095 127 80.4299 1 0 0 0 0
0 0 0 16 16 0 0 0 0 0 0 127 51 0;
egregore_data 0 0 127 0 0 127 0 0 0 0 0 0 0 0 0 127 38 0 127 0 0 0
0 0 0 0 0 0 0 100 0 0 127 127 78 0 93 90 127 0 19 127 127 0 0 0 70
0 0 0 127 127 34 0 84.1154 33.8798 26.4808 21.8077 47.8484 0 49.4567
0 42.399 49.4567 49.8593 0 0 15.1875 1.55769 127 80.4299 1 0 0 0 0
0 0 0 16 16 0 0 0 0 0 0 127 51 0;
egregore_data 0 0 127 0 0 127 0 0 0 0 0 0 0 0 0 127 38 0 127 0 0 0
0 0 0 0 0 0 0 100 0 0 127 127 78 0 93 90 127 0 19 127 127 0 0 0 70
0 0 0 127 127 34 0 84.1154 33.8798 26.4808 21.8077 47.8484 0 49.4567
0 42.399 49.4567 49.8593 0 0 15.1875 1.55769 127 80.4299 1 0 0 0 0
0 0 0 16 16 0 0 0 0 0 0 127 51 0;
egregore_data 0 0 127 0 0 127 0 0 0 0 0 0 0 0 0 127 38 0 127 0 0 0
0 0 0 0 0 0 0 100 0 0 127 127 78 0 93 90 127 0 19 127 127 0 0 0 70
0 0 0 127 127 34 0 84.1154 33.8798 26.4808 21.8077 47.8484 0 49.4567
0 42.399 49.4567 49.8593 0 0 15.1875 1.55769 127 80.4299 1 0 0 0 0
0 0 0 16 16 0 0 0 0 0 0 127 51 0;
egregore_data 0 0 127 0 0 127 0 0 0 0 0 0 0 0 0 127 38 0 127 0 0 0
0 0 0 0 0 0 0 100 0 0 127 127 78 0 93 90 127 0 19 127 127 0 0 0 70
0 0 0 127 127 34 0 84.1154 33.8798 26.4808 21.8077 47.8484 0 49.4567
0 42.399 49.4567 49.8593 0 0 15.1875 1.55769 127 80.4299 1 0 0 0 0
0 0 0 16 16 0 0 0 0 0 0 127 51 0;
egregore_data 0 0 127 0 0 127 0 0 0 0 0 0 0 0 0 127 38 0 127 0 0 0
0 0 0 0 0 0 0 100 0 0 127 127 78 0 93 90 127 0 19 127 127 0 0 0 70
0 0 0 127 127 34 0 84.1154 33.8798 26.4808 21.8077 47.8484 0 49.4567
0 42.399 49.4567 49.8593 0 0 15.1875 1.55769 127 80.4299 1 0 0 0 0
0 0 0 16 16 0 0 0 0 0 0 127 51 0;
egregore_data 0 0 127 0 0 127 0 0 0 0 0 0 0 0 0 127 38 0 127 0 0 0
0 0 0 0 0 0 0 100 0 0 127 127 78 0 93 90 127 0 19 127 127 0 0 0 70
0 0 0 127 127 34 0 84.1154 33.8798 26.4808 21.8077 47.8484 0 49.4567
0 42.399 49.4567 49.8593 0 0 15.1875 1.55769 127 80.4299 1 0 0 0 0
0 0 0 16 16 0 0 0 0 0 0 127 51 0;
egregore_data 0 0 127 0 0 127 0 0 0 0 0 0 0 0 0 127 38 0 127 0 0 0
0 0 0 0 0 0 0 100 0 0 127 127 78 0 93 90 127 0 19 127 127 0 0 0 70
0 0 0 127 127 34 0 84.1154 33.8798 26.4808 21.8077 47.8484 0 49.4567
0 42.399 49.4567 49.8593 0 0 15.1875 1.55769 127 80.4299 1 0 0 0 0
0 0 0 16 16 0 0 0 0 0 0 127 51 0;
egregore_data 0 0 127 0 0 127 0 0 0 0 0 0 0 0 0 127 38 0 127 0 0 0
0 0 0 0 0 0 0 100 0 0 127 127 78 0 93 90 127 0 19 127 127 0 0 0 70
0 0 0 127 127 34 0 84.1154 33.8798 26.4808 21.8077 47.8484 0 49.4567
0 42.399 49.4567 49.8593 0 0 15.1875 1.55769 127 80.4299 1 0 0 0 0
0 0 0 16 16 0 0 0 0 0 0 127 51 0;
egregore_data 0 0 127 0 0 127 0 0 0 0 0 0 0 0 0 127 38 0 127 0 0 0
0 0 0 0 0 0 0 100 0 0 127 127 78 0 93 90 127 0 19 127 127 0 0 0 70
0 0 0 127 127 34 0 84.1154 33.8798 26.4808 21.8077 47.8484 0 49.4567
0 42.399 49.4567 49.8593 0 0 15.1875 1.55769 127 80.4299 1 0 0 0 0
0 0 0 16 16 0 0 0 0 0 0 127 51 0;
egregore_data 0 0 127 0 0 127 0 0 0 0 0 0 0 0 0 127 38 0 127 0 0 0
0 0 0 0 0 0 0 100 0 0 127 127 78 0 93 90 127 0 19 127 127 0 0 0 70
0 0 0 127 127 34 0 84.1154 33.8798 26.4808 21.8077 47.8484 0 49.4567
0 42.399 49.4567 49.8593 0 0 15.1875 1.55769 127 80.4299 1 0 0 0 0
0 0 0 16 16 0 0 0 0 0 0 127 51 0;
egregore_data 0 0 127 0 0 127 0 0 0 0 0 0 0 0 0 127 38 0 127 0 0 0
0 0 0 0 0 0 0 100 0 0 127 127 78 0 93 90 127 0 19 127 127 0 0 0 70
0 0 0 127 127 34 0 84.1154 33.8798 26.4808 21.8077 47.8484 0 49.4567
0 42.399 49.4567 49.8593 0 0 15.1875 1.55769 127 80.4299 1 0 0 0 0
0 0 0 16 16 0 0 0 0 0 0 127 51 0;
egregore_data 0 0 127 0 0 127 0 0 0 0 0 0 0 0 0 127 38 0 127 0 0 0
0 0 0 0 0 0 0 100 0 0 127 127 78 0 93 90 127 0 19 127 127 0 0 0 70
0 0 0 127 127 34 0 84.1154 33.8798 26.4808 21.8077 47.8484 0 49.4567
0 42.399 49.4567 49.8593 0 0 15.1875 1.55769 127 80.4299 1 0 0 0 0
0 0 0 16 16 0 0 0 0 0 0 127 51 0;
egregore_data 0 0 127 0 0 127 0 0 0 0 0 0 0 0 0 127 38 0 127 0 0 0
0 0 0 0 0 0 0 100 0 0 127 127 78 0 93 90 127 0 19 127 127 0 0 0 70
0 0 0 127 127 34 0 84.1154 33.8798 26.4808 21.8077 47.8484 0 49.4567
0 42.399 49.4567 49.8593 0 0 15.1875 1.55769 127 80.4299 1 0 0 0 0
0 0 0 16 16 0 0 0 0 0 0 127 51 0;
egregore_data 0 0 127 0 0 127 0 0 0 0 0 0 0 0 0 127 38 0 127 0 0 0
0 0 0 0 0 0 0 100 0 0 127 127 78 0 93 90 127 0 19 127 127 0 0 0 70
0 0 0 127 127 34 0 84.1154 33.8798 26.4808 21.8077 47.8484 0 49.4567
0 42.399 49.4567 49.8593 0 0 15.1875 1.55769 127 80.4299 1 0 0 0 0
0 0 0 16 16 0 0 0 0 0 0 127 51 0;
egregore_data 0 0 127 0 0 127 0 0 0 0 0 0 0 0 0 127 38 0 127 0 0 0
0 0 0 0 0 0 0 100 0 0 127 127 78 0 93 90 127 0 19 127 127 0 0 0 70
0 0 0 127 127 34 0 84.1154 33.8798 26.4808 21.8077 47.8484 0 49.4567
0 42.399 49.4567 49.8593 0 0 15.1875 1.55769 127 80.4299 1 0 0 0 0
0 0 0 16 16 0 0 0 0 0 0 127 51 0;
egregore_data 0 0 127 0 0 127 0 0 0 0 0 0 0 0 0 127 38 0 127 0 0 0
0 0 0 0 0 0 0 100 0 0 127 127 78 0 93 90 127 0 19 127 127 0 0 0 70
0 0 0 127 127 34 0 84.1154 33.8798 26.4808 21.8077 47.8484 0 49.4567
0 42.399 49.4567 49.8593 0 0 15.1875 1.55769 127 80.4299 1 0 0 0 0
0 0 0 16 16 0 0 0 0 0 0 127 51 0;
egregore_data 0 0 127 0 0 127 0 0 0 0 0 0 0 0 0 127 38 0 127 0 0 0
0 0 0 0 0 0 0 100 0 0 127 127 78 0 93 90 127 0 19 127 127 0 0 0 70
0 0 0 127 127 34 0 84.1154 33.8798 26.4808 21.8077 47.8484 0 49.4567
0 42.399 49.4567 49.8593 0 0 15.1875 1.55769 127 80.4299 1 0 0 0 0
0 0 0 16 16 0 0 0 0 0 0 127 51 0;
egregore_data 0 0 127 0 0 127 0 0 0 0 0 0 0 0 0 127 38 0 127 0 0 0
0 0 0 0 0 0 0 100 0 0 127 127 78 0 93 90 127 0 19 127 127 0 0 0 70
0 0 0 127 127 34 0 84.0918 33.6232 26.2802 21.6425 47.486 0 49.0821
0 42.343 49.0821 50.0876 0 0 15.0725 1.54589 127 80.4299 1 0 0 0 0
0 0 0 16 16 0 0 0 0 0 0 127 51 0;
egregore_data 0 0 127 0 0 127 0 0 0 0 0 0 0 0 0 127 38 0 127 0 0 0
0 0 0 0 0 0 0 100 0 0 127 127 78 0 93 90 127 0 19 127 127 0 0 0 70
0 0 0 127 127 34 0 84.0918 33.6232 26.2802 21.6425 47.486 0 49.0821
0 42.343 49.0821 50.0876 0 0 15.0725 1.54589 127 80.4299 1 0 0 0 0
0 0 0 16 16 0 0 0 0 0 0 127 51 0;
egregore_data 0 0 127 0 0 127 0 0 0 0 0 0 0 0 0 127 38 0 127 0 0 0
0 0 0 0 0 0 0 100 0 0 127 127 78 0 93 90 127 0 19 127 127 0 0 0 70
0 0 0 127 127 34 0 84.068 33.3641 26.0777 21.4757 47.12 0 48.7039 0
42.2864 48.7039 50.3181 0 0 14.9563 1.53398 127 80.4299 1 0 0 0 0 0
0 0 16 16 0 0 0 0 0 0 127 51 0;
egregore_data 0 0 127 0 0 127 0 0 0 0 0 0 0 0 0 127 38 0 127 0 0 0
0 0 0 0 0 0 0 100 0 0 127 127 78 0 93 90 127 0 19 127 127 0 0 0 70
0 0 0 127 127 34 0 84.068 33.3641 26.0777 21.4757 47.12 0 48.7039 0
42.2864 48.7039 50.3181 0 0 14.9563 1.53398 127 80.4299 1 0 0 0 0 0
0 0 16 16 0 0 0 0 0 0 127 51 0;
egregore_data 0 0 127 0 0 127 0 0 0 0 0 0 0 0 0 127 38 0 127 0 0 0
0 0 0 0 0 0 0 100 0 0 127 127 78 0 93 90 127 0 19 127 127 0 0 0 70
0 0 0 127 127 34 0 84.068 33.3641 26.0777 21.4757 47.12 0 48.7039 0
42.2864 48.7039 50.3181 0 0 14.9563 1.53398 127 80.4299 1 0 0 0 0 0
0 0 16 16 0 0 0 0 0 0 127 51 0;
egregore_data 0 0 127 0 0 127 0 0 0 0 0 0 0 0 0 127 38 0 127 0 0 0
0 0 0 0 0 0 0 100 0 0 127 127 78 0 93 90 127 0 19 127 127 0 0 0 70
0 0 0 127 127 34 0 84.068 33.3641 26.0777 21.4757 47.12 0 48.7039 0
42.2864 48.7039 50.3181 0 0 14.9563 1.53398 127 80.4299 1 0 0 0 0 0
0 0 16 16 0 0 0 0 0 0 127 51 0;
egregore_data 0 0 127 0 0 127 0 0 0 0 0 0 0 0 0 127 38 0 127 0 0 0
0 0 0 0 0 0 0 100 0 0 127 127 78 0 93 90 127 0 19 127 127 0 0 0 70
0 0 0 127 127 34 0 84.068 33.3641 26.0777 21.4757 47.12 0 48.7039 0
42.2864 48.7039 50.3181 0 0 14.9563 1.53398 127 80.4299 1 0 0 0 0 0
0 0 16 16 0 0 0 0 0 0 127 51 0 ;
egregore_data 0 0 127 0 0 127 0 0 0 0 0 0 0 0 0 127 38 0 127 0 0 0
0 0 0 0 0 0 0 100 0 0 127 127 78 0 93 90 127 0 19 127 127 0 0 0 70
0 0 0 127 127 34 0 84.068 33.3641 26.0777 21.4757 47.12 0 48.7039 0
42.2864 48.7039 50.3181 0 0 14.9563 1.53398 127 80.4299 1 0 0 0 0 0
0 0 16 16 0 0 0 0 0 0 127 51 0;
egregore_data 0 0 127 0 0 127 0 0 0 0 0 0 0 0 0 127 38 0 127 0 0 0
0 0 0 0 0 0 0 100 0 0 127 127 78 0 93 90 127 0 19 127 127 0 0 0 70
0 0 0 127 127 34 0 84.068 33.3641 26.0777 21.4757 47.12 0 48.7039 0
42.2864 48.7039 50.3181 0 0 14.9563 1.53398 127 80.4299 1 0 0 0 0 0
0 0 16 16 0 0 0 0 0 0 127 51 0;
egregore_data 0 0 127 0 0 127 0 0 0 0 0 0 0 0 0 127 38 0 127 0 0 0
0 0 0 0 0 0 0 100 0 0 127 127 78 0 93 90 127 0 19 127 127 0 0 0 70
0 0 0 127 127 34 0 84.0439 33.1024 25.8732 21.3073 46.7505 0 48.3219
0 42.2293 48.3219 50.5509 0 0 14.839 1.52195 127 80.4299 1 0 0 0 0
0 0 0 16 16 0 0 0 0 0 0 127 51 0;
egregore_data 0 0 127 0 0 127 0 0 0 0 0 0 0 0 0 127 38 0 127 0 0 0
0 0 0 0 0 0 0 100 0 0 127 127 78 0 93 90 127 0 19 127 127 0 0 0 70
0 0 0 127 127 34 0 84.0439 33.1024 25.8732 21.3073 46.7505 0 48.3219
0 42.2293 48.3219 50.5509 0 0 14.839 1.52195 127 80.4299 1 0 0 0 0
0 0 0 16 16 0 0 0 0 0 0 127 51 0;
egregore_data 0 0 127 0 0 127 0 0 0 0 0 0 0 0 0 127 38 0 127 0 0 0
0 0 0 0 0 0 0 100 0 0 127 127 78 0 93 90 127 0 19 127 127 0 0 0 70
0 0 0 127 127 34 0 84.0439 33.1024 25.8732 21.3073 46.7505 0 48.3219
0 42.2293 48.3219 50.5509 0 0 14.839 1.52195 127 80.4299 1 0 0 0 0
0 0 0 16 16 0 0 0 0 0 0 127 51 0;
egregore_data 0 0 127 0 0 127 0 0 0 0 0 0 0 0 0 127 38 0 127 0 0 0
0 0 0 0 0 0 0 100 0 0 127 127 78 0 93 90 127 0 19 127 127 0 0 0 70
0 0 0 127 127 34 0 84.0439 33.1024 25.8732 21.3073 46.7505 0 48.3219
0 42.2293 48.3219 50.5509 0 0 14.839 1.52195 127 80.4299 1 0 0 0 0
0 0 0 16 16 0 0 0 0 0 0 127 51 0;
egregore_data 0 0 127 0 0 127 0 0 0 0 0 0 0 0 0 127 38 0 127 0 0 0
0 0 0 0 0 0 0 100 0 0 127 127 78 0 93 90 127 0 19 127 127 0 0 0 70
0 0 0 127 127 34 0 84.0439 33.1024 25.8732 21.3073 46.7505 0 48.3219
0 42.2293 48.3219 50.5509 0 0 14.839 1.52195 127 80.4299 1 0 0 0 0
0 0 0 16 16 0 0 0 0 0 0 127 51 0;
egregore_data 0 0 127 0 0 127 0 0 0 0 0 0 0 0 0 127 38 0 127 0 0 0
0 0 0 0 0 0 0 100 0 0 127 127 78 0 93 90 127 0 19 127 127 0 0 0 70
0 0 0 127 127 34 0 84.0439 33.1024 25.8732 21.3073 46.7505 0 48.3219
0 42.2293 48.3219 50.5509 0 0 14.839 1.52195 127 80.4299 1 0 0 0 0
0 0 0 16 16 0 0 0 0 0 0 127 51 0;
egregore_data 0 0 127 0 0 127 0 0 0 0 0 0 0 0 0 127 38 0 127 0 0 0
0 0 0 0 0 0 0 100 0 0 127 127 78 0 93 90 127 0 19 127 127 0 0 0 70
0 0 0 127 127 34 0 84.0439 33.1024 25.8732 21.3073 46.7505 0 48.3219
0 42.2293 48.3219 50.5509 0 0 14.839 1.52195 127 80.4299 1 0 0 0 0
0 0 0 16 16 0 0 0 0 0 0 127 51 0;
egregore_data 0 0 127 0 0 127 0 0 0 0 0 0 0 0 0 127 38 0 127 0 0 0
0 0 0 0 0 0 0 100 0 0 127 127 78 0 93 90 127 0 19 127 127 0 0 0 70
0 0 0 127 127 34 0 84.0439 33.1024 25.8732 21.3073 46.7505 0 48.3219
0 42.2293 48.3219 50.5509 0 0 14.839 1.52195 127 80.4299 1 0 0 0 0
0 0 0 16 16 0 0 0 0 0 0 127 51 0;
egregore_data 0 0 127 0 0 127 0 0 0 0 0 0 0 0 0 127 38 0 127 0 0 0
0 0 0 0 0 0 0 100 0 0 127 127 78 0 93 90 127 0 19 127 127 0 0 0 70
0 0 0 127 127 34 0 84.0439 33.1024 25.8732 21.3073 46.7505 0 48.3219
0 42.2293 48.3219 50.5509 0 0 14.839 1.52195 127 80.4299 1 0 0 0 0
0 0 0 16 16 0 0 0 0 0 0 127 51 0;
egregore_data 0 0 127 0 0 127 0 0 0 0 0 0 0 0 0 127 38 0 127 0 0 0
0 0 0 0 0 0 0 100 0 0 127 127 78 0 93 90 127 0 19 127 127 0 0 0 70
0 0 0 127 127 34 0 84.0439 33.1024 25.8732 21.3073 46.7505 0 48.3219
0 42.2293 48.3219 50.5509 0 0 14.839 1.52195 127 80.0857 1 0 0 0 0
0 0 0 16 16 0 0 0 0 0 0 127 51 0;
egregore_data 0 0 127 0 0 127 0 0 0 0 0 0 0 0 0 127 38 0 127 0 0 0
0 0 0 0 0 0 0 100 0 0 127 127 78 0 93 90 127 0 19 127 127 0 0 0 70
0 0 0 127 127 34 0 84.0439 33.1024 25.8732 21.3073 46.7505 0 48.3219
0 42.2293 48.3219 50.5509 0 0 14.839 1.52195 127 78.709 1 0 0 0 0 0
0 0 16 16 0 0 0 0 0 0 127 51 0;
egregore_data 0 0 127 0 0 127 0 0 0 0 0 0 0 0 0 127 38 0 127 0 0 0
0 0 0 0 0 0 0 100 0 0 127 127 78 0 93 90 127 0 19 127 127 0 0 0 70
0 0 0 127 127 34 0 84.0439 33.1024 25.8732 21.3073 46.7505 0 48.3219
0 42.2293 48.3219 50.5509 0 0 14.839 1.52195 127 78.0207 1 0 0 0 0
0 0 0 16 16 0 0 0 0 0 0 127 51 0;
egregore_data 0 0 127 0 0 127 0 0 0 0 0 0 0 0 0 127 38 0 127 0 0 0
0 0 0 0 0 0 0 100 0 0 127 127 78 0 93 90 127 0 19 127 127 0 0 0 70
0 0 0 127 127 34 0 84.0439 33.1024 25.8732 21.3073 46.7505 0 48.3219
0 42.2293 48.3219 50.5509 0 0 14.839 1.52195 127 77.6765 1 0 0 0 0
0 0 0 16 16 0 0 0 0 0 0 127 51 0;
egregore_data 0 0 127 0 0 127 0 0 0 0 0 0 0 0 0 127 38 0 127 0 0 0
0 0 0 0 0 0 0 100 0 0 127 127 78 0 93 90 127 0 19 127 127 0 0 0 70
0 0 0 127 127 34 0 84.0439 33.1024 25.8732 21.3073 46.7505 0 48.3219
0 42.2293 48.3219 50.5509 0 0 14.839 1.52195 127 77.6765 1 0 0 0 0
0 0 0 16 16 0 0 0 0 0 0 127 51 0;
egregore_data 0 0 127 0 0 127 0 0 0 0 0 0 0 0 0 127 38 0 127 0 0 0
0 0 0 0 0 0 0 100 0 0 127 127 78 0 93 90 127 0 19 127 127 0 0 0 70
0 0 0 127 127 34 0 84.0439 33.1024 25.8732 21.3073 46.7505 0 48.3219
0 42.2293 48.3219 50.5509 0 0 14.839 1.52195 127 77.6765 1 0 0 0 0
0 0 0 16 16 0 0 0 0 0 0 127 51 0;
egregore_data 0 0 127 0 0 127 0 0 0 0 0 0 0 0 0 127 38 0 127 0 0 0
0 0 0 0 0 0 0 100 0 0 127 127 78 0 93 90 127 0 19 127 127 0 0 0 70
0 0 0 127 127 34 0 84.0439 33.1024 25.8732 21.3073 46.7505 0 48.3219
0 42.2293 48.3219 50.5509 0 0 14.839 1.52195 127 77.6765 1 0 0 0 0
0 0 0 16 16 0 0 0 0 0 0 127 51 0;
egregore_data 0 0 127 0 0 127 0 0 0 0 0 0 0 0 0 127 38 0 127 0 0 0
0 0 0 0 0 0 0 100 0 0 127 127 78 0 93 90 127 0 19 127 127 0 0 0 70
0 0 0 127 127 34 0 84.0439 33.1024 25.8732 21.3073 46.7505 0 48.3219
0 42.2293 48.3219 50.5509 0 0 14.839 1.52195 127 77.6765 1 0 0 0 0
0 0 0 16 16 0 0 0 0 0 0 127 51 0;
egregore_data 0 0 127 0 0 127 0 0 0 0 0 0 0 0 0 127 38 0 127 0 0 0
0 0 0 0 0 0 0 100 0 0 127 127 78 0 93 90 127 0 19 127 127 0 0 0 70
0 0 0 127 127 34 0 84.0439 33.1024 25.8732 21.3073 46.7505 0 48.3219
0 42.2293 48.3219 50.5509 0 0 14.839 1.52195 127 77.6765 1 0 0 0 0
0 0 0 16 16 0 0 0 0 0 0 127 51 0;
egregore_data 0 0 127 0 0 127 0 0 0 0 0 0 0 0 0 127 38 0 127 0 0 0
0 0 0 0 0 0 0 100 0 0 127 127 78 0 93 90 127 0 19 127 127 0 0 0 70
0 0 0 127 127 34 0 84.0439 33.1024 25.8732 21.3073 46.7505 0 48.3219
0 42.2293 48.3219 50.5509 0 0 14.839 1.52195 127 77.6765 1 0 0 0 0
0 0 0 16 16 0 0 0 0 0 0 127 51 0;
egregore_data 0 0 127 0 0 127 0 0 0 0 0 0 0 0 0 127 38 0 127 0 0 0
0 0 0 0 0 0 0 100 0 0 127 127 78 0 93 90 127 0 19 127 127 0 0 0 70
0 0 0 127 127 34 0 84.0196 32.8382 25.6667 21.1373 46.3774 0 47.9363
0 42.1716 47.9363 50.7859 0 0 14.7206 1.5098 127 77.6765 1 0 0 0 0
0 0 0 16 16 0 0 0 0 0 0 127 51 0;
egregore_data 0 0 127 0 0 127 0 0 0 0 0 0 0 0 0 127 38 0 127 0 0 0
0 0 0 0 0 0 0 100 0 0 127 127 78 0 93 90 127 0 19 127 127 0 0 0 70
0 0 0 127 127 34 0 84.0196 32.8382 25.6667 21.1373 46.3774 0 47.9363
0 42.1716 47.9363 50.7859 0 0 14.7206 1.5098 127 77.6765 1 0 0 0 0
0 0 0 16 16 0 0 0 0 0 0 127 51 0;
egregore_data 0 0 127 0 0 127 0 0 0 0 0 0 0 0 0 127 38 0 127 0 0 0
0 0 0 0 0 0 0 100 0 0 127 127 78 0 93 90 127 0 19 127 127 0 0 0 70
0 0 0 127 127 34 0 83.9703 32.302 25.2475 20.7921 45.6201 0 47.1535
0 42.0545 47.1535 51.263 0 0 14.4802 1.48515 127 77.6765 1 0 0 0 0
0 0 0 16 16 0 0 0 0 0 0 127 51 0;
egregore_data 0 0 127 0 0 127 0 0 0 0 0 0 0 0 0 127 38 0 127 0 0 0
0 0 0 0 0 0 0 100 0 0 127 127 78 0 93 90 127 0 19 127 127 0 0 0 70
0 0 0 127 127 34 0 83.9703 32.302 25.2475 20.7921 45.6201 0 47.1535
0 42.0545 47.1535 51.263 0 0 14.4802 1.48515 127 77.6765 1 0 0 0 0
0 0 0 16 16 0 0 0 0 0 0 127 51 0;
egregore_data 0 0 127 0 0 127 0 0 0 0 0 0 0 0 0 127 38 0 127 0 0 0
0 0 0 0 0 0 0 100 0 0 127 127 78 0 93 90 127 0 19 127 127 0 0 0 70
0 0 0 127 127 34 0 83.9703 32.302 25.2475 20.7921 45.6201 0 47.1535
0 42.0545 47.1535 51.263 0 0 14.4802 1.48515 127 77.6765 1 0 0 0 0
0 0 0 16 16 0 0 0 0 0 0 127 51 0;
egregore_data 0 0 127 0 0 127 0 0 0 0 0 0 0 0 0 127 38 0 127 0 0 0
0 0 0 0 0 0 0 100 0 0 127 127 78 0 93 90 127 0 19 127 127 0 0 0 70
0 0 0 127 127 34 0 83.9703 32.302 25.2475 20.7921 45.6201 0 47.1535
0 42.0545 47.1535 51.263 0 0 14.4802 1.48515 127 77.6765 1 0 0 0 0
0 0 0 16 16 0 0 0 0 0 0 127 51 0;
egregore_data 0 0 127 0 0 127 0 0 0 0 0 0 0 0 0 127 38 0 127 0 0 0
0 0 0 0 0 0 0 100 0 0 127 127 78 0 93 90 127 0 19 127 127 0 0 0 70
0 0 0 127 127 34 0 83.9703 32.302 25.2475 20.7921 45.6201 0 47.1535
0 42.0545 47.1535 51.263 0 0 14.4802 1.48515 127 77.6765 1 0 0 0 0
0 0 0 16 16 0 0 0 0 0 0 127 51 0;
egregore_data 0 0 127 0 0 127 0 0 0 0 0 0 0 0 0 127 38 0 127 0 0 0
0 0 0 0 0 0 0 100 0 0 127 127 78 0 93 90 127 0 19 127 127 0 0 0 70
0 0 0 127 127 34 0 83.9453 32.0299 25.0348 20.6169 45.2357 0 46.7562
0 41.995 46.7562 51.5051 0 0 14.3582 1.47264 127 77.6765 1 0 0 0 0
0 0 0 16 16 0 0 0 0 0 0 127 51 0;
egregore_data 0 0 127 0 0 127 0 0 0 0 0 0 0 0 0 127 38 0 127 0 0 0
0 0 0 0 0 0 0 100 0 0 127 127 78 0 93 90 127 0 19 127 127 0 0 0 70
0 0 0 127 127 34 0 83.9453 32.0299 25.0348 20.6169 45.2357 0 46.7562
0 41.995 46.7562 51.5051 0 0 14.3582 1.47264 127 77.6765 1 0 0 0 0
0 0 0 16 16 0 0 0 0 0 0 127 51 0;
egregore_data 0 0 127 0 0 127 0 0 0 0 0 0 0 0 0 127 38 0 127 0 0 0
0 0 0 0 0 0 0 100 0 0 127 127 78 0 93 90 127 0 19 127 127 0 0 0 70
0 0 0 127 127 34 0 83.9453 32.0299 25.0348 20.6169 45.2357 0 46.7562
0 41.995 46.7562 51.5051 0 0 14.3582 1.47264 127 77.6765 1 0 0 0 0
0 0 0 16 16 0 0 0 0 0 0 127 51 0;
egregore_data 0 0 127 0 0 127 0 0 0 0 0 0 0 0 0 127 38 0 127 0 0 0
0 0 0 0 0 0 0 100 0 0 127 127 78 0 93 90 127 0 19 127 127 0 0 0 70
0 0 0 127 127 34 0 83.9453 32.0299 25.0348 20.6169 45.2357 0 46.7562
0 41.995 46.7562 51.5051 0 0 14.3582 1.47264 127 77.6765 1 0 0 0 0
0 0 0 16 16 0 0 0 0 0 0 127 51 0;
egregore_data 0 0 127 0 0 127 0 0 0 0 0 0 0 0 0 127 38 0 127 0 0 0
0 0 0 0 0 0 0 100 0 0 127 127 78 0 93 90 127 0 19 127 127 0 0 0 70
0 0 0 127 127 34 0 83.9453 32.0299 25.0348 20.6169 45.2357 0 46.7562
0 41.995 46.7562 51.5051 0 0 14.3582 1.47264 127 77.6765 1 0 0 0 0
0 0 0 16 16 0 0 0 0 0 0 127 51 0;
egregore_data 0 0 127 0 0 127 0 0 0 0 0 0 0 0 0 127 38 0 127 0 0 0
0 0 0 0 0 0 0 100 0 0 127 127 78 0 93 90 127 0 19 127 127 0 0 0 70
0 0 0 127 127 34 0 83.92 31.755 24.82 20.44 44.8476 0 46.355 0 41.935
46.355 51.7496 0 0 14.235 1.46 127 77.6765 1 0 0 0 0 0 0 0 16 16 0
0 0 0 0 0 127 51 0;
egregore_data 0 0 127 0 0 127 0 0 0 0 0 0 0 0 0 127 38 0 127 0 0 0
0 0 0 0 0 0 0 100 0 0 127 127 78 0 93 90 127 0 19 127 127 0 0 0 70
0 0 0 127 127 34 0 83.92 31.755 24.82 20.44 44.8476 0 46.355 0 41.935
46.355 51.7496 0 0 14.235 1.46 127 77.6765 1 0 0 0 0 0 0 0 16 16 0
0 0 0 0 0 127 51 0;
egregore_data 0 0 127 0 0 127 0 0 0 0 0 0 0 0 0 127 38 0 127 0 0 0
0 0 0 0 0 0 0 100 0 0 127 127 78 0 93 90 127 0 19 127 127 0 0 0 70
0 0 0 127 127 34 0 83.92 31.755 24.82 20.44 44.8476 0 46.355 0 41.935
46.355 51.7496 0 0 14.235 1.46 127 77.6765 1 0 0 0 0 0 0 0 16 16 0
0 0 0 0 0 127 51 0;
egregore_data 0 0 127 0 0 127 0 0 0 0 0 0 0 0 0 127 38 0 127 0 0 0
0 0 0 0 0 0 0 100 0 0 127 127 78 0 93 90 127 0 19 127 127 0 0 0 70
0 0 0 127 127 34 0 83.92 31.755 24.82 20.44 44.8476 0 46.355 0 41.935
46.355 51.7496 0 0 14.235 1.46 127 77.6765 1 0 0 0 0 0 0 0 16 16 0
0 0 0 0 0 127 51 0;
egregore_data 0 0 127 0 0 127 0 0 0 0 0 0 0 0 0 127 38 0 127 0 0 0
0 0 0 0 0 0 0 100 0 0 127 127 78 0 93 90 127 0 19 127 127 0 0 0 70
0 0 0 127 127 34 0 83.92 31.755 24.82 20.44 44.8476 0 46.355 0 41.935
46.355 51.7496 0 0 14.235 1.46 127 77.6765 1 0 0 0 0 0 0 0 16 16 0
0 0 0 0 0 127 51 0;
egregore_data 0 0 127 0 0 127 0 0 0 0 0 0 0 0 0 127 38 0 127 0 0 0
0 0 0 0 0 0 0 100 0 0 127 127 78 0 93 90 127 0 19 127 127 0 0 0 70
0 0 0 127 127 34 0 83.92 31.755 24.82 20.44 44.8476 0 46.355 0 41.935
46.355 51.7496 0 0 14.235 1.46 127 77.6765 1 0 0 0 0 0 0 0 16 16 0
0 0 0 0 0 127 51 0;
egregore_data 0 0 127 0 0 127 0 0 0 0 0 0 0 0 0 127 38 0 127 0 0 0
0 0 0 0 0 0 0 100 0 0 127 127 78 0 93 90 127 0 19 127 127 0 0 0 70
0 0 0 127 127 34 0 83.92 31.755 24.82 20.44 44.8476 0 46.355 0 41.935
46.355 51.7496 0 0 14.235 1.46 127 77.6765 1 0 0 0 0 0 0 0 16 16 0
0 0 0 0 0 127 51 0;
egregore_data 0 0 127 0 0 127 0 0 0 0 0 0 0 0 0 127 38 0 127 0 0 0
0 0 0 0 0 0 0 100 0 0 127 127 78 0 93 90 127 0 19 127 127 0 0 0 70
0 0 0 127 127 34 0 83.8945 31.4774 24.603 20.2613 44.4555 0 45.9497
0 41.8744 45.9497 51.9966 0 0 14.1106 1.44724 127 77.6765 1 0 0 0 0
0 0 0 16 16 0 0 0 0 0 0 127 51 0;
egregore_data 0 0 127 0 0 127 0 0 0 0 0 0 0 0 0 127 38 0 127 0 0 0
0 0 0 0 0 0 0 100 0 0 127 127 78 0 93 90 127 0 19 127 127 0 0 0 70
0 0 0 127 127 34 0 83.8945 31.4774 24.603 20.2613 44.4555 0 45.9497
0 41.8744 45.9497 51.9966 0 0 14.1106 1.44724 127 77.6765 1 0 0 0 0
0 0 0 16 16 0 0 0 0 0 0 127 51 0;
egregore_data 0 0 127 0 0 127 0 0 0 0 0 0 0 0 0 127 38 0 127 0 0 0
0 0 0 0 0 0 0 100 0 0 127 127 78 0 93 90 127 0 19 127 127 0 0 0 70
0 0 0 127 127 34 0 83.8687 31.197 24.3838 20.0808 44.0594 0 45.5404
0 41.8131 45.5404 52.246 0 0 13.9848 1.43434 127 77.6765 1 0 0 0 0
0 0 0 16 16 0 0 0 0 0 0 127 51 0;
egregore_data 0 0 127 0 0 127 0 0 0 0 0 0 0 0 0 127 38 0 127 0 0 0
0 0 0 0 0 0 0 100 0 0 127 127 78 0 93 90 127 0 19 127 127 0 0 0 70
0 0 0 127 127 34 0 83.8426 30.9137 24.1624 19.8985 43.6594 0 45.1269
0 41.7513 45.1269 52.498 0 0 13.8579 1.42132 127 77.6765 1 0 0 0 0
0 0 0 16 16 0 0 0 0 0 0 127 51 0;
egregore_data 0 0 127 0 0 127 0 0 0 0 0 0 0 0 0 127 38 0 127 0 0 0
0 0 0 0 0 0 0 100 0 0 127 127 78 0 93 90 127 0 19 127 127 0 0 0 70
0 0 0 127 127 34 0 83.8426 30.9137 24.1624 19.8985 43.6594 0 45.1269
0 41.7513 45.1269 52.498 0 0 13.8579 1.42132 127 76.9882 1 0 0 0 0
0 0 0 16 16 0 0 0 0 0 0 127 51 0;
egregore_data 0 0 127 0 0 127 0 0 0 0 0 0 0 0 0 127 38 0 127 0 0 0
0 0 0 0 0 0 0 100 0 0 127 127 78 0 93 90 127 0 19 127 127 0 0 0 70
0 0 0 127 127 34 0 83.8426 30.9137 24.1624 19.8985 43.6594 0 45.1269
0 41.7513 45.1269 52.498 0 0 13.8579 1.42132 127 75.2673 1 0 0 0 0
0 0 0 16 16 0 0 0 0 0 0 127 51 0;
egregore_data 0 0 127 0 0 127 0 0 0 0 0 0 0 0 0 127 38 0 127 0 0 0
0 0 0 0 0 0 0 100 0 0 127 127 78 0 93 90 127 0 19 127 127 0 0 0 70
0 0 0 127 127 34 0 83.8426 30.9137 24.1624 19.8985 43.6594 0 45.1269
0 41.7513 45.1269 52.498 0 0 13.8579 1.42132 127 74.2348 1 0 0 0 0
0 0 0 16 16 0 0 0 0 0 0 127 51 0;
egregore_data 0 0 127 0 0 127 0 0 0 0 0 0 0 0 0 127 38 0 127 0 0 0
0 0 0 0 0 0 0 100 0 0 127 127 78 0 93 90 127 0 19 127 127 0 0 0 70
0 0 0 127 127 34 0 83.7897 30.3385 23.7128 19.5282 42.847 0 44.2872
0 41.6256 44.2872 53.0098 0 0 13.6 1.39487 127 74.2348 1 0 0 0 0 0
0 0 16 16 0 0 0 0 0 0 127 51 0;
egregore_data 0 0 127 0 0 127 0 0 0 0 0 0 0 0 0 127 38 0 127 0 0 0
0 0 0 0 0 0 0 100 0 0 127 127 78 0 93 90 127 0 19 127 127 0 0 0 70
0 0 0 127 127 34 0 83.7897 30.3385 23.7128 19.5282 42.847 0 44.2872
0 41.6256 44.2872 53.0098 0 0 13.6 1.39487 127 74.2348 1 0 0 0 0 0
0 0 16 16 0 0 0 0 0 0 127 51 0;
egregore_data 0 0 127 0 0 127 0 0 0 0 0 0 0 0 0 127 38 0 127 0 0 0
0 0 0 0 0 0 0 100 0 0 127 127 78 0 93 90 127 0 19 127 127 0 0 0 70
0 0 0 127 127 34 0 83.7897 30.3385 23.7128 19.5282 42.847 0 44.2872
0 41.6256 44.2872 53.0098 0 0 13.6 1.39487 127 74.5789 1 0 0 0 0 0
0 0 16 16 0 0 0 0 0 0 127 51 0;
egregore_data 0 0 127 0 0 127 0 0 0 0 0 0 0 0 0 127 38 0 127 0 0 0
0 0 0 0 0 0 0 100 0 0 127 127 78 0 93 90 127 0 19 127 127 0 0 0 70
0 0 0 127 127 34 0 83.7629 30.0464 23.4845 19.3402 42.4345 0 43.8608
0 41.5619 43.8608 53.2696 0 0 13.4691 1.38144 127 74.5789 1 0 0 0 0
0 0 0 16 16 0 0 0 0 0 0 127 51 0;
egregore_data 0 0 127 0 0 127 0 0 0 0 0 0 0 0 0 127 38 0 127 0 0 0
0 0 0 0 0 0 0 100 0 0 127 127 78 0 93 90 127 0 19 127 127 0 0 0 70
0 0 0 127 127 34 0 83.7629 30.0464 23.4845 19.3402 42.4345 0 43.8608
0 41.5619 43.8608 53.2696 0 0 13.4691 1.38144 127 74.5789 1 0 0 0 0
0 0 0 16 16 0 0 0 0 0 0 127 51 0;
egregore_data 0 0 127 0 0 127 0 0 0 0 0 0 0 0 0 127 38 0 127 0 0 0
0 0 0 0 0 0 0 100 0 0 127 127 78 0 93 90 127 0 19 127 127 0 0 0 70
0 0 0 127 127 34 0 83.7629 30.0464 23.4845 19.3402 42.4345 0 43.8608
0 41.5619 43.8608 53.2696 0 0 13.4691 1.38144 127 74.5789 1 0 0 0 0
0 0 0 16 16 0 0 0 0 0 0 127 51 0;
egregore_data 0 0 127 0 0 127 0 0 0 0 0 0 0 0 0 127 38 0 127 0 0 0
0 0 0 0 0 0 0 100 0 0 127 127 78 0 93 90 127 0 19 127 127 0 0 0 70
0 0 0 127 127 34 0 83.7629 30.0464 23.4845 19.3402 42.4345 0 43.8608
0 41.5619 43.8608 53.2696 0 0 13.4691 1.38144 127 74.5789 1 0 0 0 0
0 0 0 16 16 0 0 0 0 0 0 127 51 0;
egregore_data 0 0 127 0 0 127 0 0 0 0 0 0 0 0 0 127 38 0 127 0 0 0
0 0 0 0 0 0 0 100 0 0 127 127 78 0 93 90 127 0 19 127 127 0 0 0 70
0 0 0 127 127 34 0 83.7629 30.0464 23.4845 19.3402 42.4345 0 43.8608
0 41.5619 43.8608 53.2696 0 0 13.4691 1.38144 127 74.5789 1 0 0 0 0
0 0 0 16 16 0 0 0 0 0 0 127 51 0;
egregore_data 0 0 127 0 0 127 0 0 0 0 0 0 0 0 0 127 38 0 127 0 0 0
0 0 0 0 0 0 0 100 0 0 127 127 78 0 93 90 127 0 19 127 127 0 0 0 70
0 0 0 127 127 34 0 83.7357 29.7513 23.2539 19.1503 42.0177 0 43.4301
0 41.4974 43.4301 53.5322 0 0 13.3368 1.36788 127 74.5789 1 0 0 0 0
0 0 0 16 16 0 0 0 0 0 0 127 51 0;
egregore_data 0 0 127 0 0 127 0 0 0 0 0 0 0 0 0 127 38 0 127 0 0 0
0 0 0 0 0 0 0 100 0 0 127 127 78 0 93 90 127 0 19 127 127 0 0 0 70
0 0 0 127 127 34 0 83.7357 29.7513 23.2539 19.1503 42.0177 0 43.4301
0 41.4974 43.4301 53.5322 0 0 13.3368 1.36788 127 74.5789 1 0 0 0 0
0 0 0 16 16 0 0 0 0 0 0 127 51 0;
egregore_data 0 0 127 0 0 127 0 0 0 0 0 0 0 0 0 127 38 0 127 0 0 0
0 0 0 0 0 0 0 100 0 0 127 127 78 0 93 90 127 0 19 127 127 0 0 0 70
0 0 0 127 127 34 0 83.7357 29.7513 23.2539 19.1503 42.0177 0 43.4301
0 41.4974 43.4301 53.5322 0 0 13.3368 1.36788 127 74.5789 1 0 0 0 0
0 0 0 16 16 0 0 0 0 0 0 127 51 0;
egregore_data 0 0 127 0 0 127 0 0 0 0 0 0 0 0 0 127 38 0 127 0 0 0
0 0 0 0 0 0 0 100 0 0 127 127 78 0 93 90 127 0 19 127 127 0 0 0 70
0 0 0 127 127 34 0 83.7357 29.7513 23.2539 19.1503 42.0177 0 43.4301
0 41.4974 43.4301 53.5322 0 0 13.3368 1.36788 127 74.5789 1 0 0 0 0
0 0 0 16 16 0 0 0 0 0 0 127 51 0;
egregore_data 0 0 127 0 0 127 0 0 0 0 0 0 0 0 0 127 38 0 127 0 0 0
0 0 0 0 0 0 0 100 0 0 127 127 78 0 93 90 127 0 19 127 127 0 0 0 70
0 0 0 127 127 34 0 83.7083 29.4531 23.0208 18.9583 41.5966 0 42.9948
0 41.4323 42.9948 53.7974 0 0 13.2031 1.35417 127 74.5789 1 0 0 0 0
0 0 0 16 16 0 0 0 0 0 0 127 51 0;
END;
