HTTP/1.1 200 OK
Date: Thu, 28 May 2015 12:25:09 GMT
Server: Apache
Last-Modified: Wed, 27 May 2015 19:23:12 GMT
Accept-Ranges: bytes
Content-Length: 27473
Vary: Accept-Encoding
Connection: close
Content-Type: text/plain

chdh_egregore_live_data;
egregore_data 0 0 127 0 0 127 0 0 0 0 0 0 0 0 0 127 38 0 127 0 0 0
0 0 0 0 0 0 0 100 0 0 127 127 78 0 93 90 78 3 19 127 72 73 0 0 70 0
0 0 127 127 34 1 74.0499 79.1197 64.4795 0 0 0 0 12.4461 37.6068 0
33.197 0 15.4634 0 0 127 88 1 0 0 0 0 0 0 0 16 16 0 0 0 0 0 0 127 51
0;
egregore_data 0 0 127 0 0 127 0 0 0 0 0 0 0 0 0 127 38 0 127 0 0 0
0 0 0 0 0 0 0 100 0 0 127 127 78 0 93 90 78 3 19 127 72 73 0 0 70 0
0 0 127 127 34 1 74.0499 79.1197 64.4795 0 0 0 0 12.4461 37.6068 0
33.197 0 15.4634 0 0 127 88 1 0 0 0 0 0 0 0 16 16 0 0 0 0 0 0 127 51
0;
egregore_data 0 0 127 0 0 127 0 0 0 0 0 0 0 0 0 127 38 0 127 0 0 0
0 0 0 0 0 0 0 100 0 0 127 127 78 0 93 90 78 3 19 127 72 73 0 0 70 0
0 0 127 127 34 1 74.0499 79.1197 64.4795 0 0 0 0 12.4461 37.6068 0
33.197 0 15.4634 0 0 127 88 1 0 0 0 0 0 0 0 16 16 0 0 0 0 0 0 127 51
0;
egregore_data 0 0 127 0 0 127 0 0 0 0 0 0 0 0 0 127 38 0 127 0 0 0
0 0 0 0 0 0 0 100 0 0 127 127 78 0 93 90 78 3 19 127 72 73 0 0 70 0
0 0 127 127 34 1 74.0499 79.1197 64.4795 0 0 0 0 12.4461 37.6068 0
33.197 0 15.4634 0 0 127 88 1 0 0 0 0 0 0 0 16 16 0 0 0 0 0 0 127 51
0;
egregore_data 0 0 127 0 0 127 0 0 0 0 0 0 0 0 0 127 38 0 127 0 0 0
0 0 0 0 0 0 0 100 0 0 127 127 78 0 93 90 78 2 19 127 73 73 0 0 70 0
0 0 127 127 34 1 74.0499 79.1197 64.4795 0 0 0 0 12.4461 37.6068 0
33.197 0 15.4634 0 0 127 88 1 0 0 0 0 0 0 0 16 16 0 0 0 0 0 0 127 51
0;
egregore_data 0 0 127 0 0 127 0 0 0 0 0 0 0 0 0 127 38 0 127 0 0 0
0 0 0 0 0 0 0 100 0 0 127 127 78 0 93 90 78 2 19 127 73 73 0 0 70 0
0 0 127 127 34 1 74.0499 79.1197 64.4795 0 0 0 0 12.4461 37.6068 0
33.197 0 15.4634 0 0 127 88 1 0 0 0 0 0 0 0 16 16 0 0 0 0 0 0 127 51
0;
egregore_data 0 0 127 0 0 127 0 0 0 0 0 0 0 0 0 127 38 0 127 0 0 0
0 0 0 0 0 0 0 100 0 0 127 127 78 0 93 90 78 1 19 127 73 73 0 0 70 0
0 0 127 127 34 1 74.0499 79.1197 64.4795 0 0 0 0 12.4461 37.6068 0
33.197 0 15.4634 0 0 127 88 1 0 0 0 0 0 0 0 16 16 0 0 0 0 0 0 127 51
0;
egregore_data 0 0 127 0 0 127 0 0 0 0 0 0 0 0 0 127 38 0 127 0 0 0
0 0 0 0 0 0 0 100 0 0 127 127 78 0 93 90 78 1 19 127 73 73 0 0 70 0
0 0 127 127 34 1 74.0499 79.1197 64.4795 0 0 0 0 12.4461 37.6068 0
33.197 0 15.4634 0 0 127 88 1 0 0 0 0 0 0 0 16 16 0 0 0 0 0 0 127 51
0;
egregore_data 0 0 127 0 0 127 0 0 0 0 0 0 0 0 0 127 38 0 127 0 0 0
0 0 0 0 0 0 0 100 0 0 127 127 78 0 93 90 78 1 19 127 73 73 0 0 70 0
0 0 127 127 34 1 74.0499 79.1197 64.4795 0 0 0 0 12.4461 37.6068 0
33.197 0 15.4634 0 0 127 88 1 0 0 0 0 0 0 0 16 16 0 0 0 0 0 0 127 51
0;
egregore_data 0 0 127 0 0 127 0 0 0 0 0 0 0 0 0 127 38 0 127 0 0 0
0 0 0 0 0 0 0 100 0 0 127 127 78 0 93 90 78 1 19 127 73 73 0 0 70 0
0 0 127 127 34 1 74.0499 79.1197 64.4795 0 0 0 0 12.4461 37.6068 0
33.197 0 15.4634 0 0 127 88 1 0 0 0 0 0 0 0 16 16 0 0 0 0 0 0 127 51
0;
egregore_data 0 0 127 0 0 127 0 0 0 0 0 0 0 0 0 127 38 0 127 0 0 0
0 0 0 0 0 0 0 100 0 0 127 127 78 0 93 90 78 1 19 127 74 73 0 0 70 0
0 0 127 127 34 1 74.0499 79.1197 64.4795 0 0 0 0 12.4461 37.6068 0
33.197 0 15.4634 0 0 127 88 1 0 0 0 0 0 0 0 16 16 0 0 0 0 0 0 127 51
0;
egregore_data 0 0 127 0 0 127 0 0 0 0 0 0 0 0 0 127 38 0 127 0 0 0
0 0 0 0 0 0 0 100 0 0 127 127 78 0 93 90 78 1 19 127 74 73 0 0 70 0
0 0 127 127 34 1 74.0499 79.1197 64.4795 0 0 0 0 12.4461 37.6068 0
33.197 0 15.4634 0 0 127 88 1 0 0 0 0 0 0 0 16 16 0 0 0 0 0 0 127 51
0;
egregore_data 0 0 127 0 0 127 0 0 0 0 0 0 0 0 0 127 38 0 127 0 0 0
0 0 0 0 0 0 0 100 0 0 127 127 78 0 93 90 78 0 19 127 75 73 0 0 70 0
0 0 127 127 34 1 74.0499 79.1197 64.4795 0 0 0 0 12.4461 37.6068 0
33.197 0 15.4634 0 0 127 88 1 0 0 0 0 0 0 0 16 16 0 0 0 0 0 0 127 51
0;
egregore_data 0 0 127 0 0 127 0 0 0 0 0 0 0 0 0 127 38 0 127 0 0 0
0 0 0 0 0 0 0 100 0 0 127 127 78 0 93 90 78 0 19 127 75 73 0 0 70 0
0 0 127 127 34 1 74.0499 79.1197 64.4795 0 0 0 0 12.4461 37.6068 0
33.197 0 15.4634 0 0 127 88 1 0 0 0 0 0 0 0 16 16 0 0 0 0 0 0 127 51
0;
egregore_data 0 0 127 0 0 127 0 0 0 0 0 0 0 0 0 127 38 0 127 0 0 0
0 0 0 0 0 0 0 100 0 0 127 127 78 0 93 90 78 0 19 127 75 73 0 0 70 0
0 0 127 127 34 1 74.0499 79.1197 64.4795 0 0 0 0 12.4461 37.6068 0
33.197 0 15.4634 0 0 127 88 1 0 0 0 0 0 0 0 16 16 0 0 0 0 0 0 127 51
0;
egregore_data 0 0 127 0 0 127 0 0 0 0 0 0 0 0 0 127 38 0 127 0 0 0
0 0 0 0 0 0 0 100 0 0 127 127 78 0 93 90 79 0 19 127 75 73 0 0 70 0
0 0 127 127 34 1 74.0499 79.1197 64.4795 0 0 0 0 12.4461 37.6068 0
33.197 0 15.4634 0 0 127 88 1 0 0 0 0 0 0 0 16 16 0 0 0 0 0 0 127 51
0;
egregore_data 0 0 127 0 0 127 0 0 0 0 0 0 0 0 0 127 38 0 127 0 0 0
0 0 0 0 0 0 0 100 0 0 127 127 78 0 93 90 79 0 19 127 75 73 0 0 70 0
0 0 127 127 34 1 74.0499 79.1197 64.4795 0 0 0 0 12.4461 37.6068 0
33.197 0 15.4634 0 0 127 88 1 0 0 0 0 0 0 0 16 16 0 0 0 0 0 0 127 51
0;
egregore_data 0 0 127 0 0 127 0 0 0 0 0 0 0 0 0 127 38 0 127 0 0 0
0 0 0 0 0 0 0 100 0 0 127 127 78 0 93 90 80 0 19 127 75 73 0 0 70 0
0 0 127 127 34 1 74.6745 78.5352 63.9259 0 0 0 0 11.8459 38.735 0 33.5733
0 14.7176 0 0 127 88 1 0 0 0 0 0 0 0 16 16 0 0 0 0 0 0 127 51 0;
egregore_data 0 0 127 0 0 127 0 0 0 0 0 0 0 0 0 127 38 0 127 0 0 0
0 0 0 0 0 0 0 100 0 0 127 127 78 0 93 90 80 0 19 127 75 73 0 0 70 0
0 0 127 127 34 1 74.6745 78.5352 63.9259 0 0 0 0 11.8459 38.735 0 33.5733
0 14.7176 0 0 127 88 1 0 0 0 0 0 0 0 16 16 0 0 0 0 0 0 127 51 0;
egregore_data 0 0 127 0 0 127 0 0 0 0 0 0 0 0 0 127 38 0 127 0 0 0
0 0 0 0 0 0 0 100 0 0 127 127 78 0 93 90 80 0 19 127 75 73 0 0 70 0
0 0 127 127 34 1 74.6745 78.5352 63.9259 0 0 0 0 11.8459 38.735 0 33.5733
0 14.7176 0 0 127 88 1 0 0 0 0 0 0 0 16 16 0 0 0 0 0 0 127 51 0;
egregore_data 0 0 127 0 0 127 0 0 0 0 0 0 0 0 0 127 38 0 127 0 0 0
0 0 0 0 0 0 0 100 0 0 127 127 78 0 93 90 80 0 19 127 75 73 0 0 70 0
0 0 127 127 34 1 74.6745 78.5352 63.9259 0 0 0 0 11.8459 38.735 0 33.5733
0 14.7176 0 0 127 88 1 0 0 0 0 0 0 0 16 16 0 0 0 0 0 0 127 51 0;
egregore_data 0 0 127 0 0 127 0 0 0 0 0 0 0 0 0 127 38 0 127 0 0 0
0 0 0 0 0 0 0 100 0 0 127 127 78 0 93 90 81 0 19 127 75 73 0 0 70 0
0 0 127 127 34 1 74.6745 78.5352 63.9259 0 0 0 0 11.8459 38.735 0 33.5733
0 14.7176 0 0 127 88 1 0 0 0 0 0 0 0 16 16 0 0 0 0 0 0 127 51 0;
egregore_data 0 0 127 0 0 127 0 0 0 0 0 0 0 0 0 127 38 0 127 0 0 0
0 0 0 0 0 0 0 100 0 0 127 127 78 0 93 90 81 0 19 127 75 73 0 0 70 0
0 0 127 127 34 1 75.001 78.2296 63.6364 0 0 0 0 11.5321 39.3249 0 33.7701
0 14.3277 0 0 127 88 1 0 0 0 0 0 0 0 16 16 0 0 0 0 0 0 127 51 0;
egregore_data 0 0 127 0 0 127 0 0 0 0 0 0 0 0 0 127 38 0 127 0 0 0
0 0 0 0 0 0 0 100 0 0 127 127 78 0 93 90 81 0 19 127 77 73 0 0 70 0
0 0 127 127 34 1 75.001 78.2296 63.6364 0 0 0 0 11.5321 39.3249 0 33.7701
0 14.3277 0 0 127 88 1 0 0 0 0 0 0 0 16 16 0 0 0 0 0 0 127 51 0;
egregore_data 0 0 127 0 0 127 0 0 0 0 0 0 0 0 0 127 38 0 127 0 0 0
0 0 0 0 0 0 0 100 0 0 127 127 78 0 93 90 81 0 19 127 77 73 0 0 70 0
0 0 127 127 34 1 75.2243 78.0206 63.4385 0 0 0 0 11.3175 39.7282 0
33.9046 0 14.0611 0 0 127 88 1 0 0 0 0 0 0 0 16 16 0 0 0 0 0 0 127
51 0;
egregore_data 0 0 127 0 0 127 0 0 0 0 0 0 0 0 0 127 38 0 127 0 0 0
0 0 0 0 0 0 0 100 0 0 127 127 78 0 93 90 83 0 19 127 77 73 0 0 70 0
0 0 127 127 34 1 75.3376 77.9145 63.338 0 0 0 0 11.2085 39.933 0 33.9729
0 13.9257 0 0 127 88 1 0 0 0 0 0 0 0 16 16 0 0 0 0 0 0 127 51 0;
egregore_data 0 0 127 0 0 127 0 0 0 0 0 0 0 0 0 127 38 0 127 0 0 0
0 0 0 0 0 0 0 100 0 0 127 127 78 0 93 90 83 0 19 127 78 73 0 0 70 0
0 0 127 127 34 1 75.3376 77.9145 63.338 0 0 0 0 11.2085 39.933 0 33.9729
0 13.9257 0 0 127 88 1 0 0 0 0 0 0 0 16 16 0 0 0 0 0 0 127 51 0;
egregore_data 0 0 127 0 0 127 0 0 0 0 0 0 0 0 0 127 38 0 127 0 0 0
0 0 0 0 0 0 0 100 0 0 127 127 78 0 93 90 84 0 19 127 78 73 0 0 70 0
0 0 127 127 34 1 75.3376 77.9145 63.338 0 0 0 0 11.2085 39.933 0 33.9729
0 13.9257 0 0 127 88 1 0 0 0 0 0 0 0 16 16 0 0 0 0 0 0 127 51 0;
egregore_data 0 0 127 0 0 127 0 0 0 0 0 0 0 0 0 127 38 0 127 0 0 0
0 0 0 0 0 0 0 100 0 0 127 127 78 0 93 90 84 0 19 127 78 73 0 0 70 0
0 0 127 127 34 1 75.3376 77.9145 63.338 0 0 0 0 11.2085 39.933 0 33.9729
0 13.9257 0 0 127 88 1 0 0 0 0 0 0 0 16 16 0 0 0 0 0 0 127 51 0;
egregore_data 0 0 127 0 0 127 0 0 0 0 0 0 0 0 0 127 38 0 127 0 0 0
0 0 0 0 0 0 0 100 0 0 127 127 78 0 93 90 84 0 19 127 78 73 0 0 70 0
0 0 127 127 34 1 75.3376 77.9145 63.338 0 0 0 0 11.2085 39.933 0 33.9729
0 13.9257 0 0 127 88 1 0 0 0 0 0 0 0 16 16 0 0 0 0 0 0 127 51 0;
egregore_data 0 0 127 0 0 127 0 0 0 0 0 0 0 0 0 127 38 0 127 0 0 0
0 0 0 0 0 0 0 100 0 0 127 127 78 0 93 90 84 0 19 127 79 73 0 0 70 0
0 0 127 127 34 1 75.3376 77.9145 63.338 0 0 0 0 11.2085 39.933 0 33.9729
0 13.9257 0 0 127 88 1 0 0 0 0 0 0 0 16 16 0 0 0 0 0 0 127 51 0;
egregore_data 0 0 127 0 0 127 0 0 0 0 0 0 0 0 0 127 38 0 127 0 0 0
0 0 0 0 0 0 0 100 0 0 127 127 78 0 93 90 84 0 19 127 80 73 0 0 70 0
0 0 127 127 34 1 75.3376 77.9145 63.338 0 0 0 0 11.2085 39.933 0 33.9729
0 13.9257 0 0 127 88 1 0 0 0 0 0 0 0 16 16 0 0 0 0 0 0 127 51 0;
egregore_data 0 0 127 0 0 127 0 0 0 0 0 0 0 0 0 127 38 0 127 0 0 0
0 0 0 0 0 0 0 100 0 0 127 127 78 0 93 90 84 0 19 127 80 73 0 0 70 0
0 0 127 127 34 1 75.3376 77.9145 63.338 0 0 0 0 11.2085 39.933 0 33.9729
0 13.9257 0 0 127 88 1 0 0 0 0 0 0 0 16 16 0 0 0 0 0 0 127 51 0;
egregore_data 0 0 127 0 0 127 0 0 0 0 0 0 0 0 0 127 38 0 127 0 0 0
0 0 0 0 0 0 0 100 0 0 127 127 78 0 93 90 84 0 19 127 81 73 0 0 70 0
0 0 127 127 34 1 75.3376 77.9145 63.338 0 0 0 0 11.2085 39.933 0 33.9729
0 13.9257 0 0 127 88 1 0 0 0 0 0 0 0 16 16 0 0 0 0 0 0 127 51 0;
egregore_data 0 0 127 0 0 127 0 0 0 0 0 0 0 0 0 127 38 0 127 0 0 0
0 0 0 0 0 0 0 100 0 0 127 127 78 0 93 90 84 0 19 127 83 73 0 0 70 0
0 0 127 127 34 1 75.3376 77.9145 63.338 0 0 0 0 11.2085 39.933 0 33.9729
0 13.9257 0 0 127 88 1 0 0 0 0 0 0 0 16 16 0 0 0 0 0 0 127 51 0;
egregore_data 0 0 127 0 0 127 0 0 0 0 0 0 0 0 0 127 38 0 127 0 0 0
0 0 0 0 0 0 0 100 0 0 127 127 78 0 93 90 84 0 19 127 84 73 0 0 70 0
0 0 127 127 34 1 75.3376 77.9145 63.338 0 0 0 0 11.2085 39.933 0 33.9729
0 13.9257 0 0 127 88 1 0 0 0 0 0 0 0 16 16 0 0 0 0 0 0 127 51 0;
egregore_data 0 0 127 0 0 127 0 0 0 0 0 0 0 0 0 127 38 0 127 0 0 0
0 0 0 0 0 0 0 100 0 0 127 127 78 0 93 90 84 0 19 127 85 73 0 0 70 0
0 0 127 127 34 1 75.3376 77.9145 63.338 0 0 0 0 11.2085 39.933 0 33.9729
0 13.9257 0 0 127 88 1 0 0 0 0 0 0 0 16 16 0 0 0 0 0 0 127 51 0;
egregore_data 0 0 127 0 0 127 0 0 0 0 0 0 0 0 0 127 38 0 127 0 0 0
0 0 0 0 0 0 0 100 0 0 127 127 78 0 93 90 84 0 19 127 85 73 0 0 70 0
0 0 127 127 34 1 75.3376 77.9145 63.338 0 0 0 0 11.2085 39.933 0 33.9729
0 13.9257 0 0 127 88 1 0 0 0 0 0 0 0 16 16 0 0 0 0 0 0 127 51 0;
egregore_data 0 0 127 0 0 127 0 0 0 0 0 0 0 0 0 127 38 0 127 0 0 0
0 0 0 0 0 0 0 100 0 0 127 127 78 0 93 90 84 0 19 127 86 73 0 0 70 0
0 0 127 127 34 1 75.3376 77.9145 63.338 0 0 0 0 11.2085 39.933 0 33.9729
0 13.9257 0 0 127 88 1 0 0 0 0 0 0 0 16 16 0 0 0 0 0 0 127 51 0;
egregore_data 0 0 127 0 0 127 0 0 0 0 0 0 0 0 0 127 38 0 127 0 0 0
0 0 0 0 0 0 0 100 0 0 127 127 78 0 93 90 85 0 19 127 87 73 0 0 70 0
0 0 127 127 34 1 75.3376 77.9145 63.338 0 0 0 0 11.2085 39.933 0 33.9729
0 13.9257 0 0 127 88 1 0 0 0 0 0 0 0 16 16 0 0 0 0 0 0 127 51 0;
egregore_data 0 0 127 0 0 127 0 0 0 0 0 0 0 0 0 127 38 0 127 0 0 0
0 0 0 0 0 0 0 100 0 0 127 127 78 0 93 90 85 0 19 127 87 73 0 0 70 0
0 0 127 127 34 1 75.3376 77.9145 63.338 0 0 0 0 11.2085 39.933 0 33.9729
0 13.9257 0 0 127 88 1 0 0 0 0 0 0 0 16 16 0 0 0 0 0 0 127 51 0;
egregore_data 0 0 127 0 0 127 0 0 0 0 0 0 0 0 0 127 38 0 127 0 0 0
0 0 0 0 0 0 0 100 0 0 127 127 78 0 93 90 86 0 19 127 87 73 0 0 70 0
0 0 127 127 34 1 75.3376 77.9145 63.338 0 0 0 0 11.2085 39.933 0 33.9729
0 13.9257 0 0 127 88 1 0 0 0 0 0 0 0 16 16 0 0 0 0 0 0 127 51 0;
egregore_data 0 0 127 0 0 127 0 0 0 0 0 0 0 0 0 127 38 0 127 0 0 0
0 0 0 0 0 0 0 100 0 0 127 127 78 0 93 90 86 0 19 127 89 73 0 0 70 0
0 0 127 127 34 1 75.4522 77.8074 63.2365 0 0 0 0 11.0984 40.1399 0
34.0419 0 13.789 0 0 127 88 1 0 0 0 0 0 0 0 16 16 0 0 0 0 0 0 127 51
0;
egregore_data 0 0 127 0 0 127 0 0 0 0 0 0 0 0 0 127 38 0 127 0 0 0
0 0 0 0 0 0 0 100 0 0 127 127 78 0 93 90 86 0 19 127 89 73 0 0 70 0
0 0 127 127 34 1 75.5679 77.699 63.1339 0 0 0 0 10.9872 40.349 0 34.1117
0 13.6508 0 0 127 88 1 0 0 0 0 0 0 0 16 16 0 0 0 0 0 0 127 51 0;
egregore_data 0 0 127 0 0 127 0 0 0 0 0 0 0 0 0 127 38 0 127 0 0 0
0 0 0 0 0 0 0 100 0 0 127 127 78 0 93 90 86 0 19 127 90 73 0 0 70 0
0 0 127 127 34 1 76.6664 76.671 62.1601 0 0 0 0 9.93143 42.3333 0 34.7736
0 12.3391 0 0 127 88 1 0 0 0 0 0 0 0 16 16 0 0 0 0 0 0 127 51 0;
egregore_data 0 0 127 0 0 127 0 0 0 0 0 0 0 0 0 127 38 0 127 0 0 0
0 0 0 0 0 0 0 100 0 0 127 127 78 0 93 90 86 0 19 127 90 73 0 0 70 0
0 0 127 127 34 1 76.6664 76.671 62.1601 0 0 0 0 9.93143 42.3333 0 34.7736
0 12.3391 0 0 127 88 1 0 0 0 0 0 0 0 16 16 0 0 0 0 0 0 127 51 0;
egregore_data 0 0 127 0 0 127 0 0 0 0 0 0 0 0 0 127 38 0 127 0 0 0
0 0 0 0 0 0 0 100 0 0 127 127 78 0 93 90 86 0 19 127 90 73 0 0 70 0
0 0 127 127 34 1 76.6664 76.671 62.1601 0 0 0 0 9.93143 42.3333 0 34.7736
0 12.3391 0 0 127 88 1 0 0 0 0 0 0 0 16 16 0 0 0 0 0 0 127 51 0;
egregore_data 0 0 127 0 0 127 0 0 0 0 0 0 0 0 0 127 38 0 127 0 0 0
0 0 0 0 0 0 0 100 0 0 127 127 78 0 93 90 86 0 19 127 90 73 0 0 70 0
0 0 127 127 34 1 76.6664 76.671 62.1601 0 0 0 0 9.93143 42.3333 0 34.7736
0 12.3391 0 0 127 88 1 0 0 0 0 0 0 0 16 16 0 0 0 0 0 0 127 51 0;
egregore_data 0 0 127 0 0 127 0 0 0 0 0 0 0 0 0 127 38 0 127 0 0 0
0 0 0 0 0 0 0 100 0 0 127 127 78 0 93 90 86 0 19 127 91 73 0 0 70 0
0 0 127 127 34 1 76.6664 76.671 62.1601 0 0 0 0 9.93143 42.3333 0 34.7736
0 12.3391 0 0 127 88 1 0 0 0 0 0 0 0 16 16 0 0 0 0 0 0 127 51 0;
egregore_data 0 0 127 0 0 127 0 0 0 0 0 0 0 0 0 127 38 0 127 0 0 0
0 0 0 0 0 0 0 100 0 0 127 127 78 0 93 90 86 0 19 127 91 73 0 0 70 0
0 0 127 127 34 1 76.6664 76.671 62.1601 0 0 0 0 9.93143 42.3333 0 34.7736
0 12.3391 0 0 127 88 1 0 0 0 0 0 0 0 16 16 0 0 0 0 0 0 127 51 0;
egregore_data 0 0 127 0 0 127 0 0 0 0 0 0 0 0 0 127 38 0 127 0 0 0
0 0 0 0 0 0 0 100 0 0 127 127 78 0 93 90 86 0 19 127 91 73 0 0 70 0
0 0 127 127 34 1 76.6664 76.671 62.1601 0 0 0 0 9.93143 42.3333 0 34.7736
0 12.3391 0 0 127 88 1 0 0 0 0 0 0 0 16 16 0 0 0 0 0 0 127 51 0;
egregore_data 0 0 127 0 0 127 0 0 0 0 0 0 0 0 0 127 38 0 127 0 0 0
0 0 0 0 0 0 0 100 0 0 127 127 78 0 93 90 86 0 19 127 92 73 0 0 70 0
0 0 127 127 34 1 76.6664 76.671 62.1601 0 0 0 0 9.93143 42.3333 0 34.7736
0 12.3391 0 0 127 88 1 0 0 0 0 0 0 0 16 16 0 0 0 0 0 0 127 51 0;
egregore_data 0 0 127 0 0 127 0 0 0 0 0 0 0 0 0 127 38 0 127 0 0 0
0 0 0 0 0 0 0 100 0 0 127 127 78 0 93 90 86 0 19 127 93 73 0 0 70 0
0 0 127 127 34 1 76.6664 76.671 62.1601 0 0 0 0 9.93143 42.3333 0 34.7736
0 12.3391 0 0 127 88 1 0 0 0 0 0 0 0 16 16 0 0 0 0 0 0 127 51 0;
egregore_data 0 0 127 0 0 127 0 0 0 0 0 0 0 0 0 127 38 0 127 0 0 0
0 0 0 0 0 0 0 100 0 0 127 127 78 0 93 90 86 0 19 127 94 73 0 0 70 0
0 0 127 127 34 1 76.6664 76.671 62.1601 0 0 0 0 9.93143 42.3333 0 34.7736
0 12.3391 0 0 127 88 1 0 0 0 0 0 0 0 16 16 0 0 0 0 0 0 127 51 0;
egregore_data 0 0 127 0 0 127 0 0 0 0 0 0 0 0 0 127 38 0 127 0 0 0
0 0 0 0 0 0 0 100 0 0 127 127 78 0 93 90 86 0 19 127 96 73 0 0 70 0
0 0 127 127 34 1 76.6664 76.671 62.1601 0 0 0 0 9.93143 42.3333 0 34.7736
0 12.3391 0 0 127 88 1 0 0 0 0 0 0 0 16 16 0 0 0 0 0 0 127 51 0;
egregore_data 0 0 127 0 0 127 0 0 0 0 0 0 0 0 0 127 38 0 127 0 0 0
0 0 0 0 0 0 0 100 0 0 127 127 78 0 93 90 86 0 19 127 97 73 0 0 70 0
0 0 127 127 34 1 76.7952 76.5504 62.046 0 0 0 0 9.80768 42.5659 0 34.8512
0 12.1853 0 0 127 88 1 0 0 0 0 0 0 0 16 16 0 0 0 0 0 0 127 51 0;
egregore_data 0 0 127 0 0 127 0 0 0 0 0 0 0 0 0 127 38 0 127 0 0 0
0 0 0 0 0 0 0 100 0 0 127 127 78 0 93 90 87 0 19 127 99 73 0 0 70 0
0 0 127 127 34 1 76.7952 76.5504 62.046 0 0 0 0 9.80768 42.5659 0 34.8512
0 12.1853 0 0 127 88 1 0 0 0 0 0 0 0 16 16 0 0 0 0 0 0 127 51 0;
egregore_data 0 0 127 0 0 127 0 0 0 0 0 0 0 0 0 127 38 0 127 0 0 0
0 0 0 0 0 0 0 100 0 0 127 127 78 0 93 90 87 0 19 127 100 73 0 0 70
0 0 0 127 127 34 1 76.7952 76.5504 62.046 0 0 0 0 9.80768 42.5659 0
34.8512 0 12.1853 0 0 127 88 1 0 0 0 0 0 0 0 16 16 0 0 0 0 0 0 127
51 0;
egregore_data 0 0 127 0 0 127 0 0 0 0 0 0 0 0 0 127 38 0 127 0 0 0
0 0 0 0 0 0 0 100 0 0 127 127 78 0 93 90 87 0 19 127 100 73 0 0 70
0 0 0 127 127 34 1 76.7952 76.5504 62.046 0 0 0 0 9.80768 42.5659 0
34.8512 0 12.1853 0 0 127 88 1 0 0 0 0 0 0 0 16 16 0 0 0 0 0 0 127
51 0;
egregore_data 0 0 127 0 0 127 0 0 0 0 0 0 0 0 0 127 38 0 127 0 0 0
0 0 0 0 0 0 0 100 0 0 127 127 78 0 93 90 87 0 19 127 102 73 0 0 70
0 0 0 127 127 34 1 76.7952 76.5504 62.046 0 0 0 0 9.80768 42.5659 0
34.8512 0 12.1853 0 0 127 88 1 0 0 0 0 0 0 0 16 16 0 0 0 0 0 0 127
51 0;
egregore_data 0 0 127 0 0 127 0 0 0 0 0 0 0 0 0 127 38 0 127 0 0 0
0 0 0 0 0 0 0 100 0 0 127 127 78 0 93 90 89 0 19 127 102 73 0 0 70
0 0 0 127 127 34 1 76.7952 76.5504 62.046 0 0 0 0 9.80768 42.5659 0
34.8512 0 12.1853 0 0 127 88 1 0 0 0 0 0 0 0 16 16 0 0 0 0 0 0 127
51 0;
egregore_data 0 0 127 0 0 127 0 0 0 0 0 0 0 0 0 127 38 0 127 0 0 0
0 0 0 0 0 0 0 100 0 0 127 127 78 0 93 90 89 0 19 127 103 73 0 0 70
0 0 0 127 127 34 1 76.7952 76.5504 62.046 0 0 0 0 9.80768 42.5659 0
34.8512 0 12.1853 0 0 127 88 1 0 0 0 0 0 0 0 16 16 0 0 0 0 0 0 127
51 0;
egregore_data 0 0 127 0 0 127 0 0 0 0 0 0 0 0 0 127 38 0 127 0 0 0
0 0 0 0 0 0 0 100 0 0 127 127 78 0 93 90 90 0 19 127 103 73 0 0 70
0 0 0 127 127 34 1 76.7952 76.5504 62.046 0 0 0 0 9.80768 42.5659 0
34.8512 0 12.1853 0 0 127 88 1 0 0 0 0 0 0 0 16 16 0 0 0 0 0 0 127
51 0;
egregore_data 0 0 127 0 0 127 0 0 0 0 0 0 0 0 0 127 38 0 127 0 0 0
0 0 0 0 0 0 0 100 0 0 127 127 78 0 93 90 91 0 19 127 104 73 0 0 70
0 0 0 127 127 34 1 76.7952 76.5504 62.046 0 0 0 0 9.80768 42.5659 0
34.8512 0 12.1853 0 0 127 88 1 0 0 0 0 0 0 0 16 16 0 0 0 0 0 0 127
51 0;
egregore_data 0 0 127 0 0 127 0 0 0 0 0 0 0 0 0 127 38 0 127 0 0 0
0 0 0 0 0 0 0 100 0 0 127 127 78 0 93 90 91 0 19 127 104 73 0 0 70
0 0 0 127 127 34 1 76.7952 76.5504 62.046 0 0 0 0 9.80768 42.5659 0
34.8512 0 12.1853 0 0 127 88 1 0 0 0 0 0 0 0 16 16 0 0 0 0 0 0 127
51 0;
egregore_data 0 0 127 0 0 127 0 0 0 0 0 0 0 0 0 127 38 0 127 0 0 0
0 0 0 0 0 0 0 100 0 0 127 127 78 0 93 90 91 0 19 127 105 73 0 0 70
0 0 0 127 127 34 1 76.7952 76.5504 62.046 0 0 0 0 9.80768 42.5659 0
34.8512 0 12.1853 0 0 127 88 1 0 0 0 0 0 0 0 16 16 0 0 0 0 0 0 127
51 0;
egregore_data 0 0 127 0 0 127 0 0 0 0 0 0 0 0 0 127 38 0 127 0 0 0
0 0 0 0 0 0 0 100 0 0 127 127 78 0 93 90 92 0 19 127 105 73 0 0 70
0 0 0 127 127 34 1 76.7952 76.5504 62.046 0 0 0 0 9.80768 42.5659 0
34.8512 0 12.1853 0 0 127 88 1 0 0 0 0 0 0 0 16 16 0 0 0 0 0 0 127
51 0;
egregore_data 0 0 127 0 0 127 0 0 0 0 0 0 0 0 0 127 38 0 127 0 0 0
0 0 0 0 0 0 0 100 0 0 127 127 78 0 93 90 92 0 19 127 106 73 0 0 70
0 0 0 127 127 34 1 76.7952 76.5504 62.046 0 0 0 0 9.80768 42.5659 0
34.8512 0 12.1853 0 0 127 88 1 0 0 0 0 0 0 0 16 16 0 0 0 0 0 0 127
51 0;
egregore_data 0 0 127 0 0 127 0 0 0 0 0 0 0 0 0 127 38 0 127 0 0 0
0 0 0 0 0 0 0 100 0 0 127 127 78 0 93 90 92 0 19 127 106 73 0 0 70
0 0 0 127 127 34 1 76.7952 76.5504 62.046 0 0 0 0 9.80768 42.5659 0
34.8512 0 12.1853 0 0 127 88 1 0 0 0 0 0 0 0 16 16 0 0 0 0 0 0 127
51 0;
egregore_data 0 0 127 0 0 127 0 0 0 0 0 0 0 0 0 127 38 0 127 0 0 0
0 0 0 0 0 0 0 100 0 0 127 127 78 0 93 90 92 0 19 127 108 73 0 0 70
0 0 0 127 127 34 1 76.7952 76.5504 62.046 0 0 0 0 9.80768 42.5659 0
34.8512 0 12.1853 0 0 127 88 1 0 0 0 0 0 0 0 16 16 0 0 0 0 0 0 127
51 0;
egregore_data 0 0 127 0 0 127 0 0 0 0 0 0 0 0 0 127 38 0 127 0 0 0
0 0 0 0 0 0 0 100 0 0 127 127 78 0 93 90 93 0 19 127 108 73 0 0 70
0 0 0 127 127 34 1 76.7952 76.5504 62.046 0 0 0 0 9.80768 42.5659 0
34.8512 0 12.1853 0 0 127 88 1 0 0 0 0 0 0 0 16 16 0 0 0 0 0 0 127
51 0;
egregore_data 0 0 127 0 0 127 0 0 0 0 0 0 0 0 0 127 38 0 127 0 0 0
0 0 0 0 0 0 0 100 0 0 127 127 78 0 93 90 93 0 19 127 108 73 0 0 70
0 0 0 127 127 34 1 76.7952 76.5504 62.046 0 0 0 0 9.80768 42.5659 0
34.8512 0 12.1853 0 0 127 88 1 0 0 0 0 0 0 0 16 16 0 0 0 0 0 0 127
51 0;
egregore_data 0 0 127 0 0 127 0 0 0 0 0 0 0 0 0 127 38 0 127 0 0 0
0 0 0 0 0 0 0 100 0 0 127 127 78 0 93 90 93 0 19 127 109 73 0 0 70
0 0 0 127 127 34 1 76.7952 76.5504 62.046 0 0 0 0 9.80768 42.5659 0
34.8512 0 12.1853 0 0 127 88 1 0 0 0 0 0 0 0 16 16 0 0 0 0 0 0 127
51 0;
egregore_data 0 0 127 0 0 127 0 0 0 0 0 0 0 0 0 127 38 0 127 0 0 0
0 0 0 0 0 0 0 100 0 0 127 127 78 0 93 90 93 0 19 127 110 73 0 0 70
0 0 0 127 127 34 1 76.7952 76.5504 62.046 0 0 0 0 9.80768 42.5659 0
34.8512 0 12.1853 0 0 127 88 1 0 0 0 0 0 0 0 16 16 0 0 0 0 0 0 127
51 0;
egregore_data 0 0 127 0 0 127 0 0 0 0 0 0 0 0 0 127 38 0 127 0 0 0
0 0 0 0 0 0 0 100 0 0 127 127 78 0 93 90 93 0 19 127 110 73 0 0 70
0 0 0 127 127 34 1 76.7952 76.5504 62.046 0 0 0 0 9.80768 42.5659 0
34.8512 0 12.1853 0 0 127 88 1 0 0 0 0 0 0 0 16 16 0 0 0 0 0 0 127
51 0;
egregore_data 0 0 127 0 0 127 0 0 0 0 0 0 0 0 0 127 38 0 127 0 0 0
0 0 0 0 0 0 0 100 0 0 127 127 78 0 93 90 93 0 19 127 111 73 0 0 70
0 0 0 127 127 34 1 76.7952 76.5504 62.046 0 0 0 0 9.80768 42.5659 0
34.8512 0 12.1853 0 0 127 88 1 0 0 0 0 0 0 0 16 16 0 0 0 0 0 0 127
51 0;
egregore_data 0 0 127 0 0 127 0 0 0 0 0 0 0 0 0 127 38 0 127 0 0 0
0 0 0 0 0 0 0 100 0 0 127 127 78 0 93 90 93 0 19 127 111 73 0 0 70
0 0 0 127 127 34 1 76.7952 76.5504 62.046 0 0 0 0 9.80768 42.5659 0
34.8512 0 12.1853 0 0 127 88 1 0 0 0 0 0 0 0 16 16 0 0 0 0 0 0 127
51 0;
egregore_data 0 0 127 0 0 127 0 0 0 0 0 0 0 0 0 127 38 0 127 0 0 0
0 0 0 0 0 0 0 100 0 0 127 127 78 0 93 90 94 0 19 127 112 73 0 0 70
0 0 0 127 127 34 1 76.7952 76.5504 62.046 0 0 0 0 9.80768 42.5659 0
34.8512 0 12.1853 0 0 127 88 1 0 0 0 0 0 0 0 16 16 0 0 0 0 0 0 127
51 0;
egregore_data 0 0 127 0 0 127 0 0 0 0 0 0 0 0 0 127 38 0 127 0 0 0
0 0 0 0 0 0 0 100 0 0 127 127 78 0 93 90 96 0 19 127 112 73 0 0 70
0 0 0 127 127 34 1 76.7952 76.5504 62.046 0 0 0 0 9.80768 42.5659 0
34.8512 0 12.1853 0 0 127 88 1 0 0 0 0 0 0 0 16 16 0 0 0 0 0 0 127
51 0;
egregore_data 0 0 127 0 0 127 0 0 0 0 0 0 0 0 0 127 38 0 127 0 0 0
0 0 0 0 0 0 0 100 0 0 127 127 78 0 93 90 96 0 19 127 113 73 0 0 70
0 0 0 127 127 34 1 76.7952 76.5504 62.046 0 0 0 0 9.80768 42.5659 0
34.8512 0 12.1853 0 0 127 88 1 0 0 0 0 0 0 0 16 16 0 0 0 0 0 0 127
51 0;
egregore_data 0 0 127 0 0 127 0 0 0 0 0 0 0 0 0 127 38 0 127 0 0 0
0 0 0 0 0 0 0 100 0 0 127 127 78 0 93 90 96 0 19 127 113 73 0 0 70
0 0 0 127 127 34 1 76.7952 76.5504 62.046 0 0 0 0 9.80768 42.5659 0
34.8512 0 12.1853 0 0 127 88 1 0 0 0 0 0 0 0 16 16 0 0 0 0 0 0 127
51 0;
egregore_data 0 0 127 0 0 127 0 0 0 0 0 0 0 0 0 127 38 0 127 0 0 0
0 0 0 0 0 0 0 100 0 0 127 127 78 0 93 90 96 0 19 127 115 73 0 0 70
0 0 0 127 127 34 1 76.7952 76.5504 62.046 0 0 0 0 9.80768 42.5659 0
34.8512 0 12.1853 0 0 127 88 1 0 0 0 0 0 0 0 16 16 0 0 0 0 0 0 127
51 0;
egregore_data 0 0 127 0 0 127 0 0 0 0 0 0 0 0 0 127 38 0 127 0 0 0
0 0 0 0 0 0 0 100 0 0 127 127 78 0 93 90 97 0 19 127 115 73 0 0 70
0 0 0 127 127 34 1 76.7952 76.5504 62.046 0 0 0 0 9.80768 42.5659 0
34.8512 0 12.1853 0 0 127 88 1 0 0 0 0 0 0 0 16 16 0 0 0 0 0 0 127
51 0;
egregore_data 0 0 127 0 0 127 0 0 0 0 0 0 0 0 0 127 38 0 127 0 0 0
0 0 0 0 0 0 0 100 0 0 127 127 78 0 93 90 98 0 19 127 116 73 0 0 70
0 0 0 127 127 34 1 76.7952 76.5504 62.046 0 0 0 0 9.80768 42.5659 0
34.8512 0 12.1853 0 0 127 88 1 0 0 0 0 0 0 0 16 16 0 0 0 0 0 0 127
51 0;
egregore_data 0 0 127 0 0 127 0 0 0 0 0 0 0 0 0 127 38 0 127 0 0 0
0 0 0 0 0 0 0 100 0 0 127 127 78 0 93 90 98 0 19 127 116 73 0 0 70
0 0 0 127 127 34 1 76.9254 76.4286 61.9306 0 0 0 0 9.68256 42.8011
0 34.9296 0 12.0299 0 0 127 88 1 0 0 0 0 0 0 0 16 16 0 0 0 0 0 0 127
51 0;
egregore_data 0 0 127 0 0 127 0 0 0 0 0 0 0 0 0 127 38 0 127 0 0 0
0 0 0 0 0 0 0 100 0 0 127 127 78 0 93 90 99 0 19 127 117 73 0 0 70
0 0 0 127 127 34 1 76.9254 76.4286 61.9306 0 0 0 0 9.68256 42.8011
0 34.9296 0 12.0299 0 0 127 88 1 0 0 0 0 0 0 0 16 16 0 0 0 0 0 0 127
51 0;
egregore_data 0 0 127 0 0 127 0 0 0 0 0 0 0 0 0 127 38 0 127 0 0 0
0 0 0 0 0 0 0 100 0 0 127 127 78 0 93 90 99 0 19 127 117 73 0 0 70
0 0 0 127 127 34 1 77.057 76.3054 61.8139 0 0 0 0 9.55605 43.0389 0
35.0089 0 11.8727 0 0 127 88 1 0 0 0 0 0 0 0 16 16 0 0 0 0 0 0 127
51 0;
egregore_data 0 0 127 0 0 127 0 0 0 0 0 0 0 0 0 127 38 0 127 0 0 0
0 0 0 0 0 0 0 100 0 0 127 127 78 0 93 90 100 0 19 127 117 73 0 0 70
0 0 0 127 127 34 1 77.057 76.3054 61.8139 0 0 0 0 9.55605 43.0389 0
35.0089 0 11.8727 0 0 127 88 1 0 0 0 0 0 0 0 16 16 0 0 0 0 0 0 127
51 0;
egregore_data 0 0 127 0 0 127 0 0 0 0 0 0 0 0 0 127 38 0 127 0 0 0
0 0 0 0 0 0 0 100 0 0 127 127 78 0 93 90 100 0 19 127 117 73 0 0 70
0 0 0 127 127 34 1 77.057 76.3054 61.8139 0 0 0 0 9.55605 43.0389 0
35.0089 0 11.8727 0 0 127 88 1 0 0 0 0 0 0 0 16 16 0 0 0 0 0 0 127
51 0;
egregore_data 0 0 127 0 0 127 0 0 0 0 0 0 0 0 0 127 38 0 127 0 0 0
0 0 0 0 0 0 0 100 0 0 127 127 78 0 93 90 100 0 19 127 118 73 0 0 70
0 0 0 127 127 34 1 77.057 76.3054 61.8139 0 0 0 0 9.55605 43.0389 0
35.0089 0 11.8727 0 0 127 88 1 0 0 0 0 0 0 0 16 16 0 0 0 0 0 0 127
51 0;
egregore_data 0 0 127 0 0 127 0 0 0 0 0 0 0 0 0 127 38 0 127 0 0 0
0 0 0 0 0 0 0 100 0 0 127 127 78 0 93 90 102 0 19 127 118 73 0 0 70
0 0 0 127 127 34 1 77.057 76.3054 61.8139 0 0 0 0 9.55605 43.0389 0
35.0089 0 11.8727 0 0 127 88 1 0 0 0 0 0 0 0 16 16 0 0 0 0 0 0 127
51 0;
egregore_data 0 0 127 0 0 127 0 0 0 0 0 0 0 0 0 127 38 0 127 0 0 0
0 0 0 0 0 0 0 100 0 0 127 127 78 0 93 90 102 0 19 127 118 73 0 0 70
0 0 0 127 127 34 1 77.057 76.3054 61.8139 0 0 0 0 9.55605 43.0389 0
35.0089 0 11.8727 0 0 127 88 1 0 0 0 0 0 0 0 16 16 0 0 0 0 0 0 127
51 0;
egregore_data 0 0 127 0 0 127 0 0 0 0 0 0 0 0 0 127 38 0 127 0 0 0
0 0 0 0 0 0 0 100 0 0 127 127 78 0 93 90 102 0 19 127 118 73 0 0 70
0 0 0 127 127 34 1 77.057 76.3054 61.8139 0 0 0 0 9.55605 43.0389 0
35.0089 0 11.8727 0 0 127 88 1 0 0 0 0 0 0 0 16 16 0 0 0 0 0 0 127
51 0;
egregore_data 0 0 127 0 0 127 0 0 0 0 0 0 0 0 0 127 38 0 127 0 0 0
0 0 0 0 0 0 0 100 0 0 127 127 78 0 93 90 103 0 19 127 119 73 0 0 70
0 0 0 127 127 34 1 77.1901 76.1808 61.6959 0 0 0 0 9.42812 43.2793
0 35.0891 0 11.7137 0 0 127 88 1 0 0 0 0 0 0 0 16 16 0 0 0 0 0 0 127
51 0;
egregore_data 0 0 127 0 0 127 0 0 0 0 0 0 0 0 0 127 38 0 127 0 0 0
0 0 0 0 0 0 0 100 0 0 127 127 78 0 93 90 104 0 19 127 119 73 0 0 70
0 0 0 127 127 34 1 77.1901 76.1808 61.6959 0 0 0 0 9.42812 43.2793
0 35.0891 0 11.7137 0 0 127 88 1 0 0 0 0 0 0 0 16 16 0 0 0 0 0 0 127
51 0;
egregore_data 0 0 127 0 0 127 0 0 0 0 0 0 0 0 0 127 38 0 127 0 0 0
0 0 0 0 0 0 0 100 0 0 127 127 78 0 93 90 105 0 19 127 119 73 0 0 70
0 0 0 127 127 34 1 77.3247 76.0549 61.5766 0 0 0 0 9.29876 43.5225
0 35.1702 0 11.553 0 0 127 88 1 0 0 0 0 0 0 0 16 16 0 0 0 0 0 0 127
51 0;
egregore_data 0 0 127 0 0 127 0 0 0 0 0 0 0 0 0 127 38 0 127 0 0 0
0 0 0 0 0 0 0 100 0 0 127 127 78 0 93 90 105 0 19 127 119 73 0 0 70
0 0 0 127 127 34 1 77.5985 75.7986 61.3339 0 0 0 0 9.03563 44.017 0
35.3352 0 11.2261 0 0 127 88 1 0 0 0 0 0 0 0 16 16 0 0 0 0 0 0 127
51 0;
egregore_data 0 0 127 0 0 127 0 0 0 0 0 0 0 0 0 127 38 0 127 0 0 0
0 0 0 0 0 0 0 100 0 0 127 127 78 0 93 90 106 0 19 127 119 73 0 0 70
0 0 0 127 127 34 1 77.5985 75.7986 61.3339 0 0 0 0 9.03563 44.017 0
35.3352 0 11.2261 0 0 127 88 1 0 0 0 0 0 0 0 16 16 0 0 0 0 0 0 127
51 0;
egregore_data 0 0 127 0 0 127 0 0 0 0 0 0 0 0 0 127 38 0 127 0 0 0
0 0 0 0 0 0 0 100 0 0 127 127 78 0 93 90 108 0 19 127 119 73 0 0 70
0 0 0 127 127 34 1 77.7378 75.6683 61.2104 0 0 0 0 8.9018 44.2686 0
35.4191 0 11.0598 0 0 127 88 1 0 0 0 0 0 0 0 16 16 0 0 0 0 0 0 127
51 0;
egregore_data 0 0 127 0 0 127 0 0 0 0 0 0 0 0 0 127 38 0 127 0 0 0
0 0 0 0 0 0 0 100 0 0 127 127 78 0 93 90 109 0 19 127 119 73 0 0 70
0 0 0 127 127 34 1 77.7378 75.6683 61.2104 0 0 0 0 8.9018 44.2686 0
35.4191 0 11.0598 0 0 127 88 1 0 0 0 0 0 0 0 16 16 0 0 0 0 0 0 127
51 0;
END;
