HTTP/1.1 200 OK
Date: Thu, 28 May 2015 12:24:59 GMT
Server: Apache
Last-Modified: Wed, 27 May 2015 19:19:42 GMT
Accept-Ranges: bytes
Content-Length: 27180
Vary: Accept-Encoding
Connection: close
Content-Type: text/plain

chdh_egregore_live_data;
egregore_data 0 0 127 0 0 127 0 0 0 0 0 0 0 0 0 127 38 0 127 0 0 0
0 0 0 0 0 0 0 100 0 0 127 127 78 0 93 90 80 85 19 127 10 73 0 0 70
0 0 127 65 127 34 1 53.2314 98.6033 82.9339 0 0 0 0 32.4545 0 0 20.6529
0 40.3223 0 0 127 88 1 0 0 0 0 0 0 0 16 16 0 0 0 0 0 0 127 51 0;
egregore_data 0 0 127 0 0 127 0 0 0 0 0 0 0 0 0 127 38 0 127 0 0 0
0 0 0 0 0 0 0 100 0 0 127 127 78 0 93 90 80 85 19 127 10 73 0 0 70
0 0 127 65 127 34 1 53.2314 98.6033 82.9339 0 0 0 0 32.4545 0 0 20.6529
0 40.3223 0 0 127 88 1 0 0 0 0 0 0 0 16 16 0 0 0 0 0 0 127 51 0;
egregore_data 0 0 127 0 0 127 0 0 0 0 0 0 0 0 0 127 38 0 127 0 0 0
0 0 0 0 0 0 0 100 0 0 127 127 78 0 93 90 80 85 19 127 10 73 0 0 70
0 0 127 65 127 34 1 53.2314 98.6033 82.9339 0 0 0 0 32.4545 0 0 20.6529
0 40.3223 0 0 127 88 1 0 0 0 0 0 0 0 16 16 0 0 0 0 0 0 127 51 0;
egregore_data 0 0 127 0 0 127 0 0 0 0 0 0 0 0 0 127 38 0 127 0 0 0
0 0 0 0 0 0 0 100 0 0 127 127 78 0 93 90 80 85 19 127 10 73 0 0 70
0 0 127 65 127 34 1 53.2314 98.6033 82.9339 0 0 0 0 32.4545 0 0 20.6529
0 40.3223 0 0 127 88 1 0 0 0 0 0 0 0 16 16 0 0 0 0 0 0 127 51 0;
egregore_data 0 0 127 0 0 127 0 0 0 0 0 0 0 0 0 127 38 0 127 0 0 0
0 0 0 0 0 0 0 100 0 0 127 127 78 0 93 90 80 85 19 127 10 73 0 0 70
0 0 127 65 127 34 1 53.2314 98.6033 82.9339 0 0 0 0 32.4545 0 0 20.6529
0 40.3223 0 0 127 88 1 0 0 0 0 0 0 0 16 16 0 0 0 0 0 0 127 51 0;
egregore_data 0 0 127 0 0 127 0 0 0 0 0 0 0 0 0 127 38 0 127 0 0 0
0 0 0 0 0 0 0 100 0 0 127 127 78 0 93 90 80 86 19 127 10 73 0 0 70
0 0 127 65 127 34 1 53.2314 98.6033 82.9339 0 0 0 0 32.4545 0 0 20.6529
0 40.3223 0 0 127 88 1 0 0 0 0 0 0 0 16 16 0 0 0 0 0 0 127 51 0;
egregore_data 0 0 127 0 0 127 0 0 0 0 0 0 0 0 0 127 38 0 127 0 0 0
0 0 0 0 0 0 0 100 0 0 127 127 78 0 93 90 80 86 19 127 10 73 0 0 70
0 0 127 65 127 34 1 53.2314 98.6033 82.9339 0 0 0 0 32.4545 0 0 20.6529
0 40.3223 0 0 127 88 1 0 0 0 0 0 0 0 16 16 0 0 0 0 0 0 127 51 0;
egregore_data 0 0 127 0 0 127 0 0 0 0 0 0 0 0 0 127 38 0 127 0 0 0
0 0 0 0 0 0 0 100 0 0 127 127 78 0 93 90 80 86 19 127 10 73 0 0 70
0 0 127 65 127 34 1 53.2314 98.6033 82.9339 0 0 0 0 32.4545 0 0 20.6529
0 40.3223 0 0 127 88 1 0 0 0 0 0 0 0 16 16 0 0 0 0 0 0 127 51 0;
egregore_data 0 0 127 0 0 127 0 0 0 0 0 0 0 0 0 127 38 0 127 0 0 0
0 0 0 0 0 0 0 100 0 0 127 127 78 0 93 90 80 86 19 127 10 73 0 0 70
0 0 127 65 127 34 1 53.2314 98.6033 82.9339 0 0 0 0 32.4545 0 0 20.6529
0 40.3223 0 0 127 88 1 0 0 0 0 0 0 0 16 16 0 0 0 0 0 0 127 51 0;
egregore_data 0 0 127 0 0 127 0 0 0 0 0 0 0 0 0 127 38 0 127 0 0 0
0 0 0 0 0 0 0 100 0 0 127 127 78 0 93 90 80 86 19 127 10 73 0 0 70
0 0 127 65 127 34 1 53.2314 98.6033 82.9339 0 0 0 0 32.4545 0 0 20.6529
0 40.3223 0 0 127 88 1 0 0 0 0 0 0 0 16 16 0 0 0 0 0 0 127 51 0;
egregore_data 0 0 127 0 0 127 0 0 0 0 0 0 0 0 0 127 38 0 127 0 0 0
0 0 0 0 0 0 0 100 0 0 127 127 78 0 93 90 80 86 19 127 10 73 0 0 70
0 0 127 65 127 34 1 53.2314 98.6033 82.9339 0 0 0 0 32.4545 0 0 20.6529
0 40.3223 0 0 127 88 1 0 0 0 0 0 0 0 16 16 0 0 0 0 0 0 127 51 0;
egregore_data 0 0 127 0 0 127 0 0 0 0 0 0 0 0 0 127 38 0 127 0 0 0
0 0 0 0 0 0 0 100 0 0 127 127 78 0 93 90 80 86 19 127 10 73 0 0 70
0 0 127 65 127 34 1 53.2314 98.6033 82.9339 0 0 0 0 32.4545 0 0 20.6529
0 40.3223 0 0 127 88 1 0 0 0 0 0 0 0 16 16 0 0 0 0 0 0 127 51 0;
egregore_data 0 0 127 0 0 127 0 0 0 0 0 0 0 0 0 127 38 0 127 0 0 0
0 0 0 0 0 0 0 100 0 0 127 127 78 0 93 90 80 86 19 127 10 73 0 0 70
0 0 127 65 127 34 1 53.2314 98.6033 82.9339 0 0 0 0 32.4545 0 0 20.6529
0 40.3223 0 0 127 88 1 0 0 0 0 0 0 0 16 16 0 0 0 0 0 0 127 51 0;
egregore_data 0 0 127 0 0 127 0 0 0 0 0 0 0 0 0 127 38 0 127 0 0 0
0 0 0 0 0 0 0 100 0 0 127 127 78 0 93 90 80 86 19 127 10 73 0 0 70
0 0 127 65 127 34 1 53.2314 98.6033 82.9339 0 0 0 0 32.4545 0 0 20.6529
0 40.3223 0 0 127 88 1 0 0 0 0 0 0 0 16 16 0 0 0 0 0 0 127 51 0;
egregore_data 0 0 127 0 0 127 0 0 0 0 0 0 0 0 0 127 38 0 127 0 0 0
0 0 0 0 0 0 0 100 0 0 127 127 78 0 93 90 80 86 19 127 10 73 0 0 70
0 0 127 65 127 34 1 53.2314 98.6033 82.9339 0 0 0 0 32.4545 0 0 20.6529
0 40.3223 0 0 127 88 1 0 0 0 0 0 0 0 16 16 0 0 0 0 0 0 127 51 0;
egregore_data 0 0 127 0 0 127 0 0 0 0 0 0 0 0 0 127 38 0 127 0 0 0
0 0 0 0 0 0 0 100 0 0 127 127 78 0 93 90 80 89 19 127 10 73 0 0 70
0 0 127 65 127 34 1 53.2314 98.6033 82.9339 0 0 0 0 32.4545 0 0 20.6529
0 40.3223 0 0 127 88 1 0 0 0 0 0 0 0 16 16 0 0 0 0 0 0 127 51 0;
egregore_data 0 0 127 0 0 127 0 0 0 0 0 0 0 0 0 127 38 0 127 0 0 0
0 0 0 0 0 0 0 100 0 0 127 127 78 0 93 90 80 90 19 127 10 73 0 0 70
0 0 127 65 127 34 1 53.2314 98.6033 82.9339 0 0 0 0 32.4545 0 0 20.6529
0 40.3223 0 0 127 88 1 0 0 0 0 0 0 0 16 16 0 0 0 0 0 0 127 51 0;
egregore_data 0 0 127 0 0 127 0 0 0 0 0 0 0 0 0 127 38 0 127 0 0 0
0 0 0 0 0 0 0 100 0 0 127 127 78 0 93 90 80 90 19 127 10 73 0 0 70
0 0 127 65 127 34 1 53.2314 98.6033 82.9339 0 0 0 0 32.4545 0 0 20.6529
0 40.3223 0 0 127 88 1 0 0 0 0 0 0 0 16 16 0 0 0 0 0 0 127 51 0;
egregore_data 0 0 127 0 0 127 0 0 0 0 0 0 0 0 0 127 38 0 127 0 0 0
0 0 0 0 0 0 0 100 0 0 127 127 78 0 93 90 80 91 19 127 10 73 0 0 70
0 0 127 66 127 34 1 53.2314 98.6033 82.9339 0 0 0 0 32.4545 0 0 20.6529
0 40.3223 0 0 127 88 1 0 0 0 0 0 0 0 16 16 0 0 0 0 0 0 127 51 0;
egregore_data 0 0 127 0 0 127 0 0 0 0 0 0 0 0 0 127 38 0 127 0 0 0
0 0 0 0 0 0 0 100 0 0 127 127 78 0 93 90 80 91 19 127 10 73 0 0 70
0 0 127 66 127 34 1 53.2314 98.6033 82.9339 0 0 0 0 32.4545 0 0 20.6529
0 40.3223 0 0 127 88 1 0 0 0 0 0 0 0 16 16 0 0 0 0 0 0 127 51 0;
egregore_data 0 0 127 0 0 127 0 0 0 0 0 0 0 0 0 127 38 0 127 0 0 0
0 0 0 0 0 0 0 100 0 0 127 127 78 0 93 90 80 92 19 127 10 73 0 0 70
0 0 127 66 127 34 1 53.2314 98.6033 82.9339 0 0 0 0 32.4545 0 0 20.6529
0 40.3223 0 0 127 88 1 0 0 0 0 0 0 0 16 16 0 0 0 0 0 0 127 51 0;
egregore_data 0 0 127 0 0 127 0 0 0 0 0 0 0 0 0 127 38 0 127 0 0 0
0 0 0 0 0 0 0 100 0 0 127 127 78 0 93 90 80 92 19 127 10 73 0 0 70
0 0 127 66 127 34 1 53.2314 98.6033 82.9339 0 0 0 0 32.4545 0 0 20.6529
0 40.3223 0 0 127 88 1 0 0 0 0 0 0 0 16 16 0 0 0 0 0 0 127 51 0;
egregore_data 0 0 127 0 0 127 0 0 0 0 0 0 0 0 0 127 38 0 127 0 0 0
0 0 0 0 0 0 0 100 0 0 127 127 78 0 93 90 80 92 19 127 10 73 0 0 70
0 0 127 66 127 34 1 53.2314 98.6033 82.9339 0 0 0 0 32.4545 0 0 20.6529
0 40.3223 0 0 127 88 1 0 0 0 0 0 0 0 16 16 0 0 0 0 0 0 127 51 0;
egregore_data 0 0 127 0 0 127 0 0 0 0 0 0 0 0 0 127 38 0 127 0 0 0
0 0 0 0 0 0 0 100 0 0 127 127 78 0 93 90 80 92 19 127 10 73 0 0 70
0 0 127 66 127 34 1 53.2314 98.6033 82.9339 0 0 0 0 32.4545 0 0 20.6529
0 40.3223 0 0 127 88 1 0 0 0 0 0 0 0 16 16 0 0 0 0 0 0 127 51 0;
egregore_data 0 0 127 0 0 127 0 0 0 0 0 0 0 0 0 127 38 0 127 0 0 0
0 0 0 0 0 0 0 100 0 0 127 127 78 0 93 90 80 93 19 127 10 73 0 0 70
0 0 127 66 127 34 1 53.2314 98.6033 82.9339 0 0 0 0 32.4545 0 0 20.6529
0 40.3223 0 0 127 88 1 0 0 0 0 0 0 0 16 16 0 0 0 0 0 0 127 51 0;
egregore_data 0 0 127 0 0 127 0 0 0 0 0 0 0 0 0 127 38 0 127 0 0 0
0 0 0 0 0 0 0 100 0 0 127 127 78 0 93 90 80 94 19 127 10 73 0 0 70
0 0 127 66 127 34 1 53.2314 98.6033 82.9339 0 0 0 0 32.4545 0 0 20.6529
0 40.3223 0 0 127 88 1 0 0 0 0 0 0 0 16 16 0 0 0 0 0 0 127 51 0;
egregore_data 0 0 127 0 0 127 0 0 0 0 0 0 0 0 0 127 38 0 127 0 0 0
0 0 0 0 0 0 0 100 0 0 127 127 78 0 93 90 80 94 19 127 10 73 0 0 70
0 0 127 66 127 34 1 53.2314 98.6033 82.9339 0 0 0 0 32.4545 0 0 20.6529
0 40.3223 0 0 127 88 1 0 0 0 0 0 0 0 16 16 0 0 0 0 0 0 127 51 0;
egregore_data 0 0 127 0 0 127 0 0 0 0 0 0 0 0 0 127 38 0 127 0 0 0
0 0 0 0 0 0 0 100 0 0 127 127 78 0 93 90 80 96 19 127 10 73 0 0 70
0 0 127 66 127 34 1 53.2314 98.6033 82.9339 0 0 0 0 32.4545 0 0 20.6529
0 40.3223 0 0 127 88 1 0 0 0 0 0 0 0 16 16 0 0 0 0 0 0 127 51 0;
egregore_data 0 0 127 0 0 127 0 0 0 0 0 0 0 0 0 127 38 0 127 0 0 0
0 0 0 0 0 0 0 100 0 0 127 127 78 0 93 90 80 96 19 127 10 73 0 0 70
0 0 127 66 127 34 1 53.2314 98.6033 82.9339 0 0 0 0 32.4545 0 0 20.6529
0 40.3223 0 0 127 88 1 0 0 0 0 0 0 0 16 16 0 0 0 0 0 0 127 51 0;
egregore_data 0 0 127 0 0 127 0 0 0 0 0 0 0 0 0 127 38 0 127 0 0 0
0 0 0 0 0 0 0 100 0 0 127 127 78 0 93 90 80 96 19 127 10 73 0 0 70
0 0 127 66 127 34 1 53.2314 98.6033 82.9339 0 0 0 0 32.4545 0 0 20.6529
0 40.3223 0 0 127 88 1 0 0 0 0 0 0 0 16 16 0 0 0 0 0 0 127 51 0;
egregore_data 0 0 127 0 0 127 0 0 0 0 0 0 0 0 0 127 38 0 127 0 0 0
0 0 0 0 0 0 0 100 0 0 127 127 78 0 93 90 80 96 19 127 10 73 0 0 70
0 0 127 66 127 34 1 53.2314 98.6033 82.9339 0 0 0 0 32.4545 0 0 20.6529
0 40.3223 0 0 127 88 1 0 0 0 0 0 0 0 16 16 0 0 0 0 0 0 127 51 0;
egregore_data 0 0 127 0 0 127 0 0 0 0 0 0 0 0 0 127 38 0 127 0 0 0
0 0 0 0 0 0 0 100 0 0 127 127 78 0 93 90 80 97 19 127 10 73 0 0 70
0 0 127 66 127 34 1 53.2314 98.6033 82.9339 0 0 0 0 32.4545 0 0 20.6529
0 40.3223 0 0 127 88 1 0 0 0 0 0 0 0 16 16 0 0 0 0 0 0 127 51 0;
egregore_data 0 0 127 0 0 127 0 0 0 0 0 0 0 0 0 127 38 0 127 0 0 0
0 0 0 0 0 0 0 100 0 0 127 127 78 0 93 90 80 97 19 127 10 73 0 0 70
0 0 127 66 127 34 1 53.2314 98.6033 82.9339 0 0 0 0 32.4545 0 0 20.6529
0 40.3223 0 0 127 88 1 0 0 0 0 0 0 0 16 16 0 0 0 0 0 0 127 51 0;
egregore_data 0 0 127 0 0 127 0 0 0 0 0 0 0 0 0 127 38 0 127 0 0 0
0 0 0 0 0 0 0 100 0 0 127 127 78 0 93 90 80 97 19 127 10 73 0 0 70
0 0 127 66 127 34 1 53.2314 98.6033 82.9339 0 0 0 0 32.4545 0 0 20.6529
0 40.3223 0 0 127 88 1 0 0 0 0 0 0 0 16 16 0 0 0 0 0 0 127 51 0;
egregore_data 0 0 127 0 0 127 0 0 0 0 0 0 0 0 0 127 38 0 127 0 0 0
0 0 0 0 0 0 0 100 0 0 127 127 78 0 93 90 80 98 19 127 10 73 0 0 70
0 0 127 66 127 34 1 53.2314 98.6033 82.9339 0 0 0 0 32.4545 0 0 20.6529
0 40.3223 0 0 127 88 1 0 0 0 0 0 0 0 16 16 0 0 0 0 0 0 127 51 0;
egregore_data 0 0 127 0 0 127 0 0 0 0 0 0 0 0 0 127 38 0 127 0 0 0
0 0 0 0 0 0 0 100 0 0 127 127 78 0 93 90 80 98 19 127 10 73 0 0 70
0 0 127 66 127 34 1 53.2314 98.6033 82.9339 0 0 0 0 32.4545 0 0 20.6529
0 40.3223 0 0 127 88 1 0 0 0 0 0 0 0 16 16 0 0 0 0 0 0 127 51 0;
egregore_data 0 0 127 0 0 127 0 0 0 0 0 0 0 0 0 127 38 0 127 0 0 0
0 0 0 0 0 0 0 100 0 0 127 127 78 0 93 90 80 98 19 127 10 73 0 0 70
0 0 127 66 127 34 1 53.2314 98.6033 82.9339 0 0 0 0 32.4545 0 0 20.6529
0 40.3223 0 0 127 88 1 0 0 0 0 0 0 0 16 16 0 0 0 0 0 0 127 51 0;
egregore_data 0 0 127 0 0 127 0 0 0 0 0 0 0 0 0 127 38 0 127 0 0 0
0 0 0 0 0 0 0 100 0 0 127 127 78 0 93 90 80 98 19 127 10 73 0 0 70
0 0 127 66 127 34 1 53.2314 98.6033 82.9339 0 0 0 0 32.4545 0 0 20.6529
0 40.3223 0 0 127 88 1 0 0 0 0 0 0 0 16 16 0 0 0 0 0 0 127 51 0;
egregore_data 0 0 127 0 0 127 0 0 0 0 0 0 0 0 0 127 38 0 127 0 0 0
0 0 0 0 0 0 0 100 0 0 127 127 78 0 93 90 80 98 19 127 10 73 0 0 70
0 0 127 66 127 34 1 53.2314 98.6033 82.9339 0 0 0 0 32.4545 0 0 20.6529
0 40.3223 0 0 127 88 1 0 0 0 0 0 0 0 16 16 0 0 0 0 0 0 127 51 0;
egregore_data 0 0 127 0 0 127 0 0 0 0 0 0 0 0 0 127 38 0 127 0 0 0
0 0 0 0 0 0 0 100 0 0 127 127 78 0 93 90 80 98 19 127 10 73 0 0 70
0 0 127 66 127 34 1 53.2314 98.6033 82.9339 0 0 0 0 32.4545 0 0 20.6529
0 40.3223 0 0 127 88 1 0 0 0 0 0 0 0 16 16 0 0 0 0 0 0 127 51 0;
egregore_data 0 0 127 0 0 127 0 0 0 0 0 0 0 0 0 127 38 0 127 0 0 0
0 0 0 0 0 0 0 100 0 0 127 127 78 0 93 90 80 98 19 127 10 73 0 0 70
0 0 127 66 127 34 1 53.2314 98.6033 82.9339 0 0 0 0 32.4545 0 0 20.6529
0 40.3223 0 0 127 88 1 0 0 0 0 0 0 0 16 16 0 0 0 0 0 0 127 51 0;
egregore_data 0 0 127 0 0 127 0 0 0 0 0 0 0 0 0 127 38 0 127 0 0 0
0 0 0 0 0 0 0 100 0 0 127 127 78 0 93 90 80 99 19 127 10 73 0 0 70
0 0 127 66 127 34 1 53.2314 98.6033 82.9339 0 0 0 0 32.4545 0 0 20.6529
0 40.3223 0 0 127 88 1 0 0 0 0 0 0 0 16 16 0 0 0 0 0 0 127 51 0;
egregore_data 0 0 127 0 0 127 0 0 0 0 0 0 0 0 0 127 38 0 127 0 0 0
0 0 0 0 0 0 0 100 0 0 127 127 78 0 93 90 80 99 19 127 11 73 0 0 70
0 0 127 66 127 34 1 53.2314 98.6033 82.9339 0 0 0 0 32.4545 0 0 20.6529
0 40.3223 0 0 127 88 1 0 0 0 0 0 0 0 16 16 0 0 0 0 0 0 127 51 0;
egregore_data 0 0 127 0 0 127 0 0 0 0 0 0 0 0 0 127 38 0 127 0 0 0
0 0 0 0 0 0 0 100 0 0 127 127 78 0 93 90 80 99 19 127 11 73 0 0 70
0 0 127 66 127 34 1 53.2314 98.6033 82.9339 0 0 0 0 32.4545 0 0 20.6529
0 40.3223 0 0 127 88 1 0 0 0 0 0 0 0 16 16 0 0 0 0 0 0 127 51 0;
egregore_data 0 0 127 0 0 127 0 0 0 0 0 0 0 0 0 127 38 0 127 0 0 0
0 0 0 0 0 0 0 100 0 0 127 127 78 0 93 90 80 99 19 127 13 73 0 0 70
0 0 127 66 127 34 1 53.2314 98.6033 82.9339 0 0 0 0 32.4545 0 0 20.6529
0 40.3223 0 0 127 88 1 0 0 0 0 0 0 0 16 16 0 0 0 0 0 0 127 51 0;
egregore_data 0 0 127 0 0 127 0 0 0 0 0 0 0 0 0 127 38 0 127 0 0 0
0 0 0 0 0 0 0 100 0 0 127 127 78 0 93 90 80 99 19 127 13 73 0 0 70
0 0 127 66 127 34 1 53.2314 98.6033 82.9339 0 0 0 0 32.4545 0 0 20.6529
0 40.3223 0 0 127 88 1 0 0 0 0 0 0 0 16 16 0 0 0 0 0 0 127 51 0;
egregore_data 0 0 127 0 0 127 0 0 0 0 0 0 0 0 0 127 38 0 127 0 0 0
0 0 0 0 0 0 0 100 0 0 127 127 78 0 93 90 80 99 19 127 13 73 0 0 70
0 0 127 66 127 34 1 53.2314 98.6033 82.9339 0 0 0 0 32.4545 0 0 20.6529
0 40.3223 0 0 127 88 1 0 0 0 0 0 0 0 16 16 0 0 0 0 0 0 127 51 0;
egregore_data 0 0 127 0 0 127 0 0 0 0 0 0 0 0 0 127 38 0 127 0 0 0
0 0 0 0 0 0 0 100 0 0 127 127 78 0 93 90 80 99 19 127 13 73 0 0 70
0 0 127 66 127 34 1 53.2314 98.6033 82.9339 0 0 0 0 32.4545 0 0 20.6529
0 40.3223 0 0 127 88 1 0 0 0 0 0 0 0 16 16 0 0 0 0 0 0 127 51 0;
egregore_data 0 0 127 0 0 127 0 0 0 0 0 0 0 0 0 127 38 0 127 0 0 0
0 0 0 0 0 0 0 100 0 0 127 127 78 0 93 90 80 99 19 127 13 73 0 0 70
0 0 127 66 127 34 1 53.2314 98.6033 82.9339 0 0 0 0 32.4545 0 0 20.6529
0 40.3223 0 0 127 88 1 0 0 0 0 0 0 0 16 16 0 0 0 0 0 0 127 51 0;
egregore_data 0 0 127 0 0 127 0 0 0 0 0 0 0 0 0 127 38 0 127 0 0 0
0 0 0 0 0 0 0 100 0 0 127 127 78 0 93 90 80 99 19 127 13 73 0 0 70
0 0 127 66 127 34 1 53.2314 98.6033 82.9339 0 0 0 0 32.4545 0 0 20.6529
0 40.3223 0 0 127 88 1 0 0 0 0 0 0 0 16 16 0 0 0 0 0 0 127 51 0;
egregore_data 0 0 127 0 0 127 0 0 0 0 0 0 0 0 0 127 38 0 127 0 0 0
0 0 0 0 0 0 0 100 0 0 127 127 78 0 93 90 80 100 19 127 13 73 0 0 70
0 0 127 66 127 34 1 53.2314 98.6033 82.9339 0 0 0 0 32.4545 0 0 20.6529
0 40.3223 0 0 127 88 1 0 0 0 0 0 0 0 16 16 0 0 0 0 0 0 127 51 0;
egregore_data 0 0 127 0 0 127 0 0 0 0 0 0 0 0 0 127 38 0 127 0 0 0
0 0 0 0 0 0 0 100 0 0 127 127 78 0 93 90 80 100 19 127 13 73 0 0 70
0 0 127 66 127 34 1 53.2314 98.6033 82.9339 0 0 0 0 32.4545 0 0 20.6529
0 40.3223 0 0 127 88 1 0 0 0 0 0 0 0 16 16 0 0 0 0 0 0 127 51 0;
egregore_data 0 0 127 0 0 127 0 0 0 0 0 0 0 0 0 127 38 0 127 0 0 0
0 0 0 0 0 0 0 100 0 0 127 127 78 0 93 90 80 100 19 127 13 73 0 0 70
0 0 127 66 127 34 1 53.2314 98.6033 82.9339 0 0 0 0 32.4545 0 0 20.6529
0 40.3223 0 0 127 88 1 0 0 0 0 0 0 0 16 16 0 0 0 0 0 0 127 51 0;
egregore_data 0 0 127 0 0 127 0 0 0 0 0 0 0 0 0 127 38 0 127 0 0 0
0 0 0 0 0 0 0 100 0 0 127 127 78 0 93 90 80 100 19 127 13 73 0 0 70
0 0 127 66 127 34 1 53.2314 98.6033 82.9339 0 0 0 0 32.4545 0 0 20.6529
0 40.3223 0 0 127 88 1 0 0 0 0 0 0 0 16 16 0 0 0 0 0 0 127 51 0;
egregore_data 0 0 127 0 0 127 0 0 0 0 0 0 0 0 0 127 38 0 127 0 0 0
0 0 0 0 0 0 0 100 0 0 127 127 78 0 93 90 80 100 19 127 13 73 0 0 70
0 0 127 66 127 34 1 53.2314 98.6033 82.9339 0 0 0 0 32.4545 0 0 20.6529
0 40.3223 0 0 127 88 1 0 0 0 0 0 0 0 16 16 0 0 0 0 0 0 127 51 0;
egregore_data 0 0 127 0 0 127 0 0 0 0 0 0 0 0 0 127 38 0 127 0 0 0
0 0 0 0 0 0 0 100 0 0 127 127 78 0 93 90 80 102 19 127 13 73 0 0 70
0 0 127 67 127 34 1 53.2314 98.6033 82.9339 0 0 0 0 32.4545 0 0 20.6529
0 40.3223 0 0 127 88 1 0 0 0 0 0 0 0 16 16 0 0 0 0 0 0 127 51 0;
egregore_data 0 0 127 0 0 127 0 0 0 0 0 0 0 0 0 127 38 0 127 0 0 0
0 0 0 0 0 0 0 100 0 0 127 127 78 0 93 90 80 102 19 127 13 73 0 0 70
0 0 127 67 127 34 1 53.2314 98.6033 82.9339 0 0 0 0 32.4545 0 0 20.6529
0 40.3223 0 0 127 88 1 0 0 0 0 0 0 0 16 16 0 0 0 0 0 0 127 51 0;
egregore_data 0 0 127 0 0 127 0 0 0 0 0 0 0 0 0 127 38 0 127 0 0 0
0 0 0 0 0 0 0 100 0 0 127 127 78 0 93 90 80 102 19 127 13 73 0 0 70
0 0 127 67 127 34 1 53.2314 98.6033 82.9339 0 0 0 0 32.4545 0 0 20.6529
0 40.3223 0 0 127 88 1 0 0 0 0 0 0 0 16 16 0 0 0 0 0 0 127 51 0;
egregore_data 0 0 127 0 0 127 0 0 0 0 0 0 0 0 0 127 38 0 127 0 0 0
0 0 0 0 0 0 0 100 0 0 127 127 78 0 93 90 80 102 19 127 13 73 0 0 70
0 0 127 67 127 34 1 53.2314 98.6033 82.9339 0 0 0 0 32.4545 0 0 20.6529
0 40.3223 0 0 127 88 1 0 0 0 0 0 0 0 16 16 0 0 0 0 0 0 127 51 0;
egregore_data 0 0 127 0 0 127 0 0 0 0 0 0 0 0 0 127 38 0 127 0 0 0
0 0 0 0 0 0 0 100 0 0 127 127 78 0 93 90 80 102 19 127 13 73 0 0 70
0 0 127 67 127 34 1 53.2314 98.6033 82.9339 0 0 0 0 32.4545 0 0 20.6529
0 40.3223 0 0 127 88 1 0 0 0 0 0 0 0 16 16 0 0 0 0 0 0 127 51 0;
egregore_data 0 0 127 0 0 127 0 0 0 0 0 0 0 0 0 127 38 0 127 0 0 0
0 0 0 0 0 0 0 100 0 0 127 127 78 0 93 90 80 102 19 127 13 73 0 0 70
0 0 127 67 127 34 1 53.2314 98.6033 82.9339 0 0 0 0 32.4545 0 0 20.6529
0 40.3223 0 0 127 88 1 0 0 0 0 0 0 0 16 16 0 0 0 0 0 0 127 51 0;
egregore_data 0 0 127 0 0 127 0 0 0 0 0 0 0 0 0 127 38 0 127 0 0 0
0 0 0 0 0 0 0 100 0 0 127 127 78 0 93 90 80 102 19 127 13 73 0 0 70
0 0 127 67 127 34 1 53.2314 98.6033 82.9339 0 0 0 0 32.4545 0 0 20.6529
0 40.3223 0 0 127 88 1 0 0 0 0 0 0 0 16 16 0 0 0 0 0 0 127 51 0;
egregore_data 0 0 127 0 0 127 0 0 0 0 0 0 0 0 0 127 38 0 127 0 0 0
0 0 0 0 0 0 0 100 0 0 127 127 78 0 93 90 80 103 19 127 13 73 0 0 70
0 0 127 67 127 34 1 53.2314 98.6033 82.9339 0 0 0 0 32.4545 0 0 20.6529
0 40.3223 0 0 127 88 1 0 0 0 0 0 0 0 16 16 0 0 0 0 0 0 127 51 0;
egregore_data 0 0 127 0 0 127 0 0 0 0 0 0 0 0 0 127 38 0 127 0 0 0
0 0 0 0 0 0 0 100 0 0 127 127 78 0 93 90 80 103 19 127 13 73 0 0 70
0 0 127 67 127 34 1 53.2314 98.6033 82.9339 0 0 0 0 32.4545 0 0 20.6529
0 40.3223 0 0 127 88 1 0 0 0 0 0 0 0 16 16 0 0 0 0 0 0 127 51 0;
egregore_data 0 0 127 0 0 127 0 0 0 0 0 0 0 0 0 127 38 0 127 0 0 0
0 0 0 0 0 0 0 100 0 0 127 127 78 0 93 90 80 103 19 127 13 73 0 0 70
0 0 127 67 127 34 1 53.2314 98.6033 82.9339 0 0 0 0 32.4545 0 0 20.6529
0 40.3223 0 0 127 88 1 0 0 0 0 0 0 0 16 16 0 0 0 0 0 0 127 51 0;
egregore_data 0 0 127 0 0 127 0 0 0 0 0 0 0 0 0 127 38 0 127 0 0 0
0 0 0 0 0 0 0 100 0 0 127 127 78 0 93 90 81 103 19 127 13 73 0 0 70
0 0 127 67 127 34 1 53.2314 98.6033 82.9339 0 0 0 0 32.4545 0 0 20.6529
0 40.3223 0 0 127 88 1 0 0 0 0 0 0 0 16 16 0 0 0 0 0 0 127 51 0;
egregore_data 0 0 127 0 0 127 0 0 0 0 0 0 0 0 0 127 38 0 127 0 0 0
0 0 0 0 0 0 0 100 0 0 127 127 78 0 93 90 83 103 19 127 13 73 0 0 70
0 0 127 67 127 34 1 53.2314 98.6033 82.9339 0 0 0 0 32.4545 0 0 20.6529
0 40.3223 0 0 127 88 1 0 0 0 0 0 0 0 16 16 0 0 0 0 0 0 127 51 0;
egregore_data 0 0 127 0 0 127 0 0 0 0 0 0 0 0 0 127 38 0 127 0 0 0
0 0 0 0 0 0 0 100 0 0 127 127 78 0 93 90 83 103 19 127 13 73 0 0 70
0 0 127 67 127 34 1 53.2314 98.6033 82.9339 0 0 0 0 32.4545 0 0 20.6529
0 40.3223 0 0 127 88 1 0 0 0 0 0 0 0 16 16 0 0 0 0 0 0 127 51 0;
egregore_data 0 0 127 0 0 127 0 0 0 0 0 0 0 0 0 127 38 0 127 0 0 0
0 0 0 0 0 0 0 100 0 0 127 127 78 0 93 90 84 103 19 127 13 73 0 0 70
0 0 127 67 127 34 1 53.2314 98.6033 82.9339 0 0 0 0 32.4545 0 0 20.6529
0 40.3223 0 0 127 88 1 0 0 0 0 0 0 0 16 16 0 0 0 0 0 0 127 51 0;
egregore_data 0 0 127 0 0 127 0 0 0 0 0 0 0 0 0 127 38 0 127 0 0 0
0 0 0 0 0 0 0 100 0 0 127 127 78 0 93 90 84 103 19 127 13 73 0 0 70
0 0 127 67 127 34 1 53.2314 98.6033 82.9339 0 0 0 0 32.4545 0 0 20.6529
0 40.3223 0 0 127 88 1 0 0 0 0 0 0 0 16 16 0 0 0 0 0 0 127 51 0;
egregore_data 0 0 127 0 0 127 0 0 0 0 0 0 0 0 0 127 38 0 127 0 0 0
0 0 0 0 0 0 0 100 0 0 127 127 78 0 93 90 85 103 19 127 13 73 0 0 70
0 0 127 67 127 34 1 53.2314 98.6033 82.9339 0 0 0 0 32.4545 0 0 20.6529
0 40.3223 0 0 127 88 1 0 0 0 0 0 0 0 16 16 0 0 0 0 0 0 127 51 0;
egregore_data 0 0 127 0 0 127 0 0 0 0 0 0 0 0 0 127 38 0 127 0 0 0
0 0 0 0 0 0 0 100 0 0 127 127 78 0 93 90 85 103 19 127 13 73 0 0 70
0 0 127 67 127 34 1 53.2314 98.6033 82.9339 0 0 0 0 32.4545 0 0 20.6529
0 40.3223 0 0 127 88 1 0 0 0 0 0 0 0 16 16 0 0 0 0 0 0 127 51 0;
egregore_data 0 0 127 0 0 127 0 0 0 0 0 0 0 0 0 127 38 0 127 0 0 0
0 0 0 0 0 0 0 100 0 0 127 127 78 0 93 90 86 103 19 127 13 73 0 0 70
0 0 127 67 127 34 1 53.2314 98.6033 82.9339 0 0 0 0 32.4545 0 0 20.6529
0 40.3223 0 0 127 88 1 0 0 0 0 0 0 0 16 16 0 0 0 0 0 0 127 51 0;
egregore_data 0 0 127 0 0 127 0 0 0 0 0 0 0 0 0 127 38 0 127 0 0 0
0 0 0 0 0 0 0 100 0 0 127 127 78 0 93 90 86 103 19 127 13 73 0 0 70
0 0 127 67 127 34 1 53.2314 98.6033 82.9339 0 0 0 0 32.4545 0 0 20.6529
0 40.3223 0 0 127 88 1 0 0 0 0 0 0 0 16 16 0 0 0 0 0 0 127 51 0;
egregore_data 0 0 127 0 0 127 0 0 0 0 0 0 0 0 0 127 38 0 127 0 0 0
0 0 0 0 0 0 0 100 0 0 127 127 78 0 93 90 86 103 19 127 13 73 0 0 70
0 0 127 67 127 34 1 53.2314 98.6033 82.9339 0 0 0 0 32.4545 0 0 20.6529
0 40.3223 0 0 127 88 1 0 0 0 0 0 0 0 16 16 0 0 0 0 0 0 127 51 0;
egregore_data 0 0 127 0 0 127 0 0 0 0 0 0 0 0 0 127 38 0 127 0 0 0
0 0 0 0 0 0 0 100 0 0 127 127 78 0 93 90 87 103 19 127 13 73 0 0 70
0 0 127 67 127 34 1 53.2314 98.6033 82.9339 0 0 0 0 32.4545 0 0 20.6529
0 40.3223 0 0 127 88 1 0 0 0 0 0 0 0 16 16 0 0 0 0 0 0 127 51 0;
egregore_data 0 0 127 0 0 127 0 0 0 0 0 0 0 0 0 127 38 0 127 0 0 0
0 0 0 0 0 0 0 100 0 0 127 127 78 0 93 90 87 103 19 127 13 73 0 0 70
0 0 127 67 127 34 1 53.2314 98.6033 82.9339 0 0 0 0 32.4545 0 0 20.6529
0 40.3223 0 0 127 88 1 0 0 0 0 0 0 0 16 16 0 0 0 0 0 0 127 51 0;
egregore_data 0 0 127 0 0 127 0 0 0 0 0 0 0 0 0 127 38 0 127 0 0 0
0 0 0 0 0 0 0 100 0 0 127 127 78 0 93 90 87 103 19 127 13 73 0 0 70
0 0 127 67 127 34 1 53.2314 98.6033 82.9339 0 0 0 0 32.4545 0 0 20.6529
0 40.3223 0 0 127 88 1 0 0 0 0 0 0 0 16 16 0 0 0 0 0 0 127 51 0;
egregore_data 0 0 127 0 0 127 0 0 0 0 0 0 0 0 0 127 38 0 127 0 0 0
0 0 0 0 0 0 0 100 0 0 127 127 78 0 93 90 87 104 19 127 13 73 0 0 70
0 0 127 67 127 34 1 53.2314 98.6033 82.9339 0 0 0 0 32.4545 0 0 20.6529
0 40.3223 0 0 127 88 1 0 0 0 0 0 0 0 16 16 0 0 0 0 0 0 127 51 0;
egregore_data 0 0 127 0 0 127 0 0 0 0 0 0 0 0 0 127 38 0 127 0 0 0
0 0 0 0 0 0 0 100 0 0 127 127 78 0 93 90 87 104 19 127 13 73 0 0 70
0 0 127 67 127 34 1 53.2314 98.6033 82.9339 0 0 0 0 32.4545 0 0 20.6529
0 40.3223 0 0 127 88 1 0 0 0 0 0 0 0 16 16 0 0 0 0 0 0 127 51 0;
egregore_data 0 0 127 0 0 127 0 0 0 0 0 0 0 0 0 127 38 0 127 0 0 0
0 0 0 0 0 0 0 100 0 0 127 127 78 0 93 90 87 104 19 127 13 73 0 0 70
0 0 127 67 127 34 1 53.2314 98.6033 82.9339 0 0 0 0 32.4545 0 0 20.6529
0 40.3223 0 0 127 88 1 0 0 0 0 0 0 0 16 16 0 0 0 0 0 0 127 51 0;
egregore_data 0 0 127 0 0 127 0 0 0 0 0 0 0 0 0 127 38 0 127 0 0 0
0 0 0 0 0 0 0 100 0 0 127 127 78 0 93 90 89 105 19 127 11 73 0 0 70
0 0 127 67 127 34 1 53.2314 98.6033 82.9339 0 0 0 0 32.4545 0 0 20.6529
0 40.3223 0 0 127 88 1 0 0 0 0 0 0 0 16 16 0 0 0 0 0 0 127 51 0;
egregore_data 0 0 127 0 0 127 0 0 0 0 0 0 0 0 0 127 38 0 127 0 0 0
0 0 0 0 0 0 0 100 0 0 127 127 78 0 93 90 89 105 19 127 11 73 0 0 70
0 0 127 67 127 34 1 53.2314 98.6033 82.9339 0 0 0 0 32.4545 0 0 20.6529
0 40.3223 0 0 127 88 1 0 0 0 0 0 0 0 16 16 0 0 0 0 0 0 127 51 0;
egregore_data 0 0 127 0 0 127 0 0 0 0 0 0 0 0 0 127 38 0 127 0 0 0
0 0 0 0 0 0 0 100 0 0 127 127 78 0 93 90 89 105 19 127 11 73 0 0 70
0 0 127 67 127 34 1 53.2314 98.6033 82.9339 0 0 0 0 32.4545 0 0 20.6529
0 40.3223 0 0 127 88 1 0 0 0 0 0 0 0 16 16 0 0 0 0 0 0 127 51 0;
egregore_data 0 0 127 0 0 127 0 0 0 0 0 0 0 0 0 127 38 0 127 0 0 0
0 0 0 0 0 0 0 100 0 0 127 127 78 0 93 90 89 105 19 127 11 73 0 0 70
0 0 127 67 127 34 1 53.2314 98.6033 82.9339 0 0 0 0 32.4545 0 0 20.6529
0 40.3223 0 0 127 88 1 0 0 0 0 0 0 0 16 16 0 0 0 0 0 0 127 51 0;
egregore_data 0 0 127 0 0 127 0 0 0 0 0 0 0 0 0 127 38 0 127 0 0 0
0 0 0 0 0 0 0 100 0 0 127 127 78 0 93 90 89 105 19 127 11 73 0 0 70
0 0 127 67 127 34 1 53.2314 98.6033 82.9339 0 0 0 0 32.4545 0 0 20.6529
0 40.3223 0 0 127 88 1 0 0 0 0 0 0 0 16 16 0 0 0 0 0 0 127 51 0;
egregore_data 0 0 127 0 0 127 0 0 0 0 0 0 0 0 0 127 38 0 127 0 0 0
0 0 0 0 0 0 0 100 0 0 127 127 78 0 93 90 89 106 19 127 11 73 0 0 70
0 0 127 67 127 34 1 53.2314 98.6033 82.9339 0 0 0 0 32.4545 0 0 20.6529
0 40.3223 0 0 127 88 1 0 0 0 0 0 0 0 16 16 0 0 0 0 0 0 127 51 0;
egregore_data 0 0 127 0 0 127 0 0 0 0 0 0 0 0 0 127 38 0 127 0 0 0
0 0 0 0 0 0 0 100 0 0 127 127 78 0 93 90 89 106 19 127 11 73 0 0 70
0 0 127 67 127 34 1 53.2314 98.6033 82.9339 0 0 0 0 32.4545 0 0 20.6529
0 40.3223 0 0 127 88 1 0 0 0 0 0 0 0 16 16 0 0 0 0 0 0 127 51 0;
egregore_data 0 0 127 0 0 127 0 0 0 0 0 0 0 0 0 127 38 0 127 0 0 0
0 0 0 0 0 0 0 100 0 0 127 127 78 0 93 90 89 106 19 127 11 73 0 0 70
0 0 127 67 127 34 1 53.2314 98.6033 82.9339 0 0 0 0 32.4545 0 0 20.6529
0 40.3223 0 0 127 88 1 0 0 0 0 0 0 0 16 16 0 0 0 0 0 0 127 51 0;
egregore_data 0 0 127 0 0 127 0 0 0 0 0 0 0 0 0 127 38 0 127 0 0 0
0 0 0 0 0 0 0 100 0 0 127 127 78 0 93 90 89 106 19 127 13 73 0 0 70
0 0 127 67 127 34 1 53.2314 98.6033 82.9339 0 0 0 0 32.4545 0 0 20.6529
0 40.3223 0 0 127 88 1 0 0 0 0 0 0 0 16 16 0 0 0 0 0 0 127 51 0;
egregore_data 0 0 127 0 0 127 0 0 0 0 0 0 0 0 0 127 38 0 127 0 0 0
0 0 0 0 0 0 0 100 0 0 127 127 78 0 93 90 89 106 19 127 14 73 0 0 70
0 0 127 67 127 34 1 53.2314 98.6033 82.9339 0 0 0 0 32.4545 0 0 20.6529
0 40.3223 0 0 127 88 1 0 0 0 0 0 0 0 16 16 0 0 0 0 0 0 127 51 0;
egregore_data 0 0 127 0 0 127 0 0 0 0 0 0 0 0 0 127 38 0 127 0 0 0
0 0 0 0 0 0 0 100 0 0 127 127 78 0 93 90 89 106 19 127 14 73 0 0 70
0 0 127 67 127 34 1 53.2314 98.6033 82.9339 0 0 0 0 32.4545 0 0 20.6529
0 40.3223 0 0 127 88 1 0 0 0 0 0 0 0 16 16 0 0 0 0 0 0 127 51 0;
egregore_data 0 0 127 0 0 127 0 0 0 0 0 0 0 0 0 127 38 0 127 0 0 0
0 0 0 0 0 0 0 100 0 0 127 127 78 0 93 90 89 106 19 127 15 73 0 0 70
0 0 127 67 127 34 1 53.2314 98.6033 82.9339 0 0 0 0 32.4545 0 0 20.6529
0 40.3223 0 0 127 88 1 0 0 0 0 0 0 0 16 16 0 0 0 0 0 0 127 51 0;
egregore_data 0 0 127 0 0 127 0 0 0 0 0 0 0 0 0 127 38 0 127 0 0 0
0 0 0 0 0 0 0 100 0 0 127 127 78 0 93 90 89 106 19 127 15 73 0 0 70
0 0 127 67 127 34 1 53.2314 98.6033 82.9339 0 0 0 0 32.4545 0 0 20.6529
0 40.3223 0 0 127 88 1 0 0 0 0 0 0 0 16 16 0 0 0 0 0 0 127 51 0;
egregore_data 0 0 127 0 0 127 0 0 0 0 0 0 0 0 0 127 38 0 127 0 0 0
0 0 0 0 0 0 0 100 0 0 127 127 78 0 93 90 89 106 19 127 15 73 0 0 70
0 0 127 67 127 34 1 53.2314 98.6033 82.9339 0 0 0 0 32.4545 0 0 20.6529
0 40.3223 0 0 127 88 1 0 0 0 0 0 0 0 16 16 0 0 0 0 0 0 127 51 0;
egregore_data 0 0 127 0 0 127 0 0 0 0 0 0 0 0 0 127 38 0 127 0 0 0
0 0 0 0 0 0 0 100 0 0 127 127 78 0 93 90 89 106 19 127 15 73 0 0 70
0 0 127 67 127 34 1 53.2314 98.6033 82.9339 0 0 0 0 32.4545 0 0 20.6529
0 40.3223 0 0 127 88 1 0 0 0 0 0 0 0 16 16 0 0 0 0 0 0 127 51 0;
egregore_data 0 0 127 0 0 127 0 0 0 0 0 0 0 0 0 127 38 0 127 0 0 0
0 0 0 0 0 0 0 100 0 0 127 127 78 0 93 90 89 106 19 127 15 73 0 0 70
0 0 127 67 127 34 1 53.2314 98.6033 82.9339 0 0 0 0 32.4545 0 0 20.6529
0 40.3223 0 0 127 88 1 0 0 0 0 0 0 0 16 16 0 0 0 0 0 0 127 51 0;
egregore_data 0 0 127 0 0 127 0 0 0 0 0 0 0 0 0 127 38 0 127 0 0 0
0 0 0 0 0 0 0 100 0 0 127 127 78 0 93 90 89 106 19 127 15 73 0 0 70
0 0 127 67 127 34 1 53.2314 98.6033 82.9339 0 0 0 0 32.4545 0 0 20.6529
0 40.3223 0 0 127 88 1 0 0 0 0 0 0 0 16 16 0 0 0 0 0 0 127 51 0;
egregore_data 0 0 127 0 0 127 0 0 0 0 0 0 0 0 0 127 38 0 127 0 0 0
0 0 0 0 0 0 0 100 0 0 127 127 78 0 93 90 89 106 19 127 15 73 0 0 70
0 0 127 67 127 34 1 53.2314 98.6033 82.9339 0 0 0 0 32.4545 0 0 20.6529
0 40.3223 0 0 127 88 1 0 0 0 0 0 0 0 16 16 0 0 0 0 0 0 127 51 0;
egregore_data 0 0 127 0 0 127 0 0 0 0 0 0 0 0 0 127 38 0 127 0 0 0
0 0 0 0 0 0 0 100 0 0 127 127 78 0 93 90 89 106 19 127 15 73 0 0 70
0 0 127 67 127 34 1 53.2314 98.6033 82.9339 0 0 0 0 32.4545 0 0 20.6529
0 40.3223 0 0 127 88 1 0 0 0 0 0 0 0 16 16 0 0 0 0 0 0 127 51 0;
END;
