HTTP/1.1 200 OK
Date: Thu, 28 May 2015 12:25:15 GMT
Server: Apache
Last-Modified: Wed, 27 May 2015 19:25:02 GMT
Accept-Ranges: bytes
Content-Length: 31663
Vary: Accept-Encoding
Connection: close
Content-Type: text/plain

chdh_egregore_live_data;
egregore_data 0 0 127 0 0 127 0 0 0 0 0 0 0 0 0 127 38 0 127 0 0 0
0 0 0 0 0 0 0 100 0 0 127 127 78 0 93 90 127 0 19 127 127 0 0 0 70
0 0 0 127 127 34 0 73.4734 41.1063 38.7005 49.0821 40.9662 37.4879
9.27536 43.285 37.4251 32.8502 48.343 0 15.8454 16.2319 0 127 81.8066
1 0 0 0 0 0 0 0 16 16 0 0 0 0 0 0 127 51 0;
egregore_data 0 0 127 0 0 127 0 0 0 0 0 0 0 0 0 127 38 0 127 0 0 0
0 0 0 0 0 0 0 100 0 0 127 127 78 0 93 90 127 0 19 127 127 0 0 0 70
0 0 0 127 127 34 0 73.4734 41.1063 38.7005 49.0821 40.9662 37.4879
9.27536 43.285 37.4251 32.8502 48.343 0 15.8454 16.2319 0 127 81.8066
1 0 0 0 0 0 0 0 16 16 0 0 0 0 0 0 127 51 0;
egregore_data 0 0 127 0 0 127 0 0 0 0 0 0 0 0 0 127 38 0 127 0 0 0
0 0 0 0 0 0 0 100 0 0 127 127 78 0 93 90 127 0 19 127 127 0 0 0 70
0 0 0 127 127 34 0 73.4734 41.1063 38.7005 49.0821 40.9662 37.4879
9.27536 43.285 37.4251 32.8502 48.343 0 15.8454 16.2319 0 127 81.8066
1 0 0 0 0 0 0 0 16 16 0 0 0 0 0 0 127 51 0;
egregore_data 0 0 127 0 0 127 0 0 0 0 0 0 0 0 0 127 38 0 127 0 0 0
0 0 0 0 0 0 0 100 0 0 127 127 78 0 93 90 127 0 19 127 127 0 0 0 70
0 0 0 127 127 34 0 73.1667 40.519 38.3762 50.1952 41.8952 38.3381 9.48571
44.2667 36.8905 33.5952 48.5095 0 16.2048 16.6 0 127 81.8066 1 0 0
0 0 0 0 0 16 16 0 0 0 0 0 0 127 51 0;
egregore_data 0 0 127 0 0 127 0 0 0 0 0 0 0 0 0 127 38 0 127 0 0 0
0 0 0 0 0 0 0 100 0 0 127 127 78 0 93 90 127 0 19 127 127 0 0 0 70
0 0 0 127 127 34 0 73.0664 40.327 38.2701 50.5592 42.1991 38.6161 9.5545
44.5877 36.7156 33.8389 48.564 0 16.3223 16.7204 0 127 81.8066 1 0
0 0 0 0 0 0 16 16 0 0 0 0 0 0 127 51 0;
egregore_data 0 0 127 0 0 127 0 0 0 0 0 0 0 0 0 127 38 0 127 0 0 0
0 0 0 0 0 0 0 100 0 0 127 127 78 0 93 90 127 0 19 127 127 0 0 0 70
0 0 0 127 127 34 0 73.0664 40.327 38.2701 50.5592 42.1991 38.6161 9.5545
44.5877 36.7156 33.8389 48.564 0 16.3223 16.7204 0 127 81.8066 1 0
0 0 0 0 0 0 16 16 0 0 0 0 0 0 127 51 0;
egregore_data 0 0 127 0 0 127 0 0 0 0 0 0 0 0 0 127 38 0 127 0 0 0
0 0 0 0 0 0 0 100 0 0 127 127 78 0 93 90 127 0 19 127 127 0 0 0 70
0 0 0 127 127 34 0 73.0664 40.327 38.2701 50.5592 42.1991 38.6161 9.5545
44.5877 36.7156 33.8389 48.564 0 16.3223 16.7204 0 127 81.8066 1 0
0 0 0 0 0 0 16 16 0 0 0 0 0 0 127 51 0;
egregore_data 0 0 127 0 0 127 0 0 0 0 0 0 0 0 0 127 38 0 127 0 0 0
0 0 0 0 0 0 0 100 0 0 127 127 78 0 93 90 127 0 19 127 127 0 0 0 70
0 0 0 127 127 34 0 73.0664 40.327 38.2701 50.5592 42.1991 38.6161 9.5545
44.5877 36.7156 33.8389 48.564 0 16.3223 16.7204 0 127 81.8066 1 0
0 0 0 0 0 0 16 16 0 0 0 0 0 0 127 51 0;
egregore_data 0 0 127 0 0 127 0 0 0 0 0 0 0 0 0 127 38 0 127 0 0 0
0 0 0 0 0 0 0 100 0 0 127 127 78 0 93 90 127 0 19 127 127 0 0 0 70
0 0 0 127 127 34 0 72.967 40.1368 38.1651 50.9198 42.5 38.8915 9.62264
44.9057 36.5425 34.0802 48.6179 0 16.4387 16.8396 0 127 81.8066 1 0
0 0 0 0 0 0 16 16 0 0 0 0 0 0 127 51 0;
egregore_data 0 0 127 0 0 127 0 0 0 0 0 0 0 0 0 127 38 0 127 0 0 0
0 0 0 0 0 0 0 100 0 0 127 127 78 0 93 90 127 0 19 127 127 0 0 0 70
0 0 0 127 127 34 0 72.8685 39.9484 38.061 51.277 42.7981 39.1643 9.69014
45.2207 36.3709 34.3192 48.6714 0 16.554 16.9577 0 127 81.8066 1 0
0 0 0 0 0 0 16 16 0 0 0 0 0 0 127 51 0;
egregore_data 0 0 127 0 0 127 0 0 0 0 0 0 0 0 0 127 38 0 127 0 0 0
0 0 0 0 0 0 0 100 0 0 127 127 78 0 93 90 127 0 19 127 127 0 0 0 70
0 0 0 127 127 34 0 72.8685 39.9484 38.061 51.277 42.7981 39.1643 9.69014
45.2207 36.3709 34.3192 48.6714 0 16.554 16.9577 0 127 81.8066 1 0
0 0 0 0 0 0 16 16 0 0 0 0 0 0 127 51 0;
egregore_data 0 0 127 0 0 127 0 0 0 0 0 0 0 0 0 127 38 0 127 0 0 0
0 0 0 0 0 0 0 100 0 0 127 127 78 0 93 90 127 0 19 127 127 0 0 0 70
0 0 0 127 127 34 0 72.8685 39.9484 38.061 51.277 42.7981 39.1643 9.69014
45.2207 36.3709 34.3192 48.6714 0 16.554 16.9577 0 127 81.8066 1 0
0 0 0 0 0 0 16 16 0 0 0 0 0 0 127 51 0;
egregore_data 0 0 127 0 0 127 0 0 0 0 0 0 0 0 0 127 38 0 127 0 0 0
0 0 0 0 0 0 0 100 0 0 127 127 78 0 93 90 127 0 19 127 127 0 0 0 70
0 0 0 127 127 34 0 72.8685 39.9484 38.061 51.277 42.7981 39.1643 9.69014
45.2207 36.3709 34.3192 48.6714 0 16.554 16.9577 0 127 81.8066 1 0
0 0 0 0 0 0 16 16 0 0 0 0 0 0 127 51 0;
egregore_data 0 0 127 0 0 127 0 0 0 0 0 0 0 0 0 127 38 0 127 0 0 0
0 0 0 0 0 0 0 100 0 0 127 127 78 0 93 90 127 0 19 127 127 0 0 0 70
0 0 0 127 127 34 0 72.8685 39.9484 38.061 51.277 42.7981 39.1643 9.69014
45.2207 36.3709 34.3192 48.6714 0 16.554 16.9577 0 127 81.8066 1 0
0 0 0 0 0 0 16 16 0 0 0 0 0 0 127 51 0;
egregore_data 0 0 127 0 0 127 0 0 0 0 0 0 0 0 0 127 38 0 127 0 0 0
0 0 0 0 0 0 0 100 0 0 127 127 78 0 93 90 127 0 19 127 127 0 0 0 70
0 0 0 127 127 34 0 72.8685 39.9484 38.061 51.277 42.7981 39.1643 9.69014
45.2207 36.3709 34.3192 48.6714 0 16.554 16.9577 0 127 81.8066 1 0
0 0 0 0 0 0 16 16 0 0 0 0 0 0 127 51 0;
egregore_data 0 0 127 0 0 127 0 0 0 0 0 0 0 0 0 127 38 0 127 0 0 0
0 0 0 0 0 0 0 100 0 0 127 127 78 0 93 90 127 0 19 127 127 0 0 0 70
0 0 0 127 127 34 0 72.8685 39.9484 38.061 51.277 42.7981 39.1643 9.69014
45.2207 36.3709 34.3192 48.6714 0 16.554 16.9577 0 127 81.8066 1 0
0 0 0 0 0 0 16 16 0 0 0 0 0 0 127 51 0;
egregore_data 0 0 127 0 0 127 0 0 0 0 0 0 0 0 0 127 38 0 127 0 0 0
0 0 0 0 0 0 0 100 0 0 127 127 78 0 93 90 127 0 19 127 127 0 0 0 70
0 0 0 127 127 34 0 72.8685 39.9484 38.061 51.277 42.7981 39.1643 9.69014
45.2207 36.3709 34.3192 48.6714 0 16.554 16.9577 0 127 81.8066 1 0
0 0 0 0 0 0 16 16 0 0 0 0 0 0 127 51 0;
egregore_data 0 0 127 0 0 127 0 0 0 0 0 0 0 0 0 127 38 0 127 0 0 0
0 0 0 0 0 0 0 100 0 0 127 127 78 0 93 90 127 0 19 127 127 0 0 0 70
0 0 0 127 127 34 0 72.8685 39.9484 38.061 51.277 42.7981 39.1643 9.69014
45.2207 36.3709 34.3192 48.6714 0 16.554 16.9577 0 127 81.8066 1 0
0 0 0 0 0 0 16 16 0 0 0 0 0 0 127 51 0;
egregore_data 0 0 127 0 0 127 0 0 0 0 0 0 0 0 0 127 38 0 127 0 0 0
0 0 0 0 0 0 0 100 0 0 127 127 78 0 93 90 127 0 19 127 127 0 0 0 70
0 0 0 127 127 34 0 72.8685 39.9484 38.061 51.277 42.7981 39.1643 9.69014
45.2207 36.3709 34.3192 48.6714 0 16.554 16.9577 0 127 81.8066 1 0
0 0 0 0 0 0 16 16 0 0 0 0 0 0 127 51 0;
egregore_data 0 0 127 0 0 127 0 0 0 0 0 0 0 0 0 127 38 0 127 0 0 0
0 0 0 0 0 0 0 100 0 0 127 127 78 0 93 90 127 0 19 127 127 0 0 0 70
0 0 0 127 127 34 0 72.8685 39.9484 38.061 51.277 42.7981 39.1643 9.69014
45.2207 36.3709 34.3192 48.6714 0 16.554 16.9577 0 127 81.8066 1 0
0 0 0 0 0 0 16 16 0 0 0 0 0 0 127 51 0;
egregore_data 0 0 127 0 0 127 0 0 0 0 0 0 0 0 0 127 38 0 127 0 0 0
0 0 0 0 0 0 0 100 0 0 127 127 78 0 93 90 127 0 19 127 127 0 0 0 70
0 0 0 127 127 34 0 72.8685 39.9484 38.061 51.277 42.7981 39.1643 9.69014
45.2207 36.3709 34.3192 48.6714 0 16.554 16.9577 0 127 81.8066 1 0
0 0 0 0 0 0 16 16 0 0 0 0 0 0 127 51 0;
egregore_data 0 0 127 0 0 127 0 0 0 0 0 0 0 0 0 127 38 0 127 0 0 0
0 0 0 0 0 0 0 100 0 0 127 127 78 0 93 90 127 0 19 127 127 0 0 0 70
0 0 0 127 127 34 0 72.8685 39.9484 38.061 51.277 42.7981 39.1643 9.69014
45.2207 36.3709 34.3192 48.6714 0 16.554 16.9577 0 127 81.8066 1 0
0 0 0 0 0 0 16 16 0 0 0 0 0 0 127 51 0;
egregore_data 0 0 127 0 0 127 0 0 0 0 0 0 0 0 0 127 38 0 127 0 0 0
0 0 0 0 0 0 0 100 0 0 127 127 78 0 93 90 127 0 19 127 127 0 0 0 70
0 0 0 127 127 34 0 72.8685 39.9484 38.061 51.277 42.7981 39.1643 9.69014
45.2207 36.3709 34.3192 48.6714 0 16.554 16.9577 0 127 81.8066 1 0
0 0 0 0 0 0 16 16 0 0 0 0 0 0 127 51 0;
egregore_data 0 0 127 0 0 127 0 0 0 0 0 0 0 0 0 127 38 0 127 0 0 0
0 0 0 0 0 0 0 100 0 0 127 127 78 0 93 90 127 0 19 127 127 0 0 0 70
0 0 0 127 127 34 0 72.8685 39.9484 38.061 51.277 42.7981 39.1643 9.69014
45.2207 36.3709 34.3192 48.6714 0 16.554 16.9577 0 127 81.8066 1 0
0 0 0 0 0 0 16 16 0 0 0 0 0 0 127 51 0;
egregore_data 0 0 127 0 0 127 0 0 0 0 0 0 0 0 0 127 38 0 127 0 0 0
0 0 0 0 0 0 0 100 0 0 127 127 78 0 93 90 127 0 19 127 127 0 0 0 70
0 0 0 127 127 34 0 72.8685 39.9484 38.061 51.277 42.7981 39.1643 9.69014
45.2207 36.3709 34.3192 48.6714 0 16.554 16.9577 0 127 81.8066 1 0
0 0 0 0 0 0 16 16 0 0 0 0 0 0 127 51 0;
egregore_data 0 0 127 0 0 127 0 0 0 0 0 0 0 0 0 127 38 0 127 0 0 0
0 0 0 0 0 0 0 100 0 0 127 127 78 0 93 90 127 0 19 127 127 0 0 0 70
0 0 0 127 127 34 0 72.8685 39.9484 38.061 51.277 42.7981 39.1643 9.69014
45.2207 36.3709 34.3192 48.6714 0 16.554 16.9577 0 127 81.8066 1 0
0 0 0 0 0 0 16 16 0 0 0 0 0 0 127 51 0;
egregore_data 0 0 127 0 0 127 0 0 0 0 0 0 0 0 0 127 38 0 127 0 0 0
0 0 0 0 0 0 0 100 0 0 127 127 78 0 93 90 127 0 19 127 127 0 0 0 70
0 0 0 127 127 34 0 72.8685 39.9484 38.061 51.277 42.7981 39.1643 9.69014
45.2207 36.3709 34.3192 48.6714 0 16.554 16.9577 0 127 81.8066 1 0
0 0 0 0 0 0 16 16 0 0 0 0 0 0 127 51 0;
egregore_data 0 0 127 0 0 127 0 0 0 0 0 0 0 0 0 127 38 0 127 0 0 0
0 0 0 0 0 0 0 100 0 0 127 127 78 0 93 90 127 0 19 127 127 0 0 0 70
0 0 0 127 127 34 0 72.771 39.7617 37.9579 51.6308 43.0935 39.4346 9.75701
45.5327 36.2009 34.5561 48.7243 0 16.6682 17.0748 0 127 81.8066 1 0
0 0 0 0 0 0 16 16 0 0 0 0 0 0 127 51 0;
egregore_data 0 0 127 0 0 127 0 0 0 0 0 0 0 0 0 127 38 0 127 0 0 0
0 0 0 0 0 0 0 100 0 0 127 127 78 0 93 90 127 0 19 127 127 0 0 0 70
0 0 0 127 127 34 0 72.771 39.7617 37.9579 51.6308 43.0935 39.4346 9.75701
45.5327 36.2009 34.5561 48.7243 0 16.6682 17.0748 0 127 81.8066 1 0
0 0 0 0 0 0 16 16 0 0 0 0 0 0 127 51 0;
egregore_data 0 0 127 0 0 127 0 0 0 0 0 0 0 0 0 127 38 0 127 0 0 0
0 0 0 0 0 0 0 100 0 0 127 127 78 0 93 90 127 0 19 127 127 0 0 0 70
0 0 0 127 127 34 0 72.771 39.7617 37.9579 51.6308 43.0935 39.4346 9.75701
45.5327 36.2009 34.5561 48.7243 0 16.6682 17.0748 0 127 81.8066 1 0
0 0 0 0 0 0 16 16 0 0 0 0 0 0 127 51 0;
egregore_data 0 0 127 0 0 127 0 0 0 0 0 0 0 0 0 127 38 0 127 0 0 0
0 0 0 0 0 0 0 100 0 0 127 127 78 0 93 90 127 0 19 127 127 0 0 0 70
0 0 0 127 127 34 0 72.771 39.7617 37.9579 51.6308 43.0935 39.4346 9.75701
45.5327 36.2009 34.5561 48.7243 0 16.6682 17.0748 0 127 81.8066 1 0
0 0 0 0 0 0 16 16 0 0 0 0 0 0 127 51 0;
egregore_data 0 0 127 0 0 127 0 0 0 0 0 0 0 0 0 127 38 0 127 0 0 0
0 0 0 0 0 0 0 100 0 0 127 127 78 0 93 90 127 0 19 127 127 0 0 0 70
0 0 0 127 127 34 0 72.771 39.7617 37.9579 51.6308 43.0935 39.4346 9.75701
45.5327 36.2009 34.5561 48.7243 0 16.6682 17.0748 0 127 81.8066 1 0
0 0 0 0 0 0 16 16 0 0 0 0 0 0 127 51 0;
egregore_data 0 0 127 0 0 127 0 0 0 0 0 0 0 0 0 127 38 0 127 0 0 0
0 0 0 0 0 0 0 100 0 0 127 127 78 0 93 90 127 0 19 127 127 0 0 0 70
0 0 0 127 127 34 0 72.771 39.7617 37.9579 51.6308 43.0935 39.4346 9.75701
45.5327 36.2009 34.5561 48.7243 0 16.6682 17.0748 0 127 81.8066 1 0
0 0 0 0 0 0 16 16 0 0 0 0 0 0 127 51 0;
egregore_data 0 0 127 0 0 127 0 0 0 0 0 0 0 0 0 127 38 0 127 0 0 0
0 0 0 0 0 0 0 100 0 0 127 127 78 0 93 90 127 0 19 127 127 0 0 0 70
0 0 0 127 127 34 0 72.771 39.7617 37.9579 51.6308 43.0935 39.4346 9.75701
45.5327 36.2009 34.5561 48.7243 0 16.6682 17.0748 0 127 81.8066 1 0
0 0 0 0 0 0 16 16 0 0 0 0 0 0 127 51 0;
egregore_data 0 0 127 0 0 127 0 0 0 0 0 0 0 0 0 127 38 0 127 0 0 0
0 0 0 0 0 0 0 100 0 0 127 127 78 0 93 90 127 0 19 127 127 0 0 0 70
0 0 0 127 127 34 0 72.5787 39.3935 37.7546 52.3287 43.6759 39.9676
9.88889 46.1481 35.8657 35.0231 48.8287 0 16.8935 17.3056 0 127 81.8066
1 0 0 0 0 0 0 0 16 16 0 0 0 0 0 0 127 51 0;
egregore_data 0 0 127 0 0 127 0 0 0 0 0 0 0 0 0 127 38 0 127 0 0 0
0 0 0 0 0 0 0 100 0 0 127 127 78 0 93 90 127 0 19 127 127 0 0 0 70
0 0 0 127 127 34 0 72.5787 39.3935 37.7546 52.3287 43.6759 39.9676
9.88889 46.1481 35.8657 35.0231 48.8287 0 16.8935 17.3056 0 127 81.8066
1 0 0 0 0 0 0 0 16 16 0 0 0 0 0 0 127 51 0;
egregore_data 0 0 127 0 0 127 0 0 0 0 0 0 0 0 0 127 38 0 127 0 0 0
0 0 0 0 0 0 0 100 0 0 127 127 78 0 93 90 127 0 19 127 127 0 0 0 70
0 0 0 127 127 34 0 72.5787 39.3935 37.7546 52.3287 43.6759 39.9676
9.88889 46.1481 35.8657 35.0231 48.8287 0 16.8935 17.3056 0 127 81.8066
1 0 0 0 0 0 0 0 16 16 0 0 0 0 0 0 127 51 0;
egregore_data 0 0 127 0 0 127 0 0 0 0 0 0 0 0 0 127 38 0 127 0 0 0
0 0 0 0 0 0 0 100 0 0 127 127 78 0 93 90 127 0 19 127 127 0 0 0 70
0 0 0 127 127 34 0 72.5787 39.3935 37.7546 52.3287 43.6759 39.9676
9.88889 46.1481 35.8657 35.0231 48.8287 0 16.8935 17.3056 0 127 81.8066
1 0 0 0 0 0 0 0 16 16 0 0 0 0 0 0 127 51 0;
egregore_data 0 0 127 0 0 127 0 0 0 0 0 0 0 0 0 127 38 0 127 0 0 0
0 0 0 0 0 0 0 100 0 0 127 127 78 0 93 90 127 0 19 127 127 0 0 0 70
0 0 0 127 127 34 0 72.5787 39.3935 37.7546 52.3287 43.6759 39.9676
9.88889 46.1481 35.8657 35.0231 48.8287 0 16.8935 17.3056 0 127 81.8066
1 0 0 0 0 0 0 0 16 16 0 0 0 0 0 0 127 51 0;
egregore_data 0 0 127 0 0 127 0 0 0 0 0 0 0 0 0 127 38 0 127 0 0 0
0 0 0 0 0 0 0 100 0 0 127 127 78 0 93 90 127 0 19 127 127 0 0 0 70
0 0 0 127 127 34 0 72.4839 39.212 37.6544 52.6728 43.9631 40.2304 9.95392
46.4516 35.7005 35.2535 48.8802 0 17.0046 17.4194 0 127 81.8066 1 0
0 0 0 0 0 0 16 16 0 0 0 0 0 0 127 51 0;
egregore_data 0 0 127 0 0 127 0 0 0 0 0 0 0 0 0 127 38 0 127 0 0 0
0 0 0 0 0 0 0 100 0 0 127 127 78 0 93 90 127 0 19 127 127 0 0 0 70
0 0 0 127 127 34 0 72.4839 39.212 37.6544 52.6728 43.9631 40.2304 9.95392
46.4516 35.7005 35.2535 48.8802 0 17.0046 17.4194 0 127 81.8066 1 0
0 0 0 0 0 0 16 16 0 0 0 0 0 0 127 51 0;
egregore_data 0 0 127 0 0 127 0 0 0 0 0 0 0 0 0 127 38 0 127 0 0 0
0 0 0 0 0 0 0 100 0 0 127 127 78 0 93 90 127 0 19 127 127 0 0 0 70
0 0 0 127 127 34 0 72.4839 39.212 37.6544 52.6728 43.9631 40.2304 9.95392
46.4516 35.7005 35.2535 48.8802 0 17.0046 17.4194 0 127 81.8066 1 0
0 0 0 0 0 0 16 16 0 0 0 0 0 0 127 51 0;
egregore_data 0 0 127 0 0 127 0 0 0 0 0 0 0 0 0 127 38 0 127 0 0 0
0 0 0 0 0 0 0 100 0 0 127 127 78 0 93 90 127 0 19 127 127 0 0 0 70
0 0 0 127 127 34 0 72.4839 39.212 37.6544 52.6728 43.9631 40.2304 9.95392
46.4516 35.7005 35.2535 48.8802 0 17.0046 17.4194 0 127 81.8066 1 0
0 0 0 0 0 0 16 16 0 0 0 0 0 0 127 51 0;
egregore_data 0 0 127 0 0 127 0 0 0 0 0 0 0 0 0 127 38 0 127 0 0 0
0 0 0 0 0 0 0 100 0 0 127 127 78 0 93 90 127 0 19 127 127 0 0 0 70
0 0 0 127 127 34 0 72.4839 39.212 37.6544 52.6728 43.9631 40.2304 9.95392
46.4516 35.7005 35.2535 48.8802 0 17.0046 17.4194 0 127 81.8066 1 0
0 0 0 0 0 0 16 16 0 0 0 0 0 0 127 51 0;
egregore_data 0 0 127 0 0 127 0 0 0 0 0 0 0 0 0 127 38 0 127 0 0 0
0 0 0 0 0 0 0 100 0 0 127 127 78 0 93 90 127 0 19 127 127 0 0 0 70
0 0 0 127 127 34 0 72.4839 39.212 37.6544 52.6728 43.9631 40.2304 9.95392
46.4516 35.7005 35.2535 48.8802 0 17.0046 17.4194 0 127 81.8066 1 0
0 0 0 0 0 0 16 16 0 0 0 0 0 0 127 51 0;
egregore_data 0 0 127 0 0 127 0 0 0 0 0 0 0 0 0 127 38 0 127 0 0 0
0 0 0 0 0 0 0 100 0 0 127 127 78 0 93 90 127 0 19 127 127 0 0 0 70
0 0 0 127 127 34 0 72.4839 39.212 37.6544 52.6728 43.9631 40.2304 9.95392
46.4516 35.7005 35.2535 48.8802 0 17.0046 17.4194 0 127 81.8066 1 0
0 0 0 0 0 0 16 16 0 0 0 0 0 0 127 51 0;
egregore_data 0 0 127 0 0 127 0 0 0 0 0 0 0 0 0 127 38 0 127 0 0 0
0 0 0 0 0 0 0 100 0 0 127 127 78 0 93 90 127 0 19 127 127 0 0 0 70
0 0 0 127 127 34 0 72.4839 39.212 37.6544 52.6728 43.9631 40.2304 9.95392
46.4516 35.7005 35.2535 48.8802 0 17.0046 17.4194 0 127 81.8066 1 0
0 0 0 0 0 0 16 16 0 0 0 0 0 0 127 51 0;
egregore_data 0 0 127 0 0 127 0 0 0 0 0 0 0 0 0 127 38 0 127 0 0 0
0 0 0 0 0 0 0 100 0 0 127 127 78 0 93 90 127 0 19 127 127 0 0 0 70
0 0 0 127 127 34 0 72.4839 39.212 37.6544 52.6728 43.9631 40.2304 9.95392
46.4516 35.7005 35.2535 48.8802 0 17.0046 17.4194 0 127 81.8066 1 0
0 0 0 0 0 0 16 16 0 0 0 0 0 0 127 51 0;
egregore_data 0 0 127 0 0 127 0 0 0 0 0 0 0 0 0 127 38 0 127 0 0 0
0 0 0 0 0 0 0 100 0 0 127 127 78 0 93 90 127 0 19 127 127 0 0 0 70
0 0 0 127 127 34 0 72.4839 39.212 37.6544 52.6728 43.9631 40.2304 9.95392
46.4516 35.7005 35.2535 48.8802 0 17.0046 17.4194 0 127 81.8066 1 0
0 0 0 0 0 0 16 16 0 0 0 0 0 0 127 51 0;
egregore_data 0 0 127 0 0 127 0 0 0 0 0 0 0 0 0 127 38 0 127 0 0 0
0 0 0 0 0 0 0 100 0 0 127 127 78 0 93 90 127 0 19 127 127 0 0 0 70
0 0 0 127 127 34 0 72.4839 39.212 37.6544 52.6728 43.9631 40.2304 9.95392
46.4516 35.7005 35.2535 48.8802 0 17.0046 17.4194 0 127 81.8066 1 0
0 0 0 0 0 0 16 16 0 0 0 0 0 0 127 51 0;
egregore_data 0 0 127 0 0 127 0 0 0 0 0 0 0 0 0 127 38 0 127 0 0 0
0 0 0 0 0 0 0 100 0 0 127 127 78 0 93 90 127 0 19 127 127 0 0 0 70
0 0 0 127 127 34 0 72.4839 39.212 37.6544 52.6728 43.9631 40.2304 9.95392
46.4516 35.7005 35.2535 48.8802 0 17.0046 17.4194 0 127 81.8066 1 0
0 0 0 0 0 0 16 16 0 0 0 0 0 0 127 51 0;
egregore_data 0 0 127 0 0 127 0 0 0 0 0 0 0 0 0 127 38 0 127 0 0 0
0 0 0 0 0 0 0 100 0 0 127 127 78 0 93 90 127 0 19 127 127 0 0 0 70
0 0 0 127 127 34 0 72.4839 39.212 37.6544 52.6728 43.9631 40.2304 9.95392
46.4516 35.7005 35.2535 48.8802 0 17.0046 17.4194 0 127 81.8066 1 0
0 0 0 0 0 0 16 16 0 0 0 0 0 0 127 51 0;
egregore_data 0 0 127 0 0 127 0 0 0 0 0 0 0 0 0 127 38 0 127 0 0 0
0 0 0 0 0 0 0 100 0 0 127 127 78 0 93 90 127 0 19 127 127 0 0 0 70
0 0 0 127 127 34 0 72.4839 39.212 37.6544 52.6728 43.9631 40.2304 9.95392
46.4516 35.7005 35.2535 48.8802 0 17.0046 17.4194 0 127 81.8066 1 0
0 0 0 0 0 0 16 16 0 0 0 0 0 0 127 51 0;
egregore_data 0 0 127 0 0 127 0 0 0 0 0 0 0 0 0 127 38 0 127 0 0 0
0 0 0 0 0 0 0 100 0 0 127 127 78 0 93 90 127 0 19 127 127 0 0 0 70
0 0 0 127 127 34 0 72.4839 39.212 37.6544 52.6728 43.9631 40.2304 9.95392
46.4516 35.7005 35.2535 48.8802 0 17.0046 17.4194 0 127 81.8066 1 0
0 0 0 0 0 0 16 16 0 0 0 0 0 0 127 51 0;
egregore_data 0 0 127 0 0 127 0 0 0 0 0 0 0 0 0 127 38 0 127 0 0 0
0 0 0 0 0 0 0 100 0 0 127 127 78 0 93 90 127 0 19 127 127 0 0 0 70
0 0 0 127 127 34 0 72.4839 39.212 37.6544 52.6728 43.9631 40.2304 9.95392
46.4516 35.7005 35.2535 48.8802 0 17.0046 17.4194 0 127 81.8066 1 0
0 0 0 0 0 0 16 16 0 0 0 0 0 0 127 51 0;
egregore_data 0 0 127 0 0 127 0 0 0 0 0 0 0 0 0 127 38 0 127 0 0 0
0 0 0 0 0 0 0 100 0 0 127 127 78 0 93 90 127 0 19 127 127 0 0 0 70
0 0 0 127 127 34 0 72.4839 39.212 37.6544 52.6728 43.9631 40.2304 9.95392
46.4516 35.7005 35.2535 48.8802 0 17.0046 17.4194 0 127 81.8066 1 0
0 0 0 0 0 0 16 16 0 0 0 0 0 0 127 51 0;
egregore_data 0 0 127 0 0 127 0 0 0 0 0 0 0 0 0 127 38 0 127 0 0 0
0 0 0 0 0 0 0 100 0 0 127 127 78 0 93 90 127 0 19 127 127 0 0 0 70
0 0 0 127 127 34 0 72.4839 39.212 37.6544 52.6728 43.9631 40.2304 9.95392
46.4516 35.7005 35.2535 48.8802 0 17.0046 17.4194 0 127 81.8066 1 0
0 0 0 0 0 0 16 16 0 0 0 0 0 0 127 51 0;
egregore_data 0 0 127 0 0 127 0 0 0 0 0 0 0 0 0 127 38 0 127 0 0 0
0 0 0 0 0 0 0 100 0 0 127 127 78 0 93 90 127 0 19 127 127 0 0 0 70
0 0 0 127 127 34 0 72.4839 39.212 37.6544 52.6728 43.9631 40.2304 9.95392
46.4516 35.7005 35.2535 48.8802 0 17.0046 17.4194 0 127 81.8066 1 0
0 0 0 0 0 0 16 16 0 0 0 0 0 0 127 51 0;
egregore_data 0 0 127 0 0 127 0 0 0 0 0 0 0 0 0 127 38 0 127 0 0 0
0 0 0 0 0 0 0 100 0 0 127 127 78 0 93 90 127 0 19 127 127 0 0 0 70
0 0 0 127 127 34 0 72.4839 39.212 37.6544 52.6728 43.9631 40.2304 9.95392
46.4516 35.7005 35.2535 48.8802 0 17.0046 17.4194 0 127 81.8066 1 0
0 0 0 0 0 0 16 16 0 0 0 0 0 0 127 51 0;
egregore_data 0 0 127 0 0 127 0 0 0 0 0 0 0 0 0 127 38 0 127 0 0 0
0 0 0 0 0 0 0 100 0 0 127 127 78 0 93 90 127 0 19 127 127 0 0 0 70
0 0 0 127 127 34 0 72.4839 39.212 37.6544 52.6728 43.9631 40.2304 9.95392
46.4516 35.7005 35.2535 48.8802 0 17.0046 17.4194 0 127 81.8066 1 0
0 0 0 0 0 0 16 16 0 0 0 0 0 0 127 51 0;
egregore_data 0 0 127 0 0 127 0 0 0 0 0 0 0 0 0 127 38 0 127 0 0 0
0 0 0 0 0 0 0 100 0 0 127 127 78 0 93 90 127 0 19 127 127 0 0 0 70
0 0 0 127 127 34 0 72.4839 39.212 37.6544 52.6728 43.9631 40.2304 9.95392
46.4516 35.7005 35.2535 48.8802 0 17.0046 17.4194 0 127 81.8066 1 0
0 0 0 0 0 0 16 16 0 0 0 0 0 0 127 51 0;
egregore_data 0 0 127 0 0 127 0 0 0 0 0 0 0 0 0 127 38 0 127 0 0 0
0 0 0 0 0 0 0 100 0 0 127 127 78 0 93 90 127 0 19 127 127 0 0 0 70
0 0 0 127 127 34 0 72.4839 39.212 37.6544 52.6728 43.9631 40.2304 9.95392
46.4516 35.7005 35.2535 48.8802 0 17.0046 17.4194 0 127 81.8066 1 0
0 0 0 0 0 0 16 16 0 0 0 0 0 0 127 51 0;
egregore_data 0 0 127 0 0 127 0 0 0 0 0 0 0 0 0 127 38 0 127 0 0 0
0 0 0 0 0 0 0 100 0 0 127 127 78 0 93 90 127 0 19 127 127 0 0 0 70
0 0 0 127 127 34 0 72.4839 39.212 37.6544 52.6728 43.9631 40.2304 9.95392
46.4516 35.7005 35.2535 48.8802 0 17.0046 17.4194 0 127 81.8066 1 0
0 0 0 0 0 0 16 16 0 0 0 0 0 0 127 51 0;
egregore_data 0 0 127 0 0 127 0 0 0 0 0 0 0 0 0 127 38 0 127 0 0 0
0 0 0 0 0 0 0 100 0 0 127 127 78 0 93 90 127 0 19 127 127 0 0 0 70
0 0 0 127 127 34 0 72.4839 39.212 37.6544 52.6728 43.9631 40.2304 9.95392
46.4516 35.7005 35.2535 48.8802 0 17.0046 17.4194 0 127 81.8066 1 0
0 0 0 0 0 0 16 16 0 0 0 0 0 0 127 51 0;
egregore_data 0 0 127 0 0 127 0 0 0 0 0 0 0 0 0 127 38 0 127 0 0 0
0 0 0 0 0 0 0 100 0 0 127 127 78 0 93 90 127 0 19 127 127 0 0 0 70
0 0 0 127 127 34 0 72.4839 39.212 37.6544 52.6728 43.9631 40.2304 9.95392
46.4516 35.7005 35.2535 48.8802 0 17.0046 17.4194 0 127 81.8066 1 0
0 0 0 0 0 0 16 16 0 0 0 0 0 0 127 51 0;
egregore_data 0 0 127 0 0 127 0 0 0 0 0 0 0 0 0 127 38 0 127 0 0 0
0 0 0 0 0 0 0 100 0 0 127 127 78 0 93 90 127 0 19 127 127 0 0 0 70
0 0 0 127 127 34 0 72.4839 39.212 37.6544 52.6728 43.9631 40.2304 9.95392
46.4516 35.7005 35.2535 48.8802 0 17.0046 17.4194 0 127 81.8066 1 0
0 0 0 0 0 0 16 16 0 0 0 0 0 0 127 51 0;
egregore_data 0 0 127 0 0 127 0 0 0 0 0 0 0 0 0 127 38 0 127 0 0 0
0 0 0 0 0 0 0 100 0 0 127 127 78 0 93 90 127 0 19 127 127 0 0 0 70
0 0 0 127 127 34 0 72.4839 39.212 37.6544 52.6728 43.9631 40.2304 9.95392
46.4516 35.7005 35.2535 48.8802 0 17.0046 17.4194 0 127 81.8066 1 0
0 0 0 0 0 0 16 16 0 0 0 0 0 0 127 51 0;
egregore_data 0 0 127 0 0 127 0 0 0 0 0 0 0 0 0 127 38 0 127 0 0 0
0 0 0 0 0 0 0 100 0 0 127 127 78 0 93 90 127 0 19 127 127 0 0 0 70
0 0 0 127 127 34 0 72.4839 39.212 37.6544 52.6728 43.9631 40.2304 9.95392
46.4516 35.7005 35.2535 48.8802 0 17.0046 17.4194 0 127 81.8066 1 0
0 0 0 0 0 0 16 16 0 0 0 0 0 0 127 51 0;
egregore_data 0 0 127 0 0 127 0 0 0 0 0 0 0 0 0 127 38 0 127 0 0 0
0 0 0 0 0 0 0 100 0 0 127 127 78 0 93 90 127 0 19 127 127 0 0 0 70
0 0 0 127 127 34 0 72.3899 39.0321 37.555 53.0138 44.2477 40.4908 10.0183
46.7523 35.5367 35.4817 48.9312 0 17.1147 17.5321 0 127 81.8066 1 0
0 0 0 0 0 0 16 16 0 0 0 0 0 0 127 51 0;
egregore_data 0 0 127 0 0 127 0 0 0 0 0 0 0 0 0 127 38 0 127 0 0 0
0 0 0 0 0 0 0 100 0 0 127 127 78 0 93 90 127 0 19 127 127 0 0 0 70
0 0 0 127 127 34 0 72.3899 39.0321 37.555 53.0138 44.2477 40.4908 10.0183
46.7523 35.5367 35.4817 48.9312 0 17.1147 17.5321 0 127 81.8066 1 0
0 0 0 0 0 0 16 16 0 0 0 0 0 0 127 51 0;
egregore_data 0 0 127 0 0 127 0 0 0 0 0 0 0 0 0 127 38 0 127 0 0 0
0 0 0 0 0 0 0 100 0 0 127 127 78 0 93 90 127 0 19 127 127 0 0 0 70
0 0 0 127 127 34 0 72.2968 38.8539 37.4566 53.3516 44.5297 40.7489
10.0822 47.0502 35.3744 35.7078 48.9817 0 17.2237 17.6438 0 127 81.8066
1 0 0 0 0 0 0 0 16 16 0 0 0 0 0 0 127 51 0;
egregore_data 0 0 127 0 0 127 0 0 0 0 0 0 0 0 0 127 38 0 127 0 0 0
0 0 0 0 0 0 0 100 0 0 127 127 78 0 93 90 127 0 19 127 127 0 0 0 70
0 0 0 127 127 34 0 72.2968 38.8539 37.4566 53.3516 44.5297 40.7489
10.0822 47.0502 35.3744 35.7078 48.9817 0 17.2237 17.6438 0 127 81.8066
1 0 0 0 0 0 0 0 16 16 0 0 0 0 0 0 127 51 0;
egregore_data 0 0 127 0 0 127 0 0 0 0 0 0 0 0 0 127 38 0 127 0 0 0
0 0 0 0 0 0 0 100 0 0 127 127 78 0 93 90 127 0 19 127 127 0 0 0 70
0 0 0 127 127 34 0 72.2968 38.8539 37.4566 53.3516 44.5297 40.7489
10.0822 47.0502 35.3744 35.7078 48.9817 0 17.2237 17.6438 0 127 81.8066
1 0 0 0 0 0 0 0 16 16 0 0 0 0 0 0 127 51 0;
egregore_data 0 0 127 0 0 127 0 0 0 0 0 0 0 0 0 127 38 0 127 0 0 0
0 0 0 0 0 0 0 100 0 0 127 127 78 0 93 90 127 0 19 127 127 0 0 0 70
0 0 0 127 127 34 0 72.2968 38.8539 37.4566 53.3516 44.5297 40.7489
10.0822 47.0502 35.3744 35.7078 48.9817 0 17.2237 17.6438 0 127 81.8066
1 0 0 0 0 0 0 0 16 16 0 0 0 0 0 0 127 51 0;
egregore_data 0 0 127 0 0 127 0 0 0 0 0 0 0 0 0 127 38 0 127 0 0 0
0 0 0 0 0 0 0 100 0 0 127 127 78 0 93 90 127 0 19 127 127 0 0 0 70
0 0 0 127 127 34 0 72.2968 38.8539 37.4566 53.3516 44.5297 40.7489
10.0822 47.0502 35.3744 35.7078 48.9817 0 17.2237 17.6438 0 127 81.8066
1 0 0 0 0 0 0 0 16 16 0 0 0 0 0 0 127 51 0;
egregore_data 0 0 127 0 0 127 0 0 0 0 0 0 0 0 0 127 38 0 127 0 0 0
0 0 0 0 0 0 0 100 0 0 127 127 78 0 93 90 127 0 19 127 127 0 0 0 70
0 0 0 127 127 34 0 72.2968 38.8539 37.4566 53.3516 44.5297 40.7489
10.0822 47.0502 35.3744 35.7078 48.9817 0 17.2237 17.6438 0 127 81.8066
1 0 0 0 0 0 0 0 16 16 0 0 0 0 0 0 127 51 0;
egregore_data 0 0 127 0 0 127 0 0 0 0 0 0 0 0 0 127 38 0 127 0 0 0
0 0 0 0 0 0 0 100 0 0 127 127 78 0 93 90 127 0 19 127 127 0 0 0 70
0 0 0 127 127 34 0 72.2968 38.8539 37.4566 53.3516 44.5297 40.7489
10.0822 47.0502 35.3744 35.7078 48.9817 0 17.2237 17.6438 0 127 81.8066
1 0 0 0 0 0 0 0 16 16 0 0 0 0 0 0 127 51 0;
egregore_data 0 0 127 0 0 127 0 0 0 0 0 0 0 0 0 127 38 0 127 0 0 0
0 0 0 0 0 0 0 100 0 0 127 127 78 0 93 90 127 0 19 127 127 0 0 0 70
0 0 0 127 127 34 0 72.2968 38.8539 37.4566 53.3516 44.5297 40.7489
10.0822 47.0502 35.3744 35.7078 48.9817 0 17.2237 17.6438 0 127 81.8066
1 0 0 0 0 0 0 0 16 16 0 0 0 0 0 0 127 51 0;
egregore_data 0 0 127 0 0 127 0 0 0 0 0 0 0 0 0 127 38 0 127 0 0 0
0 0 0 0 0 0 0 100 0 0 127 127 78 0 93 90 127 0 19 127 127 0 0 0 70
0 0 0 127 127 34 0 72.2968 38.8539 37.4566 53.3516 44.5297 40.7489
10.0822 47.0502 35.3744 35.7078 48.9817 0 17.2237 17.6438 0 127 81.8066
1 0 0 0 0 0 0 0 16 16 0 0 0 0 0 0 127 51 0;
egregore_data 0 0 127 0 0 127 0 0 0 0 0 0 0 0 0 127 38 0 127 0 0 0
0 0 0 0 0 0 0 100 0 0 127 127 78 0 93 90 127 0 19 127 127 0 0 0 70
0 0 0 127 127 34 0 72.2968 38.8539 37.4566 53.3516 44.5297 40.7489
10.0822 47.0502 35.3744 35.7078 48.9817 0 17.2237 17.6438 0 127 81.8066
1 0 0 0 0 0 0 0 16 16 0 0 0 0 0 0 127 51 0;
egregore_data 0 0 127 0 0 127 0 0 0 0 0 0 0 0 0 127 38 0 127 0 0 0
0 0 0 0 0 0 0 100 0 0 127 127 78 0 93 90 127 0 19 127 127 0 0 0 70
0 0 0 127 127 34 0 72.2045 38.6773 37.3591 53.6864 44.8091 41.0045
10.1455 47.3455 35.2136 35.9318 49.0318 0 17.3318 17.7545 0 127 81.8066
1 0 0 0 0 0 0 0 16 16 0 0 0 0 0 0 127 51 0;
egregore_data 0 0 127 0 0 127 0 0 0 0 0 0 0 0 0 127 38 0 127 0 0 0
0 0 0 0 0 0 0 100 0 0 127 127 78 0 93 90 127 0 19 127 127 0 0 0 70
0 0 0 127 127 34 0 72.2045 38.6773 37.3591 53.6864 44.8091 41.0045
10.1455 47.3455 35.2136 35.9318 49.0318 0 17.3318 17.7545 0 127 81.8066
1 0 0 0 0 0 0 0 16 16 0 0 0 0 0 0 127 51 0;
egregore_data 0 0 127 0 0 127 0 0 0 0 0 0 0 0 0 127 38 0 127 0 0 0
0 0 0 0 0 0 0 100 0 0 127 127 78 0 93 90 127 0 19 127 127 0 0 0 70
0 0 0 127 127 34 0 72.1131 38.5023 37.2624 54.0181 45.086 41.2579 10.2081
47.638 35.0543 36.1538 49.0815 0 17.4389 17.8643 0 127 81.8066 1 0
0 0 0 0 0 0 16 16 0 0 0 0 0 0 127 51 0;
egregore_data 0 0 127 0 0 127 0 0 0 0 0 0 0 0 0 127 38 0 127 0 0 0
0 0 0 0 0 0 0 100 0 0 127 127 78 0 93 90 127 0 19 127 127 0 0 0 70
0 0 0 127 127 34 0 72.1131 38.5023 37.2624 54.0181 45.086 41.2579 10.2081
47.638 35.0543 36.1538 49.0815 0 17.4389 17.8643 0 127 81.8066 1 0
0 0 0 0 0 0 16 16 0 0 0 0 0 0 127 51 0;
egregore_data 0 0 127 0 0 127 0 0 0 0 0 0 0 0 0 127 38 0 127 0 0 0
0 0 0 0 0 0 0 100 0 0 127 127 78 0 93 90 127 0 19 127 127 0 0 0 70
0 0 0 127 127 34 0 72.1131 38.5023 37.2624 54.0181 45.086 41.2579 10.2081
47.638 35.0543 36.1538 49.0815 0 17.4389 17.8643 0 127 81.8066 1 0
0 0 0 0 0 0 16 16 0 0 0 0 0 0 127 51 0;
egregore_data 0 0 127 0 0 127 0 0 0 0 0 0 0 0 0 127 38 0 127 0 0 0
0 0 0 0 0 0 0 100 0 0 127 127 78 0 93 90 127 0 19 127 127 0 0 0 70
0 0 0 127 127 34 0 72.1131 38.5023 37.2624 54.0181 45.086 41.2579 10.2081
47.638 35.0543 36.1538 49.0815 0 17.4389 17.8643 0 127 81.8066 1 0
0 0 0 0 0 0 16 16 0 0 0 0 0 0 127 51 0;
egregore_data 0 0 127 0 0 127 0 0 0 0 0 0 0 0 0 127 38 0 127 0 0 0
0 0 0 0 0 0 0 100 0 0 127 127 78 0 93 90 127 0 19 127 127 0 0 0 70
0 0 0 127 127 34 0 72.0089 38.375 37.2098 54.6786 45.9771 41.5714 10.8527
48 34.8259 36.9955 48.9714 0 17.5714 18.1741 0.0178571 127 81.8066
1 0 0 0 0 0 0 0 16 16 0 0 0 0 0 0 127 51 0;
egregore_data 0 0 127 0 0 127 0 0 0 0 0 0 0 0 0 127 38 0 127 0 0 0
0 0 0 0 0 0 0 100 0 0 127 127 78 0 93 90 127 0 19 127 127 0 0 0 70
0 0 0 127 127 34 0 72.0089 38.375 37.2098 54.6786 45.9771 41.5714 10.8527
48 34.8259 36.9955 48.9714 0 17.5714 18.1741 0.0178571 127 81.8066
1 0 0 0 0 0 0 0 16 16 0 0 0 0 0 0 127 51 0;
egregore_data 0 0 127 0 0 127 0 0 0 0 0 0 0 0 0 127 38 0 127 0 0 0
0 0 0 0 0 0 0 100 0 0 127 127 78 0 93 90 127 0 19 127 127 0 0 0 70
0 0 0 127 127 34 0 72.0844 38.5911 37.3467 54.6844 46.3188 41.3867
11.3689 47.7867 34.9111 37.3956 48.7653 0 17.4933 18.2667 0.0355556
127 81.8066 1 0 0 0 0 0 0 0 16 16 0 0 0 0 0 0 127 51 0;
egregore_data 0 0 127 0 0 127 0 0 0 0 0 0 0 0 0 127 38 0 127 0 0 0
0 0 0 0 0 0 0 100 0 0 127 127 78 0 93 90 127 0 19 127 127 0 0 0 70
0 0 0 127 127 34 0 72.0705 38.6344 37.3877 55.0088 46.919 41.4493 11.9339
47.859 34.8414 38 48.6115 0 17.5198 18.4626 0.0528634 127 81.8066 1
0 0 0 0 0 0 0 16 16 0 0 0 0 0 0 127 51 0;
egregore_data 0 0 127 0 0 127 0 0 0 0 0 0 0 0 0 127 38 0 127 0 0 0
0 0 0 0 0 0 0 100 0 0 127 127 78 0 93 90 127 0 19 127 127 0 0 0 70
0 0 0 127 127 34 0 72.0705 38.6344 37.3877 55.0088 46.919 41.4493 11.9339
47.859 34.8414 38 48.6115 0 17.5198 18.4626 0.0528634 127 81.8066 1
0 0 0 0 0 0 0 16 16 0 0 0 0 0 0 127 51 0;
egregore_data 0 0 127 0 0 127 0 0 0 0 0 0 0 0 0 127 38 0 127 0 0 0
0 0 0 0 0 0 0 100 0 0 127 127 78 0 93 90 127 0 19 127 127 0 0 0 70
0 0 0 127 127 34 0 72.0705 38.6344 37.3877 55.0088 46.919 41.4493 11.9339
47.859 34.8414 38 48.6115 0 17.5198 18.4626 0.0528634 127 81.8066 1
0 0 0 0 0 0 0 16 16 0 0 0 0 0 0 127 51 0;
egregore_data 0 0 127 0 0 127 0 0 0 0 0 0 0 0 0 127 38 0 127 0 0 0
0 0 0 0 0 0 0 100 0 0 127 127 78 0 93 90 127 0 19 127 127 0 0 0 70
0 0 0 127 127 34 0 72.0705 38.6344 37.3877 55.0088 46.919 41.4493 11.9339
47.859 34.8414 38 48.6115 0 17.5198 18.4626 0.0528634 127 81.8066 1
0 0 0 0 0 0 0 16 16 0 0 0 0 0 0 127 51 0;
egregore_data 0 0 127 0 0 127 0 0 0 0 0 0 0 0 0 127 38 0 127 0 0 0
0 0 0 0 0 0 0 100 0 0 127 127 78 0 93 90 127 0 19 127 127 0 0 0 70
0 0 0 127 127 34 0 72.0705 38.6344 37.3877 55.0088 46.919 41.4493 11.9339
47.859 34.8414 38 48.6115 0 17.5198 18.4626 0.0528634 127 81.8066 1
0 0 0 0 0 0 0 16 16 0 0 0 0 0 0 127 51 0;
egregore_data 0 0 127 0 0 127 0 0 0 0 0 0 0 0 0 127 38 0 127 0 0 0
0 0 0 0 0 0 0 100 0 0 127 127 78 0 93 90 127 0 19 127 127 0 0 0 70
0 0 0 127 127 34 0 71.9825 38.4649 37.2939 55.3246 47.1781 41.693 11.9868
48.1404 34.6886 38.2061 48.6614 0 17.6228 18.5658 0.0526316 127 81.8066
1 0 0 0 0 0 0 0 16 16 0 0 0 0 0 0 127 51 0;
egregore_data 0 0 127 0 0 127 0 0 0 0 0 0 0 0 0 127 38 0 127 0 0 0
0 0 0 0 0 0 0 100 0 0 127 127 78 0 93 90 127 0 19 127 127 0 0 0 70
0 0 0 127 127 34 0 71.9825 38.4649 37.2939 55.3246 47.1781 41.693 11.9868
48.1404 34.6886 38.2061 48.6614 0 17.6228 18.5658 0.0526316 127 81.8066
1 0 0 0 0 0 0 0 16 16 0 0 0 0 0 0 127 51 0;
egregore_data 0 0 127 0 0 127 0 0 0 0 0 0 0 0 0 127 38 0 127 0 0 0
0 0 0 0 0 0 0 100 0 0 127 127 78 0 93 90 127 0 19 127 127 0 0 0 70
0 0 0 127 127 34 0 71.9825 38.4649 37.2939 55.3246 47.1781 41.693 11.9868
48.1404 34.6886 38.2061 48.6614 0 17.6228 18.5658 0.0526316 127 81.8066
1 0 0 0 0 0 0 0 16 16 0 0 0 0 0 0 127 51 0;
egregore_data 0 0 127 0 0 127 0 0 0 0 0 0 0 0 0 127 38 0 127 0 0 0
0 0 0 0 0 0 0 100 0 0 127 127 78 0 93 90 127 0 19 127 127 0 0 0 70
0 0 0 127 127 34 0 71.8952 38.2969 37.2009 55.6376 47.435 41.9345 12.0393
48.4192 34.5371 38.4105 48.7109 0 17.7249 18.6681 0.0524017 127 81.8066
1 0 0 0 0 0 0 0 16 16 0 0 0 0 0 0 127 51 0;
egregore_data 0 0 127 0 0 127 0 0 0 0 0 0 0 0 0 127 38 0 127 0 0 0
0 0 0 0 0 0 0 100 0 0 127 127 78 0 93 90 127 0 19 127 127 0 0 0 70
0 0 0 127 127 34 0 71.8952 38.2969 37.2009 55.6376 47.435 41.9345 12.0393
48.4192 34.5371 38.4105 48.7109 0 17.7249 18.6681 0.0524017 127 81.8066
1 0 0 0 0 0 0 0 16 16 0 0 0 0 0 0 127 51 0;
egregore_data 0 0 127 0 0 127 0 0 0 0 0 0 0 0 0 127 38 0 127 0 0 0
0 0 0 0 0 0 0 100 0 0 127 127 78 0 93 90 127 0 19 127 127 0 0 0 70
0 0 0 127 127 34 0 71.8952 38.2969 37.2009 55.6376 47.435 41.9345 12.0393
48.4192 34.5371 38.4105 48.7109 0 17.7249 18.6681 0.0524017 127 81.8066
1 0 0 0 0 0 0 0 16 16 0 0 0 0 0 0 127 51 0;
END;
