HTTP/1.1 200 OK
Date: Thu, 28 May 2015 12:25:43 GMT
Server: Apache
Last-Modified: Wed, 27 May 2015 19:34:22 GMT
Accept-Ranges: bytes
Content-Length: 29519
Vary: Accept-Encoding
Connection: close
Content-Type: text/plain

chdh_egregore_live_data;
egregore_data 0 0 127 0 0 127 0 0 0 0 0 0 0 0 0 127 38 0 127 0 0 0
0 0 0 0 0 0 0 100 0 0 127 127 78 0 93 90 127 0 19 127 127 0 0 0 70
0 0 0 127 127 34 0 115.971 94.0652 16 10.1232 88.3478 0 1.91304 105.493
28.1232 67 90.1667 0 0 30.0362 0 127 46.3567 1 0 0 0 0 0 0 0 16 16
0 0 0 0 0 0 127 51 0;
egregore_data 0 0 127 0 0 127 0 0 0 0 0 0 0 0 0 127 38 0 127 0 0 0
0 0 0 0 0 0 0 100 0 0 127 127 78 0 93 90 127 0 19 127 127 0 0 0 70
0 0 0 127 127 34 0 115.971 94.0652 16 10.1232 88.3478 0 1.91304 105.493
28.1232 67 90.1667 0 0 30.0362 0 127 46.3567 1 0 0 0 0 0 0 0 16 16
0 0 0 0 0 0 127 51 0;
egregore_data 0 0 127 0 0 127 0 0 0 0 0 0 0 0 0 127 38 0 127 0 0 0
0 0 0 0 0 0 0 100 0 0 127 127 78 0 93 90 127 0 19 127 127 0 0 0 70
0 0 0 127 127 34 0 115.971 94.0652 16 10.1232 88.3478 0 1.91304 105.493
28.1232 67 90.1667 0 0 30.0362 0 127 46.3567 1 0 0 0 0 0 0 0 16 16
0 0 0 0 0 0 127 51 0;
egregore_data 0 0 127 0 0 127 0 0 0 0 0 0 0 0 0 127 38 0 127 0 0 0
0 0 0 0 0 0 0 100 0 0 127 127 78 0 93 90 127 0 19 127 127 0 0 0 70
0 0 0 127 127 34 0 115.971 94.0652 16 10.1232 88.3478 0 1.91304 105.493
28.1232 67 90.1667 0 0 30.0362 0 127 46.3567 1 0 0 0 0 0 0 0 16 16
0 0 0 0 0 0 127 51 0;
egregore_data 0 0 127 0 0 127 0 0 0 0 0 0 0 0 0 127 38 0 127 0 0 0
0 0 0 0 0 0 0 100 0 0 127 127 78 0 93 90 127 0 19 127 127 0 0 0 70
0 0 0 127 127 34 0 115.971 94.0652 16 10.1232 88.3478 0 1.91304 105.493
28.1232 67 90.1667 0 0 30.0362 0 127 46.3567 1 0 0 0 0 0 0 0 16 16
0 0 0 0 0 0 127 51 0;
egregore_data 0 0 127 0 0 127 0 0 0 0 0 0 0 0 0 127 38 0 127 0 0 0
0 0 0 0 0 0 0 100 0 0 127 127 78 0 93 90 127 0 19 127 127 0 0 0 70
0 0 0 127 127 34 0 115.971 94.0652 16 10.1232 88.3478 0 1.91304 105.493
28.1232 67 90.1667 0 0 30.0362 0 127 46.3567 1 0 0 0 0 0 0 0 16 16
0 0 0 0 0 0 127 51 0;
egregore_data 0 0 127 0 0 127 0 0 0 0 0 0 0 0 0 127 38 0 127 0 0 0
0 0 0 0 0 0 0 100 0 0 127 127 78 0 93 90 127 0 19 127 127 0 0 0 70
0 0 0 127 127 34 0 115.971 94.0652 16 10.1232 88.3478 0 1.91304 105.493
28.1232 67 90.1667 0 0 30.0362 0 127 46.3567 1 0 0 0 0 0 0 0 16 16
0 0 0 0 0 0 127 51 0;
egregore_data 0 0 127 0 0 127 0 0 0 0 0 0 0 0 0 127 38 0 127 0 0 0
0 0 0 0 0 0 0 100 0 0 127 127 78 0 93 90 127 0 19 127 127 0 0 0 70
0 0 0 127 127 34 0 115.971 94.0652 16 10.1232 88.3478 0 1.91304 105.493
28.1232 67 90.1667 0 0 30.0362 0 127 46.3567 1 0 0 0 0 0 0 0 16 16
0 0 0 0 0 0 127 51 0;
egregore_data 0 0 127 0 0 127 0 0 0 0 0 0 0 0 0 127 38 0 127 0 0 0
0 0 0 0 0 0 0 100 0 0 127 127 78 0 93 90 127 0 19 127 127 0 0 0 70
0 0 0 127 127 34 0 115.971 94.0652 16 10.1232 88.3478 0 1.91304 105.493
28.1232 67 90.1667 0 0 30.0362 0 127 46.3567 1 0 0 0 0 0 0 0 16 16
0 0 0 0 0 0 127 51 0;
egregore_data 0 0 127 0 0 127 0 0 0 0 0 0 0 0 0 127 38 0 127 0 0 0
0 0 0 0 0 0 0 100 0 0 127 127 78 0 93 90 127 0 19 127 127 0 0 0 70
0 0 0 127 127 34 0 115.971 94.0652 16 10.1232 88.3478 0 1.91304 105.493
28.1232 67 90.1667 0 0 30.0362 0 127 46.3567 1 0 0 0 0 0 0 0 16 16
0 0 0 0 0 0 127 51 0;
egregore_data 0 0 127 0 0 127 0 0 0 0 0 0 0 0 0 127 38 0 127 0 0 0
0 0 0 0 0 0 0 100 0 0 127 127 78 0 93 90 127 0 19 127 127 0 0 0 70
0 0 0 127 127 34 0 115.971 94.0652 16 10.1232 88.3478 0 1.91304 105.493
28.1232 67 90.1667 0 0 30.0362 0 127 46.3567 1 0 0 0 0 0 0 0 16 16
0 0 0 0 0 0 127 51 0;
egregore_data 0 0 127 0 0 127 0 0 0 0 0 0 0 0 0 127 38 0 127 0 0 0
0 0 0 0 0 0 0 100 0 0 127 127 78 0 93 90 127 0 19 127 127 0 0 0 70
0 0 0 127 127 34 0 115.971 94.0652 16 10.1232 88.3478 0 1.91304 105.493
28.1232 67 90.1667 0 0 30.0362 0 127 46.3567 1 0 0 0 0 0 0 0 16 16
0 0 0 0 0 0 127 51 0;
egregore_data 0 0 127 0 0 127 0 0 0 0 0 0 0 0 0 127 38 0 127 0 0 0
0 0 0 0 0 0 0 100 0 0 127 127 78 0 93 90 127 0 19 127 127 0 0 0 70
0 0 0 127 127 34 0 115.971 94.0652 16 10.1232 88.3478 0 1.91304 105.493
28.1232 67 90.1667 0 0 30.0362 0 127 46.3567 1 0 0 0 0 0 0 0 16 16
0 0 0 0 0 0 127 51 0;
egregore_data 0 0 127 0 0 127 0 0 0 0 0 0 0 0 0 127 38 0 127 0 0 0
0 0 0 0 0 0 0 100 0 0 127 127 78 0 93 90 127 0 19 127 127 0 0 0 70
0 0 0 127 127 34 0 115.971 94.0652 16 10.1232 88.3478 0 1.91304 105.493
28.1232 67 90.1667 0 0 30.0362 0 127 46.3567 1 0 0 0 0 0 0 0 16 16
0 0 0 0 0 0 127 51 0;
egregore_data 0 0 127 0 0 127 0 0 0 0 0 0 0 0 0 127 38 0 127 0 0 0
0 0 0 0 0 0 0 100 0 0 127 127 78 0 93 90 127 0 19 127 127 0 0 0 70
0 0 0 127 127 34 0 115.971 94.0652 16 10.1232 88.3478 0 1.91304 105.493
28.1232 67 90.1667 0 0 30.0362 0 127 46.3567 1 0 0 0 0 0 0 0 16 16
0 0 0 0 0 0 127 51 0;
egregore_data 0 0 127 0 0 127 0 0 0 0 0 0 0 0 0 127 38 0 127 0 0 0
0 0 0 0 0 0 0 100 0 0 127 127 78 0 93 90 127 0 19 127 127 0 0 0 70
0 0 0 127 127 34 0 115.971 94.0652 16 10.1232 88.3478 0 1.91304 105.493
28.1232 67 90.1667 0 0 30.0362 0 127 46.3567 1 0 0 0 0 0 0 0 16 16
0 0 0 0 0 0 127 51 0;
egregore_data 0 0 127 0 0 127 0 0 0 0 0 0 0 0 0 127 38 0 127 0 0 0
0 0 0 0 0 0 0 100 0 0 127 127 78 0 93 90 127 0 19 127 127 0 0 0 70
0 0 0 127 127 34 0 115.971 94.0652 16 10.1232 88.3478 0 1.91304 105.493
28.1232 67 90.1667 0 0 30.0362 0 127 46.3567 1 0 0 0 0 0 0 0 16 16
0 0 0 0 0 0 127 51 0;
egregore_data 0 0 127 0 0 127 0 0 0 0 0 0 0 0 0 127 38 0 127 0 0 0
0 0 0 0 0 0 0 100 0 0 127 127 78 0 93 90 127 0 19 127 127 0 0 0 70
0 0 0 127 127 34 0 115.971 94.0652 16 10.1232 88.3478 0 1.91304 105.493
28.1232 67 90.1667 0 0 30.0362 0 127 46.3567 1 0 0 0 0 0 0 0 16 16
0 0 0 0 0 0 127 51 0;
egregore_data 0 0 127 0 0 127 0 0 0 0 0 0 0 0 0 127 38 0 127 0 0 0
0 0 0 0 0 0 0 100 0 0 127 127 78 0 93 90 127 0 19 127 127 0 0 0 70
0 0 0 127 127 34 0 115.971 94.0652 16 10.1232 88.3478 0 1.91304 105.493
28.1232 67 90.1667 0 0 30.0362 0 127 46.3567 1 0 0 0 0 0 0 0 16 16
0 0 0 0 0 0 127 51 0;
egregore_data 0 0 127 0 0 127 0 0 0 0 0 0 0 0 0 127 38 0 127 0 0 0
0 0 0 0 0 0 0 100 0 0 127 127 78 0 93 90 127 0 19 127 127 0 0 0 70
0 0 0 127 127 34 0 115.971 94.0652 16 10.1232 88.3478 0 1.91304 105.493
28.1232 67 90.1667 0 0 30.0362 0 127 46.3567 1 0 0 0 0 0 0 0 16 16
0 0 0 0 0 0 127 51 0;
egregore_data 0 0 127 0 0 127 0 0 0 0 0 0 0 0 0 127 38 0 127 0 0 0
0 0 0 0 0 0 0 100 0 0 127 127 78 0 93 90 127 0 19 127 127 0 0 0 70
0 0 0 127 127 34 0 115.971 94.0652 16 10.1232 88.3478 0 1.91304 105.493
28.1232 67 90.1667 0 0 30.0362 0 127 46.3567 1 0 0 0 0 0 0 0 16 16
0 0 0 0 0 0 127 51 0;
egregore_data 0 0 127 0 0 127 0 0 0 0 0 0 0 0 0 127 38 0 127 0 0 0
0 0 0 0 0 0 0 100 0 0 127 127 78 0 93 90 127 0 19 127 127 0 0 0 70
0 0 0 127 127 34 0 115.971 94.0652 16 10.1232 88.3478 0 1.91304 105.493
28.1232 67 90.1667 0 0 30.0362 0 127 46.3567 1 0 0 0 0 0 0 0 16 16
0 0 0 0 0 0 127 51 0;
egregore_data 0 0 127 0 0 127 0 0 0 0 0 0 0 0 0 127 38 0 127 0 0 0
0 0 0 0 0 0 0 100 0 0 127 127 78 0 93 90 127 0 19 127 127 0 0 0 70
0 0 0 127 127 34 0 115.971 94.0652 16 10.1232 88.3478 0 1.91304 105.493
28.1232 67 90.1667 0 0 30.0362 0 127 46.3567 1 0 0 0 0 0 0 0 16 16
0 0 0 0 0 0 127 51 0;
egregore_data 0 0 127 0 0 127 0 0 0 0 0 0 0 0 0 127 38 0 127 0 0 0
0 0 0 0 0 0 0 100 0 0 127 127 78 0 93 90 127 0 19 127 127 0 0 0 70
0 0 0 127 127 34 0 115.971 94.0652 16 10.1232 88.3478 0 1.91304 105.493
28.1232 67 90.1667 0 0 30.0362 0 127 46.3567 1 0 0 0 0 0 0 0 16 16
0 0 0 0 0 0 127 51 0;
egregore_data 0 0 127 0 0 127 0 0 0 0 0 0 0 0 0 127 38 0 127 0 0 0
0 0 0 0 0 0 0 100 0 0 127 127 78 0 93 90 127 0 19 127 127 0 0 0 70
0 0 0 127 127 34 0 115.971 94.0652 16 10.1232 88.3478 0 1.91304 105.493
28.1232 67 90.1667 0 0 30.0362 0 127 46.3567 1 0 0 0 0 0 0 0 16 16
0 0 0 0 0 0 127 51 0;
egregore_data 0 0 127 0 0 127 0 0 0 0 0 0 0 0 0 127 38 0 127 0 0 0
0 0 0 0 0 0 0 100 0 0 127 127 78 0 93 90 127 0 19 127 127 0 0 0 70
0 0 0 127 127 34 0 115.971 94.0652 16 10.1232 88.3478 0 1.91304 105.493
28.1232 67 90.1667 0 0 30.0362 0 127 46.3567 1 0 0 0 0 0 0 0 16 16
0 0 0 0 0 0 127 51 0;
egregore_data 0 0 127 0 0 127 0 0 0 0 0 0 0 0 0 127 38 0 127 0 0 0
0 0 0 0 0 0 0 100 0 0 127 127 78 0 93 90 127 0 19 127 127 0 0 0 70
0 0 0 127 127 34 0 115.971 94.0652 16 10.1232 88.3478 0 1.91304 105.493
28.1232 67 90.1667 0 0 30.0362 0 127 46.3567 1 0 0 0 0 0 0 0 16 16
0 0 0 0 0 0 127 51 0;
egregore_data 0 0 127 0 0 127 0 0 0 0 0 0 0 0 0 127 38 0 127 0 0 0
0 0 0 0 0 0 0 100 0 0 127 127 78 0 93 90 127 0 19 127 127 0 0 0 70
0 0 0 127 127 34 0 115.971 94.0652 16 10.1232 88.3478 0 1.91304 105.493
28.1232 67 90.1667 0 0 30.0362 0 127 46.3567 1 0 0 0 0 0 0 0 16 16
0 0 0 0 0 0 127 51 0;
egregore_data 0 0 127 0 0 127 0 0 0 0 0 0 0 0 0 127 38 0 127 0 0 0
0 0 0 0 0 0 0 100 0 0 127 127 78 0 93 90 127 0 19 127 127 0 0 0 70
0 0 0 127 127 34 0 115.971 94.0652 16 10.1232 88.3478 0 1.91304 105.493
28.1232 67 90.1667 0 0 30.0362 0 127 46.3567 1 0 0 0 0 0 0 0 16 16
0 0 0 0 0 0 127 51 0;
egregore_data 0 0 127 0 0 127 0 0 0 0 0 0 0 0 0 127 38 0 127 0 0 0
0 0 0 0 0 0 0 100 0 0 127 127 78 0 93 90 127 0 19 127 127 0 0 0 70
0 0 0 127 127 34 0 115.971 94.0652 16 10.1232 88.3478 0 1.91304 105.493
28.1232 67 90.1667 0 0 30.0362 0 127 46.3567 1 0 0 0 0 0 0 0 16 16
0 0 0 0 0 0 127 51 0;
egregore_data 0 0 127 0 0 127 0 0 0 0 0 0 0 0 0 127 38 0 127 0 0 0
0 0 0 0 0 0 0 100 0 0 127 127 78 0 93 90 127 0 19 127 127 0 0 0 70
0 0 0 127 127 34 0 115.971 94.0652 16 10.1232 88.3478 0 1.91304 105.493
28.1232 67 90.1667 0 0 30.0362 0 127 46.3567 1 0 0 0 0 0 0 0 16 16
0 0 0 0 0 0 127 51 0;
egregore_data 0 0 127 0 0 127 0 0 0 0 0 0 0 0 0 127 38 0 127 0 0 0
0 0 0 0 0 0 0 100 0 0 127 127 78 0 93 90 127 0 19 127 127 0 0 0 70
0 0 0 127 127 34 0 115.971 94.0652 16 10.1232 88.3478 0 1.91304 105.493
28.1232 67 90.1667 0 0 30.0362 0 127 46.3567 1 0 0 0 0 0 0 0 16 16
0 0 0 0 0 0 127 51 0;
egregore_data 0 0 127 0 0 127 0 0 0 0 0 0 0 0 0 127 38 0 127 0 0 0
0 0 0 0 0 0 0 100 0 0 127 127 78 0 93 90 127 0 19 127 127 0 0 0 70
0 0 0 127 127 34 0 115.971 94.0652 16 10.1232 88.3478 0 1.91304 105.493
28.1232 67 90.1667 0 0 30.0362 0 127 46.3567 1 0 0 0 0 0 0 0 16 16
0 0 0 0 0 0 127 51 0;
egregore_data 0 0 127 0 0 127 0 0 0 0 0 0 0 0 0 127 38 0 127 0 0 0
0 0 0 0 0 0 0 100 0 0 127 127 78 0 93 90 127 0 19 127 127 0 0 0 70
0 0 0 127 127 34 0 115.971 94.0652 16 10.1232 88.3478 0 1.91304 105.493
28.1232 67 90.1667 0 0 30.0362 0 127 46.3567 1 0 0 0 0 0 0 0 16 16
0 0 0 0 0 0 127 51 0;
egregore_data 0 0 127 0 0 127 0 0 0 0 0 0 0 0 0 127 38 0 127 0 0 0
0 0 0 0 0 0 0 100 0 0 127 127 78 0 93 90 127 0 19 127 127 0 0 0 70
0 0 0 127 127 34 0 115.971 94.0652 16 10.1232 88.3478 0 1.91304 105.493
28.1232 67 90.1667 0 0 30.0362 0 127 46.3567 1 0 0 0 0 0 0 0 16 16
0 0 0 0 0 0 127 51 0;
egregore_data 0 0 127 0 0 127 0 0 0 0 0 0 0 0 0 127 38 0 127 0 0 0
0 0 0 0 0 0 0 100 0 0 127 127 78 0 93 90 127 0 19 127 127 0 0 0 70
0 0 0 127 127 34 0 115.971 94.0652 16 10.1232 88.3478 0 1.91304 105.493
28.1232 67 90.1667 0 0 30.0362 0 127 46.3567 1 0 0 0 0 0 0 0 16 16
0 0 0 0 0 0 127 51 0;
egregore_data 0 0 127 0 0 127 0 0 0 0 0 0 0 0 0 127 38 0 127 0 0 0
0 0 0 0 0 0 0 100 0 0 127 127 78 0 93 90 127 0 19 127 127 0 0 0 70
0 0 0 127 127 34 0 116.226 94.6496 16 9.27007 88.9927 0 1.75182 105.788
28.1971 67 90.3212 0 0 29.9489 0 127 46.3567 1 0 0 0 0 0 0 0 16 16
0 0 0 0 0 0 127 51 0;
egregore_data 0 0 127 0 0 127 0 0 0 0 0 0 0 0 0 127 38 0 127 0 0 0
0 0 0 0 0 0 0 100 0 0 127 127 78 0 93 90 127 0 19 127 127 0 0 0 70
0 0 0 127 127 34 0 116.226 94.6496 16 9.27007 88.9927 0 1.75182 105.788
28.1971 67 90.3212 0 0 29.9489 0 127 46.3567 1 0 0 0 0 0 0 0 16 16
0 0 0 0 0 0 127 51 0;
egregore_data 0 0 127 0 0 127 0 0 0 0 0 0 0 0 0 127 38 0 127 0 0 0
0 0 0 0 0 0 0 100 0 0 127 127 78 0 93 90 127 0 19 127 127 0 0 0 70
0 0 0 127 127 34 0 116.226 94.6496 16 9.27007 88.9927 0 1.75182 105.788
28.1971 67 90.3212 0 0 29.9489 0 127 46.3567 1 0 0 0 0 0 0 0 16 16
0 0 0 0 0 0 127 51 0;
egregore_data 0 0 127 0 0 127 0 0 0 0 0 0 0 0 0 127 38 0 127 0 0 0
0 0 0 0 0 0 0 100 0 0 127 127 78 0 93 90 127 0 19 127 127 0 0 0 70
0 0 0 127 127 34 0 116.226 94.6496 16 9.27007 88.9927 0 1.75182 105.788
28.1971 67 90.3212 0 0 29.9489 0 127 46.3567 1 0 0 0 0 0 0 0 16 16
0 0 0 0 0 0 127 51 0;
egregore_data 0 0 127 0 0 127 0 0 0 0 0 0 0 0 0 127 38 0 127 0 0 0
0 0 0 0 0 0 0 100 0 0 127 127 78 0 93 90 127 0 19 127 127 0 0 0 70
0 0 0 127 127 34 0 116.226 94.6496 16 9.27007 88.9927 0 1.75182 105.788
28.1971 67 90.3212 0 0 29.9489 0 127 46.3567 1 0 0 0 0 0 0 0 16 16
0 0 0 0 0 0 127 51 0;
egregore_data 0 0 127 0 0 127 0 0 0 0 0 0 0 0 0 127 38 0 127 0 0 0
0 0 0 0 0 0 0 100 0 0 127 127 78 0 93 90 127 0 19 127 127 0 0 0 70
0 0 0 127 127 34 0 116.226 94.6496 16 9.27007 88.9927 0 1.75182 105.788
28.1971 67 90.3212 0 0 29.9489 0 127 46.3567 1 0 0 0 0 0 0 0 16 16
0 0 0 0 0 0 127 51 0;
egregore_data 0 0 127 0 0 127 0 0 0 0 0 0 0 0 0 127 38 0 127 0 0 0
0 0 0 0 0 0 0 100 0 0 127 127 78 0 93 90 127 0 19 127 127 0 0 0 70
0 0 0 127 127 34 0 116.226 94.6496 16 9.27007 88.9927 0 1.75182 105.788
28.1971 67 90.3212 0 0 29.9489 0 127 46.3567 1 0 0 0 0 0 0 0 16 16
0 0 0 0 0 0 127 51 0;
egregore_data 0 0 127 0 0 127 0 0 0 0 0 0 0 0 0 127 38 0 127 0 0 0
0 0 0 0 0 0 0 100 0 0 127 127 78 0 93 90 127 0 19 127 127 0 0 0 70
0 0 0 127 127 34 0 116.226 94.6496 16 9.27007 88.9927 0 1.75182 105.788
28.1971 67 90.3212 0 0 29.9489 0 127 45.9988 1 0 0 0 0 0 0 0 16 16
0 0 0 0 0 0 127 51 0;
egregore_data 0 0 127 0 0 127 0 0 0 0 0 0 0 0 0 127 38 0 127 0 0 0
0 0 0 0 0 0 0 100 0 0 127 127 78 0 93 90 127 0 19 127 127 0 0 0 70
0 0 0 127 127 34 0 116.226 94.6496 16 9.27007 88.9927 0 1.75182 105.788
28.1971 67 90.3212 0 0 29.9489 0 127 45.9988 1 0 0 0 0 0 0 0 16 16
0 0 0 0 0 0 127 51 0;
egregore_data 0 0 127 0 0 127 0 0 0 0 0 0 0 0 0 127 38 0 127 0 0 0
0 0 0 0 0 0 0 100 0 0 127 127 78 0 93 90 127 0 19 127 127 0 0 0 70
0 0 0 127 127 34 0 116.226 94.6496 16 9.27007 88.9927 0 1.75182 105.788
28.1971 67 90.3212 0 0 29.9489 0 127 45.6546 1 0 0 0 0 0 0 0 16 16
0 0 0 0 0 0 127 51 0;
egregore_data 0 0 127 0 0 127 0 0 0 0 0 0 0 0 0 127 38 0 127 0 0 0
0 0 0 0 0 0 0 100 0 0 127 127 78 0 93 90 127 0 19 127 127 0 0 0 70
0 0 0 127 127 34 0 116.226 94.6496 16 9.27007 88.9927 0 1.75182 105.788
28.1971 67 90.3212 0 0 29.9489 0 127 44.9663 1 0 0 0 0 0 0 0 16 16
0 0 0 0 0 0 127 51 0;
egregore_data 0 0 127 0 0 127 0 0 0 0 0 0 0 0 0 127 38 0 127 0 0 0
0 0 0 0 0 0 0 100 0 0 127 127 78 0 93 90 127 0 19 127 127 0 0 0 70
0 0 0 127 127 34 0 116.226 94.6496 16 9.27007 88.9927 0 1.75182 105.788
28.1971 67 90.3212 0 0 29.9489 0 127 44.9663 1 0 0 0 0 0 0 0 16 16
0 0 0 0 0 0 127 51 0;
egregore_data 0 0 127 0 0 127 0 0 0 0 0 0 0 0 0 127 38 0 127 0 0 0
0 0 0 0 0 0 0 100 0 0 127 127 78 0 93 90 127 0 19 127 127 0 0 0 70
0 0 0 127 127 34 0 116.226 94.6496 16 9.27007 88.9927 0 1.75182 105.788
28.1971 67 90.3212 0 0 29.9489 0 127 44.9663 1 0 0 0 0 0 0 0 16 16
0 0 0 0 0 0 127 51 0;
egregore_data 0 0 127 0 0 127 0 0 0 0 0 0 0 0 0 127 38 0 127 0 0 0
0 0 0 0 0 0 0 100 0 0 127 127 78 0 93 90 127 0 19 127 127 0 0 0 70
0 0 0 127 127 34 0 116.226 94.6496 16 9.27007 88.9927 0 1.75182 105.788
28.1971 67 90.3212 0 0 29.9489 0 127 44.9663 1 0 0 0 0 0 0 0 16 16
0 0 0 0 0 0 127 51 0;
egregore_data 0 0 127 0 0 127 0 0 0 0 0 0 0 0 0 127 38 0 127 0 0 0
0 0 0 0 0 0 0 100 0 0 127 127 78 0 93 90 127 0 19 127 127 0 0 0 70
0 0 0 127 127 34 0 116.226 94.6496 16 9.27007 88.9927 0 1.75182 105.788
28.1971 67 90.3212 0 0 29.9489 0 127 44.9663 1 0 0 0 0 0 0 0 16 16
0 0 0 0 0 0 127 51 0;
egregore_data 0 0 127 0 0 127 0 0 0 0 0 0 0 0 0 127 38 0 127 0 0 0
0 0 0 0 0 0 0 100 0 0 127 127 78 0 93 90 127 0 19 127 127 0 0 0 70
0 0 0 127 127 34 0 116.226 94.6496 16 9.27007 88.9927 0 1.75182 105.788
28.1971 67 90.3212 0 0 29.9489 0 127 43.9337 1 0 0 0 0 0 0 0 16 16
0 0 0 0 0 0 127 51 0;
egregore_data 0 0 127 0 0 127 0 0 0 0 0 0 0 0 0 127 38 0 127 0 0 0
0 0 0 0 0 0 0 100 0 0 127 127 78 0 93 90 127 0 19 127 127 0 0 0 70
0 0 0 127 127 34 0 116.226 94.6496 16 9.27007 88.9927 0 1.75182 105.788
28.1971 67 90.3212 0 0 29.9489 0 127 43.9337 1 0 0 0 0 0 0 0 16 16
0 0 0 0 0 0 127 51 0;
egregore_data 0 0 127 0 0 127 0 0 0 0 0 0 0 0 0 127 38 0 127 0 0 0
0 0 0 0 0 0 0 100 0 0 127 127 78 0 93 90 127 0 19 127 127 0 0 0 70
0 0 0 127 127 34 0 116.226 94.6496 16 9.27007 88.9927 0 1.75182 105.788
28.1971 67 90.3212 0 0 29.9489 0 127 43.9337 1 0 0 0 0 0 0 0 16 16
0 0 0 0 0 0 127 51 0;
egregore_data 0 0 127 0 0 127 0 0 0 0 0 0 0 0 0 127 38 0 127 0 0 0
0 0 0 0 0 0 0 100 0 0 127 127 78 0 93 90 127 0 19 127 127 0 0 0 70
0 0 0 127 127 34 0 116.226 94.6496 16 9.27007 88.9927 0 1.75182 105.788
28.1971 67 90.3212 0 0 29.9489 0 127 43.9337 1 0 0 0 0 0 0 0 16 16
0 0 0 0 0 0 127 51 0;
egregore_data 0 0 127 0 0 127 0 0 0 0 0 0 0 0 0 127 38 0 127 0 0 0
0 0 0 0 0 0 0 100 0 0 127 127 78 0 93 90 127 0 19 127 127 0 0 0 70
0 0 0 127 127 34 0 116.226 94.6496 16 9.27007 88.9927 0 1.75182 105.788
28.1971 67 90.3212 0 0 29.9489 0 127 43.9337 1 0 0 0 0 0 0 0 16 16
0 0 0 0 0 0 127 51 0;
egregore_data 0 0 127 0 0 127 0 0 0 0 0 0 0 0 0 127 38 0 127 0 0 0
0 0 0 0 0 0 0 100 0 0 127 127 78 0 93 90 127 0 19 127 127 0 0 0 70
0 0 0 127 127 34 0 116.226 94.6496 16 9.27007 88.9927 0 1.75182 105.788
28.1971 67 90.3212 0 0 29.9489 0 127 43.9337 1 0 0 0 0 0 0 0 16 16
0 0 0 0 0 0 127 51 0;
egregore_data 0 0 127 0 0 127 0 0 0 0 0 0 0 0 0 127 38 0 127 0 0 0
0 0 0 0 0 0 0 100 0 0 127 127 78 0 93 90 127 0 19 127 127 0 0 0 70
0 0 0 127 127 34 0 116.226 94.6496 16 9.27007 88.9927 0 1.75182 105.788
28.1971 67 90.3212 0 0 29.9489 0 127 43.9337 1 0 0 0 0 0 0 0 16 16
0 0 0 0 0 0 127 51 0;
egregore_data 0 0 127 0 0 127 0 0 0 0 0 0 0 0 0 127 38 0 127 0 0 0
0 0 0 0 0 0 0 100 0 0 127 127 78 0 93 90 127 0 19 127 127 0 0 0 70
0 0 0 127 127 34 0 116.226 94.6496 16 9.27007 88.9927 0 1.75182 105.788
28.1971 67 90.3212 0 0 29.9489 0 127 43.9337 1 0 0 0 0 0 0 0 16 16
0 0 0 0 0 0 127 51 0;
egregore_data 0 0 127 0 0 127 0 0 0 0 0 0 0 0 0 127 38 0 127 0 0 0
0 0 0 0 0 0 0 100 0 0 127 127 78 0 93 90 127 0 19 127 127 0 0 0 70
0 0 0 127 127 34 0 116.226 94.6496 16 9.27007 88.9927 0 1.75182 105.788
28.1971 67 90.3212 0 0 29.9489 0 127 43.9337 1 0 0 0 0 0 0 0 16 16
0 0 0 0 0 0 127 51 0;
egregore_data 0 0 127 0 0 127 0 0 0 0 0 0 0 0 0 127 38 0 127 0 0 0
0 0 0 0 0 0 0 100 0 0 127 127 78 0 93 90 127 0 19 127 127 0 0 0 70
0 0 0 127 127 34 0 116.226 94.6496 16 9.27007 88.9927 0 1.75182 105.788
28.1971 67 90.3212 0 0 29.9489 0 127 43.9337 1 0 0 0 0 0 0 0 16 16
0 0 0 0 0 0 127 51 0;
egregore_data 0 0 127 0 0 127 0 0 0 0 0 0 0 0 0 127 38 0 127 0 0 0
0 0 0 0 0 0 0 100 0 0 127 127 78 0 93 90 127 0 19 127 127 0 0 0 70
0 0 0 127 127 34 0 116.226 94.6496 16 9.27007 88.9927 0 1.75182 105.788
28.1971 67 90.3212 0 0 29.9489 0 127 43.9337 1 0 0 0 0 0 0 0 16 16
0 0 0 0 0 0 127 51 0;
egregore_data 0 0 127 0 0 127 0 0 0 0 0 0 0 0 0 127 38 0 127 0 0 0
0 0 0 0 0 0 0 100 0 0 127 127 78 0 93 90 127 0 19 127 127 0 0 0 70
0 0 0 127 127 34 0 116.226 94.6496 16 9.27007 88.9927 0 1.75182 105.788
28.1971 67 90.3212 0 0 29.9489 0 127 43.9337 1 0 0 0 0 0 0 0 16 16
0 0 0 0 0 0 127 51 0;
egregore_data 0 0 127 0 0 127 0 0 0 0 0 0 0 0 0 127 38 0 127 0 0 0
0 0 0 0 0 0 0 100 0 0 127 127 78 0 93 90 127 0 19 127 127 0 0 0 70
0 0 0 127 127 34 0 116.226 94.6496 16 9.27007 88.9927 0 1.75182 105.788
28.1971 67 90.3212 0 0 29.9489 0 127 43.9337 1 0 0 0 0 0 0 0 16 16
0 0 0 0 0 0 127 51 0;
egregore_data 0 0 127 0 0 127 0 0 0 0 0 0 0 0 0 127 38 0 127 0 0 0
0 0 0 0 0 0 0 100 0 0 127 127 78 0 93 90 127 0 19 127 127 0 0 0 70
0 0 0 127 127 34 0 116.226 94.6496 16 9.27007 88.9927 0 1.75182 105.788
28.1971 67 90.3212 0 0 29.9489 0 127 43.9337 1 0 0 0 0 0 0 0 16 16
0 0 0 0 0 0 127 51 0;
egregore_data 0 0 127 0 0 127 0 0 0 0 0 0 0 0 0 127 38 0 127 0 0 0
0 0 0 0 0 0 0 100 0 0 127 127 78 0 93 90 127 0 19 127 127 0 0 0 70
0 0 0 127 127 34 0 116.226 94.6496 16 9.27007 88.9927 0 1.75182 105.788
28.1971 67 90.3212 0 0 29.9489 0 127 43.9337 1 0 0 0 0 0 0 0 16 16
0 0 0 0 0 0 127 51 0;
egregore_data 0 0 127 0 0 127 0 0 0 0 0 0 0 0 0 127 38 0 127 0 0 0
0 0 0 0 0 0 0 100 0 0 127 127 78 0 93 90 127 0 19 127 127 0 0 0 70
0 0 0 127 127 34 0 116.485 95.2426 16 8.40441 89.6471 0 1.58824 106.088
28.2721 67 90.4779 0 0 29.8603 0 127 43.9337 1 0 0 0 0 0 0 0 16 16
0 0 0 0 0 0 127 51 0;
egregore_data 0 0 127 0 0 127 0 0 0 0 0 0 0 0 0 127 38 0 127 0 0 0
0 0 0 0 0 0 0 100 0 0 127 127 78 0 93 90 127 0 19 127 127 0 0 0 70
0 0 0 127 127 34 0 116.485 95.2426 16 8.40441 89.6471 0 1.58824 106.088
28.2721 67 90.4779 0 0 29.8603 0 127 43.9337 1 0 0 0 0 0 0 0 16 16
0 0 0 0 0 0 127 51 0;
egregore_data 0 0 127 0 0 127 0 0 0 0 0 0 0 0 0 127 38 0 127 0 0 0
0 0 0 0 0 0 0 100 0 0 127 127 78 0 93 90 127 0 19 127 127 0 0 0 70
0 0 0 127 127 34 0 116.485 95.2426 16 8.40441 89.6471 0 1.58824 106.088
28.2721 67 90.4779 0 0 29.8603 0 127 43.9337 1 0 0 0 0 0 0 0 16 16
0 0 0 0 0 0 127 51 0;
egregore_data 0 0 127 0 0 127 0 0 0 0 0 0 0 0 0 127 38 0 127 0 0 0
0 0 0 0 0 0 0 100 0 0 127 127 78 0 93 90 127 0 19 127 127 0 0 0 70
0 0 0 127 127 34 0 116.485 95.2426 16 8.40441 89.6471 0 1.58824 106.088
28.2721 67 90.4779 0 0 29.8603 0 127 43.9337 1 0 0 0 0 0 0 0 16 16
0 0 0 0 0 0 127 51 0;
egregore_data 0 0 127 0 0 127 0 0 0 0 0 0 0 0 0 127 38 0 127 0 0 0
0 0 0 0 0 0 0 100 0 0 127 127 78 0 93 90 127 0 19 127 127 0 0 0 70
0 0 0 127 127 34 0 116.485 95.2426 16 8.40441 89.6471 0 1.58824 106.088
28.2721 67 90.4779 0 0 29.8603 0 127 43.9337 1 0 0 0 0 0 0 0 16 16
0 0 0 0 0 0 127 51 0;
egregore_data 0 0 127 0 0 127 0 0 0 0 0 0 0 0 0 127 38 0 127 0 0 0
0 0 0 0 0 0 0 100 0 0 127 127 78 0 93 90 127 0 19 127 127 0 0 0 70
0 0 0 127 127 34 0 116.485 95.2426 16 8.40441 89.6471 0 1.58824 106.088
28.2721 67 90.4779 0 0 29.8603 0 127 43.9337 1 0 0 0 0 0 0 0 16 16
0 0 0 0 0 0 127 51 0;
egregore_data 0 0 127 0 0 127 0 0 0 0 0 0 0 0 0 127 38 0 127 0 0 0
0 0 0 0 0 0 0 100 0 0 127 127 78 0 93 90 127 0 19 127 127 0 0 0 70
0 0 0 127 127 34 0 116.485 95.2426 16 8.40441 89.6471 0 1.58824 106.088
28.2721 67 90.4779 0 0 29.8603 0 127 43.9337 1 0 0 0 0 0 0 0 16 16
0 0 0 0 0 0 127 51 0;
egregore_data 0 0 127 0 0 127 0 0 0 0 0 0 0 0 0 127 38 0 127 0 0 0
0 0 0 0 0 0 0 100 0 0 127 127 78 0 93 90 127 0 19 127 127 0 0 0 70
0 0 0 127 127 34 0 116.485 95.2426 16 8.40441 89.6471 0 1.58824 106.088
28.2721 67 90.4779 0 0 29.8603 0 127 43.9337 1 0 0 0 0 0 0 0 16 16
0 0 0 0 0 0 127 51 0;
egregore_data 0 0 127 0 0 127 0 0 0 0 0 0 0 0 0 127 38 0 127 0 0 0
0 0 0 0 0 0 0 100 0 0 127 127 78 0 93 90 127 0 19 127 127 0 0 0 70
0 0 0 127 127 34 0 116.485 95.2426 16 8.40441 89.6471 0 1.58824 106.088
28.2721 67 90.4779 0 0 29.8603 0 127 43.9337 1 0 0 0 0 0 0 0 16 16
0 0 0 0 0 0 127 51 0;
egregore_data 0 0 127 0 0 127 0 0 0 0 0 0 0 0 0 127 38 0 127 0 0 0
0 0 0 0 0 0 0 100 0 0 127 127 78 0 93 90 127 0 19 127 127 0 0 0 70
0 0 0 127 127 34 0 116.485 95.2426 16 8.40441 89.6471 0 1.58824 106.088
28.2721 67 90.4779 0 0 29.8603 0 127 43.9337 1 0 0 0 0 0 0 0 16 16
0 0 0 0 0 0 127 51 0;
egregore_data 0 0 127 0 0 127 0 0 0 0 0 0 0 0 0 127 38 0 127 0 0 0
0 0 0 0 0 0 0 100 0 0 127 127 78 0 93 90 127 0 19 127 127 0 0 0 70
0 0 0 127 127 34 0 116.485 95.2426 16 8.40441 89.6471 0 1.58824 106.088
28.2721 67 90.4779 0 0 29.8603 0 127 43.9337 1 0 0 0 0 0 0 0 16 16
0 0 0 0 0 0 127 51 0;
egregore_data 0 0 127 0 0 127 0 0 0 0 0 0 0 0 0 127 38 0 127 0 0 0
0 0 0 0 0 0 0 100 0 0 127 127 78 0 93 90 127 0 19 127 127 0 0 0 70
0 0 0 127 127 34 0 116.485 95.2426 16 8.40441 89.6471 0 1.58824 106.088
28.2721 67 90.4779 0 0 29.8603 0 127 43.9337 1 0 0 0 0 0 0 0 16 16
0 0 0 0 0 0 127 51 0;
egregore_data 0 0 127 0 0 127 0 0 0 0 0 0 0 0 0 127 38 0 127 0 0 0
0 0 0 0 0 0 0 100 0 0 127 127 78 0 93 90 127 0 19 127 127 0 0 0 70
0 0 0 127 127 34 0 116.485 95.2426 16 8.40441 89.6471 0 1.58824 106.088
28.2721 67 90.4779 0 0 29.8603 0 127 43.9337 1 0 0 0 0 0 0 0 16 16
0 0 0 0 0 0 127 51 0;
egregore_data 0 0 127 0 0 127 0 0 0 0 0 0 0 0 0 127 38 0 127 0 0 0
0 0 0 0 0 0 0 100 0 0 127 127 78 0 93 90 127 0 19 127 127 0 0 0 70
0 0 0 127 127 34 0 116.485 95.2426 16 8.40441 89.6471 0 1.58824 106.088
28.2721 67 90.4779 0 0 29.8603 0 127 43.9337 1 0 0 0 0 0 0 0 16 16
0 0 0 0 0 0 127 51 0;
egregore_data 0 0 127 0 0 127 0 0 0 0 0 0 0 0 0 127 38 0 127 0 0 0
0 0 0 0 0 0 0 100 0 0 127 127 78 0 93 90 127 0 19 127 127 0 0 0 70
0 0 0 127 127 34 0 116.485 95.2426 16 8.40441 89.6471 0 1.58824 106.088
28.2721 67 90.4779 0 0 29.8603 0 127 43.9337 1 0 0 0 0 0 0 0 16 16
0 0 0 0 0 0 127 51 0;
egregore_data 0 0 127 0 0 127 0 0 0 0 0 0 0 0 0 127 38 0 127 0 0 0
0 0 0 0 0 0 0 100 0 0 127 127 78 0 93 90 127 0 19 127 127 0 0 0 70
0 0 0 127 127 34 0 116.485 95.2426 16 8.40441 89.6471 0 1.58824 106.088
28.2721 67 90.4779 0 0 29.8603 0 127 43.9337 1 0 0 0 0 0 0 0 16 16
0 0 0 0 0 0 127 51 0;
egregore_data 0 0 127 0 0 127 0 0 0 0 0 0 0 0 0 127 38 0 127 0 0 0
0 0 0 0 0 0 0 100 0 0 127 127 78 0 93 90 127 0 19 127 127 0 0 0 70
0 0 0 127 127 34 0 116.485 95.2426 16 8.40441 89.6471 0 1.58824 106.088
28.2721 67 90.4779 0 0 29.8603 0 127 43.9337 1 0 0 0 0 0 0 0 16 16
0 0 0 0 0 0 127 51 0;
egregore_data 0 0 127 0 0 127 0 0 0 0 0 0 0 0 0 127 38 0 127 0 0 0
0 0 0 0 0 0 0 100 0 0 127 127 78 0 93 90 127 0 19 127 127 0 0 0 70
0 0 0 127 127 34 0 116.485 95.2426 16 8.40441 89.6471 0 1.58824 106.088
28.2721 67 90.4779 0 0 29.8603 0 127 43.9337 1 0 0 0 0 0 0 0 16 16
0 0 0 0 0 0 127 51 0;
egregore_data 0 0 127 0 0 127 0 0 0 0 0 0 0 0 0 127 38 0 127 0 0 0
0 0 0 0 0 0 0 100 0 0 127 127 78 0 93 90 127 0 19 127 127 0 0 0 70
0 0 0 127 127 34 0 116.485 95.2426 16 8.40441 89.6471 0 1.58824 106.088
28.2721 67 90.4779 0 0 29.8603 0 127 43.9337 1 0 0 0 0 0 0 0 16 16
0 0 0 0 0 0 127 51 0;
egregore_data 0 0 127 0 0 127 0 0 0 0 0 0 0 0 0 127 38 0 127 0 0 0
0 0 0 0 0 0 0 100 0 0 127 127 78 0 93 90 127 0 19 127 127 0 0 0 70
0 0 0 127 127 34 0 116.485 95.2426 16 8.40441 89.6471 0 1.58824 106.088
28.2721 67 90.4779 0 0 29.8603 0 127 43.9337 1 0 0 0 0 0 0 0 16 16
0 0 0 0 0 0 127 51 0;
egregore_data 0 0 127 0 0 127 0 0 0 0 0 0 0 0 0 127 38 0 127 0 0 0
0 0 0 0 0 0 0 100 0 0 127 127 78 0 93 90 127 0 19 127 127 0 0 0 70
0 0 0 127 127 34 0 116.485 95.2426 16 8.40441 89.6471 0 1.58824 106.088
28.2721 67 90.4779 0 0 29.8603 0 127 43.9337 1 0 0 0 0 0 0 0 16 16
0 0 0 0 0 0 127 51 0;
egregore_data 0 0 127 0 0 127 0 0 0 0 0 0 0 0 0 127 38 0 127 0 0 0
0 0 0 0 0 0 0 100 0 0 127 127 78 0 93 90 127 0 19 127 127 0 0 0 70
0 0 0 127 127 34 0 116.485 95.2426 16 8.40441 89.6471 0 1.58824 106.088
28.2721 67 90.4779 0 0 29.8603 0 127 43.9337 1 0 0 0 0 0 0 0 16 16
0 0 0 0 0 0 127 51 0;
egregore_data 0 0 127 0 0 127 0 0 0 0 0 0 0 0 0 127 38 0 127 0 0 0
0 0 0 0 0 0 0 100 0 0 127 127 78 0 93 90 127 0 19 127 127 0 0 0 70
0 0 0 127 127 34 0 116.485 95.2426 16 8.40441 89.6471 0 1.58824 106.088
28.2721 67 90.4779 0 0 29.8603 0 127 43.9337 1 0 0 0 0 0 0 0 16 16
0 0 0 0 0 0 127 51 0;
egregore_data 0 0 127 0 0 127 0 0 0 0 0 0 0 0 0 127 38 0 127 0 0 0
0 0 0 0 0 0 0 100 0 0 127 127 78 0 93 90 127 0 19 127 127 0 0 0 70
0 0 0 127 127 34 0 116.748 95.8444 16 7.52593 90.3111 0 1.42222 106.393
28.3481 67 90.637 0 0 29.7704 0 127 43.9337 1 0 0 0 0 0 0 0 16 16 0
0 0 0 0 0 127 51 0;
egregore_data 0 0 127 0 0 127 0 0 0 0 0 0 0 0 0 127 38 0 127 0 0 0
0 0 0 0 0 0 0 100 0 0 127 127 78 0 93 90 127 0 19 127 127 0 0 0 70
0 0 0 127 127 34 0 116.748 95.8444 16 7.52593 90.3111 0 1.42222 106.393
28.3481 67 90.637 0 0 29.7704 0 127 43.9337 1 0 0 0 0 0 0 0 16 16 0
0 0 0 0 0 127 51 0;
egregore_data 0 0 127 0 0 127 0 0 0 0 0 0 0 0 0 127 38 0 127 0 0 0
0 0 0 0 0 0 0 100 0 0 127 127 78 0 93 90 127 0 19 127 127 0 0 0 70
0 0 0 127 127 34 0 116.748 95.8444 16 7.52593 90.3111 0 1.42222 106.393
28.3481 67 90.637 0 0 29.7704 0 127 43.9337 1 0 0 0 0 0 0 0 16 16 0
0 0 0 0 0 127 51 0;
egregore_data 0 0 127 0 0 127 0 0 0 0 0 0 0 0 0 127 38 0 127 0 0 0
0 0 0 0 0 0 0 100 0 0 127 127 78 0 93 90 127 0 19 127 127 0 0 0 70
0 0 0 127 127 34 0 116.748 95.8444 16 7.52593 90.3111 0 1.42222 106.393
28.3481 67 90.637 0 0 29.7704 0 127 43.9337 1 0 0 0 0 0 0 0 16 16 0
0 0 0 0 0 127 51 0;
egregore_data 0 0 127 0 0 127 0 0 0 0 0 0 0 0 0 127 38 0 127 0 0 0
0 0 0 0 0 0 0 100 0 0 127 127 78 0 93 90 127 0 19 127 127 0 0 0 70
0 0 0 127 127 34 0 116.748 95.8444 16 7.52593 90.3111 0 1.42222 106.393
28.3481 67 90.637 0 0 29.7704 0 127 43.9337 1 0 0 0 0 0 0 0 16 16 0
0 0 0 0 0 127 51 0;
egregore_data 0 0 127 0 0 127 0 0 0 0 0 0 0 0 0 127 38 0 127 0 0 0
0 0 0 0 0 0 0 100 0 0 127 127 78 0 93 90 127 0 19 127 127 0 0 0 70
0 0 0 127 127 34 0 116.748 95.8444 16 7.52593 90.3111 0 1.42222 106.393
28.3481 67 90.637 0 0 29.7704 0 127 43.9337 1 0 0 0 0 0 0 0 16 16 0
0 0 0 0 0 127 51 0;
egregore_data 0 0 127 0 0 127 0 0 0 0 0 0 0 0 0 127 38 0 127 0 0 0
0 0 0 0 0 0 0 100 0 0 127 127 78 0 93 90 127 0 19 127 127 0 0 0 70
0 0 0 127 127 34 0 116.748 95.8444 16 7.52593 90.3111 0 1.42222 106.393
28.3481 67 90.637 0 0 29.7704 0 127 43.9337 1 0 0 0 0 0 0 0 16 16 0
0 0 0 0 0 127 51 0;
egregore_data 0 0 127 0 0 127 0 0 0 0 0 0 0 0 0 127 38 0 127 0 0 0
0 0 0 0 0 0 0 100 0 0 127 127 78 0 93 90 127 0 19 127 127 0 0 0 70
0 0 0 127 127 34 0 116.748 95.8444 16 7.52593 90.3111 0 1.42222 106.393
28.3481 67 90.637 0 0 29.7704 0 127 43.9337 1 0 0 0 0 0 0 0 16 16 0
0 0 0 0 0 127 51 1;
egregore_data 0 0 127 0 0 127 0 0 0 0 0 0 0 0 0 127 38 0 127 0 0 0
0 0 0 0 0 0 0 100 0 0 127 127 78 0 93 90 127 0 19 127 127 0 0 0 70
0 0 0 127 127 34 0 116.748 95.8444 16 7.52593 90.3111 0 1.42222 106.393
28.3481 67 90.637 0 0 29.7704 0 127 43.9337 1 0 0 0 0 0 0 0 16 16 0
0 0 0 0 0 127 51 1;
egregore_data 0 0 127 0 0 127 0 0 0 0 0 0 0 0 0 127 38 0 127 0 0 0
0 0 0 0 0 0 0 100 0 0 127 127 78 0 93 90 127 0 19 127 127 0 0 0 70
0 0 0 127 127 34 0 116.748 95.8444 16 7.52593 90.3111 0 1.42222 106.393
28.3481 67 90.637 0 0 29.7704 0 127 43.9337 1 0 0 0 0 0 0 0 16 16 0
0 0 0 0 0 127 51 1;
egregore_data 0 0 127 0 0 127 0 0 0 0 0 0 0 0 0 127 38 0 127 0 0 0
0 0 0 0 0 0 0 100 0 0 127 127 78 0 93 90 127 0 19 127 127 0 0 0 70
0 0 0 127 127 34 0 116.748 95.8444 16 7.52593 90.3111 0 1.42222 106.393
28.3481 67 90.637 0 0 29.7704 0 127 43.9337 1 0 0 0 0 0 0 0 16 16 0
0 0 0 0 0 127 51 1;
END;
