HTTP/1.1 200 OK
Date: Thu, 28 May 2015 12:25:13 GMT
Server: Apache
Last-Modified: Wed, 27 May 2015 19:24:32 GMT
Accept-Ranges: bytes
Content-Length: 31357
Vary: Accept-Encoding
Connection: close
Content-Type: text/plain

chdh_egregore_live_data;
egregore_data 0 0 127 0 0 127 0 0 0 0 0 0 0 0 0 127 38 0 127 0 0 0
0 0 0 0 0 0 0 100 0 0 127 127 78 0 93 90 127 0 19 127 127 0 0 0 70
0 0 0 127 127 34 0 76.8324 47.5363 42.2514 36.8939 30.7933 28.1788
6.97207 32.5363 43.2793 24.6927 46.5196 0 11.9106 12.2011 0 127 84.56
1 0 0 0 0 0 0 0 16 16 0 0 0 0 0 0 127 51 0;
egregore_data 0 0 127 0 0 127 0 0 0 0 0 0 0 0 0 127 38 0 127 0 0 0
0 0 0 0 0 0 0 100 0 0 127 127 78 0 93 90 127 0 19 127 127 0 0 0 70
0 0 0 127 127 34 0 76.8324 47.5363 42.2514 36.8939 30.7933 28.1788
6.97207 32.5363 43.2793 24.6927 46.5196 0 11.9106 12.2011 0 127 84.56
1 0 0 0 0 0 0 0 16 16 0 0 0 0 0 0 127 51 0;
egregore_data 0 0 127 0 0 127 0 0 0 0 0 0 0 0 0 127 38 0 127 0 0 0
0 0 0 0 0 0 0 100 0 0 127 127 78 0 93 90 127 0 19 127 127 0 0 0 70
0 0 0 127 127 34 0 76.8324 47.5363 42.2514 36.8939 30.7933 28.1788
6.97207 32.5363 43.2793 24.6927 46.5196 0 11.9106 12.2011 0 127 84.56
1 0 0 0 0 0 0 0 16 16 0 0 0 0 0 0 127 51 0;
egregore_data 0 0 127 0 0 127 0 0 0 0 0 0 0 0 0 127 38 0 127 0 0 0
0 0 0 0 0 0 0 100 0 0 127 127 78 0 93 90 127 0 19 127 127 0 0 0 70
0 0 0 127 127 34 0 76.8324 47.5363 42.2514 36.8939 30.7933 28.1788
6.97207 32.5363 43.2793 24.6927 46.5196 0 11.9106 12.2011 0 127 84.56
1 0 0 0 0 0 0 0 16 16 0 0 0 0 0 0 127 51 0;
egregore_data 0 0 127 0 0 127 0 0 0 0 0 0 0 0 0 127 38 0 127 0 0 0
0 0 0 0 0 0 0 100 0 0 127 127 78 0 93 90 127 0 19 127 127 0 0 0 70
0 0 0 127 127 34 0 76.8324 47.5363 42.2514 36.8939 30.7933 28.1788
6.97207 32.5363 43.2793 24.6927 46.5196 0 11.9106 12.2011 0 127 84.56
1 0 0 0 0 0 0 0 16 16 0 0 0 0 0 0 127 51 0;
egregore_data 0 0 127 0 0 127 0 0 0 0 0 0 0 0 0 127 38 0 127 0 0 0
0 0 0 0 0 0 0 100 0 0 127 127 78 0 93 90 127 0 19 127 127 0 0 0 70
0 0 0 127 127 34 0 76.8324 47.5363 42.2514 36.8939 30.7933 28.1788
6.97207 32.5363 43.2793 24.6927 46.5196 0 11.9106 12.2011 0 127 84.56
1 0 0 0 0 0 0 0 16 16 0 0 0 0 0 0 127 51 0;
egregore_data 0 0 127 0 0 127 0 0 0 0 0 0 0 0 0 127 38 0 127 0 0 0
0 0 0 0 0 0 0 100 0 0 127 127 78 0 93 90 127 0 19 127 127 0 0 0 70
0 0 0 127 127 34 0 76.8324 47.5363 42.2514 36.8939 30.7933 28.1788
6.97207 32.5363 43.2793 24.6927 46.5196 0 11.9106 12.2011 0 127 84.56
1 0 0 0 0 0 0 0 16 16 0 0 0 0 0 0 127 51 0;
egregore_data 0 0 127 0 0 127 0 0 0 0 0 0 0 0 0 127 38 0 127 0 0 0
0 0 0 0 0 0 0 100 0 0 127 127 78 0 93 90 127 0 19 127 127 0 0 0 70
0 0 0 127 127 34 0 76.8324 47.5363 42.2514 36.8939 30.7933 28.1788
6.97207 32.5363 43.2793 24.6927 46.5196 0 11.9106 12.2011 0 127 84.56
1 0 0 0 0 0 0 0 16 16 0 0 0 0 0 0 127 51 0;
egregore_data 0 0 127 0 0 127 0 0 0 0 0 0 0 0 0 127 38 0 127 0 0 0
0 0 0 0 0 0 0 100 0 0 127 127 78 0 93 90 127 0 19 127 127 0 0 0 70
0 0 0 127 127 34 0 76.8324 47.5363 42.2514 36.8939 30.7933 28.1788
6.97207 32.5363 43.2793 24.6927 46.5196 0 11.9106 12.2011 0 127 84.56
1 0 0 0 0 0 0 0 16 16 0 0 0 0 0 0 127 51 0;
egregore_data 0 0 127 0 0 127 0 0 0 0 0 0 0 0 0 127 38 0 127 0 0 0
0 0 0 0 0 0 0 100 0 0 127 127 78 0 93 90 127 0 19 127 127 0 0 0 70
0 0 0 127 127 34 0 76.8324 47.5363 42.2514 36.8939 30.7933 28.1788
6.97207 32.5363 43.2793 24.6927 46.5196 0 11.9106 12.2011 0 127 84.56
1 0 0 0 0 0 0 0 16 16 0 0 0 0 0 0 127 51 0;
egregore_data 0 0 127 0 0 127 0 0 0 0 0 0 0 0 0 127 38 0 127 0 0 0
0 0 0 0 0 0 0 100 0 0 127 127 78 0 93 90 127 0 19 127 127 0 0 0 70
0 0 0 127 127 34 0 76.8324 47.5363 42.2514 36.8939 30.7933 28.1788
6.97207 32.5363 43.2793 24.6927 46.5196 0 11.9106 12.2011 0 127 84.56
1 0 0 0 0 0 0 0 16 16 0 0 0 0 0 0 127 51 0;
egregore_data 0 0 127 0 0 127 0 0 0 0 0 0 0 0 0 127 38 0 127 0 0 0
0 0 0 0 0 0 0 100 0 0 127 127 78 0 93 90 127 0 19 127 127 0 0 0 70
0 0 0 127 127 34 0 76.6944 47.2722 42.1056 37.3944 31.2111 28.5611
7.06667 32.9778 43.0389 25.0278 46.5944 0 12.0722 12.3667 0 127 84.56
1 0 0 0 0 0 0 0 16 16 0 0 0 0 0 0 127 51 0;
egregore_data 0 0 127 0 0 127 0 0 0 0 0 0 0 0 0 127 38 0 127 0 0 0
0 0 0 0 0 0 0 100 0 0 127 127 78 0 93 90 127 0 19 127 127 0 0 0 70
0 0 0 127 127 34 0 76.6944 47.2722 42.1056 37.3944 31.2111 28.5611
7.06667 32.9778 43.0389 25.0278 46.5944 0 12.0722 12.3667 0 127 84.56
1 0 0 0 0 0 0 0 16 16 0 0 0 0 0 0 127 51 0;
egregore_data 0 0 127 0 0 127 0 0 0 0 0 0 0 0 0 127 38 0 127 0 0 0
0 0 0 0 0 0 0 100 0 0 127 127 78 0 93 90 127 0 19 127 127 0 0 0 70
0 0 0 127 127 34 0 76.558 47.0111 41.9613 37.8895 31.6243 28.9392 7.16022
33.4144 42.8011 25.3591 46.6685 0 12.232 12.5304 0 127 84.56 1 0 0
0 0 0 0 0 16 16 0 0 0 0 0 0 127 51 0;
egregore_data 0 0 127 0 0 127 0 0 0 0 0 0 0 0 0 127 38 0 127 0 0 0
0 0 0 0 0 0 0 100 0 0 127 127 78 0 93 90 127 0 19 127 127 0 0 0 70
0 0 0 127 127 34 0 76.558 47.0111 41.9613 37.8895 31.6243 28.9392 7.16022
33.4144 42.8011 25.3591 46.6685 0 12.232 12.5304 0 127 84.56 1 0 0
0 0 0 0 0 16 16 0 0 0 0 0 0 127 51 0;
egregore_data 0 0 127 0 0 127 0 0 0 0 0 0 0 0 0 127 38 0 127 0 0 0
0 0 0 0 0 0 0 100 0 0 127 127 78 0 93 90 127 0 19 127 127 0 0 0 70
0 0 0 127 127 34 0 76.558 47.0111 41.9613 37.8895 31.6243 28.9392 7.16022
33.4144 42.8011 25.3591 46.6685 0 12.232 12.5304 0 127 84.56 1 0 0
0 0 0 0 0 16 16 0 0 0 0 0 0 127 51 0;
egregore_data 0 0 127 0 0 127 0 0 0 0 0 0 0 0 0 127 38 0 127 0 0 0
0 0 0 0 0 0 0 100 0 0 127 127 78 0 93 90 127 0 19 127 127 0 0 0 70
0 0 0 127 127 34 0 76.558 47.0111 41.9613 37.8895 31.6243 28.9392 7.16022
33.4144 42.8011 25.3591 46.6685 0 12.232 12.5304 0 127 84.56 1 0 0
0 0 0 0 0 16 16 0 0 0 0 0 0 127 51 0;
egregore_data 0 0 127 0 0 127 0 0 0 0 0 0 0 0 0 127 38 0 127 0 0 0
0 0 0 0 0 0 0 100 0 0 127 127 78 0 93 90 127 0 19 127 127 0 0 0 70
0 0 0 127 127 34 0 76.4231 46.7527 41.8187 38.3791 32.033 29.3132 7.25275
33.8462 42.5659 25.6868 46.7418 0 12.3901 12.6923 0 127 84.56 1 0 0
0 0 0 0 0 16 16 0 0 0 0 0 0 127 51 0;
egregore_data 0 0 127 0 0 127 0 0 0 0 0 0 0 0 0 127 38 0 127 0 0 0
0 0 0 0 0 0 0 100 0 0 127 127 78 0 93 90 127 0 19 127 127 0 0 0 70
0 0 0 127 127 34 0 76.4231 46.7527 41.8187 38.3791 32.033 29.3132 7.25275
33.8462 42.5659 25.6868 46.7418 0 12.3901 12.6923 0 127 84.56 1 0 0
0 0 0 0 0 16 16 0 0 0 0 0 0 127 51 0;
egregore_data 0 0 127 0 0 127 0 0 0 0 0 0 0 0 0 127 38 0 127 0 0 0
0 0 0 0 0 0 0 100 0 0 127 127 78 0 93 90 127 0 19 127 127 0 0 0 70
0 0 0 127 127 34 0 76.4231 46.7527 41.8187 38.3791 32.033 29.3132 7.25275
33.8462 42.5659 25.6868 46.7418 0 12.3901 12.6923 0 127 84.56 1 0 0
0 0 0 0 0 16 16 0 0 0 0 0 0 127 51 0;
egregore_data 0 0 127 0 0 127 0 0 0 0 0 0 0 0 0 127 38 0 127 0 0 0
0 0 0 0 0 0 0 100 0 0 127 127 78 0 93 90 127 0 19 127 127 0 0 0 70
0 0 0 127 127 34 0 76.2896 46.4973 41.6776 38.8634 32.4372 29.6831
7.34426 34.2732 42.3333 26.0109 46.8142 0 12.5464 12.8525 0 127 84.56
1 0 0 0 0 0 0 0 16 16 0 0 0 0 0 0 127 51 0;
egregore_data 0 0 127 0 0 127 0 0 0 0 0 0 0 0 0 127 38 0 127 0 0 0
0 0 0 0 0 0 0 100 0 0 127 127 78 0 93 90 127 0 19 127 127 0 0 0 70
0 0 0 127 127 34 0 76.2896 46.4973 41.6776 38.8634 32.4372 29.6831
7.34426 34.2732 42.3333 26.0109 46.8142 0 12.5464 12.8525 0 127 84.56
1 0 0 0 0 0 0 0 16 16 0 0 0 0 0 0 127 51 0;
egregore_data 0 0 127 0 0 127 0 0 0 0 0 0 0 0 0 127 38 0 127 0 0 0
0 0 0 0 0 0 0 100 0 0 127 127 78 0 93 90 127 0 19 127 127 0 0 0 70
0 0 0 127 127 34 0 76.2896 46.4973 41.6776 38.8634 32.4372 29.6831
7.34426 34.2732 42.3333 26.0109 46.8142 0 12.5464 12.8525 0 127 84.56
1 0 0 0 0 0 0 0 16 16 0 0 0 0 0 0 127 51 0;
egregore_data 0 0 127 0 0 127 0 0 0 0 0 0 0 0 0 127 38 0 127 0 0 0
0 0 0 0 0 0 0 100 0 0 127 127 78 0 93 90 127 0 19 127 127 0 0 0 70
0 0 0 127 127 34 0 76.2896 46.4973 41.6776 38.8634 32.4372 29.6831
7.34426 34.2732 42.3333 26.0109 46.8142 0 12.5464 12.8525 0 127 84.56
1 0 0 0 0 0 0 0 16 16 0 0 0 0 0 0 127 51 0;
egregore_data 0 0 127 0 0 127 0 0 0 0 0 0 0 0 0 127 38 0 127 0 0 0
0 0 0 0 0 0 0 100 0 0 127 127 78 0 93 90 127 0 19 127 127 0 0 0 70
0 0 0 127 127 34 0 76.2896 46.4973 41.6776 38.8634 32.4372 29.6831
7.34426 34.2732 42.3333 26.0109 46.8142 0 12.5464 12.8525 0 127 84.56
1 0 0 0 0 0 0 0 16 16 0 0 0 0 0 0 127 51 0;
egregore_data 0 0 127 0 0 127 0 0 0 0 0 0 0 0 0 127 38 0 127 0 0 0
0 0 0 0 0 0 0 100 0 0 127 127 78 0 93 90 127 0 19 127 127 0 0 0 70
0 0 0 127 127 34 0 76.2896 46.4973 41.6776 38.8634 32.4372 29.6831
7.34426 34.2732 42.3333 26.0109 46.8142 0 12.5464 12.8525 0 127 84.56
1 0 0 0 0 0 0 0 16 16 0 0 0 0 0 0 127 51 0;
egregore_data 0 0 127 0 0 127 0 0 0 0 0 0 0 0 0 127 38 0 127 0 0 0
0 0 0 0 0 0 0 100 0 0 127 127 78 0 93 90 127 0 19 127 127 0 0 0 70
0 0 0 127 127 34 0 76.2896 46.4973 41.6776 38.8634 32.4372 29.6831
7.34426 34.2732 42.3333 26.0109 46.8142 0 12.5464 12.8525 0 127 84.56
1 0 0 0 0 0 0 0 16 16 0 0 0 0 0 0 127 51 0;
egregore_data 0 0 127 0 0 127 0 0 0 0 0 0 0 0 0 127 38 0 127 0 0 0
0 0 0 0 0 0 0 100 0 0 127 127 78 0 93 90 127 0 19 127 127 0 0 0 70
0 0 0 127 127 34 0 76.2896 46.4973 41.6776 38.8634 32.4372 29.6831
7.34426 34.2732 42.3333 26.0109 46.8142 0 12.5464 12.8525 0 127 84.56
1 0 0 0 0 0 0 0 16 16 0 0 0 0 0 0 127 51 0;
egregore_data 0 0 127 0 0 127 0 0 0 0 0 0 0 0 0 127 38 0 127 0 0 0
0 0 0 0 0 0 0 100 0 0 127 127 78 0 93 90 127 0 19 127 127 0 0 0 70
0 0 0 127 127 34 0 76.2896 46.4973 41.6776 38.8634 32.4372 29.6831
7.34426 34.2732 42.3333 26.0109 46.8142 0 12.5464 12.8525 0 127 84.56
1 0 0 0 0 0 0 0 16 16 0 0 0 0 0 0 127 51 0;
egregore_data 0 0 127 0 0 127 0 0 0 0 0 0 0 0 0 127 38 0 127 0 0 0
0 0 0 0 0 0 0 100 0 0 127 127 78 0 93 90 127 0 19 127 127 0 0 0 70
0 0 0 127 127 34 0 76.2896 46.4973 41.6776 38.8634 32.4372 29.6831
7.34426 34.2732 42.3333 26.0109 46.8142 0 12.5464 12.8525 0 127 84.56
1 0 0 0 0 0 0 0 16 16 0 0 0 0 0 0 127 51 0;
egregore_data 0 0 127 0 0 127 0 0 0 0 0 0 0 0 0 127 38 0 127 0 0 0
0 0 0 0 0 0 0 100 0 0 127 127 78 0 93 90 127 0 19 127 127 0 0 0 70
0 0 0 127 127 34 0 76.2896 46.4973 41.6776 38.8634 32.4372 29.6831
7.34426 34.2732 42.3333 26.0109 46.8142 0 12.5464 12.8525 0 127 84.56
1 0 0 0 0 0 0 0 16 16 0 0 0 0 0 0 127 51 0;
egregore_data 0 0 127 0 0 127 0 0 0 0 0 0 0 0 0 127 38 0 127 0 0 0
0 0 0 0 0 0 0 100 0 0 127 127 78 0 93 90 127 0 19 127 127 0 0 0 70
0 0 0 127 127 34 0 76.027 45.9946 41.4 39.8162 33.2324 30.4108 7.52432
35.1135 41.8757 26.6486 46.9568 0 12.8541 13.1676 0 127 84.56 1 0 0
0 0 0 0 0 16 16 0 0 0 0 0 0 127 51 0;
egregore_data 0 0 127 0 0 127 0 0 0 0 0 0 0 0 0 127 38 0 127 0 0 0
0 0 0 0 0 0 0 100 0 0 127 127 78 0 93 90 127 0 19 127 127 0 0 0 70
0 0 0 127 127 34 0 76.027 45.9946 41.4 39.8162 33.2324 30.4108 7.52432
35.1135 41.8757 26.6486 46.9568 0 12.8541 13.1676 0 127 84.56 1 0 0
0 0 0 0 0 16 16 0 0 0 0 0 0 127 51 0;
egregore_data 0 0 127 0 0 127 0 0 0 0 0 0 0 0 0 127 38 0 127 0 0 0
0 0 0 0 0 0 0 100 0 0 127 127 78 0 93 90 127 0 19 127 127 0 0 0 70
0 0 0 127 127 34 0 75.8979 45.7473 41.2634 40.2849 33.6237 30.7688
7.6129 35.5269 41.6505 26.9624 47.0269 0 13.0054 13.3226 0 127 84.56
1 0 0 0 0 0 0 0 16 16 0 0 0 0 0 0 127 51 0;
egregore_data 0 0 127 0 0 127 0 0 0 0 0 0 0 0 0 127 38 0 127 0 0 0
0 0 0 0 0 0 0 100 0 0 127 127 78 0 93 90 127 0 19 127 127 0 0 0 70
0 0 0 127 127 34 0 75.8979 45.7473 41.2634 40.2849 33.6237 30.7688
7.6129 35.5269 41.6505 26.9624 47.0269 0 13.0054 13.3226 0 127 84.56
1 0 0 0 0 0 0 0 16 16 0 0 0 0 0 0 127 51 0;
egregore_data 0 0 127 0 0 127 0 0 0 0 0 0 0 0 0 127 38 0 127 0 0 0
0 0 0 0 0 0 0 100 0 0 127 127 78 0 93 90 127 0 19 127 127 0 0 0 70
0 0 0 127 127 34 0 75.8979 45.7473 41.2634 40.2849 33.6237 30.7688
7.6129 35.5269 41.6505 26.9624 47.0269 0 13.0054 13.3226 0 127 84.56
1 0 0 0 0 0 0 0 16 16 0 0 0 0 0 0 127 51 0;
egregore_data 0 0 127 0 0 127 0 0 0 0 0 0 0 0 0 127 38 0 127 0 0 0
0 0 0 0 0 0 0 100 0 0 127 127 78 0 93 90 127 0 19 127 127 0 0 0 70
0 0 0 127 127 34 0 75.7701 45.5027 41.1283 40.7487 34.0107 31.123 7.70053
35.9358 41.4278 27.2727 47.0963 0 13.1551 13.4759 0 127 84.56 1 0 0
0 0 0 0 0 16 16 0 0 0 0 0 0 127 51 0;
egregore_data 0 0 127 0 0 127 0 0 0 0 0 0 0 0 0 127 38 0 127 0 0 0
0 0 0 0 0 0 0 100 0 0 127 127 78 0 93 90 127 0 19 127 127 0 0 0 70
0 0 0 127 127 34 0 75.7701 45.5027 41.1283 40.7487 34.0107 31.123 7.70053
35.9358 41.4278 27.2727 47.0963 0 13.1551 13.4759 0 127 84.56 1 0 0
0 0 0 0 0 16 16 0 0 0 0 0 0 127 51 0;
egregore_data 0 0 127 0 0 127 0 0 0 0 0 0 0 0 0 127 38 0 127 0 0 0
0 0 0 0 0 0 0 100 0 0 127 127 78 0 93 90 127 0 19 127 127 0 0 0 70
0 0 0 127 127 34 0 75.7701 45.5027 41.1283 40.7487 34.0107 31.123 7.70053
35.9358 41.4278 27.2727 47.0963 0 13.1551 13.4759 0 127 84.56 1 0 0
0 0 0 0 0 16 16 0 0 0 0 0 0 127 51 0;
egregore_data 0 0 127 0 0 127 0 0 0 0 0 0 0 0 0 127 38 0 127 0 0 0
0 0 0 0 0 0 0 100 0 0 127 127 78 0 93 90 127 0 19 127 127 0 0 0 70
0 0 0 127 127 34 0 75.7701 45.5027 41.1283 40.7487 34.0107 31.123 7.70053
35.9358 41.4278 27.2727 47.0963 0 13.1551 13.4759 0 127 84.56 1 0 0
0 0 0 0 0 16 16 0 0 0 0 0 0 127 51 0;
egregore_data 0 0 127 0 0 127 0 0 0 0 0 0 0 0 0 127 38 0 127 0 0 0
0 0 0 0 0 0 0 100 0 0 127 127 78 0 93 90 127 0 19 127 127 0 0 0 70
0 0 0 127 127 34 0 75.6436 45.2606 40.9947 41.2074 34.3936 31.4734
7.78723 36.3404 41.2074 27.5798 47.1649 0 13.3032 13.6277 0 127 84.56
1 0 0 0 0 0 0 0 16 16 0 0 0 0 0 0 127 51 0;
egregore_data 0 0 127 0 0 127 0 0 0 0 0 0 0 0 0 127 38 0 127 0 0 0
0 0 0 0 0 0 0 100 0 0 127 127 78 0 93 90 127 0 19 127 127 0 0 0 70
0 0 0 127 127 34 0 75.5185 45.0212 40.8624 41.6614 34.7725 31.8201
7.87302 36.7407 40.9894 27.8836 47.2328 0 13.4497 13.7778 0 127 84.56
1 0 0 0 0 0 0 0 16 16 0 0 0 0 0 0 127 51 0;
egregore_data 0 0 127 0 0 127 0 0 0 0 0 0 0 0 0 127 38 0 127 0 0 0
0 0 0 0 0 0 0 100 0 0 127 127 78 0 93 90 127 0 19 127 127 0 0 0 70
0 0 0 127 127 34 0 75.5185 45.0212 40.8624 41.6614 34.7725 31.8201
7.87302 36.7407 40.9894 27.8836 47.2328 0 13.4497 13.7778 0 127 84.56
1 0 0 0 0 0 0 0 16 16 0 0 0 0 0 0 127 51 0;
egregore_data 0 0 127 0 0 127 0 0 0 0 0 0 0 0 0 127 38 0 127 0 0 0
0 0 0 0 0 0 0 100 0 0 127 127 78 0 93 90 127 0 19 127 127 0 0 0 70
0 0 0 127 127 34 0 75.5185 45.0212 40.8624 41.6614 34.7725 31.8201
7.87302 36.7407 40.9894 27.8836 47.2328 0 13.4497 13.7778 0 127 84.56
1 0 0 0 0 0 0 0 16 16 0 0 0 0 0 0 127 51 0;
egregore_data 0 0 127 0 0 127 0 0 0 0 0 0 0 0 0 127 38 0 127 0 0 0
0 0 0 0 0 0 0 100 0 0 127 127 78 0 93 90 127 0 19 127 127 0 0 0 70
0 0 0 127 127 34 0 75.5185 45.0212 40.8624 41.6614 34.7725 31.8201
7.87302 36.7407 40.9894 27.8836 47.2328 0 13.4497 13.7778 0 127 84.56
1 0 0 0 0 0 0 0 16 16 0 0 0 0 0 0 127 51 0;
egregore_data 0 0 127 0 0 127 0 0 0 0 0 0 0 0 0 127 38 0 127 0 0 0
0 0 0 0 0 0 0 100 0 0 127 127 78 0 93 90 127 0 19 127 127 0 0 0 70
0 0 0 127 127 34 0 75.5185 45.0212 40.8624 41.6614 34.7725 31.8201
7.87302 36.7407 40.9894 27.8836 47.2328 0 13.4497 13.7778 0 127 84.56
1 0 0 0 0 0 0 0 16 16 0 0 0 0 0 0 127 51 0;
egregore_data 0 0 127 0 0 127 0 0 0 0 0 0 0 0 0 127 38 0 127 0 0 0
0 0 0 0 0 0 0 100 0 0 127 127 78 0 93 90 127 0 19 127 127 0 0 0 70
0 0 0 127 127 34 0 75.5185 45.0212 40.8624 41.6614 34.7725 31.8201
7.87302 36.7407 40.9894 27.8836 47.2328 0 13.4497 13.7778 0 127 84.56
1 0 0 0 0 0 0 0 16 16 0 0 0 0 0 0 127 51 0;
egregore_data 0 0 127 0 0 127 0 0 0 0 0 0 0 0 0 127 38 0 127 0 0 0
0 0 0 0 0 0 0 100 0 0 127 127 78 0 93 90 127 0 19 127 127 0 0 0 70
0 0 0 127 127 34 0 75.5185 45.0212 40.8624 41.6614 34.7725 31.8201
7.87302 36.7407 40.9894 27.8836 47.2328 0 13.4497 13.7778 0 127 84.56
1 0 0 0 0 0 0 0 16 16 0 0 0 0 0 0 127 51 0;
egregore_data 0 0 127 0 0 127 0 0 0 0 0 0 0 0 0 127 38 0 127 0 0 0
0 0 0 0 0 0 0 100 0 0 127 127 78 0 93 90 127 0 19 127 127 0 0 0 70
0 0 0 127 127 34 0 75.2722 44.5497 40.6021 42.555 35.5183 32.5026 8.04189
37.5288 40.5602 28.4817 47.3665 0 13.7382 14.0733 0 127 84.56 1 0 0
0 0 0 0 0 16 16 0 0 0 0 0 0 127 51 0;
egregore_data 0 0 127 0 0 127 0 0 0 0 0 0 0 0 0 127 38 0 127 0 0 0
0 0 0 0 0 0 0 100 0 0 127 127 78 0 93 90 127 0 19 127 127 0 0 0 70
0 0 0 127 127 34 0 75.2722 44.5497 40.6021 42.555 35.5183 32.5026 8.04189
37.5288 40.5602 28.4817 47.3665 0 13.7382 14.0733 0 127 84.56 1 0 0
0 0 0 0 0 16 16 0 0 0 0 0 0 127 51 0;
egregore_data 0 0 127 0 0 127 0 0 0 0 0 0 0 0 0 127 38 0 127 0 0 0
0 0 0 0 0 0 0 100 0 0 127 127 78 0 93 90 127 0 19 127 127 0 0 0 70
0 0 0 127 127 34 0 75.2722 44.5497 40.6021 42.555 35.5183 32.5026 8.04189
37.5288 40.5602 28.4817 47.3665 0 13.7382 14.0733 0 127 84.56 1 0 0
0 0 0 0 0 16 16 0 0 0 0 0 0 127 51 0;
egregore_data 0 0 127 0 0 127 0 0 0 0 0 0 0 0 0 127 38 0 127 0 0 0
0 0 0 0 0 0 0 100 0 0 127 127 78 0 93 90 127 0 19 127 127 0 0 0 70
0 0 0 127 127 34 0 75.2722 44.5497 40.6021 42.555 35.5183 32.5026 8.04189
37.5288 40.5602 28.4817 47.3665 0 13.7382 14.0733 0 127 84.56 1 0 0
0 0 0 0 0 16 16 0 0 0 0 0 0 127 51 0;
egregore_data 0 0 127 0 0 127 0 0 0 0 0 0 0 0 0 127 38 0 127 0 0 0
0 0 0 0 0 0 0 100 0 0 127 127 78 0 93 90 127 0 19 127 127 0 0 0 70
0 0 0 127 127 34 0 75.2722 44.5497 40.6021 42.555 35.5183 32.5026 8.04189
37.5288 40.5602 28.4817 47.3665 0 13.7382 14.0733 0 127 84.56 1 0 0
0 0 0 0 0 16 16 0 0 0 0 0 0 127 51 0;
egregore_data 0 0 127 0 0 127 0 0 0 0 0 0 0 0 0 127 38 0 127 0 0 0
0 0 0 0 0 0 0 100 0 0 127 127 78 0 93 90 127 0 19 127 127 0 0 0 70
0 0 0 127 127 34 0 75.2722 44.5497 40.6021 42.555 35.5183 32.5026 8.04189
37.5288 40.5602 28.4817 47.3665 0 13.7382 14.0733 0 127 84.56 1 0 0
0 0 0 0 0 16 16 0 0 0 0 0 0 127 51 0;
egregore_data 0 0 127 0 0 127 0 0 0 0 0 0 0 0 0 127 38 0 127 0 0 0
0 0 0 0 0 0 0 100 0 0 127 127 78 0 93 90 127 0 19 127 127 0 0 0 70
0 0 0 127 127 34 0 75.2722 44.5497 40.6021 42.555 35.5183 32.5026 8.04189
37.5288 40.5602 28.4817 47.3665 0 13.7382 14.0733 0 127 84.56 1 0 0
0 0 0 0 0 16 16 0 0 0 0 0 0 127 51 0;
egregore_data 0 0 127 0 0 127 0 0 0 0 0 0 0 0 0 127 38 0 127 0 0 0
0 0 0 0 0 0 0 100 0 0 127 127 78 0 93 90 127 0 19 127 127 0 0 0 70
0 0 0 127 127 34 0 75.151 44.3177 40.474 42.9948 35.8854 32.8385 8.125
37.9167 40.349 28.776 47.4323 0 13.8802 14.2188 0 127 84.56 1 0 0 0
0 0 0 0 16 16 0 0 0 0 0 0 127 51 0;
egregore_data 0 0 127 0 0 127 0 0 0 0 0 0 0 0 0 127 38 0 127 0 0 0
0 0 0 0 0 0 0 100 0 0 127 127 78 0 93 90 127 0 19 127 127 0 0 0 70
0 0 0 127 127 34 0 75.151 44.3177 40.474 42.9948 35.8854 32.8385 8.125
37.9167 40.349 28.776 47.4323 0 13.8802 14.2188 0 127 84.56 1 0 0 0
0 0 0 0 16 16 0 0 0 0 0 0 127 51 0;
egregore_data 0 0 127 0 0 127 0 0 0 0 0 0 0 0 0 127 38 0 127 0 0 0
0 0 0 0 0 0 0 100 0 0 127 127 78 0 93 90 127 0 19 127 127 0 0 0 70
0 0 0 127 127 34 0 75.151 44.3177 40.474 42.9948 35.8854 32.8385 8.125
37.9167 40.349 28.776 47.4323 0 13.8802 14.2188 0 127 84.56 1 0 0 0
0 0 0 0 16 16 0 0 0 0 0 0 127 51 0;
egregore_data 0 0 127 0 0 127 0 0 0 0 0 0 0 0 0 127 38 0 127 0 0 0
0 0 0 0 0 0 0 100 0 0 127 127 78 0 93 90 127 0 19 127 127 0 0 0 70
0 0 0 127 127 34 0 75.151 44.3177 40.474 42.9948 35.8854 32.8385 8.125
37.9167 40.349 28.776 47.4323 0 13.8802 14.2188 0 127 84.56 1 0 0 0
0 0 0 0 16 16 0 0 0 0 0 0 127 51 0;
egregore_data 0 0 127 0 0 127 0 0 0 0 0 0 0 0 0 127 38 0 127 0 0 0
0 0 0 0 0 0 0 100 0 0 127 127 78 0 93 90 127 0 19 127 127 0 0 0 70
0 0 0 127 127 34 0 75.151 44.3177 40.474 42.9948 35.8854 32.8385 8.125
37.9167 40.349 28.776 47.4323 0 13.8802 14.2188 0 127 84.56 1 0 0 0
0 0 0 0 16 16 0 0 0 0 0 0 127 51 0;
egregore_data 0 0 127 0 0 127 0 0 0 0 0 0 0 0 0 127 38 0 127 0 0 0
0 0 0 0 0 0 0 100 0 0 127 127 78 0 93 90 127 0 19 127 127 0 0 0 70
0 0 0 127 127 34 0 75.151 44.3177 40.474 42.9948 35.8854 32.8385 8.125
37.9167 40.349 28.776 47.4323 0 13.8802 14.2188 0 127 84.56 1 0 0 0
0 0 0 0 16 16 0 0 0 0 0 0 127 51 0;
egregore_data 0 0 127 0 0 127 0 0 0 0 0 0 0 0 0 127 38 0 127 0 0 0
0 0 0 0 0 0 0 100 0 0 127 127 78 0 93 90 127 0 19 127 127 0 0 0 70
0 0 0 127 127 34 0 75.151 44.3177 40.474 42.9948 35.8854 32.8385 8.125
37.9167 40.349 28.776 47.4323 0 13.8802 14.2188 0 127 84.56 1 0 0 0
0 0 0 0 16 16 0 0 0 0 0 0 127 51 0;
egregore_data 0 0 127 0 0 127 0 0 0 0 0 0 0 0 0 127 38 0 127 0 0 0
0 0 0 0 0 0 0 100 0 0 127 127 78 0 93 90 127 0 19 127 127 0 0 0 70
0 0 0 127 127 34 0 75.151 44.3177 40.474 42.9948 35.8854 32.8385 8.125
37.9167 40.349 28.776 47.4323 0 13.8802 14.2188 0 127 84.56 1 0 0 0
0 0 0 0 16 16 0 0 0 0 0 0 127 51 0;
egregore_data 0 0 127 0 0 127 0 0 0 0 0 0 0 0 0 127 38 0 127 0 0 0
0 0 0 0 0 0 0 100 0 0 127 127 78 0 93 90 127 0 19 127 127 0 0 0 70
0 0 0 127 127 34 0 75.151 44.3177 40.474 42.9948 35.8854 32.8385 8.125
37.9167 40.349 28.776 47.4323 0 13.8802 14.2188 0 127 84.56 1 0 0 0
0 0 0 0 16 16 0 0 0 0 0 0 127 51 0;
egregore_data 0 0 127 0 0 127 0 0 0 0 0 0 0 0 0 127 38 0 127 0 0 0
0 0 0 0 0 0 0 100 0 0 127 127 78 0 93 90 127 0 19 127 127 0 0 0 70
0 0 0 127 127 34 0 75.151 44.3177 40.474 42.9948 35.8854 32.8385 8.125
37.9167 40.349 28.776 47.4323 0 13.8802 14.2188 0 127 84.56 1 0 0 0
0 0 0 0 16 16 0 0 0 0 0 0 127 51 0;
egregore_data 0 0 127 0 0 127 0 0 0 0 0 0 0 0 0 127 38 0 127 0 0 0
0 0 0 0 0 0 0 100 0 0 127 127 78 0 93 90 127 0 19 127 127 0 0 0 70
0 0 0 127 127 34 0 75.151 44.3177 40.474 42.9948 35.8854 32.8385 8.125
37.9167 40.349 28.776 47.4323 0 13.8802 14.2188 0 127 84.56 1 0 0 0
0 0 0 0 16 16 0 0 0 0 0 0 127 51 0;
egregore_data 0 0 127 0 0 127 0 0 0 0 0 0 0 0 0 127 38 0 127 0 0 0
0 0 0 0 0 0 0 100 0 0 127 127 78 0 93 90 127 0 19 127 127 0 0 0 70
0 0 0 127 127 34 0 75.151 44.3177 40.474 42.9948 35.8854 32.8385 8.125
37.9167 40.349 28.776 47.4323 0 13.8802 14.2188 0 127 84.56 1 0 0 0
0 0 0 0 16 16 0 0 0 0 0 0 127 51 0;
egregore_data 0 0 127 0 0 127 0 0 0 0 0 0 0 0 0 127 38 0 127 0 0 0
0 0 0 0 0 0 0 100 0 0 127 127 78 0 93 90 127 0 19 127 127 0 0 0 70
0 0 0 127 127 34 0 75.151 44.3177 40.474 42.9948 35.8854 32.8385 8.125
37.9167 40.349 28.776 47.4323 0 13.8802 14.2188 0 127 84.56 1 0 0 0
0 0 0 0 16 16 0 0 0 0 0 0 127 51 0;
egregore_data 0 0 127 0 0 127 0 0 0 0 0 0 0 0 0 127 38 0 127 0 0 0
0 0 0 0 0 0 0 100 0 0 127 127 78 0 93 90 127 0 19 127 127 0 0 0 70
0 0 0 127 127 34 0 75.151 44.3177 40.474 42.9948 35.8854 32.8385 8.125
37.9167 40.349 28.776 47.4323 0 13.8802 14.2188 0 127 84.56 1 0 0 0
0 0 0 0 16 16 0 0 0 0 0 0 127 51 0;
egregore_data 0 0 127 0 0 127 0 0 0 0 0 0 0 0 0 127 38 0 127 0 0 0
0 0 0 0 0 0 0 100 0 0 127 127 78 0 93 90 127 0 19 127 127 0 0 0 70
0 0 0 127 127 34 0 75.151 44.3177 40.474 42.9948 35.8854 32.8385 8.125
37.9167 40.349 28.776 47.4323 0 13.8802 14.2188 0 127 84.56 1 0 0 0
0 0 0 0 16 16 0 0 0 0 0 0 127 51 0;
egregore_data 0 0 127 0 0 127 0 0 0 0 0 0 0 0 0 127 38 0 127 0 0 0
0 0 0 0 0 0 0 100 0 0 127 127 78 0 93 90 127 0 19 127 127 0 0 0 70
0 0 0 127 127 34 0 75.151 44.3177 40.474 42.9948 35.8854 32.8385 8.125
37.9167 40.349 28.776 47.4323 0 13.8802 14.2188 0 127 84.56 1 0 0 0
0 0 0 0 16 16 0 0 0 0 0 0 127 51 0;
egregore_data 0 0 127 0 0 127 0 0 0 0 0 0 0 0 0 127 38 0 127 0 0 0
0 0 0 0 0 0 0 100 0 0 127 127 78 0 93 90 127 0 19 127 127 0 0 0 70
0 0 0 127 127 34 0 75.151 44.3177 40.474 42.9948 35.8854 32.8385 8.125
37.9167 40.349 28.776 47.4323 0 13.8802 14.2188 0 127 84.56 1 0 0 0
0 0 0 0 16 16 0 0 0 0 0 0 127 51 0;
egregore_data 0 0 127 0 0 127 0 0 0 0 0 0 0 0 0 127 38 0 127 0 0 0
0 0 0 0 0 0 0 100 0 0 127 127 78 0 93 90 127 0 19 127 127 0 0 0 70
0 0 0 127 127 34 0 75.151 44.3177 40.474 42.9948 35.8854 32.8385 8.125
37.9167 40.349 28.776 47.4323 0 13.8802 14.2188 0 127 84.56 1 0 0 0
0 0 0 0 16 16 0 0 0 0 0 0 127 51 0;
egregore_data 0 0 127 0 0 127 0 0 0 0 0 0 0 0 0 127 38 0 127 0 0 0
0 0 0 0 0 0 0 100 0 0 127 127 78 0 93 90 127 0 19 127 127 0 0 0 70
0 0 0 127 127 34 0 75.151 44.3177 40.474 42.9948 35.8854 32.8385 8.125
37.9167 40.349 28.776 47.4323 0 13.8802 14.2188 0 127 84.56 1 0 0 0
0 0 0 0 16 16 0 0 0 0 0 0 127 51 0;
egregore_data 0 0 127 0 0 127 0 0 0 0 0 0 0 0 0 127 38 0 127 0 0 0
0 0 0 0 0 0 0 100 0 0 127 127 78 0 93 90 127 0 19 127 127 0 0 0 70
0 0 0 127 127 34 0 75.0311 44.0881 40.3472 43.4301 36.2487 33.171 8.20725
38.3005 40.1399 29.0674 47.4974 0 14.0207 14.3627 0 127 84.56 1 0 0
0 0 0 0 0 16 16 0 0 0 0 0 0 127 51 0;
egregore_data 0 0 127 0 0 127 0 0 0 0 0 0 0 0 0 127 38 0 127 0 0 0
0 0 0 0 0 0 0 100 0 0 127 127 78 0 93 90 127 0 19 127 127 0 0 0 70
0 0 0 127 127 34 0 75.0311 44.0881 40.3472 43.4301 36.2487 33.171 8.20725
38.3005 40.1399 29.0674 47.4974 0 14.0207 14.3627 0 127 84.56 1 0 0
0 0 0 0 0 16 16 0 0 0 0 0 0 127 51 0;
egregore_data 0 0 127 0 0 127 0 0 0 0 0 0 0 0 0 127 38 0 127 0 0 0
0 0 0 0 0 0 0 100 0 0 127 127 78 0 93 90 127 0 19 127 127 0 0 0 70
0 0 0 127 127 34 0 75.0311 44.0881 40.3472 43.4301 36.2487 33.171 8.20725
38.3005 40.1399 29.0674 47.4974 0 14.0207 14.3627 0 127 84.56 1 0 0
0 0 0 0 0 16 16 0 0 0 0 0 0 127 51 0;
egregore_data 0 0 127 0 0 127 0 0 0 0 0 0 0 0 0 127 38 0 127 0 0 0
0 0 0 0 0 0 0 100 0 0 127 127 78 0 93 90 127 0 19 127 127 0 0 0 70
0 0 0 127 127 34 0 75.0311 44.0881 40.3472 43.4301 36.2487 33.171 8.20725
38.3005 40.1399 29.0674 47.4974 0 14.0207 14.3627 0 127 84.56 1 0 0
0 0 0 0 0 16 16 0 0 0 0 0 0 127 51 0;
egregore_data 0 0 127 0 0 127 0 0 0 0 0 0 0 0 0 127 38 0 127 0 0 0
0 0 0 0 0 0 0 100 0 0 127 127 78 0 93 90 127 0 19 127 127 0 0 0 70
0 0 0 127 127 34 0 75.0311 44.0881 40.3472 43.4301 36.2487 33.171 8.20725
38.3005 40.1399 29.0674 47.4974 0 14.0207 14.3627 0 127 84.56 1 0 0
0 0 0 0 0 16 16 0 0 0 0 0 0 127 51 0;
egregore_data 0 0 127 0 0 127 0 0 0 0 0 0 0 0 0 127 38 0 127 0 0 0
0 0 0 0 0 0 0 100 0 0 127 127 78 0 93 90 127 0 19 127 127 0 0 0 70
0 0 0 127 127 34 0 75.0311 44.0881 40.3472 43.4301 36.2487 33.171 8.20725
38.3005 40.1399 29.0674 47.4974 0 14.0207 14.3627 0 127 84.56 1 0 0
0 0 0 0 0 16 16 0 0 0 0 0 0 127 51 0;
egregore_data 0 0 127 0 0 127 0 0 0 0 0 0 0 0 0 127 38 0 127 0 0 0
0 0 0 0 0 0 0 100 0 0 127 127 78 0 93 90 127 0 19 127 127 0 0 0 70
0 0 0 127 127 34 0 75.0311 44.0881 40.3472 43.4301 36.2487 33.171 8.20725
38.3005 40.1399 29.0674 47.4974 0 14.0207 14.3627 0 127 84.56 1 0 0
0 0 0 0 0 16 16 0 0 0 0 0 0 127 51 0;
egregore_data 0 0 127 0 0 127 0 0 0 0 0 0 0 0 0 127 38 0 127 0 0 0
0 0 0 0 0 0 0 100 0 0 127 127 78 0 93 90 127 0 19 127 127 0 0 0 70
0 0 0 127 127 34 0 75.0311 44.0881 40.3472 43.4301 36.2487 33.171 8.20725
38.3005 40.1399 29.0674 47.4974 0 14.0207 14.3627 0 127 84.56 1 0 0
0 0 0 0 0 16 16 0 0 0 0 0 0 127 51 0;
egregore_data 0 0 127 0 0 127 0 0 0 0 0 0 0 0 0 127 38 0 127 0 0 0
0 0 0 0 0 0 0 100 0 0 127 127 78 0 93 90 127 0 19 127 127 0 0 0 70
0 0 0 127 127 34 0 75.0311 44.0881 40.3472 43.4301 36.2487 33.171 8.20725
38.3005 40.1399 29.0674 47.4974 0 14.0207 14.3627 0 127 84.56 1 0 0
0 0 0 0 0 16 16 0 0 0 0 0 0 127 51 0;
egregore_data 0 0 127 0 0 127 0 0 0 0 0 0 0 0 0 127 38 0 127 0 0 0
0 0 0 0 0 0 0 100 0 0 127 127 78 0 93 90 127 0 19 127 127 0 0 0 70
0 0 0 127 127 34 0 75.0311 44.0881 40.3472 43.4301 36.2487 33.171 8.20725
38.3005 40.1399 29.0674 47.4974 0 14.0207 14.3627 0 127 84.56 1 0 0
0 0 0 0 0 16 16 0 0 0 0 0 0 127 51 0;
egregore_data 0 0 127 0 0 127 0 0 0 0 0 0 0 0 0 127 38 0 127 0 0 0
0 0 0 0 0 0 0 100 0 0 127 127 78 0 93 90 127 0 19 127 127 0 0 0 70
0 0 0 127 127 34 0 75.0311 44.0881 40.3472 43.4301 36.2487 33.171 8.20725
38.3005 40.1399 29.0674 47.4974 0 14.0207 14.3627 0 127 84.56 1 0 0
0 0 0 0 0 16 16 0 0 0 0 0 0 127 51 0;
egregore_data 0 0 127 0 0 127 0 0 0 0 0 0 0 0 0 127 38 0 127 0 0 0
0 0 0 0 0 0 0 100 0 0 127 127 78 0 93 90 127 0 19 127 127 0 0 0 70
0 0 0 127 127 34 0 75.0311 44.0881 40.3472 43.4301 36.2487 33.171 8.20725
38.3005 40.1399 29.0674 47.4974 0 14.0207 14.3627 0 127 84.56 1 0 0
0 0 0 0 0 16 16 0 0 0 0 0 0 127 51 0;
egregore_data 0 0 127 0 0 127 0 0 0 0 0 0 0 0 0 127 38 0 127 0 0 0
0 0 0 0 0 0 0 100 0 0 127 127 78 0 93 90 127 0 19 127 127 0 0 0 70
0 0 0 127 127 34 0 75.0311 44.0881 40.3472 43.4301 36.2487 33.171 8.20725
38.3005 40.1399 29.0674 47.4974 0 14.0207 14.3627 0 127 84.56 1 0 0
0 0 0 0 0 16 16 0 0 0 0 0 0 127 51 0;
egregore_data 0 0 127 0 0 127 0 0 0 0 0 0 0 0 0 127 38 0 127 0 0 0
0 0 0 0 0 0 0 100 0 0 127 127 78 0 93 90 127 0 19 127 127 0 0 0 70
0 0 0 127 127 34 0 75.0311 44.0881 40.3472 43.4301 36.2487 33.171 8.20725
38.3005 40.1399 29.0674 47.4974 0 14.0207 14.3627 0 127 84.56 1 0 0
0 0 0 0 0 16 16 0 0 0 0 0 0 127 51 0;
egregore_data 0 0 127 0 0 127 0 0 0 0 0 0 0 0 0 127 38 0 127 0 0 0
0 0 0 0 0 0 0 100 0 0 127 127 78 0 93 90 127 0 19 127 127 0 0 0 70
0 0 0 127 127 34 0 75.0311 44.0881 40.3472 43.4301 36.2487 33.171 8.20725
38.3005 40.1399 29.0674 47.4974 0 14.0207 14.3627 0 127 84.56 1 0 0
0 0 0 0 0 16 16 0 0 0 0 0 0 127 51 0;
egregore_data 0 0 127 0 0 127 0 0 0 0 0 0 0 0 0 127 38 0 127 0 0 0
0 0 0 0 0 0 0 100 0 0 127 127 78 0 93 90 127 0 19 127 127 0 0 0 70
0 0 0 127 127 34 0 75.0311 44.0881 40.3472 43.4301 36.2487 33.171 8.20725
38.3005 40.1399 29.0674 47.4974 0 14.0207 14.3627 0 127 84.56 1 0 0
0 0 0 0 0 16 16 0 0 0 0 0 0 127 51 0;
egregore_data 0 0 127 0 0 127 0 0 0 0 0 0 0 0 0 127 38 0 127 0 0 0
0 0 0 0 0 0 0 100 0 0 127 127 78 0 93 90 127 0 19 127 127 0 0 0 70
0 0 0 127 127 34 0 75.0311 44.0881 40.3472 43.4301 36.2487 33.171 8.20725
38.3005 40.1399 29.0674 47.4974 0 14.0207 14.3627 0 127 84.56 1 0 0
0 0 0 0 0 16 16 0 0 0 0 0 0 127 51 0;
egregore_data 0 0 127 0 0 127 0 0 0 0 0 0 0 0 0 127 38 0 127 0 0 0
0 0 0 0 0 0 0 100 0 0 127 127 78 0 93 90 127 0 19 127 127 0 0 0 70
0 0 0 127 127 34 0 75.0311 44.0881 40.3472 43.4301 36.2487 33.171 8.20725
38.3005 40.1399 29.0674 47.4974 0 14.0207 14.3627 0 127 84.56 1 0 0
0 0 0 0 0 16 16 0 0 0 0 0 0 127 51 0;
egregore_data 0 0 127 0 0 127 0 0 0 0 0 0 0 0 0 127 38 0 127 0 0 0
0 0 0 0 0 0 0 100 0 0 127 127 78 0 93 90 127 0 19 127 127 0 0 0 70
0 0 0 127 127 34 0 75.0311 44.0881 40.3472 43.4301 36.2487 33.171 8.20725
38.3005 40.1399 29.0674 47.4974 0 14.0207 14.3627 0 127 84.56 1 0 0
0 0 0 0 0 16 16 0 0 0 0 0 0 127 51 0;
egregore_data 0 0 127 0 0 127 0 0 0 0 0 0 0 0 0 127 38 0 127 0 0 0
0 0 0 0 0 0 0 100 0 0 127 127 78 0 93 90 127 0 19 127 127 0 0 0 70
0 0 0 127 127 34 0 75.0311 44.0881 40.3472 43.4301 36.2487 33.171 8.20725
38.3005 40.1399 29.0674 47.4974 0 14.0207 14.3627 0 127 84.56 1 0 0
0 0 0 0 0 16 16 0 0 0 0 0 0 127 51 0;
egregore_data 0 0 127 0 0 127 0 0 0 0 0 0 0 0 0 127 38 0 127 0 0 0
0 0 0 0 0 0 0 100 0 0 127 127 78 0 93 90 127 0 19 127 127 0 0 0 70
0 0 0 127 127 34 0 75.0311 44.0881 40.3472 43.4301 36.2487 33.171 8.20725
38.3005 40.1399 29.0674 47.4974 0 14.0207 14.3627 0 127 84.56 1 0 0
0 0 0 0 0 16 16 0 0 0 0 0 0 127 51 0;
egregore_data 0 0 127 0 0 127 0 0 0 0 0 0 0 0 0 127 38 0 127 0 0 0
0 0 0 0 0 0 0 100 0 0 127 127 78 0 93 90 127 0 19 127 127 0 0 0 70
0 0 0 127 127 34 0 75.0311 44.0881 40.3472 43.4301 36.2487 33.171 8.20725
38.3005 40.1399 29.0674 47.4974 0 14.0207 14.3627 0 127 84.56 1 0 0
0 0 0 0 0 16 16 0 0 0 0 0 0 127 51 0;
egregore_data 0 0 127 0 0 127 0 0 0 0 0 0 0 0 0 127 38 0 127 0 0 0
0 0 0 0 0 0 0 100 0 0 127 127 78 0 93 90 127 0 19 127 127 0 0 0 70
0 0 0 127 127 34 0 75.0311 44.0881 40.3472 43.4301 36.2487 33.171 8.20725
38.3005 40.1399 29.0674 47.4974 0 14.0207 14.3627 0 127 84.56 1 0 0
0 0 0 0 0 16 16 0 0 0 0 0 0 127 51 0;
egregore_data 0 0 127 0 0 127 0 0 0 0 0 0 0 0 0 127 38 0 127 0 0 0
0 0 0 0 0 0 0 100 0 0 127 127 78 0 93 90 127 0 19 127 127 0 0 0 70
0 0 0 127 127 34 0 75.0311 44.0881 40.3472 43.4301 36.2487 33.171 8.20725
38.3005 40.1399 29.0674 47.4974 0 14.0207 14.3627 0 127 84.56 1 0 0
0 0 0 0 0 16 16 0 0 0 0 0 0 127 51 0;
egregore_data 0 0 127 0 0 127 0 0 0 0 0 0 0 0 0 127 38 0 127 0 0 0
0 0 0 0 0 0 0 100 0 0 127 127 78 0 93 90 127 0 19 127 127 0 0 0 70
0 0 0 127 127 34 0 75.0311 44.0881 40.3472 43.4301 36.2487 33.171 8.20725
38.3005 40.1399 29.0674 47.4974 0 14.0207 14.3627 0 127 84.56 1 0 0
0 0 0 0 0 16 16 0 0 0 0 0 0 127 51 0;
egregore_data 0 0 127 0 0 127 0 0 0 0 0 0 0 0 0 127 38 0 127 0 0 0
0 0 0 0 0 0 0 100 0 0 127 127 78 0 93 90 127 0 19 127 127 0 0 0 70
0 0 0 127 127 34 0 75.0311 44.0881 40.3472 43.4301 36.2487 33.171 8.20725
38.3005 40.1399 29.0674 47.4974 0 14.0207 14.3627 0 127 84.56 1 0 0
0 0 0 0 0 16 16 0 0 0 0 0 0 127 51 0;
END;
