HTTP/1.1 200 OK
Date: Thu, 28 May 2015 12:31:00 GMT
Server: Apache
Last-Modified: Wed, 27 May 2015 19:03:12 GMT
Accept-Ranges: bytes
Content-Length: 23478
Vary: Accept-Encoding
Connection: close
Content-Type: text/plain

chdh_egregore_live_data;
egregore_data 116 119 0 90 85 0 127 0 0 0 0 0 0 0 0 127 38 1 0 0 0
0 0 0 0 0 0 6 0 127 0 0 0 127 78 0 0 0 127 0 0 30 127 0 0 0 70 0 0
0 0 127 34 0 53 99 83 0 0 0 0 32 0 0 21 0 40 0 0 127 88 0 0 0 0 0 0
0 0 16 16 0 0 0 0 0 0 127 51 0;
egregore_data 116 119 0 90 85 0 127 0 0 0 0 0 0 0 0 127 38 1 0 0 0
0 0 0 0 0 0 6 0 127 0 0 0 127 78 0 0 0 127 0 0 30 127 0 0 0 70 0 0
0 0 127 34 0 53 99 83 0 0 0 0 32 0 0 21 0 40 0 0 127 88 0 0 0 0 0 0
0 0 16 16 0 0 0 0 0 0 127 51 0;
egregore_data 116 119 0 91 85 0 127 0 0 0 0 0 0 0 0 127 38 1 0 0 0
0 0 0 0 0 0 6 0 127 0 0 0 127 78 0 0 0 127 0 0 30 127 0 0 0 70 0 0
0 0 127 34 0 53 99 83 0 0 0 0 32 0 0 21 0 40 0 0 127 88 0 0 0 0 0 0
0 0 16 16 0 0 0 0 0 0 127 51 0;
egregore_data 116 119 0 91 85 0 127 0 0 0 0 0 0 0 0 127 38 1 0 0 0
0 0 0 0 0 0 6 0 127 0 0 0 127 78 0 0 0 127 0 0 30 127 0 0 0 70 0 0
0 0 127 34 0 53 99 83 0 0 0 0 32 0 0 21 0 40 0 0 127 88 0 0 0 0 0 0
0 0 16 16 0 0 0 0 0 0 127 51 0;
egregore_data 116 119 0 91 85 0 127 0 0 0 0 0 0 0 0 127 38 1 0 0 0
0 0 0 0 0 0 6 0 127 0 0 0 127 78 0 0 0 127 0 0 30 127 0 0 0 70 0 0
0 0 127 34 0 53 99 83 0 0 0 0 32 0 0 21 0 40 0 0 127 88 0 0 0 0 0 0
0 0 16 16 0 0 0 0 0 0 127 51 0;
egregore_data 116 121 0 91 86 0 127 0 0 0 0 0 0 0 0 127 38 1 0 0 0
0 0 0 0 0 0 6 0 127 0 0 0 127 78 0 0 0 127 0 0 30 127 0 0 0 70 0 0
0 0 127 34 0 53 99 83 0 0 0 0 32 0 0 21 0 40 0 0 127 88 0 0 0 0 0 0
0 0 16 16 0 0 0 0 0 0 127 51 0;
egregore_data 116 121 0 92 86 0 127 0 0 0 0 0 0 0 0 127 38 1 0 0 0
0 0 0 0 0 0 6 0 127 0 0 0 127 78 0 0 0 127 0 0 30 127 0 0 0 70 0 0
0 0 127 34 0 53 99 83 0 0 0 0 32 0 0 21 0 40 0 0 127 88 0 0 0 0 0 0
0 0 16 16 0 0 0 0 0 0 127 51 0;
egregore_data 116 121 0 92 86 0 127 0 0 0 0 0 0 0 0 127 38 1 0 0 0
0 0 0 0 0 0 6 0 127 0 0 0 127 78 0 0 0 127 0 0 30 127 0 0 0 70 0 0
0 0 127 34 0 53 99 83 0 0 0 0 32 0 0 21 0 40 0 0 127 88 0 0 0 0 0 0
0 0 16 16 0 0 0 0 0 0 127 51 0;
egregore_data 116 121 0 92 86 0 127 0 0 0 0 0 0 0 0 127 38 1 0 0 0
0 0 0 0 0 0 6 0 127 0 0 0 127 78 0 0 0 127 0 0 30 127 0 0 0 70 0 0
0 0 127 34 0 53 99 83 0 0 0 0 32 0 0 21 0 40 0 0 127 88 0 0 0 0 0 0
0 0 16 16 0 0 0 0 0 0 127 51 0;
egregore_data 116 121 0 92 86 0 127 0 0 0 0 0 0 0 0 127 38 1 0 0 0
0 0 0 0 0 0 6 0 127 0 0 0 127 78 0 0 0 127 0 0 30 127 0 0 0 70 0 0
0 0 127 34 0 53 99 83 0 0 0 0 32 0 0 21 0 40 0 0 127 88 0 0 0 0 0 0
0 0 16 16 0 0 0 0 0 0 127 51 0;
egregore_data 116 122 0 92 87 0 127 0 0 0 0 0 0 0 0 127 38 1 0 0 0
0 0 0 0 0 0 6 0 127 0 0 0 127 78 0 0 0 127 0 0 30 127 0 0 0 70 0 0
0 0 127 34 0 53 99 83 0 0 0 0 32 0 0 21 0 40 0 0 127 88 0 0 0 0 0 0
0 0 16 16 0 0 0 0 0 0 127 51 0;
egregore_data 116 122 0 93 87 0 127 0 0 0 0 0 0 0 0 127 38 1 0 0 0
0 0 0 0 0 0 6 0 127 0 0 0 127 78 0 0 0 127 0 0 30 127 0 0 0 70 0 0
0 0 127 34 0 53 99 83 0 0 0 0 32 0 0 21 0 40 0 0 127 88 0 0 0 0 0 0
0 0 16 16 0 0 0 0 0 0 127 51 0;
egregore_data 116 122 0 93 87 0 127 0 0 0 0 0 0 0 0 127 38 1 0 0 0
0 0 0 0 0 0 6 0 127 0 0 0 127 78 0 0 0 127 0 0 30 127 0 0 0 70 0 0
0 0 127 34 0 53 99 83 0 0 0 0 32 0 0 21 0 40 0 0 127 88 0 0 0 0 0 0
0 0 16 16 0 0 0 0 0 0 127 51 0;
egregore_data 116 122 0 93 87 0 127 0 0 0 0 0 0 0 0 127 38 1 0 0 0
0 0 0 0 0 0 6 0 127 0 0 0 127 78 0 0 0 127 0 0 30 127 0 0 0 70 0 0
0 0 127 34 0 53 99 83 0 0 0 0 32 0 0 21 0 40 0 0 127 88 0 0 0 0 0 0
0 0 16 16 0 0 0 0 0 0 127 51 0;
egregore_data 116 122 0 93 87 0 127 0 0 0 0 0 0 0 0 127 38 1 0 0 0
0 0 0 0 0 0 6 0 127 0 0 0 127 78 0 0 0 127 0 0 30 127 0 0 0 70 0 0
0 0 127 34 0 53 99 83 0 0 0 0 32 0 0 21 0 40 0 0 127 88 0 0 0 0 0 0
0 0 16 16 0 0 0 0 0 0 127 51 0;
egregore_data 116 122 0 93 87 0 127 0 0 0 0 0 0 0 0 127 38 1 0 0 0
0 0 0 0 0 0 6 0 127 0 0 0 127 78 0 0 0 127 0 0 30 127 0 0 0 70 0 0
0 0 127 34 0 53 99 83 0 0 0 0 32 0 0 21 0 40 0 0 127 88 0 0 0 0 0 0
0 0 16 16 0 0 0 0 0 0 127 51 0;
egregore_data 116 123 0 93 87 0 127 0 0 0 0 0 0 0 0 127 38 1 0 0 0
0 0 0 0 0 0 6 0 127 0 0 0 127 78 0 0 0 127 0 0 30 127 0 0 0 70 0 0
0 0 127 34 0 53 99 83 0 0 0 0 32 0 0 21 0 40 0 0 127 88 0 0 0 0 0 0
0 0 16 16 0 0 0 0 0 0 127 51 0;
egregore_data 116 123 0 93 87 0 127 0 0 0 0 0 0 0 0 127 38 1 0 0 0
0 0 0 0 0 0 6 0 127 0 0 0 127 78 0 0 0 127 0 0 30 127 0 0 0 70 0 0
0 0 127 34 0 53 99 83 0 0 0 0 32 0 0 21 0 40 0 0 127 88 0 0 0 0 0 0
0 0 16 16 0 0 0 0 0 0 127 51 0;
egregore_data 116 123 0 93 87 0 127 0 0 0 0 0 0 0 0 127 38 1 0 0 0
0 0 0 0 0 0 6 0 127 0 0 0 127 78 0 0 0 127 0 0 30 127 0 0 0 70 0 0
0 0 127 34 0 53 99 83 0 0 0 0 32 0 0 21 0 40 0 0 127 88 0 0 0 0 0 0
0 0 16 16 0 0 0 0 0 0 127 51 0;
egregore_data 116 123 0 93 87 0 127 0 0 0 0 0 0 0 0 127 38 1 0 0 0
0 0 0 0 0 0 6 0 127 0 0 0 127 78 0 0 0 127 0 0 30 127 0 0 0 70 0 0
0 0 127 34 0 53 99 83 0 0 0 0 32 0 0 21 0 40 0 0 127 88 0 0 0 0 0 0
0 0 16 16 0 0 0 0 0 0 127 51 0;
egregore_data 116 123 0 93 87 0 127 0 0 0 0 0 0 0 0 127 38 1 0 0 0
0 0 0 0 0 0 6 0 127 0 0 0 127 78 0 0 0 127 0 0 30 127 0 0 0 70 0 0
0 0 127 34 0 53 99 83 0 0 0 0 32 0 0 21 0 40 0 0 127 88 0 0 0 0 0 0
0 0 16 16 0 0 0 0 0 0 127 51 0;
egregore_data 116 123 0 93 87 0 127 0 0 0 0 0 0 0 0 127 38 1 0 0 0
0 0 0 0 0 0 6 0 127 0 0 0 127 78 0 0 0 127 0 0 30 127 0 0 0 70 0 0
0 0 127 34 0 53 99 83 0 0 0 0 32 0 0 21 0 40 0 0 127 88 0 0 0 0 0 0
0 0 16 16 0 0 0 0 0 0 127 51 0;
egregore_data 116 123 0 93 87 0 127 0 0 0 0 0 0 0 0 127 38 1 0 0 0
0 0 0 0 0 0 6 0 127 0 0 0 127 78 0 0 0 127 0 0 30 127 0 0 0 70 0 0
0 0 127 34 0 53 99 83 0 0 0 0 32 0 0 21 0 40 0 0 127 88 0 0 0 0 0 0
0 0 16 16 0 0 0 0 0 0 127 51 0;
egregore_data 116 123 0 93 87 0 127 0 0 0 0 0 0 0 0 127 38 1 0 0 0
0 0 0 0 0 0 6 0 127 0 0 0 127 78 0 0 0 127 0 0 30 127 0 0 0 70 0 0
0 0 127 34 0 53 99 83 0 0 0 0 32 0 0 21 0 40 0 0 127 88 0 0 0 0 0 0
0 0 16 16 0 0 0 0 0 0 127 51 0;
egregore_data 116 123 0 93 87 0 127 0 0 0 0 0 0 0 0 127 38 1 0 0 0
0 0 0 0 0 0 6 0 127 0 0 0 127 78 0 0 0 127 0 0 30 127 0 0 0 70 0 0
0 0 127 34 0 53 99 83 0 0 0 0 32 0 0 21 0 40 0 0 127 88 0 0 0 0 0 0
0 0 16 16 0 0 0 0 0 0 127 51 0;
egregore_data 116 123 0 93 87 0 127 0 0 0 0 0 0 0 0 127 38 1 0 0 0
0 0 0 0 0 0 6 0 127 0 0 0 127 78 0 0 0 127 0 0 30 127 0 0 0 70 0 0
0 0 127 34 0 53 99 83 0 0 0 0 32 0 0 21 0 40 0 0 127 88 0 0 0 0 0 0
0 0 16 16 0 0 0 0 0 0 127 51 0;
egregore_data 116 123 0 93 87 0 127 0 0 0 0 0 0 0 0 127 38 1 0 0 0
0 0 0 0 0 0 6 0 127 0 0 0 127 78 0 0 0 127 0 0 30 127 0 0 0 70 0 0
0 0 127 34 0 53 99 83 0 0 0 0 32 0 0 21 0 40 0 0 127 88 0 0 0 0 0 0
0 0 16 16 0 0 0 0 0 0 127 51 0;
egregore_data 116 124 0 93 87 0 127 0 0 0 0 0 0 0 0 127 38 1 0 0 0
0 0 0 0 0 0 6 0 127 0 0 0 127 78 0 0 0 127 0 0 30 127 0 0 0 70 0 0
0 0 127 34 0 53 99 83 0 0 0 0 32 0 0 21 0 40 0 0 127 88 0 0 0 0 0 0
0 0 16 16 0 0 0 0 0 0 127 51 0;
egregore_data 116 124 0 94 89 0 127 0 0 0 0 0 0 0 0 127 38 1 0 0 0
0 0 0 0 0 0 6 0 127 0 0 0 127 78 0 0 0 127 0 0 30 127 0 0 0 70 0 0
0 0 127 34 0 53 99 83 0 0 0 0 32 0 0 21 0 40 0 0 127 88 0 0 0 0 0 0
0 0 16 16 0 0 0 0 0 0 127 51 0;
egregore_data 116 124 0 96 90 0 127 0 0 0 0 0 0 0 0 127 38 1 0 0 0
0 0 0 0 0 0 6 0 127 0 0 0 127 78 0 0 0 127 0 0 30 127 0 0 0 70 0 0
0 0 127 34 0 53 99 83 0 0 0 0 32 0 0 21 0 40 0 0 127 88 0 0 0 0 0 0
0 0 16 16 0 0 0 0 0 0 127 51 0;
egregore_data 116 124 0 96 91 0 127 0 0 0 0 0 0 0 0 127 38 1 0 0 0
0 0 0 0 0 0 6 0 127 0 0 0 127 78 0 0 0 127 0 0 30 127 0 0 0 70 0 0
0 0 127 34 0 53 99 83 0 0 0 0 32 0 0 21 0 40 0 0 127 88 0 0 0 0 0 0
0 0 16 16 0 0 0 0 0 0 127 51 0;
egregore_data 116 124 0 96 91 0 127 0 0 0 0 0 0 0 0 127 38 1 0 0 0
0 0 0 0 0 0 6 0 127 0 0 0 127 78 0 0 0 127 0 0 30 127 0 0 0 70 0 0
0 0 127 34 0 53 99 83 0 0 0 0 32 0 0 21 0 40 0 0 127 88 0 0 0 0 0 0
0 0 16 16 0 0 0 0 0 0 127 51 0;
egregore_data 116 124 0 96 91 0 127 0 0 0 0 0 0 0 0 127 38 1 0 0 0
0 0 0 0 0 0 6 0 127 0 0 0 127 78 0 0 0 127 0 0 30 127 0 0 0 70 0 0
0 0 127 34 0 53 99 83 0 0 0 0 32 0 0 21 0 40 0 0 127 88 0 0 0 0 0 0
0 0 16 16 0 0 0 0 0 0 127 51 0;
egregore_data 116 124 0 96 91 0 127 0 0 0 0 0 0 0 0 127 38 1 0 0 0
0 0 0 0 0 0 6 0 127 0 0 0 127 78 0 0 0 127 0 0 30 127 0 0 0 70 0 0
0 0 127 34 0 53 99 83 0 0 0 0 32 0 0 21 0 40 0 0 127 88 0 0 0 0 0 0
0 0 16 16 0 0 0 0 0 0 127 51 0;
egregore_data 116 124 0 96 91 0 127 0 0 0 0 0 0 0 0 127 38 1 0 0 0
0 0 0 0 0 0 6 0 127 0 0 0 127 78 0 0 0 127 0 0 30 127 0 0 0 70 0 0
0 0 127 34 0 53 99 83 0 0 0 0 32 0 0 21 0 40 0 0 127 88 0 0 0 0 0 0
0 0 16 16 0 0 0 0 0 0 127 51 0;
egregore_data 116 124 0 96 91 0 127 0 0 0 0 0 0 0 0 127 38 1 0 0 0
0 0 0 0 0 0 6 0 127 0 0 0 127 78 0 0 0 127 0 0 30 127 0 0 0 70 0 0
0 0 127 34 0 53 99 83 0 0 0 0 32 0 0 21 0 40 0 0 127 88 0 0 0 0 0 0
0 0 16 16 0 0 0 0 0 0 127 51 0;
egregore_data 116 124 0 96 91 0 127 0 0 0 0 0 0 0 0 127 38 1 0 0 0
0 0 0 0 0 0 6 0 127 0 0 0 127 78 0 0 0 127 0 0 30 127 0 0 0 70 0 0
0 0 127 34 0 53 99 83 0 0 0 0 32 0 0 21 0 40 0 0 127 88 0 0 0 0 0 0
0 0 16 16 0 0 0 0 0 0 127 51 0;
egregore_data 116 124 0 96 91 0 127 0 0 0 0 0 0 0 0 127 38 1 0 0 0
0 0 0 0 0 0 6 0 127 0 0 0 127 78 0 0 0 127 0 0 30 127 0 0 0 70 0 0
0 0 127 34 0 53 99 83 0 0 0 0 32 0 0 21 0 40 0 0 127 88 0 0 0 0 0 0
0 0 16 16 0 0 0 0 0 0 127 51 0;
egregore_data 116 124 0 96 91 0 127 0 0 0 0 0 0 0 0 127 38 1 0 0 0
0 0 0 0 0 0 6 0 127 0 0 0 127 78 0 0 0 127 0 0 30 127 0 0 0 70 0 0
0 0 127 34 0 53 99 83 0 0 0 0 32 0 0 21 0 40 0 0 127 88 0 0 0 0 0 0
0 0 16 16 0 0 0 0 0 0 127 51 0;
egregore_data 116 124 0 96 91 0 127 0 0 0 0 0 0 0 0 127 38 1 0 0 0
0 0 0 0 0 0 6 0 127 0 0 0 127 78 0 0 0 127 0 0 30 127 0 0 0 70 0 0
0 0 127 34 0 53 99 83 0 0 0 0 32 0 0 21 0 40 0 0 127 88 0 0 0 0 0 0
0 0 16 16 0 0 0 0 0 0 127 51 0;
egregore_data 116 124 0 96 91 0 127 0 0 0 0 0 0 0 0 127 38 1 0 0 0
0 0 0 0 0 0 6 0 127 0 0 0 127 78 0 0 0 127 0 0 30 127 0 0 0 70 0 0
0 0 127 34 0 53 99 83 0 0 0 0 32 0 0 21 0 40 0 0 127 88 0 0 0 0 0 0
0 0 16 16 0 0 0 0 0 0 127 51 0;
egregore_data 116 124 0 96 91 0 127 0 0 0 0 0 0 0 0 127 38 1 0 0 0
0 0 0 0 0 0 6 0 127 0 0 0 127 78 0 0 0 127 0 0 30 127 0 0 0 70 0 0
0 0 127 34 0 53 99 83 0 0 0 0 32 0 0 21 0 40 0 0 127 88 0 0 0 0 0 0
0 0 16 16 0 0 0 0 0 0 127 51 0;
egregore_data 116 124 0 96 91 0 127 0 0 0 0 0 0 0 0 127 38 1 0 0 0
0 0 0 0 0 0 6 0 127 0 0 0 127 78 0 0 0 127 0 0 30 127 0 0 0 70 0 0
0 0 127 34 0 53 99 83 0 0 0 0 32 0 0 21 0 40 0 0 127 88 0 0 0 0 0 0
0 0 16 16 0 0 0 0 0 0 127 51 0;
egregore_data 116 124 0 96 91 0 127 0 0 0 0 0 0 0 0 127 38 1 0 0 0
0 0 0 0 0 0 6 0 127 0 0 0 127 78 0 0 0 127 0 0 30 127 0 0 0 70 0 0
0 0 127 34 0 53 99 83 0 0 0 0 32 0 0 21 0 40 0 0 127 88 0 0 0 0 0 0
0 0 16 16 0 0 0 0 0 0 127 51 0;
egregore_data 116 124 0 96 91 0 127 0 0 0 0 0 0 0 0 127 38 1 0 0 0
0 0 0 0 0 0 6 0 127 0 0 0 127 78 0 0 0 127 0 0 30 127 0 0 0 70 0 0
0 0 127 34 0 53 99 83 0 0 0 0 32 0 0 21 0 40 0 0 127 88 0 0 0 0 0 0
0 0 16 16 0 0 0 0 0 0 127 51 0;
egregore_data 116 124 0 96 91 0 127 0 0 0 0 0 0 0 0 127 38 1 0 0 0
0 0 0 0 0 0 6 0 127 0 0 0 127 78 0 0 0 127 0 0 30 127 0 0 0 70 0 0
0 0 127 34 0 53 99 83 0 0 0 0 32 0 0 21 0 40 0 0 127 88 0 0 0 0 0 0
0 0 16 16 0 0 0 0 0 0 127 51 0;
egregore_data 116 124 0 96 91 0 127 0 0 0 0 0 0 0 0 127 38 1 0 0 0
0 0 0 0 0 0 6 0 127 0 0 0 127 78 0 0 0 127 0 0 30 127 0 0 0 70 0 0
0 0 127 34 0 53 99 83 0 0 0 0 32 0 0 21 0 40 0 0 127 88 0 0 0 0 0 0
0 0 16 16 0 0 0 0 0 0 127 51 0;
egregore_data 116 124 0 97 91 0 127 0 0 0 0 0 0 0 0 127 38 1 0 0 0
0 0 0 0 0 0 6 0 127 0 0 0 127 78 0 0 0 127 0 0 30 127 0 0 0 70 0 0
0 0 127 34 0 53 99 83 0 0 0 0 32 0 0 21 0 40 0 0 127 88 0 0 0 0 0 0
0 0 16 16 0 0 0 0 0 0 127 51 0;
egregore_data 116 124 0 98 92 0 127 0 0 0 0 0 0 0 0 127 38 1 0 0 0
0 0 0 0 0 0 6 0 127 0 0 0 127 78 0 0 0 127 0 0 30 127 0 0 0 70 0 0
0 0 127 34 0 53 99 83 0 0 0 0 32 0 0 21 0 40 0 0 127 88 0 0 0 0 0 0
0 0 16 16 0 0 0 0 0 0 127 51 0;
egregore_data 116 124 0 98 92 0 127 0 0 0 0 0 0 0 0 127 38 1 0 0 0
0 0 0 0 0 0 6 0 127 0 0 0 127 78 0 0 0 127 0 0 30 127 0 0 0 70 0 0
0 0 127 34 0 53 99 83 0 0 0 0 32 0 0 21 0 40 0 0 127 88 0 0 0 0 0 0
0 0 16 16 0 0 0 0 0 0 127 51 0;
egregore_data 116 124 0 98 92 0 127 0 0 0 0 0 0 0 0 127 38 1 0 0 0
0 0 0 0 0 0 6 0 127 0 0 0 127 78 0 0 0 127 0 0 30 127 0 0 0 70 0 0
0 0 127 34 0 53 99 83 0 0 0 0 32 0 0 21 0 40 0 0 127 88 0 0 0 0 0 0
0 0 16 16 0 0 0 0 0 0 127 51 0;
egregore_data 116 124 0 98 93 0 127 0 0 0 0 0 0 0 0 127 38 1 0 0 0
0 0 0 0 0 0 6 0 127 0 0 0 127 78 0 0 0 127 0 0 30 127 0 0 0 70 0 0
0 0 127 34 0 53 99 83 0 0 0 0 32 0 0 21 0 40 0 0 127 88 0 0 0 0 0 0
0 0 16 16 0 0 0 0 0 0 127 51 0;
egregore_data 116 124 0 98 93 0 127 0 0 0 0 0 0 0 0 127 38 1 0 0 0
0 0 0 0 0 0 6 0 127 0 0 0 127 78 0 0 0 127 0 0 30 127 0 0 0 70 0 0
0 0 127 34 0 53 99 83 0 0 0 0 32 0 0 21 0 40 0 0 127 88 0 0 0 0 0 0
0 0 16 16 0 0 0 0 0 0 127 51 0;
egregore_data 116 124 0 98 93 0 127 0 0 0 0 0 0 0 0 127 38 1 0 0 0
0 0 0 0 0 0 6 0 127 0 0 0 127 78 0 0 0 127 0 0 30 127 0 0 0 70 0 0
0 0 127 34 0 53 99 83 0 0 0 0 32 0 0 21 0 40 0 0 127 88 0 0 0 0 0 0
0 0 16 16 0 0 0 0 0 0 127 51 0;
egregore_data 116 124 0 98 93 0 127 0 0 0 0 0 0 0 0 127 38 1 0 0 0
0 0 0 0 0 0 6 0 127 0 0 0 127 78 0 0 0 127 0 0 30 127 0 0 0 70 0 0
0 0 127 34 0 53 99 83 0 0 0 0 32 0 0 21 0 40 0 0 127 88 0 0 0 0 0 0
0 0 16 16 0 0 0 0 0 0 127 51 0;
egregore_data 116 124 0 98 94 0 127 0 0 0 0 0 0 0 0 127 38 1 0 0 0
0 0 0 0 0 0 6 0 127 0 0 0 127 78 0 0 0 127 0 0 30 127 0 0 0 70 0 0
0 0 127 34 0 53 99 83 0 0 0 0 32 0 0 21 0 40 0 0 127 88 0 0 0 0 0 0
0 0 16 16 0 0 0 0 0 0 127 51 0;
egregore_data 116 124 0 98 94 0 127 0 0 0 0 0 0 0 0 127 38 1 0 0 0
0 0 0 0 0 0 6 0 127 0 0 0 127 78 0 0 0 127 0 0 30 127 0 0 0 70 0 0
0 0 127 34 0 53 99 83 0 0 0 0 32 0 0 21 0 40 0 0 127 88 0 0 0 0 0 0
0 0 16 16 0 0 0 0 0 0 127 51 0;
egregore_data 116 124 0 98 94 0 127 0 0 0 0 0 0 0 0 127 38 1 0 0 0
0 0 0 0 0 0 6 0 127 0 0 0 127 78 0 0 0 127 0 0 30 127 0 0 0 70 0 0
0 0 127 34 0 53 99 83 0 0 0 0 32 0 0 21 0 40 0 0 127 88 0 0 0 0 0 0
0 0 16 16 0 0 0 0 0 0 127 51 0;
egregore_data 116 124 0 98 94 0 127 0 0 0 0 0 0 0 0 127 38 1 0 0 0
0 0 0 0 0 0 6 0 127 0 0 0 127 78 0 0 0 127 0 0 30 127 0 0 0 70 0 0
0 0 127 34 0 53 99 83 0 0 0 0 32 0 0 21 0 40 0 0 127 88 0 0 0 0 0 0
0 0 16 16 0 0 0 0 0 0 127 51 0;
egregore_data 116 124 0 98 94 0 127 0 0 0 0 0 0 0 0 127 38 1 0 0 0
0 0 0 0 0 0 6 0 127 0 0 0 127 78 0 0 0 127 0 0 30 127 0 0 0 70 0 0
0 0 127 34 0 53 99 83 0 0 0 0 32 0 0 21 0 40 0 0 127 88 0 0 0 0 0 0
0 0 16 16 0 0 0 0 0 0 127 51 0;
egregore_data 116 124 0 98 96 0 127 0 0 0 0 0 0 0 0 127 38 1 0 0 0
0 0 0 0 0 0 6 0 127 0 0 0 127 78 0 0 0 127 0 0 30 127 0 0 0 70 0 0
0 0 127 34 0 53 99 83 0 0 0 0 32 0 0 21 0 40 0 0 127 88 0 0 0 0 0 0
0 0 16 16 0 0 0 0 0 0 127 51 0;
egregore_data 116 124 0 98 96 0 127 0 0 0 0 0 0 0 0 127 38 1 0 0 0
0 0 0 0 0 0 6 0 127 0 0 0 127 78 0 0 0 127 0 0 30 127 0 0 0 70 0 0
0 0 127 34 0 53 99 83 0 0 0 0 32 0 0 21 0 40 0 0 127 88 0 0 0 0 0 0
0 0 16 16 0 0 0 0 0 0 127 51 0;
egregore_data 116 124 0 98 96 0 127 0 0 0 0 0 0 0 0 127 38 1 0 0 0
0 0 0 0 0 0 6 0 127 0 0 0 127 78 0 0 0 127 0 0 30 127 0 0 0 70 0 0
0 0 127 34 0 53 99 83 0 0 0 0 32 0 0 21 0 40 0 0 127 88 0 0 0 0 0 0
0 0 16 16 0 0 0 0 0 0 127 51 0;
egregore_data 116 124 0 98 96 0 127 0 0 0 0 0 0 0 0 127 38 1 0 0 0
0 0 0 0 0 0 6 0 127 0 0 0 127 78 0 0 0 127 0 0 30 127 0 0 0 70 0 0
0 0 127 34 0 53 99 83 0 0 0 0 32 0 0 21 0 40 0 0 127 88 0 0 0 0 0 0
0 0 16 16 0 0 0 0 0 0 127 51 0;
egregore_data 116 124 0 98 96 0 127 0 0 0 0 0 0 0 0 127 38 1 0 0 0
0 0 0 0 0 0 6 0 127 0 0 0 127 78 0 0 0 127 0 0 30 127 0 0 0 70 0 0
0 0 127 34 0 53 99 83 0 0 0 0 32 0 0 21 0 40 0 0 127 88 0 0 0 0 0 0
0 0 16 16 0 0 0 0 0 0 127 51 0;
egregore_data 116 124 0 98 96 0 127 0 0 0 0 0 0 0 0 127 38 1 0 0 0
0 0 0 0 0 0 6 0 127 0 0 0 127 78 0 0 0 127 0 0 30 127 0 0 0 70 0 0
0 0 127 34 0 53 99 83 0 0 0 0 32 0 0 21 0 40 0 0 127 88 0 0 0 0 0 0
0 0 16 16 0 0 0 0 0 0 127 51 0;
egregore_data 116 124 0 98 96 0 127 0 0 0 0 0 0 0 0 127 38 1 0 0 0
0 0 0 0 0 0 6 0 127 0 0 0 127 78 0 0 0 127 0 0 30 127 0 0 0 70 0 0
0 0 127 34 0 53 99 83 0 0 0 0 32 0 0 21 0 40 0 0 127 88 0 0 0 0 0 0
0 0 16 16 0 0 0 0 0 0 127 51 0;
egregore_data 116 124 0 98 96 0 127 0 0 0 0 0 0 0 0 127 38 1 0 0 0
0 0 0 0 0 0 6 0 127 0 0 0 127 78 0 0 0 127 0 0 30 127 0 0 0 70 0 0
0 0 127 34 0 53 99 83 0 0 0 0 32 0 0 21 0 40 0 0 127 88 0 0 0 0 0 0
0 0 16 16 0 0 0 0 0 0 127 51 0;
egregore_data 116 124 0 98 96 0 127 0 0 0 0 0 0 0 0 127 38 1 0 0 0
0 0 0 0 0 0 6 0 127 0 0 0 127 78 0 0 0 127 0 0 30 127 0 0 0 70 0 0
0 0 127 34 0 53 99 83 0 0 0 0 32 0 0 21 0 40 0 0 127 88 0 0 0 0 0 0
0 0 16 16 0 0 0 0 0 0 127 51 0;
egregore_data 116 124 0 98 97 0 127 0 0 0 0 0 0 0 0 127 38 1 0 0 0
0 0 0 0 0 0 6 0 127 0 0 0 127 78 0 0 0 127 0 0 30 127 0 0 0 70 0 0
0 0 127 34 0 53 99 83 0 0 0 0 32 0 0 21 0 40 0 0 127 88 0 0 0 0 0 0
0 0 16 16 0 0 0 0 0 0 127 51 0;
egregore_data 116 124 0 98 97 0 127 0 0 0 0 0 0 0 0 127 38 1 0 0 0
0 0 0 0 0 0 6 0 127 0 0 0 127 78 0 0 0 127 0 0 30 127 0 0 0 70 0 0
0 0 127 34 0 53 99 83 0 0 0 0 32 0 0 21 0 40 0 0 127 88 0 0 0 0 0 0
0 0 16 16 0 0 0 0 0 0 127 51 0;
egregore_data 116 124 0 98 97 0 127 0 0 0 0 0 0 0 0 127 38 1 0 0 0
0 0 0 0 0 0 6 0 127 0 0 0 127 78 0 0 0 127 0 0 30 127 0 0 0 70 0 0
0 0 127 34 0 53 99 83 0 0 0 0 32 0 0 21 0 40 0 0 127 88 0 0 0 0 0 0
0 0 16 16 0 0 0 0 0 0 127 51 0;
egregore_data 116 124 0 98 97 0 127 0 0 0 0 0 0 0 0 127 38 1 0 0 0
0 0 0 0 0 0 6 0 127 0 0 0 127 78 0 0 0 127 0 0 30 127 0 0 0 70 0 0
0 0 127 34 0 53 99 83 0 0 0 0 32 0 0 21 0 40 0 0 127 88 0 0 0 0 0 0
0 0 16 16 0 0 0 0 0 0 127 51 0;
egregore_data 116 124 0 98 97 0 127 0 0 0 0 0 0 0 0 127 38 1 0 0 0
0 0 0 0 0 0 6 0 127 0 0 0 127 78 0 0 0 127 0 0 30 127 0 0 0 70 0 0
0 0 127 34 0 53 99 83 0 0 0 0 32 0 0 21 0 40 0 0 127 88 0 0 0 0 0 0
0 0 16 16 0 0 0 0 0 0 127 51 0;
egregore_data 116 124 0 99 98 0 127 0 0 0 0 0 0 0 0 127 38 1 0 0 0
0 0 0 0 0 0 6 0 127 0 0 0 127 78 0 0 0 127 0 0 30 127 0 0 0 70 0 0
0 0 127 34 0 53 99 83 0 0 0 0 32 0 0 21 0 40 0 0 127 88 0 0 0 0 0 0
0 0 16 16 0 0 0 0 0 0 127 51 0;
egregore_data 116 124 0 99 99 0 127 0 0 0 0 0 0 0 0 127 38 1 0 0 0
0 0 0 0 0 0 6 0 127 0 0 0 127 78 0 0 0 127 0 0 30 127 0 0 0 70 0 0
0 0 127 34 0 53 99 83 0 0 0 0 32 0 0 21 0 40 0 0 127 88 0 0 0 0 0 0
0 0 16 16 0 0 0 0 0 0 127 51 0;
egregore_data 116 124 0 100 100 0 127 0 0 0 0 0 0 0 0 127 38 1 0 0
0 0 0 0 0 0 0 6 0 127 0 0 0 127 78 0 0 0 127 0 0 30 127 0 0 0 70 0
0 0 0 127 34 0 53 99 83 0 0 0 0 32 0 0 21 0 40 0 0 127 88 0 0 0 0 0
0 0 0 16 16 0 0 0 0 0 0 127 51 0;
egregore_data 116 124 0 102 100 0 127 0 0 0 0 0 0 0 0 127 38 1 0 0
0 0 0 0 0 0 0 6 0 127 0 0 0 127 78 0 0 0 127 0 0 30 127 0 0 0 70 0
0 0 0 127 34 0 53 99 83 0 0 0 0 32 0 0 21 0 40 0 0 127 88 0 0 0 0 0
0 0 0 16 16 0 0 0 0 0 0 127 51 0;
egregore_data 116 124 0 102 100 0 127 0 0 0 0 0 0 0 0 127 38 1 0 0
0 0 0 0 0 0 0 6 0 127 0 0 0 127 78 0 0 0 127 0 0 30 127 0 0 0 70 0
0 0 0 127 34 0 53 99 83 0 0 0 0 32 0 0 21 0 40 0 0 127 88 0 0 0 0 0
0 0 0 16 16 0 0 0 0 0 0 127 51 0;
egregore_data 116 124 0 103 102 0 127 0 0 0 0 0 0 0 0 127 38 1 0 0
0 0 0 0 0 0 0 6 0 127 0 0 0 127 78 0 0 0 127 0 0 30 127 0 0 0 70 0
0 0 0 127 34 0 53 99 83 0 0 0 0 32 0 0 21 0 40 0 0 127 88 0 0 0 0 0
0 0 0 16 16 0 0 0 0 0 0 127 51 0;
egregore_data 116 124 0 103 103 0 127 0 0 0 0 0 0 0 0 127 38 1 0 0
0 0 0 0 0 0 0 6 0 127 0 0 0 127 78 0 0 0 127 0 0 30 127 0 0 0 70 0
0 0 0 127 34 0 53 99 83 0 0 0 0 32 0 0 21 0 40 0 0 127 88 0 0 0 0 0
0 0 0 16 16 0 0 0 0 0 0 127 51 0;
egregore_data 116 124 0 103 103 0 127 0 0 0 0 0 0 0 0 127 38 1 0 0
0 0 0 0 0 0 0 6 0 127 0 0 0 127 78 0 0 0 127 0 0 30 127 0 0 0 70 0
0 0 0 127 34 0 53 99 83 0 0 0 0 32 0 0 21 0 40 0 0 127 88 0 0 0 0 0
0 0 0 16 16 0 0 0 0 0 0 127 51 0;
egregore_data 116 124 0 104 104 0 127 0 0 0 0 0 0 0 0 127 38 1 0 0
0 0 0 0 0 0 0 6 0 127 0 0 0 127 78 0 0 0 127 0 0 30 127 0 0 0 70 0
0 0 0 127 34 0 53 99 83 0 0 0 0 32 0 0 21 0 40 0 0 127 88 0 0 0 0 0
0 0 0 16 16 0 0 0 0 0 0 127 51 0;
egregore_data 116 124 0 104 104 0 127 0 0 0 0 0 0 0 0 127 38 1 0 0
0 0 0 0 0 0 0 6 0 127 0 0 0 127 78 0 0 0 127 0 0 30 127 0 0 0 70 0
0 0 0 127 34 0 53 99 83 0 0 0 0 32 0 0 21 0 40 0 0 127 88 0 0 0 0 0
0 0 0 16 16 0 0 0 0 0 0 127 51 0;
egregore_data 116 124 0 104 104 0 127 0 0 0 0 0 0 0 0 127 38 1 0 0
0 0 0 0 0 0 0 6 0 127 0 0 0 127 78 0 0 0 127 0 0 30 127 0 0 0 70 0
0 0 0 127 34 0 53 99 83 0 0 0 0 32 0 0 21 0 40 0 0 127 88 0 0 0 0 0
0 0 0 16 16 0 0 0 0 0 0 127 51 0;
egregore_data 116 124 0 104 104 0 127 0 0 0 0 0 0 0 0 127 38 1 0 0
0 0 0 0 0 0 0 6 0 127 0 0 0 127 78 0 0 0 127 0 0 30 127 0 0 0 70 0
0 0 0 127 34 0 53 99 83 0 0 0 0 32 0 0 21 0 40 0 0 127 88 0 0 0 0 0
0 0 0 16 16 0 0 0 0 0 0 127 51 0;
egregore_data 116 124 0 104 104 0 127 0 0 0 0 0 0 0 0 127 38 1 0 0
0 0 0 0 0 0 0 6 0 127 0 0 0 127 78 0 0 0 127 0 0 30 127 0 0 0 70 0
0 0 0 127 34 0 53 99 83 0 0 0 0 32 0 0 21 0 40 0 0 127 88 0 0 0 0 0
0 0 0 16 16 0 0 0 0 0 0 127 51 0;
egregore_data 116 124 0 104 104 0 127 0 0 0 0 0 0 0 0 127 38 1 0 0
0 0 0 0 0 0 0 6 0 127 0 0 0 127 78 0 0 0 127 0 0 30 127 0 0 0 70 0
0 0 0 127 34 0 53 99 83 0 0 0 0 32 0 0 21 0 40 0 0 127 88 0 0 0 0 0
0 0 0 16 16 0 0 0 0 0 0 127 51 0;
egregore_data 116 124 0 104 104 0 127 0 0 0 0 0 0 0 0 127 38 1 0 0
0 0 0 0 0 0 0 6 0 127 0 0 0 127 78 0 0 0 127 0 0 30 127 0 0 0 70 0
0 0 0 127 34 0 53 99 83 0 0 0 0 32 0 0 21 0 40 0 0 127 88 0 0 0 0 0
0 0 0 16 16 0 0 0 0 0 0 127 51 0;
egregore_data 116 124 0 104 104 0 127 0 0 0 0 0 0 0 0 127 38 1 0 0
0 0 0 0 0 0 0 6 0 127 0 0 0 127 78 0 0 0 127 0 0 30 127 0 0 0 70 0
0 0 0 127 34 0 53 99 83 0 0 0 0 32 0 0 21 0 40 0 0 127 88 0 0 0 0 0
0 0 0 16 16 0 0 0 0 0 0 127 51 0;
egregore_data 116 124 0 104 104 0 127 0 0 0 0 0 0 0 0 127 38 1 0 0
0 0 0 0 0 0 0 6 0 127 0 0 0 127 78 0 0 0 127 0 0 30 127 0 0 0 70 0
0 0 0 127 34 0 53 99 83 0 0 0 0 32 0 0 21 0 40 0 0 127 88 0 0 0 0 0
0 0 0 16 16 0 0 0 0 0 0 127 51 0;
egregore_data 116 124 0 104 104 0 127 0 0 0 0 0 0 0 0 127 38 1 0 0
0 0 0 0 0 0 0 6 0 127 0 0 0 127 78 0 0 0 127 0 0 30 127 0 0 0 70 0
0 0 0 127 34 0 53 99 83 0 0 0 0 32 0 0 21 0 40 0 0 127 88 0 0 0 0 0
0 0 0 16 16 0 0 0 0 0 0 127 51 0;
egregore_data 116 124 0 104 104 0 127 0 0 0 0 0 0 0 0 127 38 1 0 0
0 0 0 0 0 0 0 6 0 127 0 0 0 127 78 0 0 0 127 0 0 30 127 0 0 0 70 0
0 0 0 127 34 0 53 99 83 0 0 0 0 32 0 0 21 0 40 0 0 127 88 0 0 0 0 0
0 0 0 16 16 0 0 0 0 0 0 127 51 0;
egregore_data 116 124 0 104 104 0 127 0 0 0 0 0 0 0 0 127 38 1 0 0
0 0 0 0 0 0 0 6 0 127 0 0 0 127 78 0 0 0 127 0 0 30 127 0 0 0 70 0
0 0 0 127 34 0 53 99 83 0 0 0 0 32 0 0 21 0 40 0 0 127 88 0 0 0 0 0
0 0 0 16 16 0 0 0 0 0 0 127 51 0;
egregore_data 116 124 0 104 104 0 127 0 0 0 0 0 0 0 0 127 38 1 0 0
0 0 0 0 0 0 0 6 0 127 0 0 0 127 78 0 0 0 127 0 0 30 127 0 0 0 70 0
0 0 0 127 34 0 53 99 83 0 0 0 0 32 0 0 21 0 40 0 0 127 88 0 0 0 0 0
0 0 0 16 16 0 0 0 0 0 0 127 51 0;
egregore_data 116 124 0 104 104 0 127 0 0 0 0 0 0 0 0 127 38 1 0 0
0 0 0 0 0 0 0 6 0 127 0 0 0 127 78 0 0 0 127 0 0 30 127 0 0 0 70 0
0 0 0 127 34 0 53 99 83 0 0 0 0 32 0 0 21 0 40 0 0 127 88 0 0 0 0 0
0 0 0 16 16 0 0 0 0 0 0 127 51 0;
egregore_data 116 124 0 104 104 0 127 0 0 0 0 0 0 0 0 127 38 1 0 0
0 0 0 0 0 0 0 6 0 127 0 0 0 127 78 0 0 0 127 0 0 30 127 0 0 0 70 0
0 0 0 127 34 0 53 99 83 0 0 0 0 32 0 0 21 0 40 0 0 127 88 0 0 0 0 0
0 0 0 16 16 0 0 0 0 0 0 127 51 0;
egregore_data 116 124 0 104 104 0 127 0 0 0 0 0 0 0 0 127 38 1 0 0
0 0 0 0 0 0 0 6 0 127 0 0 0 127 78 0 0 0 127 0 0 30 127 0 0 0 70 0
0 0 0 127 34 0 53 99 83 0 0 0 0 32 0 0 21 0 40 0 0 127 88 0 0 0 0 0
0 0 0 16 16 0 0 0 0 0 0 127 51 0;
egregore_data 116 124 0 104 104 0 127 0 0 0 0 0 0 0 0 127 38 1 0 0
0 0 0 0 0 0 0 6 0 127 0 0 0 127 78 0 0 0 127 0 0 30 127 0 0 0 70 0
0 0 0 127 34 0 53 99 83 0 0 0 0 32 0 0 21 0 40 0 0 127 88 0 0 0 0 0
0 0 0 16 16 0 0 0 0 0 0 127 51 0;
egregore_data 116 124 0 104 104 0 127 0 0 0 0 0 0 0 0 127 38 1 0 0
0 0 0 0 0 0 0 6 0 127 0 0 0 127 78 0 0 0 127 0 0 30 127 0 0 0 70 0
0 0 0 127 34 0 53 99 83 0 0 0 0 32 0 0 21 0 40 0 0 127 88 0 0 0 0 0
0 0 0 16 16 0 0 0 0 0 0 127 51 0;
END;
