HTTP/1.1 200 OK
Date: Thu, 28 May 2015 12:24:32 GMT
Server: Apache
Last-Modified: Wed, 27 May 2015 19:10:52 GMT
Accept-Ranges: bytes
Content-Length: 24766
Vary: Accept-Encoding
Connection: close
Content-Type: text/plain

chdh_egregore_live_data;
egregore_data 0 0 127 0 0 127 0 0 0 0 0 0 0 0 0 127 38 0 0 0 0 0 0
44.7057 2.94291 0 0 0 0 127 0 0 121.471 127 78 1 0 0 127 0 0 30 127
0 0 0 70 0 0 0 0 127 34 0 53 99 83 0 0 0 0 32 0 0 21 0 40 0 0 127 88
0 0 0 0 0 0 0 0 16 16 0 0 0 0 0 0 127 51 0;
egregore_data 0 0 127 0 0 127 0 0 0 0 0 0 0 0 0 127 38 0 0 0 0 0 0
44.7057 2.94291 0 0 0 0 127 0 0 121.471 127 78 1 0 0 127 0 0 30 127
0 0 0 70 0 0 0 0 127 34 0 53 99 83 0 0 0 0 32 0 0 21 0 40 0 0 127 88
0 0 0 0 0 0 0 0 16 16 0 0 0 0 0 0 127 51 0;
egregore_data 0 0 127 0 0 127 0 0 0 0 0 0 0 0 0 127 38 0 0 0 0 0 0
44.7057 2.94291 0 0 0 0 127 0 0 121.471 127 78 1 0 0 127 0 0 30 127
0 0 0 70 0 0 0 0 127 34 0 53 99 83 0 0 0 0 32 0 0 21 0 40 0 0 127 88
0 0 0 0 0 0 0 0 16 16 0 0 0 0 0 0 127 51 0;
egregore_data 0 0 127 0 0 127 0 0 0 0 0 0 0 0 0 127 38 0 0 0 0 0 0
44.7057 2.94291 0 0 0 0 127 0 0 121.471 127 78 1 0 0 127 0 0 30 127
0 0 0 70 0 0 0 0 127 34 0 53 99 83 0 0 0 0 32 0 0 21 0 40 0 0 127 88
0 0 0 0 0 0 0 0 16 16 0 0 0 0 0 0 127 51 0;
egregore_data 0 0 127 0 0 127 0 0 0 0 0 0 0 0 0 127 38 0 0 0 0 0 0
44.7057 2.94291 0 0 0 0 127 0 0 121.471 127 78 1 0 0 127 0 0 30 127
0 0 0 70 0 0 0 0 127 34 0 53 99 83 0 0 0 0 32 0 0 21 0 40 0 0 127 88
0 0 0 0 0 0 0 0 16 16 0 0 0 0 0 0 127 51 0;
egregore_data 0 0 127 0 0 127 0 0 0 0 0 0 0 0 0 127 38 0 0 0 0 0 0
44.7057 2.94291 0 0 0 0 127 0 0 121.471 127 78 1 0 0 127 0 0 30 127
0 0 0 70 0 0 0 0 127 34 0 53 99 83 0 0 0 0 32 0 0 21 0 40 0 0 127 88
0 0 0 0 0 0 0 0 16 16 0 0 0 0 0 0 127 51 0;
egregore_data 0 0 127 0 0 127 0 0 0 0 0 0 0 0 0 127 38 0 0 0 0 0 0
44.689 3.11024 0 0 0 0 127 0 0 121.555 127 78 1 0 0 127 0 0 30 127
0 0 0 70 0 0 0 0 127 34 0 53 99 83 0 0 0 0 32 0 0 21 0 40 0 0 127 88
0 0 0 0 0 0 0 0 16 16 0 0 0 0 0 0 127 51 0;
egregore_data 0 0 127 0 0 127 0 0 0 0 0 0 0 0 0 127 38 0 0 0 0 0 0
44.689 3.11024 0 0 0 0 127 0 0 121.555 127 78 1 0 0 127 0 0 30 127
0 0 0 70 0 0 0 0 127 34 0 53 99 83 0 0 0 0 32 0 0 21 0 40 0 0 127 88
0 0 0 0 0 0 0 0 16 16 0 0 0 0 0 0 127 51 0;
egregore_data 0 0 127 0 0 127 0 0 0 0 0 0 0 0 0 127 38 0 0 0 0 0 0
44.689 3.11024 0 0 0 0 127 0 0 121.555 127 78 1 0 0 127 0 0 30 127
0 0 0 70 0 0 0 0 127 34 0 53 99 83 0 0 0 0 32 0 0 21 0 40 0 0 127 88
0 0 0 0 0 0 0 0 16 16 0 0 0 0 0 0 127 51 0;
egregore_data 0 0 127 0 0 127 0 0 0 0 0 0 0 0 0 127 38 0 0 0 0 0 0
44.689 3.11024 0 0 0 0 127 0 0 121.555 127 78 1 0 0 127 0 0 30 127
0 0 0 70 0 0 0 0 127 34 0 53 99 83 0 0 0 0 32 0 0 21 0 40 0 0 127 88
0 0 0 0 0 0 0 0 16 16 0 0 0 0 0 0 127 51 0;
egregore_data 0 0 127 0 0 127 0 0 0 0 0 0 0 0 0 127 38 0 0 0 0 0 0
44.689 3.11024 0 0 0 0 127 0 0 121.555 127 78 1 0 0 127 0 0 30 127
0 0 0 70 0 0 0 0 127 34 0 53 99 83 0 0 0 0 32 0 0 21 0 40 0 0 127 88
0 0 0 0 0 0 0 0 16 16 0 0 0 0 0 0 127 51 0;
egregore_data 0 0 127 0 0 127 0 0 0 0 0 0 0 0 0 127 38 0 0 0 0 0 0
44.689 3.11024 0 0 0 0 127 0 0 121.555 127 78 1 0 0 127 0 0 30 127
0 0 0 70 0 0 0 0 127 34 0 53 99 83 0 0 0 0 32 0 0 21 0 40 0 0 127 88
0 0 0 0 0 0 0 0 16 16 0 0 0 0 0 0 127 51 0;
egregore_data 0 0 127 0 0 127 0 0 0 0 0 0 0 0 0 127 38 0 0 0 0 0 0
44.689 3.11024 0 0 0 0 127 0 0 121.555 127 78 1 0 0 127 0 0 30 127
0 0 0 70 0 0 0 0 127 34 0 53 99 83 0 0 0 0 32 0 0 21 0 40 0 0 127 88
0 0 0 0 0 0 0 0 16 16 0 0 0 0 0 0 127 51 0;
egregore_data 0 0 127 0 0 127 0 0 0 0 0 0 0 0 0 127 38 0 0 0 0 0 0
44.689 3.11024 0 0 0 0 127 0 0 121.555 127 78 1 0 0 127 0 0 30 127
0 0 0 70 0 0 0 0 127 34 0 53 99 83 0 0 0 0 32 0 0 21 0 40 0 0 127 88
0 0 0 0 0 0 0 0 16 16 0 0 0 0 0 0 127 51 0;
egregore_data 0 0 127 0 0 127 0 0 0 0 0 0 0 0 0 127 38 0 0 0 0 0 0
44.689 3.11024 0 0 0 0 127 0 0 121.555 127 78 1 0 0 127 0 0 30 127
0 0 0 70 0 0 0 0 127 34 0 53 99 83 0 0 0 0 32 0 0 21 0 40 0 0 127 88
0 0 0 0 0 0 0 0 16 16 0 0 0 0 0 0 127 51 0;
egregore_data 0 0 127 0 0 127 0 0 0 0 0 0 0 0 0 127 38 0 0 0 0 0 0
44.689 3.11024 0 0 0 0 127 0 0 121.555 127 78 1 0 0 127 0 0 30 127
0 0 0 70 0 0 0 0 127 34 0 53 99 83 0 0 0 0 32 0 0 21 0 40 0 0 127 88
0 0 0 0 0 0 0 0 16 16 0 0 0 0 0 0 127 51 0;
egregore_data 0 0 127 0 0 127 0 0 0 0 0 0 0 0 0 127 38 0 0 0 0 0 0
44.689 3.11024 0 0 0 0 127 0 0 121.555 127 78 1 0 0 127 0 0 30 127
0 0 0 70 0 0 0 0 127 34 0 53 99 83 0 0 0 0 32 0 0 21 0 40 0 0 127 88
0 0 0 0 0 0 0 0 16 16 0 0 0 0 0 0 127 51 0;
egregore_data 0 0 127 0 0 127 0 0 0 0 0 0 0 0 0 127 38 0 0 0 0 0 0
44.689 3.11024 0 0 0 0 127 0 0 121.555 127 78 1 0 0 127 0 0 30 127
0 0 0 70 0 0 0 0 127 34 0 53 99 83 0 0 0 0 32 0 0 21 0 40 0 0 127 88
0 0 0 0 0 0 0 0 16 16 0 0 0 0 0 0 127 51 0;
egregore_data 0 0 127 0 0 127 0 0 0 0 0 0 0 0 0 127 38 0 0 0 0 0 0
44.689 3.11024 0 0 0 0 127 0 0 121.555 127 78 1 0 0 127 0 0 30 127
0 0 0 70 0 0 0 0 127 34 0 53 99 83 0 0 0 0 32 0 0 21 0 40 0 0 127 88
0 0 0 0 0 0 0 0 16 16 0 0 0 0 0 0 127 51 0;
egregore_data 0 0 127 0 0 127 0 0 0 0 0 0 0 0 0 127 38 0 0 0 0 0 0
44.689 3.11024 0 0 0 0 127 0 0 121.555 127 78 1 0 0 127 0 0 30 127
0 0 0 70 0 0 0 0 127 34 0 53 99 83 0 0 0 0 32 0 0 21 0 40 0 0 127 88
0 0 0 0 0 0 0 0 16 16 0 0 0 0 0 0 127 51 0;
egregore_data 0 0 127 0 0 127 0 0 0 0 0 0 0 0 0 127 38 0 0 0 0 0 0
44.689 3.11024 0 0 0 0 127 0 0 121.555 127 78 1 0 0 127 0 0 30 127
0 0 0 70 0 0 0 0 127 34 0 53 99 83 0 0 0 0 32 0 0 21 0 40 0 0 127 88
0 0 0 0 0 0 0 0 16 16 0 0 0 0 0 0 127 51 0;
egregore_data 0 0 127 0 0 127 0 0 0 0 0 0 0 0 0 127 38 0 0 0 0 0 0
44.6722 3.27756 0 0 0 0 127 0 0 121.639 127 78 1 0 0 127 0 0 30 127
0 0 0 70 0 0 0 0 127 34 0 53 99 83 0 0 0 0 32 0 0 21 0 40 0 0 127 88
0 0 0 0 0 0 0 0 16 16 0 0 0 0 0 0 127 51 0;
egregore_data 0 0 127 0 0 127 0 0 0 0 0 0 0 0 0 127 38 0 0 0 0 0 0
44.6722 3.27756 0 0 0 0 127 0 0 121.639 127 78 1 0 0 127 0 0 30 127
0 0 0 70 0 0 0 0 127 34 0 53 99 83 0 0 0 0 32 0 0 21 0 40 0 0 127 88
0 0 0 0 0 0 0 0 16 16 0 0 0 0 0 0 127 51 0;
egregore_data 0 0 127 0 0 127 0 0 0 0 0 0 0 0 0 127 38 0 0 0 0 0 0
44.6555 3.44488 0 0 0 0 127 0 0 121.722 127 78 1 0 0 127 0 0 30 127
0 0 0 70 0 0 0 0 127 34 0 53 99 83 0 0 0 0 32 0 0 21 0 40 0 0 127 88
0 0 0 0 0 0 0 0 16 16 0 0 0 0 0 0 127 51 0;
egregore_data 0 0 127 0 0 127 0 0 0 0 0 0 0 0 0 127 38 0 0 0 0 0 0
44.6555 3.44488 0 0 0 0 127 0 0 121.722 127 78 1 0 0 127 0 0 30 127
0 0 0 70 0 0 0 0 127 34 0 53 99 83 0 0 0 0 32 0 0 21 0 40 0 0 127 88
0 0 0 0 0 0 0 0 16 16 0 0 0 0 0 0 127 51 0;
egregore_data 0 0 127 0 0 127 0 0 0 0 0 0 0 0 0 127 38 0 0 0 0 0 0
44.6555 3.44488 0 0 0 0 127 0 0 121.722 127 78 1 0 0 127 0 0 30 127
0 0 0 70 0 0 0 0 127 34 0 53 99 83 0 0 0 0 32 0 0 21 0 40 0 0 127 88
0 0 0 0 0 0 0 0 16 16 0 0 0 0 0 0 127 51 0;
egregore_data 0 0 127 0 0 127 0 0 0 0 0 0 0 0 0 127 38 0 0 0 0 0 0
44.6555 3.44488 0 0 0 0 127 0 0 121.722 127 78 1 0 0 127 0 0 30 127
0 0 0 70 0 0 0 0 127 34 0 53 99 83 0 0 0 0 32 0 0 21 0 40 0 0 127 88
0 0 0 0 0 0 0 0 16 16 0 0 0 0 0 0 127 51 0;
egregore_data 0 0 127 0 0 127 0 0 0 0 0 0 0 0 0 127 38 0 0 0 0 0 0
44.6555 3.44488 0 0 0 0 127 0 0 121.722 127 78 1 0 0 127 0 0 30 127
0 0 0 70 0 0 0 0 127 34 0 53 99 83 0 0 0 0 32 0 0 21 0 40 0 0 127 88
0 0 0 0 0 0 0 0 16 16 0 0 0 0 0 0 127 51 0;
egregore_data 0 0 127 0 0 127 0 0 0 0 0 0 0 0 0 127 38 0 0 0 0 0 0
44.6555 3.44488 0 0 0 0 127 0 0 121.722 127 78 1 0 0 127 0 0 30 127
0 0 0 70 0 0 0 0 127 34 0 53 99 83 0 0 0 0 32 0 0 21 0 40 0 0 127 88
0 0 0 0 0 0 0 0 16 16 0 0 0 0 0 0 127 51 0;
egregore_data 0 0 127 0 0 127 0 0 0 0 0 0 0 0 0 127 38 0 0 0 0 0 0
44.622 3.77953 0 0 0 0 127 0 0 121.89 127 78 1 0 0 127 0 0 30 127 0
0 0 70 0 0 0 0 127 34 0 53 99 83 0 0 0 0 32 0 0 21 0 40 0 0 127 88
0 0 0 0 0 0 0 0 16 16 0 0 0 0 0 0 127 51 0;
egregore_data 0 0 127 0 0 127 0 0 0 0 0 0 0 0 0 127 38 0 0 0 0 0 0
44.622 3.77953 0 0 0 0 127 0 0 121.89 127 78 1 0 0 127 0 0 30 127 0
0 0 70 0 0 0 0 127 34 0 53 99 83 0 0 0 0 32 0 0 21 0 40 0 0 127 88
0 0 0 0 0 0 0 0 16 16 0 0 0 0 0 0 127 51 0;
egregore_data 0 0 127 0 0 127 0 0 0 0 0 0 0 0 0 127 38 0 0 0 0 0 0
44.622 3.77953 0 0 0 0 127 0 0 121.89 127 78 1 0 0 127 0 0 30 127 0
0 0 70 0 0 0 0 127 34 0 53 99 83 0 0 0 0 32 0 0 21 0 40 0 0 127 88
0 0 0 0 0 0 0 0 16 16 0 0 0 0 0 0 127 51 0;
egregore_data 0 0 127 0 0 127 0 0 0 0 0 0 0 0 0 127 38 0 0 0 0 0 0
44.622 3.77953 0 0 0 0 127 0 0 121.89 127 78 1 0 0 127 0 0 30 127 0
0 0 70 0 0 0 0 127 34 0 53 99 83 0 0 0 0 32 0 0 21 0 40 0 0 127 88
0 0 0 0 0 0 0 0 16 16 0 0 0 0 0 0 127 51 0;
egregore_data 0 0 127 0 0 127 0 0 0 0 0 0 0 0 0 127 38 0 0 0 0 0 0
44.622 3.77953 0 0 0 0 127 0 0 121.89 127 78 1 0 0 127 0 0 30 127 0
0 0 70 0 0 0 0 127 34 0 53 99 83 0 0 0 0 32 0 0 21 0 40 0 0 127 88
0 0 0 0 0 0 0 0 16 16 0 0 0 0 0 0 127 51 0;
egregore_data 0 0 127 0 0 127 0 0 0 0 0 0 0 0 0 127 38 0 0 0 0 0 0
44.622 3.77953 0 0 0 0 127 0 0 121.89 127 78 1 0 0 127 0 0 30 127 0
0 0 70 0 0 0 0 127 34 0 53 99 83 0 0 0 0 32 0 0 21 0 40 0 0 127 88
0 0 0 0 0 0 0 0 16 16 0 0 0 0 0 0 127 51 0;
egregore_data 0 0 127 0 0 127 0 0 0 0 0 0 0 0 0 127 38 0 0 0 0 0 0
44.622 3.77953 0 0 0 0 127 0 0 121.89 127 78 1 0 0 127 0 0 30 127 0
0 0 70 0 0 0 0 127 34 0 53 99 83 0 0 0 0 32 0 0 21 0 40 0 0 127 88
0 0 0 0 0 0 0 0 16 16 0 0 0 0 0 0 127 51 0;
egregore_data 0 0 127 0 0 127 0 0 0 0 0 0 0 0 0 127 38 0 0 0 0 0 0
44.622 3.77953 0 0 0 0 127 0 0 121.89 127 78 1 0 0 127 0 0 30 127 0
0 0 70 0 0 0 0 127 34 0 53 99 83 0 0 0 0 32 0 0 21 0 40 0 0 127 88
0 0 0 0 0 0 0 0 16 16 0 0 0 0 0 0 127 51 0;
egregore_data 0 0 127 0 0 127 0 0 0 0 0 0 0 0 0 127 38 0 0 0 0 0 0
44.622 3.77953 0 0 0 0 127 0 0 121.89 127 78 1 0 0 127 0 0 30 127 0
0 0 70 0 0 0 0 127 34 0 53 99 83 0 0 0 0 32 0 0 21 0 40 0 0 127 88
0 0 0 0 0 0 0 0 16 16 0 0 0 0 0 0 127 51 0;
egregore_data 0 0 127 0 0 127 0 0 0 0 0 0 0 0 0 127 38 0 0 0 0 0 0
44.622 3.77953 0 0 0 0 127 0 0 121.89 127 78 1 0 0 127 0 0 30 127 0
0 0 70 0 0 0 0 127 34 0 53 99 83 0 0 0 0 32 0 0 21 0 40 0 0 127 88
0 0 0 0 0 0 0 0 16 16 0 0 0 0 0 0 127 51 0;
egregore_data 0 0 127 0 0 127 0 0 0 0 0 0 0 0 0 127 38 0 0 0 0 0 0
44.622 3.77953 0 0 0 0 127 0 0 121.89 127 78 1 0 0 127 0 0 30 127 0
0 0 70 0 0 0 0 127 34 0 53 99 83 0 0 0 0 32 0 0 21 0 40 0 0 127 88
0 0 0 0 0 0 0 0 16 16 0 0 0 0 0 0 127 51 0;
egregore_data 0 0 127 0 0 127 0 0 0 0 0 0 0 0 0 127 38 0 0 0 0 0 0
44.622 3.77953 0 0 0 0 127 0 0 121.89 127 78 1 0 0 127 0 0 30 127 0
0 0 70 0 0 0 0 127 34 0 53 99 83 0 0 0 0 32 0 0 21 0 40 0 0 127 88
0 0 0 0 0 0 0 0 16 16 0 0 0 0 0 0 127 51 0;
egregore_data 0 0 127 0 0 127 0 0 0 0 0 0 0 0 0 127 38 0 0 0 0 0 0
44.622 3.77953 0 0 0 0 127 0 0 121.89 127 78 1 0 0 127 0 0 30 127 0
0 0 70 0 0 0 0 127 34 0 53 99 83 0 0 0 0 32 0 0 21 0 40 0 0 127 88
0 0 0 0 0 0 0 0 16 16 0 0 0 0 0 0 127 51 0;
egregore_data 0 0 127 0 0 127 0 0 0 0 0 0 0 0 0 127 38 0 0 0 0 0 0
44.622 3.77953 0 0 0 0 127 0 0 121.89 127 78 1 0 0 127 0 0 30 127 0
0 0 70 0 0 0 0 127 34 0 53 99 83 0 0 0 0 32 0 0 21 0 40 0 0 127 88
0 0 0 0 0 0 0 0 16 16 0 0 0 0 0 0 127 51 0;
egregore_data 0 0 127 0 0 127 0 0 0 0 0 0 0 0 0 127 38 0 0 0 0 0 0
44.622 3.77953 0 0 0 0 127 0 0 121.89 127 78 1 0 0 127 0 0 30 127 0
0 0 70 0 0 0 0 127 34 0 53 99 83 0 0 0 0 32 0 0 21 0 40 0 0 127 88
0 0 0 0 0 0 0 0 16 16 0 0 0 0 0 0 127 51 0;
egregore_data 0 0 127 0 0 127 0 0 0 0 0 0 0 0 0 127 38 0 0 0 0 0 0
44.622 3.77953 0 0 0 0 127 0 0 121.89 127 78 1 0 0 127 0 0 30 127 0
0 0 70 0 0 0 0 127 34 0 53 99 83 0 0 0 0 32 0 0 21 0 40 0 0 127 88
0 0 0 0 0 0 0 0 16 16 0 0 0 0 0 0 127 51 0;
egregore_data 0 0 127 0 0 127 0 0 0 0 0 0 0 0 0 127 38 0 0 0 0 0 0
44.622 3.77953 0 0 0 0 127 0 0 121.89 127 78 1 0 0 127 0 0 30 127 0
0 0 70 0 0 0 0 127 34 0 53 99 83 0 0 0 0 32 0 0 21 0 40 0 0 127 88
0 0 0 0 0 0 0 0 16 16 0 0 0 0 0 0 127 51 0;
egregore_data 0 0 127 0 0 127 0 0 0 0 0 0 0 0 0 127 38 0 0 0 0 0 0
44.622 3.77953 0 0 0 0 127 0 0 121.89 127 78 1 0 0 127 0 0 30 127 0
0 0 70 0 0 0 0 127 34 0 53 99 83 0 0 0 0 32 0 0 21 0 40 0 0 127 88
0 0 0 0 0 0 0 0 16 16 0 0 0 0 0 0 127 51 0;
egregore_data 0 0 127 0 0 127 0 0 0 0 0 0 0 0 0 127 38 0 0 0 0 0 0
44.622 3.77953 0 0 0 0 127 0 0 121.89 127 78 1 0 0 127 0 0 30 127 0
0 0 70 0 0 0 0 127 34 0 53 99 83 0 0 0 0 32 0 0 21 0 40 0 0 127 88
0 0 0 0 0 0 0 0 16 16 0 0 0 0 0 0 127 51 0;
egregore_data 0 0 127 0 0 127 0 0 0 0 0 0 0 0 0 127 38 0 0 0 0 0 0
44.6053 3.94685 0 0 0 0 127 0 0 121.973 127 78 1 0 0 127 0 0 30 127
0 0 0 70 0 0 0 0 127 34 0 53 99 83 0 0 0 0 32 0 0 21 0 40 0 0 127 88
0 0 0 0 0 0 0 0 16 16 0 0 0 0 0 0 127 51 0;
egregore_data 0 0 127 0 0 127 0 0 0 0 0 0 0 0 0 127 38 0 0 0 0 0 0
44.5886 4.11417 0 0 0 0 127 0 0 122.057 127 78 1 0 0 127 0 0 30 127
0 0 0 70 0 0 0 0 127 34 0 53 99 83 0 0 0 0 32 0 0 21 0 40 0 0 127 88
0 0 0 0 0 0 0 0 16 16 0 0 0 0 0 0 127 51 0;
egregore_data 0 0 127 0 0 127 0 0 0 0 0 0 0 0 0 127 38 0 0 0 0 0 0
44.5718 4.28149 0 0 0 0 127 0 0 122.141 127 78 1 0 0 127 0 0 30 127
0 0 0 70 0 0 0 0 127 34 0 53 99 83 0 0 0 0 32 0 0 21 0 40 0 0 127 88
0 0 0 0 0 0 0 0 16 16 0 0 0 0 0 0 127 51 0;
egregore_data 0 0 127 0 0 127 0 0 0 0 0 0 0 0 0 127 38 0 0 0 0 0 0
44.5718 4.28149 0 0 0 0 127 0 0 122.141 127 78 1 0 0 127 0 0 30 127
0 0 0 70 0 0 0 0 127 34 0 53 99 83 0 0 0 0 32 0 0 21 0 40 0 0 127 88
0 0 0 0 0 0 0 0 16 16 0 0 0 0 0 0 127 51 0;
egregore_data 0 0 127 0 0 127 0 0 0 0 0 0 0 0 0 127 38 0 0 0 0 0 0
44.5551 4.44881 0 0 0 0 127 0 0 122.224 127 78 1 0 0 127 0 0 30 127
0 0 0 70 0 0 0 0 127 34 0 53 99 83 0 0 0 0 32 0 0 21 0 40 0 0 127 88
0 0 0 0 0 0 0 0 16 16 0 0 0 0 0 0 127 51 0;
egregore_data 0 0 127 0 0 127 0 0 0 0 0 0 0 0 0 127 38 0 0 0 0 0 0
44.5551 4.44881 0 0 0 0 127 0 0 122.224 127 78 1 0 0 127 0 0 30 127
0 0 0 70 0 0 0 0 127 34 0 53 99 83 0 0 0 0 32 0 0 21 0 40 0 0 127 88
0 0 0 0 0 0 0 0 16 16 0 0 0 0 0 0 127 51 0;
egregore_data 0 0 127 0 0 127 0 0 0 0 0 0 0 0 0 127 38 0 0 0 0 0 0
44.5551 4.44881 0 0 0 0 127 0 0 122.224 127 78 1 0 0 127 0 0 30 127
0 0 0 70 0 0 0 0 127 34 0 53 99 83 0 0 0 0 32 0 0 21 0 40 0 0 127 88
0 0 0 0 0 0 0 0 16 16 0 0 0 0 0 0 127 51 0;
egregore_data 0 0 127 0 0 127 0 0 0 0 0 0 0 0 0 127 38 0 0 0 0 0 0
44.5217 4.78346 0 0 0 0 127 0 0 122.392 127 78 1 0 0 127 0 0 30 127
0 0 0 70 0 0 0 0 127 34 0 53 99 83 0 0 0 0 32 0 0 21 0 40 0 0 127 88
0 0 0 0 0 0 0 0 16 16 0 0 0 0 0 0 127 51 0;
egregore_data 0 0 127 0 0 127 0 0 0 0 0 0 0 0 0 127 38 0 0 0 0 0 0
44.5217 4.78346 0 0 0 0 127 0 0 122.392 127 78 1 0 0 127 0 0 30 127
0 0 0 70 0 0 0 0 127 34 0 53 99 83 0 0 0 0 32 0 0 21 0 40 0 0 127 88
0 0 0 0 0 0 0 0 16 16 0 0 0 0 0 0 127 51 0;
egregore_data 0 0 127 0 0 127 0 0 0 0 0 0 0 0 0 127 38 0 0 0 0 0 0
44.5049 4.95078 0 0 0 0 127 0 0 122.475 127 78 1 0 0 127 0 0 30 127
0 0 0 70 0 0 0 0 127 34 0 53 99 83 0 0 0 0 32 0 0 21 0 40 0 0 127 88
0 0 0 0 0 0 0 0 16 16 0 0 0 0 0 0 127 51 0;
egregore_data 0 0 127 0 0 127 0 0 0 0 0 0 0 0 0 127 38 0 0 0 0 0 0
44.5049 4.95078 0 0 0 0 127 0 0 122.475 127 78 1 0 0 127 0 0 30 127
0 0 0 70 0 0 0 0 127 34 0 53 99 83 0 0 0 0 32 0 0 21 0 40 0 0 127 88
0 0 0 0 0 0 0 0 16 16 0 0 0 0 0 0 127 51 0;
egregore_data 0 0 127 0 0 127 0 0 0 0 0 0 0 0 0 127 38 0 0 0 0 0 0
44.5049 4.95078 0 0 0 0 127 0 0 122.475 127 78 1 0 0 127 0 0 30 127
0 0 0 70 0 0 0 0 127 34 0 53 99 83 0 0 0 0 32 0 0 21 0 40 0 0 127 88
0 0 0 0 0 0 0 0 16 16 0 0 0 0 0 0 127 51 0;
egregore_data 0 0 127 0 0 127 0 0 0 0 0 0 0 0 0 127 38 0 0 0 0 0 0
44.5049 4.95078 0 0 0 0 127 0 0 122.475 127 78 1 0 0 127 0 0 30 127
0 0 0 70 0 0 0 0 127 34 0 53 99 83 0 0 0 0 32 0 0 21 0 40 0 0 127 88
0 0 0 0 0 0 0 0 16 16 0 0 0 0 0 0 127 51 0;
egregore_data 0 0 127 0 0 127 0 0 0 0 0 0 0 0 0 127 38 0 0 0 0 0 0
44.5049 4.95078 0 0 0 0 127 0 0 122.475 127 78 1 0 0 127 0 0 30 127
0 0 0 70 0 0 0 0 127 34 0 53 99 83 0 0 0 0 32 0 0 21 0 40 0 0 127 88
0 0 0 0 0 0 0 0 16 16 0 0 0 0 0 0 127 51 0;
egregore_data 0 0 127 0 0 127 0 0 0 0 0 0 0 0 0 127 38 0 0 0 0 0 0
44.4882 5.1181 0 0 0 0 127 0 0 122.559 127 78 1 0 0 127 0 0 30 127
0 0 0 70 0 0 0 0 127 34 0 53 99 83 0 0 0 0 32 0 0 21 0 40 0 0 127 88
0 0 0 0 0 0 0 0 16 16 0 0 0 0 0 0 127 51 0;
egregore_data 0 0 127 0 0 127 0 0 0 0 0 0 0 0 0 127 38 0 0 0 0 0 0
44.4882 5.1181 0 0 0 0 127 0 0 122.559 127 78 1 0 0 127 0 0 30 127
0 0 0 70 0 0 0 0 127 34 0 53 99 83 0 0 0 0 32 0 0 21 0 40 0 0 127 88
0 0 0 0 0 0 0 0 16 16 0 0 0 0 0 0 127 51 0;
egregore_data 0 0 127 0 0 127 0 0 0 0 0 0 0 0 0 127 38 0 0 0 0 0 0
44.4882 5.1181 0 0 0 0 127 0 0 122.559 127 78 1 0 0 127 0 0 30 127
0 0 0 70 0 0 0 0 127 34 0 53 99 83 0 0 0 0 32 0 0 21 0 40 0 0 127 88
0 0 0 0 0 0 0 0 16 16 0 0 0 0 0 0 127 51 0;
egregore_data 0 0 127 0 0 127 0 0 0 0 0 0 0 0 0 127 38 0 0 0 0 0 0
44.4882 5.1181 0 0 0 0 127 0 0 122.559 127 78 1 0 0 127 0 0 30 127
0 0 0 70 0 0 0 0 127 34 0 53 99 83 0 0 0 0 32 0 0 21 0 40 0 0 127 88
0 0 0 0 0 0 0 0 16 16 0 0 0 0 0 0 127 51 0;
egregore_data 0 0 127 0 0 127 0 0 0 0 0 0 0 0 0 127 38 0 0 0 0 0 0
44.4882 5.1181 0 0 0 0 127 0 0 122.559 127 78 1 0 0 127 0 0 30 127
0 0 0 70 0 0 0 0 127 34 0 53 99 83 0 0 0 0 32 0 0 21 0 40 0 0 127 88
0 0 0 0 0 0 0 0 16 16 0 0 0 0 0 0 127 51 0;
egregore_data 0 0 127 0 0 127 0 0 0 0 0 0 0 0 0 127 38 0 0 0 0 0 0
44.4882 5.1181 0 0 0 0 127 0 0 122.559 127 78 1 0 0 127 0 0 30 127
0 0 0 70 0 0 0 0 127 34 0 53 99 83 0 0 0 0 32 0 0 21 0 40 0 0 127 88
0 0 0 0 0 0 0 0 16 16 0 0 0 0 0 0 127 51 0;
egregore_data 0 0 127 0 0 127 0 0 0 0 0 0 0 0 0 127 38 0 0 0 0 0 0
44.4882 5.1181 0 0 0 0 127 0 0 122.559 127 78 1 0 0 127 0 0 30 127
0 0 0 70 0 0 0 0 127 34 0 53 99 83 0 0 0 0 32 0 0 21 0 40 0 0 127 88
0 0 0 0 0 0 0 0 16 16 0 0 0 0 0 0 127 51 0;
egregore_data 0 0 127 0 0 127 0 0 0 0 0 0 0 0 0 127 38 0 0 0 0 0 0
44.5049 4.95078 0 0 0 0 127 0 0 122.475 127 78 1 0 0 127 0 0 30 127
0 0 0 70 0 0 0 0 127 34 0 53 99 83 0 0 0 0 32 0 0 21 0 40 0 0 127 88
0 0 0 0 0 0 0 0 16 16 0 0 0 0 0 0 127 51 0;
egregore_data 0 0 127 0 0 127 0 0 0 0 0 0 0 0 0 127 38 0 0 0 0 0 0
44.5217 4.78346 0 0 0 0 127 0 0 122.392 127 78 1 0 0 127 0 0 30 127
0 0 0 70 0 0 0 0 127 34 0 53 99 83 0 0 0 0 32 0 0 21 0 40 0 0 127 88
0 0 0 0 0 0 0 0 16 16 0 0 0 0 0 0 127 51 0;
egregore_data 0 0 127 0 0 127 0 0 0 0 0 0 0 0 0 127 38 0 0 0 0 0 0
44.5217 4.78346 0 0 0 0 127 0 0 122.392 127 78 1 0 0 127 0 0 30 127
0 0 0 70 0 0 0 0 127 34 0 53 99 83 0 0 0 0 32 0 0 21 0 40 0 0 127 88
0 0 0 0 0 0 0 0 16 16 0 0 0 0 0 0 127 51 0;
egregore_data 0 0 127 0 0 127 0 0 0 0 0 0 0 0 0 127 38 0 0 0 0 0 0
44.5551 4.44881 0 0 0 0 127 0 0 122.224 127 78 1 0 0 127 0 0 30 127
0 0 0 70 0 0 0 0 127 34 0 53 99 83 0 0 0 0 32 0 0 21 0 40 0 0 127 88
0 0 0 0 0 0 0 0 16 16 0 0 0 0 0 0 127 51 0;
egregore_data 0 0 127 0 0 127 0 0 0 0 0 0 0 0 0 127 38 0 0 0 0 0 0
44.5551 4.44881 0 0 0 0 127 0 0 122.224 127 78 1 0 0 127 0 0 30 127
0 0 0 70 0 0 0 0 127 34 0 53 99 83 0 0 0 0 32 0 0 21 0 40 0 0 127 88
0 0 0 0 0 0 0 0 16 16 0 0 0 0 0 0 127 51 0;
egregore_data 0 0 127 0 0 127 0 0 0 0 0 0 0 0 0 127 38 0 0 0 0 0 0
44.5551 4.44881 0 0 0 0 127 0 0 122.224 127 78 1 0 0 127 0 0 30 127
0 0 0 70 0 0 0 0 127 34 0 53 99 83 0 0 0 0 32 0 0 21 0 40 0 0 127 88
0 0 0 0 0 0 0 0 16 16 0 0 0 0 0 0 127 51 0;
egregore_data 0 0 127 0 0 127 0 0 0 0 0 0 0 0 0 127 38 0 0 0 0 0 0
44.5718 4.28149 0 0 0 0 127 0 0 122.141 127 78 1 0 0 127 0 0 30 127
0 0 0 70 0 0 0 0 127 34 0 53 99 83 0 0 0 0 32 0 0 21 0 40 0 0 127 88
0 0 0 0 0 0 0 0 16 16 0 0 0 0 0 0 127 51 0;
egregore_data 0 0 127 0 0 127 0 0 0 0 0 0 0 0 0 127 38 0 0 0 0 0 0
44.5718 4.28149 0 0 0 0 127 0 0 122.141 127 78 1 0 0 127 0 0 30 127
0 0 0 70 0 0 0 0 127 34 0 53 99 83 0 0 0 0 32 0 0 21 0 40 0 0 127 88
0 0 0 0 0 0 0 0 16 16 0 0 0 0 0 0 127 51 0;
egregore_data 0 0 127 0 0 127 0 0 0 0 0 0 0 0 0 127 38 0 0 0 0 0 0
44.5718 4.28149 0 0 0 0 127 0 0 122.141 127 78 1 0 0 127 0 0 30 127
0 0 0 70 0 0 0 0 127 34 0 53 99 83 0 0 0 0 32 0 0 21 0 40 0 0 127 88
0 0 0 0 0 0 0 0 16 16 0 0 0 0 0 0 127 51 0;
egregore_data 0 0 127 0 0 127 0 0 0 0 0 0 0 0 0 127 38 0 0 0 0 0 0
44.5551 4.44881 0 0 0 0 127 0 0 122.224 127 78 1 0 0 127 0 0 30 127
0 0 0 70 0 0 0 0 127 34 0 53 99 83 0 0 0 0 32 0 0 21 0 40 0 0 127 88
0 0 0 0 0 0 0 0 16 16 0 0 0 0 0 0 127 51 0;
egregore_data 0 0 127 0 0 127 0 0 0 0 0 0 0 0 0 127 38 0 0 0 0 0 0
44.5551 4.44881 0 0 0 0 127 0 0 122.224 127 78 1 0 0 127 0 0 30 127
0 0 0 70 0 0 0 0 127 34 0 53 99 83 0 0 0 0 32 0 0 21 0 40 0 0 127 88
0 0 0 0 0 0 0 0 16 16 0 0 0 0 0 0 127 51 0;
egregore_data 0 0 127 0 0 127 0 0 0 0 0 0 0 0 0 127 38 0 0 0 0 0 0
44.5551 4.44881 0 0 0 0 127 0 0 122.224 127 78 1 0 0 127 0 0 30 127
0 0 0 70 0 0 0 0 127 34 0 53 99 83 0 0 0 0 32 0 0 21 0 40 0 0 127 88
0 0 0 0 0 0 0 0 16 16 0 0 0 0 0 0 127 51 0;
egregore_data 0 0 127 0 0 127 0 0 0 0 0 0 0 0 0 127 38 0 0 0 0 0 0
44.5551 4.44881 0 0 0 0 127 0 0 122.224 127 78 1 0 0 127 0 0 30 127
0 0 0 70 0 0 0 0 127 34 0 53 99 83 0 0 0 0 32 0 0 21 0 40 0 0 127 88
0 0 0 0 0 0 0 0 16 16 0 0 0 0 0 0 127 51 0;
egregore_data 0 0 127 0 0 127 0 0 0 0 0 0 0 0 0 127 38 0 0 0 0 0 0
44.5217 4.78346 0 0 0 0 127 0 0 122.392 127 78 1 0 0 127 0 0 30 127
0 0 0 70 0 0 0 0 127 34 0 53 99 83 0 0 0 0 32 0 0 21 0 40 0 0 127 88
0 0 0 0 0 0 0 0 16 16 0 0 0 0 0 0 127 51 0;
egregore_data 0 0 127 0 0 127 0 0 0 0 0 0 0 0 0 127 38 0 0 0 0 0 0
44.5217 4.78346 0 0 0 0 127 0 0 122.392 127 78 1 0 0 127 0 0 30 127
0 0 0 70 0 0 0 0 127 34 0 53 99 83 0 0 0 0 32 0 0 21 0 40 0 0 127 88
0 0 0 0 0 0 0 0 16 16 0 0 0 0 0 0 127 51 0;
egregore_data 0 0 127 0 0 127 0 0 0 0 0 0 0 0 0 127 38 0 0 0 0 0 0
44.5049 4.95078 0 0 0 0 127 0 0 122.475 127 78 1 0 0 127 0 0 30 127
0 0 0 70 0 0 0 0 127 34 0 53 99 83 0 0 0 0 32 0 0 21 0 40 0 0 127 88
0 0 0 0 0 0 0 0 16 16 0 0 0 0 0 0 127 51 0;
egregore_data 0 0 127 0 0 127 0 0 0 0 0 0 0 0 0 127 38 0 0 0 0 0 0
44.4882 5.1181 0 0 0 0 127 0 0 122.559 127 78 1 0 0 127 0 0 30 127
0 0 0 70 0 0 0 0 127 34 0 53 99 83 0 0 0 0 32 0 0 21 0 40 0 0 127 88
0 0 0 0 0 0 0 0 16 16 0 0 0 0 0 0 127 51 0;
egregore_data 0 0 127 0 0 127 0 0 0 0 0 0 0 0 0 127 38 0 0 0 0 0 0
44.4882 5.1181 0 0 0 0 127 0 0 122.559 127 78 1 0 0 127 0 0 30 127
0 0 0 70 0 0 0 0 127 34 0 53 99 83 0 0 0 0 32 0 0 21 0 40 0 0 127 88
0 0 0 0 0 0 0 0 16 16 0 0 0 0 0 0 127 51 0;
egregore_data 0 0 127 0 0 127 0 0 0 0 0 0 0 0 0 127 38 0 0 0 0 0 0
44.4882 5.1181 0 0 0 0 127 0 0 122.559 127 78 1 0 0 127 0 0 30 127
0 0 0 70 0 0 0 0 127 34 0 53 99 83 0 0 0 0 32 0 0 21 0 40 0 0 127 88
0 0 0 0 0 0 0 0 16 16 0 0 0 0 0 0 127 51 0;
egregore_data 0 0 127 0 0 127 0 0 0 0 0 0 0 0 0 127 38 0 0 0 0 0 0
44.4882 5.1181 0 0 0 0 127 0 0 122.559 127 78 1 0 0 127 0 0 30 127
0 0 0 70 0 0 0 0 127 34 0 53 99 83 0 0 0 0 32 0 0 21 0 40 0 0 127 88
0 0 0 0 0 0 0 0 16 16 0 0 0 0 0 0 127 51 0;
egregore_data 0 0 127 0 0 127 0 0 0 0 0 0 0 0 0 127 38 0 0 0 0 0 0
44.4715 5.28543 0 0 0 0 127 0 0 122.643 127 78 1 0 0 127 0 0 30 127
0 0 0 70 0 0 0 0 127 34 0 53 99 83 0 0 0 0 32 0 0 21 0 40 0 0 127 88
0 0 0 0 0 0 0 0 16 16 0 0 0 0 0 0 127 51 0;
egregore_data 0 0 127 0 0 127 0 0 0 0 0 0 0 0 0 127 38 0 0 0 0 0 0
44.4715 5.28543 0 0 0 0 127 0 0 122.643 127 78 1 0 0 127 0 0 30 127
0 0 0 70 0 0 0 0 127 34 0 53 99 83 0 0 0 0 32 0 0 21 0 40 0 0 127 88
0 0 0 0 0 0 0 0 16 16 0 0 0 0 0 0 127 51 0;
egregore_data 0 0 127 0 0 127 0 0 0 0 0 0 0 0 0 127 38 0 0 0 0 0 0
44.4715 5.28543 0 0 0 0 127 0 0 122.643 127 78 1 0 0 127 0 0 30 127
0 0 0 70 0 0 0 0 127 34 0 53 99 83 0 0 0 0 32 0 0 21 0 40 0 0 127 88
0 0 0 0 0 0 0 0 16 16 0 0 0 0 0 0 127 51 0;
egregore_data 0 0 127 0 0 127 0 0 0 0 0 0 0 0 0 127 38 0 0 0 0 0 0
44.4715 5.28543 0 0 0 0 127 0 0 122.643 127 78 1 0 0 127 0 0 30 127
0 0 0 70 0 0 0 0 127 34 0 53 99 83 0 0 0 0 32 0 0 21 0 40 0 0 127 88
0 0 0 0 0 0 0 0 16 16 0 0 0 0 0 0 127 51 0;
egregore_data 0 0 127 0 0 127 0 0 0 0 0 0 0 0 0 127 38 0 0 0 0 0 0
44.4715 5.28543 0 0 0 0 127 0 0 122.643 127 78 1 0 0 127 0 0 30 127
0 0 0 70 0 0 0 0 127 34 0 53 99 83 0 0 0 0 32 0 0 21 0 40 0 0 127 88
0 0 0 0 0 0 0 0 16 16 0 0 0 0 0 0 127 51 0;
egregore_data 0 0 127 0 0 127 0 0 0 0 0 0 0 0 0 127 38 0 0 0 0 0 0
44.4715 5.28543 0 0 0 0 127 0 0 122.643 127 78 1 0 0 127 0 0 30 127
0 0 0 70 0 0 0 0 127 34 0 53 99 83 0 0 0 0 32 0 0 21 0 40 0 0 127 88
0 0 0 0 0 0 0 0 16 16 0 0 0 0 0 0 127 51 0;
egregore_data 0 0 127 0 0 127 0 0 0 0 0 0 0 0 0 127 38 0 0 0 0 0 0
44.4715 5.28543 0 0 0 0 127 0 0 122.643 127 78 1 0 0 127 0 0 30 127
0 0 0 70 0 0 0 0 127 34 0 53 99 83 0 0 0 0 32 0 0 21 0 40 0 0 127 88
0 0 0 0 0 0 0 0 16 16 0 0 0 0 0 0 127 51 0;
egregore_data 0 0 127 0 0 127 0 0 0 0 0 0 0 0 0 127 38 0 0 0 0 0 0
44.4715 5.28543 0 0 0 0 127 0 0 122.643 127 78 1 0 0 127 0 0 30 127
0 0 0 70 0 0 0 0 127 34 0 53 99 83 0 0 0 0 32 0 0 21 0 40 0 0 127 88
0 0 0 0 0 0 0 0 16 16 0 0 0 0 0 0 127 51 0;
egregore_data 0 0 127 0 0 127 0 0 0 0 0 0 0 0 0 127 38 0 0 0 0 0 0
44.4715 5.28543 0 0 0 0 127 0 0 122.643 127 78 1 0 0 127 0 0 30 127
0 0 0 70 0 0 0 0 127 34 0 53 99 83 0 0 0 0 32 0 0 21 0 40 0 0 127 88
0 0 0 0 0 0 0 0 16 16 0 0 0 0 0 0 127 51 0;
egregore_data 0 0 127 0 0 127 0 0 0 0 0 0 0 0 0 127 38 0 0 0 0 0 0
44.4715 5.28543 0 0 0 0 127 0 0 122.643 127 78 1 0 0 127 0 0 30 127
0 0 0 70 0 0 0 0 127 34 0 53 99 83 0 0 0 0 32 0 0 21 0 40 0 0 127 88
0 0 0 0 0 0 0 0 16 16 0 0 0 0 0 0 127 51 0;
egregore_data 0 0 127 0 0 127 0 0 0 0 0 0 0 0 0 127 38 0 0 0 0 0 0
44.4715 5.28543 0 0 0 0 127 0 0 122.643 127 78 1 0 0 127 0 0 30 127
0 0 0 70 0 0 0 0 127 34 0 53 99 83 0 0 0 0 32 0 0 21 0 40 0 0 127 88
0 0 0 0 0 0 0 0 16 16 0 0 0 0 0 0 127 51 0;
END;
