HTTP/1.1 200 OK
Date: Thu, 28 May 2015 12:25:53 GMT
Server: Apache
Last-Modified: Wed, 27 May 2015 19:37:52 GMT
Accept-Ranges: bytes
Content-Length: 29276
Vary: Accept-Encoding
Connection: close
Content-Type: text/plain

chdh_egregore_live_data;
egregore_data 0 0 127 0 0 127 0 0 0 0 0 0 0 0 0 127 38 0 127 0 0 0
0 0 0 0 0 0 0 100 0 0 127 127 78 0 93 90 127 0 19 127 127 0 0 0 70
0 0 0 127 127 34 0 119.947 31.3267 20 0 77.0467 36.4 0 93.502 0 60.32
50.8 10 5.08 38.9467 0 127 43.9337 1 56 36 0 0 0 22 0 16 16 0 0 0 0
0 0 127 51 1;
egregore_data 0 0 127 0 0 127 0 0 0 0 0 0 0 0 0 127 38 0 127 0 0 0
0 0 0 0 0 0 0 100 0 0 127 127 78 0 93 90 127 0 19 127 127 0 0 0 70
0 0 0 127 127 34 0 119.947 31.3267 20 0 77.0467 36.4 0 93.502 0 60.32
50.8 10 5.08 38.9467 0 127 43.9337 1 56 36 0 0 0 22 0 16 16 0 0 0 0
0 0 127 51 1;
egregore_data 0 0 127 0 0 127 0 0 0 0 0 0 0 0 0 127 38 0 127 0 0 0
0 0 0 0 0 0 0 100 0 0 127 127 78 0 93 90 127 0 19 127 127 0 0 0 70
0 0 0 127 127 34 0 119.947 31.3267 20 0 77.0467 36.4 0 93.502 0 60.32
50.8 10 5.08 38.9467 0 127 43.9337 1 56 36 0 0 0 22 0 16 16 0 0 0 0
0 0 127 51 1;
egregore_data 0 0 127 0 0 127 0 0 0 0 0 0 0 0 0 127 38 0 127 0 0 0
0 0 0 0 0 0 0 100 0 0 127 127 78 0 93 90 127 0 19 127 127 0 0 0 70
0 0 0 127 127 34 0 119.947 31.3267 20 0 77.0467 36.4 0 93.502 0 60.32
50.8 10 5.08 38.9467 0 127 43.9337 1 56 36 0 0 0 22 0 16 16 0 0 0 0
0 0 127 51 1;
egregore_data 0 0 127 0 0 127 0 0 0 0 0 0 0 0 0 127 38 0 127 0 0 0
0 0 0 0 0 0 0 100 0 0 127 127 78 0 93 90 127 0 19 127 127 0 0 0 70
0 0 0 127 127 34 0 119.947 31.3267 20 0 77.0467 36.4 0 93.502 0 60.32
50.8 10 5.08 38.9467 0 127 43.9337 1 56 36 0 0 0 22 0 16 16 0 0 0 0
0 0 127 51 1;
egregore_data 0 0 127 0 0 127 0 0 0 0 0 0 0 0 0 127 38 0 127 0 0 0
0 0 0 0 0 0 0 100 0 0 127 127 78 0 93 90 127 0 19 127 127 0 0 0 70
0 0 0 127 127 34 0 119.947 31.3267 20 0 77.0467 36.4 0 93.502 0 60.32
50.8 10 5.08 38.9467 0 127 43.9337 1 56 36 0 0 0 22 0 16 16 0 0 0 0
0 0 127 51 1;
egregore_data 0 0 127 0 0 127 0 0 0 0 0 0 0 0 0 127 38 0 127 0 0 0
0 0 0 0 0 0 0 100 0 0 127 127 78 0 93 90 127 0 19 127 127 0 0 0 70
0 0 0 127 127 34 0 119.947 31.3267 20 0 77.0467 36.4 0 93.502 0 60.32
50.8 10 5.08 38.9467 0 127 43.9337 1 56 36 0 0 0 22 0 16 16 0 0 0 0
0 0 127 51 1;
egregore_data 0 0 127 0 0 127 0 0 0 0 0 0 0 0 0 127 38 0 127 0 0 0
0 0 0 0 0 0 0 100 0 0 127 127 78 0 93 90 127 0 19 127 127 0 0 0 70
0 0 0 127 127 34 0 119.947 31.3267 20 0 77.0467 36.4 0 93.502 0 60.32
50.8 10 5.08 38.9467 0 127 43.9337 1 56 36 0 0 0 22 0 16 16 0 0 0 0
0 0 127 51 1;
egregore_data 0 0 127 0 0 127 0 0 0 0 0 0 0 0 0 127 38 0 127 0 0 0
0 0 0 0 0 0 0 100 0 0 127 127 78 0 93 90 127 0 19 127 127 0 0 0 70
0 0 0 127 127 34 0 119.947 31.3267 20 0 77.0467 36.4 0 93.502 0 60.32
50.8 10 5.08 38.9467 0 127 43.9337 1 56 36 0 0 0 22 0 16 16 0 0 0 0
0 0 127 51 1;
egregore_data 0 0 127 0 0 127 0 0 0 0 0 0 0 0 0 127 38 0 127 0 0 0
0 0 0 0 0 0 0 100 0 0 127 127 78 0 93 90 127 0 19 127 127 0 0 0 70
0 0 0 127 127 34 0 119.947 31.3267 20 0 77.0467 36.4 0 93.502 0 60.32
50.8 10 5.08 38.9467 0 127 43.9337 1 56 36 0 0 0 22 0 16 16 0 0 0 0
0 0 127 51 1;
egregore_data 0 0 127 0 0 127 0 0 0 0 0 0 0 0 0 127 38 0 127 0 0 0
0 0 0 0 0 0 0 100 0 0 127 127 78 0 93 90 127 0 19 127 127 0 0 0 70
0 0 0 127 127 34 0 119.947 31.3267 20 0 77.0467 36.4 0 93.502 0 60.32
50.8 10 5.08 38.9467 0 127 43.9337 1 56 36 0 0 0 22 0 16 16 0 0 0 0
0 0 127 51 1;
egregore_data 0 0 127 0 0 127 0 0 0 0 0 0 0 0 0 127 38 0 127 0 0 0
0 0 0 0 0 0 0 100 0 0 127 127 78 0 93 90 127 0 19 127 127 0 0 0 70
0 0 0 127 127 34 0 119.947 31.3267 20 0 77.0467 36.4 0 93.502 0 60.32
50.8 10 5.08 38.9467 0 127 43.9337 1 56 37 0 0 0 22 0 16 16 0 0 0 0
0 0 127 51 1;
egregore_data 0 0 127 0 0 127 0 0 0 0 0 0 0 0 0 127 38 0 127 0 0 0
0 0 0 0 0 0 0 100 0 0 127 127 78 0 93 90 127 0 19 127 127 0 0 0 70
0 0 0 127 127 34 0 119.947 31.3267 20 0 77.0467 36.4 0 93.502 0 60.32
50.8 10 5.08 38.9467 0 127 43.9337 1 56 37 0 0 0 22 0 16 16 0 0 0 0
0 0 127 51 1;
egregore_data 0 0 127 0 0 127 0 0 0 0 0 0 0 0 0 127 38 0 127 0 0 0
0 0 0 0 0 0 0 100 0 0 127 127 78 0 93 90 127 0 19 127 127 0 0 0 70
0 0 0 127 127 34 0 119.947 31.3267 20 0 77.0467 36.4 0 93.502 0 60.32
50.8 10 5.08 38.9467 0 127 43.9337 1 56 37 0 0 0 22 0 16 16 0 0 0 0
0 0 127 51 1;
egregore_data 0 0 127 0 0 127 0 0 0 0 0 0 0 0 0 127 38 0 127 0 0 0
0 0 0 0 0 0 0 100 0 0 127 127 78 0 93 90 127 0 19 127 127 0 0 0 70
0 0 0 127 127 34 0 119.947 31.3267 20 0 77.0467 36.4 0 93.502 0 60.32
50.8 10 5.08 38.9467 0 127 43.9337 1 56 37 0 0 0 22 0 16 16 0 0 0 0
0 0 127 51 1;
egregore_data 0 0 127 0 0 127 0 0 0 0 0 0 0 0 0 127 38 0 127 0 0 0
0 0 0 0 0 0 0 100 0 0 127 127 78 0 93 90 127 0 19 127 127 0 0 0 70
0 0 0 127 127 34 0 119.947 31.3267 20 0 77.0467 36.4 0 93.502 0 60.32
50.8 10 5.08 38.9467 0 127 43.9337 1 56 37 0 0 0 22 0 16 16 0 0 0 0
0 0 127 51 1;
egregore_data 0 0 127 0 0 127 0 0 0 0 0 0 0 0 0 127 38 0 127 0 0 0
0 0 0 0 0 0 0 100 0 0 127 127 78 0 93 90 127 0 19 127 127 0 0 0 70
0 0 0 127 127 34 0 119.947 31.3267 20 0 77.0467 36.4 0 93.502 0 60.32
50.8 10 5.08 38.9467 0 127 43.9337 1 56 37 0 0 0 22 0 16 16 0 0 0 0
0 0 127 51 1;
egregore_data 0 0 127 0 0 127 0 0 0 0 0 0 0 0 0 127 38 0 127 0 0 0
0 0 0 0 0 0 0 100 0 0 127 127 78 0 93 90 127 0 19 127 127 0 0 0 70
0 0 0 127 127 34 0 119.947 31.3267 20 0 77.0467 36.4 0 93.502 0 60.32
50.8 10 5.08 38.9467 0 127 43.9337 1 56 37 0 0 0 22 0 16 16 0 0 0 0
0 0 127 51 1;
egregore_data 0 0 127 0 0 127 0 0 0 0 0 0 0 0 0 127 38 0 127 0 0 0
0 0 0 0 0 0 0 100 0 0 127 127 78 0 93 90 127 0 19 127 127 0 0 0 70
0 0 0 127 127 34 0 119.947 31.3267 20 0 77.0467 36.4 0 93.502 0 60.32
50.8 10 5.08 38.9467 0 127 43.9337 1 56 37 0 0 0 22 0 16 16 0 0 0 0
0 0 127 51 1;
egregore_data 0 0 127 0 0 127 0 0 0 0 0 0 0 0 0 127 38 0 127 0 0 0
0 0 0 0 0 0 0 100 0 0 127 127 78 0 93 90 127 0 19 127 127 0 0 0 70
0 0 0 127 127 34 0 119.947 31.3267 20 0 77.0467 36.4 0 93.502 0 60.32
50.8 10 5.08 38.9467 0 127 43.9337 1 56 37 0 0 0 22 0 16 16 0 0 0 0
0 0 127 51 1;
egregore_data 0 0 127 0 0 127 0 0 0 0 0 0 0 0 0 127 38 0 127 0 0 0
0 0 0 0 0 0 0 100 0 0 127 127 78 0 93 90 127 0 19 127 127 0 0 0 70
0 0 0 127 127 34 0 119.947 31.3267 20 0 77.0467 36.4 0 93.502 0 60.32
50.8 10 5.08 38.9467 0 127 43.9337 1 56 37 0 0 0 22 0 16 16 0 0 0 0
0 0 127 51 1;
egregore_data 0 0 127 0 0 127 0 0 0 0 0 0 0 0 0 127 38 0 127 0 0 0
0 0 0 0 0 0 0 100 0 0 127 127 78 0 93 90 127 0 19 127 127 0 0 0 70
0 0 0 127 127 34 0 119.947 31.3267 20 0 77.0467 36.4 0 93.502 0 60.32
50.8 10 5.08 38.9467 0 127 43.9337 1 56 37 0 0 0 22 0 16 16 0 0 0 0
0 0 127 51 1;
egregore_data 0 0 127 0 0 127 0 0 0 0 0 0 0 0 0 127 38 0 127 0 0 0
0 0 0 0 0 0 0 100 0 0 127 127 78 0 93 90 127 0 19 127 127 0 0 0 70
0 0 0 127 127 34 0 119.947 31.3267 20 0 77.0467 36.4 0 93.502 0 60.32
50.8 10 5.08 38.9467 0 127 43.9337 1 56 37 0 0 0 22 0 16 16 0 0 0 0
0 0 127 51 1;
egregore_data 0 0 127 0 0 127 0 0 0 0 0 0 0 0 0 127 38 0 127 0 0 0
0 0 0 0 0 0 0 100 0 0 127 127 78 0 93 90 127 0 19 127 127 0 0 0 70
0 0 0 127 127 34 0 119.947 31.3267 20 0 77.0467 36.4 0 93.502 0 60.32
50.8 10 5.08 38.9467 0 127 43.9337 1 56 39 0 0 0 22 0 16 16 0 0 0 0
0 0 127 51 1;
egregore_data 0 0 127 0 0 127 0 0 0 0 0 0 0 0 0 127 38 0 127 0 0 0
0 0 0 0 0 0 0 100 0 0 127 127 78 0 93 90 127 0 19 127 127 0 0 0 70
0 0 0 127 127 34 0 119.947 31.3267 20 0 77.0467 36.4 0 93.502 0 60.32
50.8 10 5.08 38.9467 0 127 43.9337 1 56 39 0 0 0 22 0 16 16 0 0 0 0
0 0 127 51 1;
egregore_data 0 0 127 0 0 127 0 0 0 0 0 0 0 0 0 127 38 0 127 0 0 0
0 0 0 0 0 0 0 100 0 0 127 127 78 0 93 90 127 0 19 127 127 0 0 0 70
0 0 0 127 127 34 0 119.947 31.3267 20 0 77.0467 36.4 0 93.502 0 60.32
50.8 10 5.08 38.9467 0 127 43.9337 1 56 39 0 0 0 22 0 16 16 0 0 0 0
0 0 127 51 1;
egregore_data 0 0 127 0 0 127 0 0 0 0 0 0 0 0 0 127 38 0 127 0 0 0
0 0 0 0 0 0 0 100 0 0 127 127 78 0 93 90 127 0 19 127 127 0 0 0 70
0 0 0 127 127 34 0 119.947 31.3267 20 0 77.0467 36.4 0 93.502 0 60.32
50.8 10 5.08 38.9467 0 127 43.9337 1 56 39 0 0 0 22 0 16 16 0 0 0 0
0 0 127 51 1;
egregore_data 0 0 127 0 0 127 0 0 0 0 0 0 0 0 0 127 38 0 127 0 0 0
0 0 0 0 0 0 0 100 0 0 127 127 78 0 93 90 127 0 19 127 127 0 0 0 70
0 0 0 127 127 34 0 119.947 31.3267 20 0 77.0467 36.4 0 93.502 0 60.32
50.8 10 5.08 38.9467 0 127 43.9337 1 56 39 0 0 0 22 0 16 16 0 0 0 0
0 0 127 51 1;
egregore_data 0 0 127 0 0 127 0 0 0 0 0 0 0 0 0 127 38 0 127 0 0 0
0 0 0 0 0 0 0 100 0 0 127 127 78 0 93 90 127 0 19 127 127 0 0 0 70
0 0 0 127 127 34 0 119.947 31.3267 20 0 77.0467 36.4 0 93.502 0 60.32
50.8 10 5.08 38.9467 0 127 43.9337 1 56 39 0 0 0 22 0 16 16 0 0 0 0
0 0 127 51 1;
egregore_data 0 0 127 0 0 127 0 0 0 0 0 0 0 0 0 127 38 0 127 0 0 0
0 0 0 0 0 0 0 100 0 0 127 127 78 0 93 90 127 0 19 127 127 0 0 0 70
0 0 0 127 127 34 0 119.947 31.3267 20 0 77.0467 36.4 0 93.502 0 60.32
50.8 10 5.08 38.9467 0 127 43.9337 1 56 39 0 0 0 22 0 16 16 0 0 0 0
0 0 127 51 1;
egregore_data 0 0 127 0 0 127 0 0 0 0 0 0 0 0 0 127 38 0 127 0 0 0
0 0 0 0 0 0 0 100 0 0 127 127 78 0 93 90 127 0 19 127 127 0 0 0 70
0 0 0 127 127 34 0 119.947 31.3267 20 0 77.0467 36.4 0 93.502 0 60.32
50.8 10 5.08 38.9467 0 127 43.9337 1 56 39 0 0 0 21 0 16 16 0 0 0 0
0 0 127 51 1;
egregore_data 0 0 127 0 0 127 0 0 0 0 0 0 0 0 0 127 38 0 127 0 0 0
0 0 0 0 0 0 0 100 0 0 127 127 78 0 93 90 127 0 19 127 127 0 0 0 70
0 0 0 127 127 34 0 119.947 31.3267 20 0 77.0467 36.4 0 93.502 0 60.32
50.8 10 5.08 38.9467 0 127 43.9337 1 56 39 0 0 0 21 0 16 16 0 0 0 0
0 0 127 51 1;
egregore_data 0 0 127 0 0 127 0 0 0 0 0 0 0 0 0 127 38 0 127 0 0 0
0 0 0 0 0 0 0 100 0 0 127 127 78 0 93 90 127 0 19 127 127 0 0 0 70
0 0 0 127 127 34 0 119.947 31.3267 20 0 77.0467 36.4 0 93.502 0 60.32
50.8 10 5.08 38.9467 0 127 43.9337 1 56 39 0 0 0 21 0 16 16 0 0 0 0
0 0 127 51 1;
egregore_data 0 0 127 0 0 127 0 0 0 0 0 0 0 0 0 127 38 0 127 0 0 0
0 0 0 0 0 0 0 100 0 0 127 127 78 0 93 90 127 0 19 127 127 0 0 0 70
0 0 0 127 127 34 0 119.947 31.3267 20 0 77.0467 36.4 0 93.502 0 60.32
50.8 10 5.08 38.9467 0 127 43.9337 1 56 39 0 0 0 21 0 16 16 0 0 0 0
0 0 127 51 1;
egregore_data 0 0 127 0 0 127 0 0 0 0 0 0 0 0 0 127 38 0 127 0 0 0
0 0 0 0 0 0 0 100 0 0 127 127 78 0 93 90 127 0 19 127 127 0 0 0 70
0 0 0 127 127 34 0 119.947 31.3267 20 0 77.0467 36.4 0 93.502 0 60.32
50.8 10 5.08 38.9467 0 127 43.9337 1 56 39 0 0 0 21 0 16 16 0 0 0 0
0 0 127 51 1;
egregore_data 0 0 127 0 0 127 0 0 0 0 0 0 0 0 0 127 38 0 127 0 0 0
0 0 0 0 0 0 0 100 0 0 127 127 78 0 93 90 127 0 19 127 127 0 0 0 70
0 0 0 127 127 34 0 119.947 31.3267 20 0 77.0467 36.4 0 93.502 0 60.32
50.8 10 5.08 38.9467 0 127 43.9337 1 56 39 0 0 0 20 0 16 16 0 0 0 0
0 0 127 51 1;
egregore_data 0 0 127 0 0 127 0 0 0 0 0 0 0 0 0 127 38 0 127 0 0 0
0 0 0 0 0 0 0 100 0 0 127 127 78 0 93 90 127 0 19 127 127 0 0 0 70
0 0 0 127 127 34 0 119.947 31.3267 20 0 77.0467 36.4 0 93.502 0 60.32
50.8 10 5.08 38.9467 0 127 43.9337 1 56 39 0 0 0 20 0 16 16 0 0 0 0
0 0 127 51 1;
egregore_data 0 0 127 0 0 127 0 0 0 0 0 0 0 0 0 127 38 0 127 0 0 0
0 0 0 0 0 0 0 100 0 0 127 127 78 0 93 90 127 0 19 127 127 0 0 0 70
0 0 0 127 127 34 0 119.689 31.1192 20 0 76.5364 36.2318 0 93.502 0
60.1854 50.4636 10 5.04636 38.6887 0 127 43.9337 1 56 39 0 0 0 20 0
16 16 0 0 0 0 0 0 127 51 1;
egregore_data 0 0 127 0 0 127 0 0 0 0 0 0 0 0 0 127 38 0 127 0 0 0
0 0 0 0 0 0 0 100 0 0 127 127 78 0 93 90 127 0 19 127 127 0 0 0 70
0 0 0 127 127 34 0 119.689 31.1192 20 0 76.5364 36.2318 0 93.502 0
60.1854 50.4636 10 5.04636 38.6887 0 127 43.9337 1 56 39 0 0 0 20 0
16 16 0 0 0 0 0 0 127 51 1;
egregore_data 0 0 127 0 0 127 0 0 0 0 0 0 0 0 0 127 38 0 127 0 0 0
0 0 0 0 0 0 0 100 0 0 127 127 78 0 93 90 127 0 19 127 127 0 0 0 70
0 0 0 127 127 34 0 119.689 31.1192 20 0 76.5364 36.2318 0 93.502 0
60.1854 50.4636 10 5.04636 38.6887 0 127 43.9337 1 56 39 0 0 0 20 0
16 16 0 0 0 0 0 0 127 51 1;
egregore_data 0 0 127 0 0 127 0 0 0 0 0 0 0 0 0 127 38 0 127 0 0 0
0 0 0 0 0 0 0 100 0 0 127 127 78 0 93 90 127 0 19 127 127 0 0 0 70
0 0 0 127 127 34 0 119.689 31.1192 20 0 76.5364 36.2318 0 93.502 0
60.1854 50.4636 10 5.04636 38.6887 0 127 43.9337 1 56 39 0 0 0 20 0
16 16 0 0 0 0 0 0 127 51 1;
egregore_data 0 0 127 0 0 127 0 0 0 0 0 0 0 0 0 127 38 0 127 0 0 0
0 0 0 0 0 0 0 100 0 0 127 127 78 0 93 90 127 0 19 127 127 0 0 0 70
0 0 0 127 127 34 0 119.689 31.1192 20 0 76.5364 36.2318 0 93.502 0
60.1854 50.4636 10 5.04636 38.6887 0 127 43.9337 1 56 39 0 0 0 20 0
16 16 0 0 0 0 0 0 127 51 1 ;
egregore_data 0 0 127 0 0 127 0 0 0 0 0 0 0 0 0 127 38 0 127 0 0 0
0 0 0 0 0 0 0 100 0 0 127 127 78 0 93 90 127 0 19 127 127 0 0 0 70
0 0 0 127 127 34 0 119.689 31.1192 20 0 76.5364 36.2318 0 93.502 0
60.1854 50.4636 10 5.04636 38.6887 0 127 43.9337 1 56 39 0 0 0 20 0
16 16 0 0 0 0 0 0 127 51 1;
egregore_data 0 0 127 0 0 127 0 0 0 0 0 0 0 0 0 127 38 0 127 0 0 0
0 0 0 0 0 0 0 100 0 0 127 127 78 0 93 90 127 0 19 127 127 0 0 0 70
0 0 0 127 127 34 0 119.434 30.9145 20 0 76.0329 36.0658 0 93.502 0
60.0526 50.1316 10 5.01316 38.4342 0 127 43.9337 1 56 39 0 0 0 20 0
16 16 0 0 0 0 0 0 127 51 1;
egregore_data 0 0 127 0 0 127 0 0 0 0 0 0 0 0 0 127 38 0 127 0 0 0
0 0 0 0 0 0 0 100 0 0 127 127 78 0 93 90 127 0 19 127 127 0 0 0 70
0 0 0 127 127 34 0 119.434 30.9145 20 0 76.0329 36.0658 0 93.502 0
60.0526 50.1316 10 5.01316 38.4342 0 127 43.9337 1 56 39 0 0 0 20 0
16 16 0 0 0 0 0 0 127 51 1;
egregore_data 0 0 127 0 0 127 0 0 0 0 0 0 0 0 0 127 38 0 127 0 0 0
0 0 0 0 0 0 0 100 0 0 127 127 78 0 93 90 127 0 19 127 127 0 0 0 70
0 0 0 127 127 34 0 119.434 30.9145 20 0 76.0329 36.0658 0 93.502 0
60.0526 50.1316 10 5.01316 38.4342 0 127 43.9337 1 56 39 0 0 0 20 0
16 16 0 0 0 0 0 0 127 51 1;
egregore_data 0 0 127 0 0 127 0 0 0 0 0 0 0 0 0 127 38 0 127 0 0 0
0 0 0 0 0 0 0 100 0 0 127 127 78 0 93 90 127 0 19 127 127 0 0 0 70
0 0 0 127 127 34 0 119.434 30.9145 20 0 76.0329 36.0658 0 93.502 0
60.0526 50.1316 10 5.01316 38.4342 0 127 43.9337 1 56 39 0 0 0 20 0
16 16 0 0 0 0 0 0 127 51 1;
egregore_data 0 0 127 0 0 127 0 0 0 0 0 0 0 0 0 127 38 0 127 0 0 0
0 0 0 0 0 0 0 100 0 0 127 127 78 0 93 90 127 0 19 127 127 0 0 0 70
0 0 0 127 127 34 0 119.434 30.9145 20 0 76.0329 36.0658 0 93.502 0
60.0526 50.1316 10 5.01316 38.4342 0 127 43.9337 1 56 39 0 0 0 20 0
16 16 0 0 0 0 0 0 127 51 1;
egregore_data 0 0 127 0 0 127 0 0 0 0 0 0 0 0 0 127 38 0 127 0 0 0
0 0 0 0 0 0 0 100 0 0 127 127 78 0 93 90 127 0 19 127 127 0 0 0 70
0 0 0 127 127 34 0 119.183 30.7124 20 0 75.5359 35.902 0 93.502 0 59.9216
49.8039 10 4.98039 38.183 0 127 43.9337 1 56 39 0 0 0 20 0 16 16 0
0 0 0 0 0 127 51 1;
egregore_data 0 0 127 0 0 127 0 0 0 0 0 0 0 0 0 127 38 0 127 0 0 0
0 0 0 0 0 0 0 100 0 0 127 127 78 0 93 90 127 0 19 127 127 0 0 0 70
0 0 0 127 127 34 0 119.183 30.7124 20 0 75.5359 35.902 0 93.502 0 59.9216
49.8039 10 4.98039 38.183 0 127 43.9337 1 56 39 0 0 0 20 0 16 16 0
0 0 0 0 0 127 51 1;
egregore_data 0 0 127 0 0 127 0 0 0 0 0 0 0 0 0 127 38 0 127 0 0 0
0 0 0 0 0 0 0 100 0 0 127 127 78 0 93 90 127 0 19 127 127 0 0 0 70
0 0 0 127 127 34 0 119.183 30.7124 20 0 75.5359 35.902 0 93.502 0 59.9216
49.8039 10 4.98039 38.183 0 127 43.9337 1 56 39 0 0 0 20 0 16 16 0
0 0 0 0 0 127 51 1;
egregore_data 0 0 127 0 0 127 0 0 0 0 0 0 0 0 0 127 38 0 127 0 0 0
0 0 0 0 0 0 0 100 0 0 127 127 78 0 93 90 127 0 19 127 127 0 0 0 70
0 0 0 127 127 34 0 119.183 30.7124 20 0 75.5359 35.902 0 93.502 0 59.9216
49.8039 10 4.98039 38.183 0 127 43.9337 1 56 39 0 0 0 20 0 16 16 0
0 0 0 0 0 127 51 1;
egregore_data 0 0 127 0 0 127 0 0 0 0 0 0 0 0 0 127 38 0 127 0 0 0
0 0 0 0 0 0 0 100 0 0 127 127 78 0 93 90 127 0 19 127 127 0 0 0 70
0 0 0 127 127 34 0 119.183 30.7124 20 0 75.5359 35.902 0 93.502 0 59.9216
49.8039 10 4.98039 38.183 0 127 43.9337 1 56 39 0 0 0 20 0 16 16 0
0 0 0 0 0 127 51 1;
egregore_data 0 0 127 0 0 127 0 0 0 0 0 0 0 0 0 127 38 0 127 0 0 0
0 0 0 0 0 0 0 100 0 0 127 127 78 0 93 90 127 0 19 127 127 0 0 0 70
0 0 0 127 127 34 0 118.935 30.513 20 0 75.0455 35.7403 0 93.502 0 59.7922
49.4805 10 4.94805 37.9351 0 127 43.9337 1 56 39 0 0 0 20 0 16 16 0
0 0 0 0 0 127 51 1;
egregore_data 0 0 127 0 0 127 0 0 0 0 0 0 0 0 0 127 38 0 127 0 0 0
0 0 0 0 0 0 0 100 0 0 127 127 78 0 93 90 127 0 19 127 127 0 0 0 70
0 0 0 127 127 34 0 118.935 30.513 20 0 75.0455 35.7403 0 93.502 0 59.7922
49.4805 10 4.94805 37.9351 0 127 43.9337 1 56 39 0 0 0 20 0 16 16 0
0 0 0 0 0 127 51 1;
egregore_data 0 0 127 0 0 127 0 0 0 0 0 0 0 0 0 127 38 0 127 0 0 0
0 0 0 0 0 0 0 100 0 0 127 127 78 0 93 90 127 0 19 127 127 0 0 0 70
0 0 0 127 127 34 0 118.935 30.513 20 0 75.0455 35.7403 0 93.502 0 59.7922
49.4805 10 4.94805 37.9351 0 127 43.9337 1 56 39 0 0 0 20 0 16 16 0
0 0 0 0 0 127 51 1;
egregore_data 0 0 127 0 0 127 0 0 0 0 0 0 0 0 0 127 38 0 127 0 0 0
0 0 0 0 0 0 0 100 0 0 127 127 78 0 93 90 127 0 19 127 127 0 0 0 70
0 0 0 127 127 34 0 118.935 30.513 20 0 75.0455 35.7403 0 93.502 0 59.7922
49.4805 10 4.94805 37.9351 0 127 43.9337 1 56 39 0 0 0 20 0 16 16 0
0 0 0 0 0 127 51 1;
egregore_data 0 0 127 0 0 127 0 0 0 0 0 0 0 0 0 127 38 0 127 0 0 0
0 0 0 0 0 0 0 100 0 0 127 127 78 0 93 90 127 0 19 127 127 0 0 0 70
0 0 0 127 127 34 0 118.69 30.3161 20 0 74.5613 35.5806 0 93.502 0 59.6645
49.1613 10 4.91613 37.6903 0 127 43.9337 1 56 39 0 0 0 20 0 16 16 0
0 0 0 0 0 127 51 1;
egregore_data 0 0 127 0 0 127 0 0 0 0 0 0 0 0 0 127 38 0 127 0 0 0
0 0 0 0 0 0 0 100 0 0 127 127 78 0 93 90 127 0 19 127 127 0 0 0 70
0 0 0 127 127 34 0 118.69 30.3161 20 0 74.5613 35.5806 0 93.502 0 59.6645
49.1613 10 4.91613 37.6903 0 127 43.9337 1 56 39 0 0 0 20 0 16 16 0
0 0 0 0 0 127 51 1;
egregore_data 0 0 127 0 0 127 0 0 0 0 0 0 0 0 0 127 38 0 127 0 0 0
0 0 0 0 0 0 0 100 0 0 127 127 78 0 93 90 127 0 19 127 127 0 0 0 70
0 0 0 127 127 34 0 118.69 30.3161 20 0 74.5613 35.5806 0 93.502 0 59.6645
49.1613 10 4.91613 37.6903 0 127 43.9337 1 56 39 0 0 0 20 0 16 16 0
0 0 0 0 0 127 51 1;
egregore_data 0 0 127 0 0 127 0 0 0 0 0 0 0 0 0 127 38 0 127 0 0 0
0 0 0 0 0 0 0 100 0 0 127 127 78 0 93 90 127 0 19 127 127 0 0 0 70
0 0 0 127 127 34 0 118.69 30.3161 20 0 74.5613 35.5806 0 93.502 0 59.6645
49.1613 10 4.91613 37.6903 0 127 43.9337 1 56 39 0 0 0 20 0 16 16 0
0 0 0 0 0 127 51 1;
egregore_data 0 0 127 0 0 127 0 0 0 0 0 0 0 0 0 127 38 0 127 0 0 0
0 0 0 0 0 0 0 100 0 0 127 127 78 0 93 90 127 0 19 127 127 0 0 0 70
0 0 0 127 127 34 0 118.69 30.3161 20 0 74.5613 35.5806 0 93.502 0 59.6645
49.1613 10 4.91613 37.6903 0 127 43.9337 1 56 39 0 0 0 20 0 16 16 0
0 0 0 0 0 127 51 1;
egregore_data 0 0 127 0 0 127 0 0 0 0 0 0 0 0 0 127 38 0 127 0 0 0
0 0 0 0 0 0 0 100 0 0 127 127 78 0 93 90 127 0 19 127 127 0 0 0 70
0 0 0 127 127 34 0 118.69 30.3161 20 0 74.5613 35.5806 0 93.502 0 59.6645
49.1613 10 4.91613 37.6903 0 127 43.9337 1 56 39 0 0 0 20 0 16 16 0
0 0 0 0 0 127 51 1;
egregore_data 0 0 127 0 0 127 0 0 0 0 0 0 0 0 0 127 38 0 127 0 0 0
0 0 0 0 0 0 0 100 0 0 127 127 78 0 93 90 127 0 19 127 127 0 0 0 70
0 0 0 127 127 34 0 118.449 30.1218 20 0 74.0833 35.4231 0 93.502 0
59.5385 48.8462 10 4.88462 37.4487 0 127 43.9337 1 56 39 0 0 0 20 0
16 16 0 0 0 0 0 0 127 51 1;
egregore_data 0 0 127 0 0 127 0 0 0 0 0 0 0 0 0 127 38 0 127 0 0 0
0 0 0 0 0 0 0 100 0 0 127 127 78 0 93 90 127 0 19 127 127 0 0 0 70
0 0 0 127 127 34 0 118.449 30.1218 20 0 74.0833 35.4231 0 93.502 0
59.5385 48.8462 10 4.88462 37.4487 0 127 43.9337 1 56 39 0 0 0 20 0
16 16 0 0 0 0 0 0 127 51 1;
egregore_data 0 0 127 0 0 127 0 0 0 0 0 0 0 0 0 127 38 0 127 0 0 0
0 0 0 0 0 0 0 100 0 0 127 127 78 0 93 90 127 0 19 127 127 0 0 0 70
0 0 0 127 127 34 0 118.449 30.1218 20 0 74.0833 35.4231 0 93.502 0
59.5385 48.8462 10 4.88462 37.4487 0 127 43.9337 1 56 39 0 0 0 20 0
16 16 0 0 0 0 0 0 127 51 1;
egregore_data 0 0 127 0 0 127 0 0 0 0 0 0 0 0 0 127 38 0 127 0 0 0
0 0 0 0 0 0 0 100 0 0 127 127 78 0 93 90 127 0 19 127 127 0 0 0 70
0 0 0 127 127 34 0 118.21 29.9299 20 0 73.6115 35.2675 0 93.502 0 59.414
48.535 10 4.8535 37.2102 0 127 43.9337 1 56 39 0 0 0 20 0 16 16 0 0
0 0 0 0 127 51 1;
egregore_data 0 0 127 0 0 127 0 0 0 0 0 0 0 0 0 127 38 0 127 0 0 0
0 0 0 0 0 0 0 100 0 0 127 127 78 0 93 90 127 0 19 127 127 0 0 0 70
0 0 0 127 127 34 0 118.21 29.9299 20 0 73.6115 35.2675 0 93.502 0 59.414
48.535 10 4.8535 37.2102 0 127 43.9337 1 56 39 0 0 0 20 0 16 16 0 0
0 0 0 0 127 51 1;
egregore_data 0 0 127 0 0 127 0 0 0 0 0 0 0 0 0 127 38 0 127 0 0 0
0 0 0 0 0 0 0 100 0 0 127 127 78 0 93 90 127 0 19 127 127 0 0 0 70
0 0 0 127 127 34 0 118.21 29.9299 20 0 73.6115 35.2675 0 93.502 0 59.414
48.535 10 4.8535 37.2102 0 127 43.9337 1 56 39 0 0 0 20 0 16 16 0 0
0 0 0 0 127 51 1;
egregore_data 0 0 127 0 0 127 0 0 0 0 0 0 0 0 0 127 38 0 127 0 0 0
0 0 0 0 0 0 0 100 0 0 127 127 78 0 93 90 127 0 19 127 127 0 0 0 70
0 0 0 127 127 34 0 117.975 29.7405 20 0 73.1456 35.1139 0 93.502 0
59.2911 48.2278 10 4.82278 36.9747 0 127 43.9337 1 56 39 0 0 0 20 0
16 16 0 0 0 0 0 0 127 51 1;
egregore_data 0 0 127 0 0 127 0 0 0 0 0 0 0 0 0 127 38 0 127 0 0 0
0 0 0 0 0 0 0 100 0 0 127 127 78 0 93 90 127 0 19 127 127 0 0 0 70
0 0 0 127 127 34 0 117.975 29.7405 20 0 73.1456 35.1139 0 93.502 0
59.2911 48.2278 10 4.82278 36.9747 0 127 43.9337 1 56 39 0 0 0 20 0
16 16 0 0 0 0 0 0 127 51 1;
egregore_data 0 0 127 0 0 127 0 0 0 0 0 0 0 0 0 127 38 0 127 0 0 0
0 0 0 0 0 0 0 100 0 0 127 127 78 0 93 90 127 0 19 127 127 0 0 0 70
0 0 0 127 127 34 0 117.742 29.5535 20 0 72.6855 34.9623 0 93.502 0
59.1698 47.9245 10 4.79245 36.7421 0 127 43.9337 1 56 39 0 0 0 20 0
16 16 0 0 0 0 0 0 127 51 1;
egregore_data 0 0 127 0 0 127 0 0 0 0 0 0 0 0 0 127 38 0 127 0 0 0
0 0 0 0 0 0 0 100 0 0 127 127 78 0 93 90 127 0 19 127 127 0 0 0 70
0 0 0 127 127 34 0 117.742 29.5535 20 0 72.6855 34.9623 0 93.502 0
59.1698 47.9245 10 4.79245 36.7421 0 127 43.9337 1 56 39 0 0 0 20 0
16 16 0 0 0 0 0 0 127 51 1;
egregore_data 0 0 127 0 0 127 0 0 0 0 0 0 0 0 0 127 38 0 127 0 0 0
0 0 0 0 0 0 0 100 0 0 127 127 78 0 93 90 127 0 19 127 127 0 0 0 70
0 0 0 127 127 34 0 117.742 29.5535 20 0 72.6855 34.9623 0 93.502 0
59.1698 47.9245 10 4.79245 36.7421 0 127 43.9337 1 56 39 0 0 0 20 0
16 16 0 0 0 0 0 0 127 51 1;
egregore_data 0 0 127 0 0 127 0 0 0 0 0 0 0 0 0 127 38 0 127 0 0 0
0 0 0 0 0 0 0 100 0 0 127 127 78 0 93 90 127 0 19 127 127 0 0 0 70
0 0 0 127 127 34 0 117.742 29.5535 20 0 72.6855 34.9623 0 93.502 0
59.1698 47.9245 10 4.79245 36.7421 0 127 43.9337 1 56 40 0 0 0 20 0
16 16 0 0 0 0 0 0 127 51 1;
egregore_data 0 0 127 0 0 127 0 0 0 0 0 0 0 0 0 127 38 0 127 0 0 0
0 0 0 0 0 0 0 100 0 0 127 127 78 0 93 90 127 0 19 127 127 0 0 0 70
0 0 0 127 127 34 0 117.512 29.3687 20 0 72.2312 34.8125 0 93.502 0
59.05 47.625 10 4.7625 36.5125 0 127 43.9337 1 56 40 0 0 0 20 0 16
16 0 0 0 0 0 0 127 51 1;
egregore_data 0 0 127 0 0 127 0 0 0 0 0 0 0 0 0 127 38 0 127 0 0 0
0 0 0 0 0 0 0 100 0 0 127 127 78 0 93 90 127 0 19 127 127 0 0 0 70
0 0 0 127 127 34 0 117.286 29.1863 20 0 71.7826 34.6646 0 93.502 0
58.9317 47.3292 10 4.73292 36.2857 0 127 43.9337 1 56 40 0 0 0 20 0
16 16 0 0 0 0 0 0 127 51 1;
egregore_data 0 0 127 0 0 127 0 0 0 0 0 0 0 0 0 127 38 0 127 0 0 0
0 0 0 0 0 0 0 100 0 0 127 127 78 0 93 90 127 0 19 127 127 0 0 0 70
0 0 0 127 127 34 0 117.286 29.1863 20 0 71.7826 34.6646 0 93.502 0
58.9317 47.3292 10 4.73292 36.2857 0 127 43.9337 1 56 40 0 0 0 20 0
16 16 0 0 0 0 0 0 127 51 1;
egregore_data 0 0 127 0 0 127 0 0 0 0 0 0 0 0 0 127 38 0 127 0 0 0
0 0 0 0 0 0 0 100 0 0 127 127 78 0 93 90 127 0 19 127 127 0 0 0 70
0 0 0 127 127 34 0 117.062 29.0062 20 0 71.3395 34.5185 0 93.502 0
58.8148 47.037 10 4.7037 36.0617 0 127 43.9337 1 56 40 0 0 0 20 0 16
16 0 0 0 0 0 0 127 51 1;
egregore_data 0 0 127 0 0 127 0 0 0 0 0 0 0 0 0 127 38 0 127 0 0 0
0 0 0 0 0 0 0 100 0 0 127 127 78 0 93 90 127 0 19 127 127 0 0 0 70
0 0 0 127 127 34 0 117.062 29.0062 20 0 71.3395 34.5185 0 93.502 0
58.8148 47.037 10 4.7037 36.0617 0 127 43.9337 1 56 40 0 0 0 20 0 16
16 0 0 0 0 0 0 127 51 1;
egregore_data 0 0 127 0 0 127 0 0 0 0 0 0 0 0 0 127 38 0 127 0 0 0
0 0 0 0 0 0 0 100 0 0 127 127 78 0 93 90 127 0 19 127 127 0 0 0 70
0 0 0 127 127 34 0 116.84 28.8282 20 0 70.9018 34.3742 0 93.502 0 58.6994
46.7485 10 4.67485 35.8405 0 127 43.9337 1 56 40 0 0 0 20 0 16 16 0
0 0 0 0 0 127 51 1;
egregore_data 0 0 127 0 0 127 0 0 0 0 0 0 0 0 0 127 38 0 127 0 0 0
0 0 0 0 0 0 0 100 0 0 127 127 78 0 93 90 127 0 19 127 127 0 0 0 70
0 0 0 127 127 34 0 116.84 28.8282 20 0 70.9018 34.3742 0 93.502 0 58.6994
46.7485 10 4.67485 35.8405 0 127 43.9337 1 56 40 0 0 0 20 0 16 16 0
0 0 0 0 0 127 51 1;
egregore_data 0 0 127 0 0 127 0 0 0 0 0 0 0 0 0 127 38 0 127 0 0 0
0 0 0 0 0 0 0 100 0 0 127 127 78 0 93 90 127 0 19 127 127 0 0 0 70
0 0 0 127 127 34 0 116.84 28.8282 20 0 70.9018 34.3742 0 93.502 0 58.6994
46.7485 10 4.67485 35.8405 0 127 43.9337 1 56 40 0 0 0 20 0 16 16 0
0 0 0 0 0 127 51 1;
egregore_data 0 0 127 0 0 127 0 0 0 0 0 0 0 0 0 127 38 0 127 0 0 0
0 0 0 0 0 0 0 100 0 0 127 127 78 0 93 90 127 0 19 127 127 0 0 0 70
0 0 0 127 127 34 0 116.84 28.8282 20 0 70.9018 34.3742 0 93.502 0 58.6994
46.7485 10 4.67485 35.8405 0 127 43.9337 1 56 40 0 0 0 20 0 16 16 0
0 0 0 0 0 127 51 1;
egregore_data 0 0 127 0 0 127 0 0 0 0 0 0 0 0 0 127 38 0 127 0 0 0
0 0 0 0 0 0 0 100 0 0 127 127 78 0 93 90 127 0 19 127 127 0 0 0 70
0 0 0 127 127 34 0 116.622 28.6524 20 0 70.4695 34.2317 0 93.502 0
58.5854 46.4634 10 4.64634 35.6219 0 127 43.9337 1 56 40 0 0 0 20 0
16 16 0 0 0 0 0 0 127 51 1;
egregore_data 0 0 127 0 0 127 0 0 0 0 0 0 0 0 0 127 38 0 127 0 0 0
0 0 0 0 0 0 0 100 0 0 127 127 78 0 93 90 127 0 19 127 127 0 0 0 70
0 0 0 127 127 34 0 116.622 28.6524 20 0 70.4695 34.2317 0 93.502 0
58.5854 46.4634 10 4.64634 35.6219 0 127 43.9337 1 56 40 0 0 0 20 0
16 16 0 0 0 0 0 0 127 51 1;
egregore_data 0 0 127 0 0 127 0 0 0 0 0 0 0 0 0 127 38 0 127 0 0 0
0 0 0 0 0 0 0 100 0 0 127 127 78 0 93 90 127 0 19 127 127 0 0 0 70
0 0 0 127 127 34 0 116.406 28.4788 20 0 70.0424 34.0909 0 93.502 0
58.4727 46.1818 10 4.61818 35.4061 0 127 43.9337 1 56 40 0 0 0 20 0
16 16 0 0 0 0 0 0 127 51 1;
egregore_data 0 0 127 0 0 127 0 0 0 0 0 0 0 0 0 127 38 0 127 0 0 0
0 0 0 0 0 0 0 100 0 0 127 127 78 0 93 90 127 0 19 127 127 0 0 0 70
0 0 0 127 127 34 0 116.406 28.4788 20 0 70.0424 34.0909 0 93.502 0
58.4727 46.1818 10 4.61818 35.4061 0 127 43.9337 1 56 40 0 0 0 20 0
16 16 0 0 0 0 0 0 127 51 1;
egregore_data 0 0 127 0 0 127 0 0 0 0 0 0 0 0 0 127 38 0 127 0 0 0
0 0 0 0 0 0 0 100 0 0 127 127 78 0 93 90 127 0 19 127 127 0 0 0 70
0 0 0 127 127 34 0 116.406 28.4788 20 0 70.0424 34.0909 0 93.502 0
58.4727 46.1818 10 4.61818 35.4061 0 127 43.9337 1 56 40 0 0 0 20 0
16 16 0 0 0 0 0 0 127 51 1;
egregore_data 0 0 127 0 0 127 0 0 0 0 0 0 0 0 0 127 38 0 127 0 0 0
0 0 0 0 0 0 0 100 0 0 127 127 78 0 93 90 127 0 19 127 127 0 0 0 70
0 0 0 127 127 34 0 116.406 28.4788 20 0 70.0424 34.0909 0 93.502 0
58.4727 46.1818 10 4.61818 35.4061 0 127 43.9337 1 56 41 0 0 0 18 0
16 16 0 0 0 0 0 0 127 51 1;
egregore_data 0 0 127 0 0 127 0 0 0 0 0 0 0 0 0 127 38 0 127 0 0 0
0 0 0 0 0 0 0 100 0 0 127 127 78 0 93 90 127 0 19 127 127 0 0 0 70
0 0 0 127 127 34 0 116.193 28.3072 20 0 69.6205 33.9518 0 93.502 0
58.3614 45.9036 10 4.59036 35.1928 0 127 43.9337 1 56 41 0 0 0 18 0
16 16 0 0 0 0 0 0 127 51 1;
egregore_data 0 0 127 0 0 127 0 0 0 0 0 0 0 0 0 127 38 0 127 0 0 0
0 0 0 0 0 0 0 100 0 0 127 127 78 0 93 90 127 0 19 127 127 0 0 0 70
0 0 0 127 127 34 0 115.982 28.1377 20 0 69.2036 33.8144 0 93.502 0
58.2515 45.6287 10 4.56287 34.982 0 127 43.9337 1 56 41 0 0 0 18 0
16 16 0 0 0 0 0 0 127 51 1;
egregore_data 0 0 127 0 0 127 0 0 0 0 0 0 0 0 0 127 38 0 127 0 0 0
0 0 0 0 0 0 0 100 0 0 127 127 78 0 93 90 127 0 19 127 127 0 0 0 70
0 0 0 127 127 34 0 115.568 27.8047 20 0 68.3846 33.5444 0 93.502 0
58.0355 45.0888 10 4.50888 34.568 0 127 43.9337 1 56 41 0 0 0 18 0
16 16 0 0 0 0 0 0 127 51 1;
egregore_data 0 0 127 0 0 127 0 0 0 0 0 0 0 0 0 127 38 0 127 0 0 0
0 0 0 0 0 0 0 100 0 0 127 127 78 0 93 90 127 0 19 127 127 0 0 0 70
0 0 0 127 127 34 0 115.568 27.8047 20 0 68.3846 33.5444 0 93.502 0
58.0355 45.0888 10 4.50888 34.568 0 127 43.9337 1 56 41 0 0 0 18 0
16 16 0 0 0 0 0 0 127 51 1;
egregore_data 0 0 127 0 0 127 0 0 0 0 0 0 0 0 0 127 38 0 127 0 0 0
0 0 0 0 0 0 0 100 0 0 127 127 78 0 93 90 127 0 19 127 127 0 0 0 70
0 0 0 127 127 34 0 115.568 27.8047 20 0 68.3846 33.5444 0 93.502 0
58.0355 45.0888 10 4.50888 34.568 0 127 43.9337 1 56 41 0 0 0 18 0
16 16 0 0 0 0 0 0 127 51 1;
egregore_data 0 0 127 0 0 127 0 0 0 0 0 0 0 0 0 127 38 0 127 0 0 0
0 0 0 0 0 0 0 100 0 0 127 127 78 0 93 90 127 0 19 127 127 0 0 0 70
0 0 0 127 127 34 0 115.164 27.4795 20 0 67.5848 33.2807 0 93.502 0
57.8246 44.5614 10 4.45614 34.1637 0 127 43.9337 1 56 41 0 0 0 18 0
16 16 0 0 0 0 0 0 127 51 1;
egregore_data 0 0 127 0 0 127 0 0 0 0 0 0 0 0 0 127 38 0 127 0 0 0
0 0 0 0 0 0 0 100 0 0 127 127 78 0 93 90 127 0 19 127 127 0 0 0 70
0 0 0 127 127 34 0 115.164 27.4795 20 0 67.5848 33.2807 0 93.502 0
57.8246 44.5614 10 4.45614 34.1637 0 127 43.9337 1 56 41 0 0 0 18 0
16 16 0 0 0 0 0 0 127 51 1;
egregore_data 0 0 127 0 0 127 0 0 0 0 0 0 0 0 0 127 38 0 127 0 0 0
0 0 0 0 0 0 0 100 0 0 127 127 78 0 93 90 127 0 19 127 127 0 0 0 70
0 0 0 127 127 34 0 114.965 27.3198 20 0 67.1919 33.1512 0 93.502 0
57.7209 44.3023 10 4.43023 33.9651 0 127 43.9337 1 56 41 0 0 0 17 0
16 16 0 0 0 0 0 0 127 51 1;
egregore_data 0 0 127 0 0 127 0 0 0 0 0 0 0 0 0 127 38 0 127 0 0 0
0 0 0 0 0 0 0 100 0 0 127 127 78 0 93 90 127 0 19 127 127 0 0 0 70
0 0 0 127 127 34 0 114.575 27.0057 20 0 66.4195 32.8966 0 93.502 0
57.5172 43.7931 10 4.37931 33.5747 0 127 43.9337 1 56 41 0 0 0 16 0
16 16 0 0 0 0 0 0 127 51 1;
egregore_data 0 0 127 0 0 127 0 0 0 0 0 0 0 0 0 127 38 0 127 0 0 0
0 0 0 0 0 0 0 100 0 0 127 127 78 0 93 90 127 0 19 127 127 0 0 0 70
0 0 0 127 127 34 0 114.575 27.0057 20 0 66.4195 32.8966 0 93.502 0
57.5172 43.7931 10 4.37931 33.5747 0 127 43.9337 1 56 41 0 0 0 16 0
16 16 0 0 0 0 0 0 127 51 1;
END;
