HTTP/1.1 200 OK
Date: Thu, 28 May 2015 12:24:58 GMT
Server: Apache
Last-Modified: Wed, 27 May 2015 19:19:32 GMT
Accept-Ranges: bytes
Content-Length: 27130
Vary: Accept-Encoding
Connection: close
Content-Type: text/plain

chdh_egregore_live_data;
egregore_data 0 0 127 0 0 127 0 0 0 0 0 0 0 0 0 127 38 0 127 0 0 0
0 0 0 0 0 0 0 100 0 0 127 127 78 0 93 90 72 77 19 127 13 73 0 0 70
0 0 127 65 127 34 1 53.2314 98.6033 82.9339 0 0 0 0 32.4545 0 0 20.6529
0 40.3223 0 0 127 88 1 0 0 0 0 0 0 0 16 16 0 0 0 0 0 0 127 51 0;
egregore_data 0 0 127 0 0 127 0 0 0 0 0 0 0 0 0 127 38 0 127 0 0 0
0 0 0 0 0 0 0 100 0 0 127 127 78 0 93 90 72 77 19 127 13 73 0 0 70
0 0 127 65 127 34 1 53.2314 98.6033 82.9339 0 0 0 0 32.4545 0 0 20.6529
0 40.3223 0 0 127 88 1 0 0 0 0 0 0 0 16 16 0 0 0 0 0 0 127 51 0;
egregore_data 0 0 127 0 0 127 0 0 0 0 0 0 0 0 0 127 38 0 127 0 0 0
0 0 0 0 0 0 0 100 0 0 127 127 78 0 93 90 72 77 19 127 13 73 0 0 70
0 0 127 65 127 34 1 53.2314 98.6033 82.9339 0 0 0 0 32.4545 0 0 20.6529
0 40.3223 0 0 127 88 1 0 0 0 0 0 0 0 16 16 0 0 0 0 0 0 127 51 0;
egregore_data 0 0 127 0 0 127 0 0 0 0 0 0 0 0 0 127 38 0 127 0 0 0
0 0 0 0 0 0 0 100 0 0 127 127 78 0 93 90 72 77 19 127 13 73 0 0 70
0 0 127 65 127 34 1 53.2314 98.6033 82.9339 0 0 0 0 32.4545 0 0 20.6529
0 40.3223 0 0 127 88 1 0 0 0 0 0 0 0 16 16 0 0 0 0 0 0 127 51 0;
egregore_data 0 0 127 0 0 127 0 0 0 0 0 0 0 0 0 127 38 0 127 0 0 0
0 0 0 0 0 0 0 100 0 0 127 127 78 0 93 90 72 77 19 127 13 73 0 0 70
0 0 127 65 127 34 1 53.2314 98.6033 82.9339 0 0 0 0 32.4545 0 0 20.6529
0 40.3223 0 0 127 88 1 0 0 0 0 0 0 0 16 16 0 0 0 0 0 0 127 51 0;
egregore_data 0 0 127 0 0 127 0 0 0 0 0 0 0 0 0 127 38 0 127 0 0 0
0 0 0 0 0 0 0 100 0 0 127 127 78 0 93 90 72 78 19 127 13 73 0 0 70
0 0 127 65 127 34 1 53.2314 98.6033 82.9339 0 0 0 0 32.4545 0 0 20.6529
0 40.3223 0 0 127 88 1 0 0 0 0 0 0 0 16 16 0 0 0 0 0 0 127 51 0;
egregore_data 0 0 127 0 0 127 0 0 0 0 0 0 0 0 0 127 38 0 127 0 0 0
0 0 0 0 0 0 0 100 0 0 127 127 78 0 93 90 72 78 19 127 13 73 0 0 70
0 0 127 65 127 34 1 53.2314 98.6033 82.9339 0 0 0 0 32.4545 0 0 20.6529
0 40.3223 0 0 127 88 1 0 0 0 0 0 0 0 16 16 0 0 0 0 0 0 127 51 0;
egregore_data 0 0 127 0 0 127 0 0 0 0 0 0 0 0 0 127 38 0 127 0 0 0
0 0 0 0 0 0 0 100 0 0 127 127 78 0 93 90 72 78 19 127 13 73 0 0 70
0 0 127 65 127 34 1 53.2314 98.6033 82.9339 0 0 0 0 32.4545 0 0 20.6529
0 40.3223 0 0 127 88 1 0 0 0 0 0 0 0 16 16 0 0 0 0 0 0 127 51 0;
egregore_data 0 0 127 0 0 127 0 0 0 0 0 0 0 0 0 127 38 0 127 0 0 0
0 0 0 0 0 0 0 100 0 0 127 127 78 0 93 90 72 78 19 127 13 73 0 0 70
0 0 127 65 127 34 1 53.2314 98.6033 82.9339 0 0 0 0 32.4545 0 0 20.6529
0 40.3223 0 0 127 88 1 0 0 0 0 0 0 0 16 16 0 0 0 0 0 0 127 51 0;
egregore_data 0 0 127 0 0 127 0 0 0 0 0 0 0 0 0 127 38 0 127 0 0 0
0 0 0 0 0 0 0 100 0 0 127 127 78 0 93 90 72 78 19 127 13 73 0 0 70
0 0 127 65 127 34 1 53.2314 98.6033 82.9339 0 0 0 0 32.4545 0 0 20.6529
0 40.3223 0 0 127 88 1 0 0 0 0 0 0 0 16 16 0 0 0 0 0 0 127 51 0;
egregore_data 0 0 127 0 0 127 0 0 0 0 0 0 0 0 0 127 38 0 127 0 0 0
0 0 0 0 0 0 0 100 0 0 127 127 78 0 93 90 72 78 19 127 13 73 0 0 70
0 0 127 65 127 34 1 53.2314 98.6033 82.9339 0 0 0 0 32.4545 0 0 20.6529
0 40.3223 0 0 127 88 1 0 0 0 0 0 0 0 16 16 0 0 0 0 0 0 127 51 0;
egregore_data 0 0 127 0 0 127 0 0 0 0 0 0 0 0 0 127 38 0 127 0 0 0
0 0 0 0 0 0 0 100 0 0 127 127 78 0 93 90 72 79 19 127 13 73 0 0 70
0 0 127 65 127 34 1 53.2314 98.6033 82.9339 0 0 0 0 32.4545 0 0 20.6529
0 40.3223 0 0 127 88 1 0 0 0 0 0 0 0 16 16 0 0 0 0 0 0 127 51 0;
egregore_data 0 0 127 0 0 127 0 0 0 0 0 0 0 0 0 127 38 0 127 0 0 0
0 0 0 0 0 0 0 100 0 0 127 127 78 0 93 90 72 79 19 127 13 73 0 0 70
0 0 127 65 127 34 1 53.2314 98.6033 82.9339 0 0 0 0 32.4545 0 0 20.6529
0 40.3223 0 0 127 88 1 0 0 0 0 0 0 0 16 16 0 0 0 0 0 0 127 51 0;
egregore_data 0 0 127 0 0 127 0 0 0 0 0 0 0 0 0 127 38 0 127 0 0 0
0 0 0 0 0 0 0 100 0 0 127 127 78 0 93 90 72 79 19 127 13 73 0 0 70
0 0 127 65 127 34 1 53.2314 98.6033 82.9339 0 0 0 0 32.4545 0 0 20.6529
0 40.3223 0 0 127 88 1 0 0 0 0 0 0 0 16 16 0 0 0 0 0 0 127 51 0;
egregore_data 0 0 127 0 0 127 0 0 0 0 0 0 0 0 0 127 38 0 127 0 0 0
0 0 0 0 0 0 0 100 0 0 127 127 78 0 93 90 72 79 19 127 13 73 0 0 70
0 0 127 65 127 34 1 53.2314 98.6033 82.9339 0 0 0 0 32.4545 0 0 20.6529
0 40.3223 0 0 127 88 1 0 0 0 0 0 0 0 16 16 0 0 0 0 0 0 127 51 0;
egregore_data 0 0 127 0 0 127 0 0 0 0 0 0 0 0 0 127 38 0 127 0 0 0
0 0 0 0 0 0 0 100 0 0 127 127 78 0 93 90 72 79 19 127 13 73 0 0 70
0 0 127 65 127 34 1 53.2314 98.6033 82.9339 0 0 0 0 32.4545 0 0 20.6529
0 40.3223 0 0 127 88 1 0 0 0 0 0 0 0 16 16 0 0 0 0 0 0 127 51 0;
egregore_data 0 0 127 0 0 127 0 0 0 0 0 0 0 0 0 127 38 0 127 0 0 0
0 0 0 0 0 0 0 100 0 0 127 127 78 0 93 90 72 79 19 127 13 73 0 0 70
0 0 127 65 127 34 1 53.2314 98.6033 82.9339 0 0 0 0 32.4545 0 0 20.6529
0 40.3223 0 0 127 88 1 0 0 0 0 0 0 0 16 16 0 0 0 0 0 0 127 51 0;
egregore_data 0 0 127 0 0 127 0 0 0 0 0 0 0 0 0 127 38 0 127 0 0 0
0 0 0 0 0 0 0 100 0 0 127 127 78 0 93 90 72 79 19 127 13 73 0 0 70
0 0 127 65 127 34 1 53.2314 98.6033 82.9339 0 0 0 0 32.4545 0 0 20.6529
0 40.3223 0 0 127 88 1 0 0 0 0 0 0 0 16 16 0 0 0 0 0 0 127 51 0;
egregore_data 0 0 127 0 0 127 0 0 0 0 0 0 0 0 0 127 38 0 127 0 0 0
0 0 0 0 0 0 0 100 0 0 127 127 78 0 93 90 72 79 19 127 13 73 0 0 70
0 0 127 65 127 34 1 53.2314 98.6033 82.9339 0 0 0 0 32.4545 0 0 20.6529
0 40.3223 0 0 127 88 1 0 0 0 0 0 0 0 16 16 0 0 0 0 0 0 127 51 0;
egregore_data 0 0 127 0 0 127 0 0 0 0 0 0 0 0 0 127 38 0 127 0 0 0
0 0 0 0 0 0 0 100 0 0 127 127 78 0 93 90 72 79 19 127 13 73 0 0 70
0 0 127 65 127 34 1 53.2314 98.6033 82.9339 0 0 0 0 32.4545 0 0 20.6529
0 40.3223 0 0 127 88 1 0 0 0 0 0 0 0 16 16 0 0 0 0 0 0 127 51 0;
egregore_data 0 0 127 0 0 127 0 0 0 0 0 0 0 0 0 127 38 0 127 0 0 0
0 0 0 0 0 0 0 100 0 0 127 127 78 0 93 90 72 80 19 127 13 73 0 0 70
0 0 127 65 127 34 1 53.2314 98.6033 82.9339 0 0 0 0 32.4545 0 0 20.6529
0 40.3223 0 0 127 88 1 0 0 0 0 0 0 0 16 16 0 0 0 0 0 0 127 51 0;
egregore_data 0 0 127 0 0 127 0 0 0 0 0 0 0 0 0 127 38 0 127 0 0 0
0 0 0 0 0 0 0 100 0 0 127 127 78 0 93 90 72 80 19 127 13 73 0 0 70
0 0 127 65 127 34 1 53.2314 98.6033 82.9339 0 0 0 0 32.4545 0 0 20.6529
0 40.3223 0 0 127 88 1 0 0 0 0 0 0 0 16 16 0 0 0 0 0 0 127 51 0;
egregore_data 0 0 127 0 0 127 0 0 0 0 0 0 0 0 0 127 38 0 127 0 0 0
0 0 0 0 0 0 0 100 0 0 127 127 78 0 93 90 72 80 19 127 13 73 0 0 70
0 0 127 65 127 34 1 53.2314 98.6033 82.9339 0 0 0 0 32.4545 0 0 20.6529
0 40.3223 0 0 127 88 1 0 0 0 0 0 0 0 16 16 0 0 0 0 0 0 127 51 0;
egregore_data 0 0 127 0 0 127 0 0 0 0 0 0 0 0 0 127 38 0 127 0 0 0
0 0 0 0 0 0 0 100 0 0 127 127 78 0 93 90 72 80 19 127 13 73 0 0 70
0 0 127 65 127 34 1 53.2314 98.6033 82.9339 0 0 0 0 32.4545 0 0 20.6529
0 40.3223 0 0 127 88 1 0 0 0 0 0 0 0 16 16 0 0 0 0 0 0 127 51 0;
egregore_data 0 0 127 0 0 127 0 0 0 0 0 0 0 0 0 127 38 0 127 0 0 0
0 0 0 0 0 0 0 100 0 0 127 127 78 0 93 90 72 80 19 127 13 73 0 0 70
0 0 127 65 127 34 1 53.2314 98.6033 82.9339 0 0 0 0 32.4545 0 0 20.6529
0 40.3223 0 0 127 88 1 0 0 0 0 0 0 0 16 16 0 0 0 0 0 0 127 51 0;
egregore_data 0 0 127 0 0 127 0 0 0 0 0 0 0 0 0 127 38 0 127 0 0 0
0 0 0 0 0 0 0 100 0 0 127 127 78 0 93 90 72 80 19 127 13 73 0 0 70
0 0 127 65 127 34 1 53.2314 98.6033 82.9339 0 0 0 0 32.4545 0 0 20.6529
0 40.3223 0 0 127 88 1 0 0 0 0 0 0 0 16 16 0 0 0 0 0 0 127 51 0;
egregore_data 0 0 127 0 0 127 0 0 0 0 0 0 0 0 0 127 38 0 127 0 0 0
0 0 0 0 0 0 0 100 0 0 127 127 78 0 93 90 72 80 19 127 13 73 0 0 70
0 0 127 65 127 34 1 53.2314 98.6033 82.9339 0 0 0 0 32.4545 0 0 20.6529
0 40.3223 0 0 127 88 1 0 0 0 0 0 0 0 16 16 0 0 0 0 0 0 127 51 0;
egregore_data 0 0 127 0 0 127 0 0 0 0 0 0 0 0 0 127 38 0 127 0 0 0
0 0 0 0 0 0 0 100 0 0 127 127 78 0 93 90 72 80 19 127 13 73 0 0 70
0 0 127 65 127 34 1 53.2314 98.6033 82.9339 0 0 0 0 32.4545 0 0 20.6529
0 40.3223 0 0 127 88 1 0 0 0 0 0 0 0 16 16 0 0 0 0 0 0 127 51 0;
egregore_data 0 0 127 0 0 127 0 0 0 0 0 0 0 0 0 127 38 0 127 0 0 0
0 0 0 0 0 0 0 100 0 0 127 127 78 0 93 90 72 80 19 127 13 73 0 0 70
0 0 127 65 127 34 1 53.2314 98.6033 82.9339 0 0 0 0 32.4545 0 0 20.6529
0 40.3223 0 0 127 88 1 0 0 0 0 0 0 0 16 16 0 0 0 0 0 0 127 51 0;
egregore_data 0 0 127 0 0 127 0 0 0 0 0 0 0 0 0 127 38 0 127 0 0 0
0 0 0 0 0 0 0 100 0 0 127 127 78 0 93 90 72 80 19 127 13 73 0 0 70
0 0 127 65 127 34 1 53.2314 98.6033 82.9339 0 0 0 0 32.4545 0 0 20.6529
0 40.3223 0 0 127 88 1 0 0 0 0 0 0 0 16 16 0 0 0 0 0 0 127 51 0;
egregore_data 0 0 127 0 0 127 0 0 0 0 0 0 0 0 0 127 38 0 127 0 0 0
0 0 0 0 0 0 0 100 0 0 127 127 78 0 93 90 72 80 19 127 13 73 0 0 70
0 0 127 65 127 34 1 53.2314 98.6033 82.9339 0 0 0 0 32.4545 0 0 20.6529
0 40.3223 0 0 127 88 1 0 0 0 0 0 0 0 16 16 0 0 0 0 0 0 127 51 0;
egregore_data 0 0 127 0 0 127 0 0 0 0 0 0 0 0 0 127 38 0 127 0 0 0
0 0 0 0 0 0 0 100 0 0 127 127 78 0 93 90 72 81 19 127 13 73 0 0 70
0 0 127 65 127 34 1 53.2314 98.6033 82.9339 0 0 0 0 32.4545 0 0 20.6529
0 40.3223 0 0 127 88 1 0 0 0 0 0 0 0 16 16 0 0 0 0 0 0 127 51 0;
egregore_data 0 0 127 0 0 127 0 0 0 0 0 0 0 0 0 127 38 0 127 0 0 0
0 0 0 0 0 0 0 100 0 0 127 127 78 0 93 90 72 81 19 127 13 73 0 0 70
0 0 127 65 127 34 1 53.2314 98.6033 82.9339 0 0 0 0 32.4545 0 0 20.6529
0 40.3223 0 0 127 88 1 0 0 0 0 0 0 0 16 16 0 0 0 0 0 0 127 51 0;
egregore_data 0 0 127 0 0 127 0 0 0 0 0 0 0 0 0 127 38 0 127 0 0 0
0 0 0 0 0 0 0 100 0 0 127 127 78 0 93 90 72 81 19 127 13 73 0 0 70
0 0 127 65 127 34 1 53.2314 98.6033 82.9339 0 0 0 0 32.4545 0 0 20.6529
0 40.3223 0 0 127 88 1 0 0 0 0 0 0 0 16 16 0 0 0 0 0 0 127 51 0;
egregore_data 0 0 127 0 0 127 0 0 0 0 0 0 0 0 0 127 38 0 127 0 0 0
0 0 0 0 0 0 0 100 0 0 127 127 78 0 93 90 72 81 19 127 13 73 0 0 70
0 0 127 65 127 34 1 53.2314 98.6033 82.9339 0 0 0 0 32.4545 0 0 20.6529
0 40.3223 0 0 127 88 1 0 0 0 0 0 0 0 16 16 0 0 0 0 0 0 127 51 0;
egregore_data 0 0 127 0 0 127 0 0 0 0 0 0 0 0 0 127 38 0 127 0 0 0
0 0 0 0 0 0 0 100 0 0 127 127 78 0 93 90 72 81 19 127 13 73 0 0 70
0 0 127 65 127 34 1 53.2314 98.6033 82.9339 0 0 0 0 32.4545 0 0 20.6529
0 40.3223 0 0 127 88 1 0 0 0 0 0 0 0 16 16 0 0 0 0 0 0 127 51 0;
egregore_data 0 0 127 0 0 127 0 0 0 0 0 0 0 0 0 127 38 0 127 0 0 0
0 0 0 0 0 0 0 100 0 0 127 127 78 0 93 90 72 81 19 127 13 73 0 0 70
0 0 127 65 127 34 1 53.2314 98.6033 82.9339 0 0 0 0 32.4545 0 0 20.6529
0 40.3223 0 0 127 88 1 0 0 0 0 0 0 0 16 16 0 0 0 0 0 0 127 51 0;
egregore_data 0 0 127 0 0 127 0 0 0 0 0 0 0 0 0 127 38 0 127 0 0 0
0 0 0 0 0 0 0 100 0 0 127 127 78 0 93 90 72 81 19 127 13 73 0 0 70
0 0 127 65 127 34 1 53.2314 98.6033 82.9339 0 0 0 0 32.4545 0 0 20.6529
0 40.3223 0 0 127 88 1 0 0 0 0 0 0 0 16 16 0 0 0 0 0 0 127 51 0;
egregore_data 0 0 127 0 0 127 0 0 0 0 0 0 0 0 0 127 38 0 127 0 0 0
0 0 0 0 0 0 0 100 0 0 127 127 78 0 93 90 72 81 19 127 13 73 0 0 70
0 0 127 65 127 34 1 53.2314 98.6033 82.9339 0 0 0 0 32.4545 0 0 20.6529
0 40.3223 0 0 127 88 1 0 0 0 0 0 0 0 16 16 0 0 0 0 0 0 127 51 0;
egregore_data 0 0 127 0 0 127 0 0 0 0 0 0 0 0 0 127 38 0 127 0 0 0
0 0 0 0 0 0 0 100 0 0 127 127 78 0 93 90 72 81 19 127 13 73 0 0 70
0 0 127 65 127 34 1 53.2314 98.6033 82.9339 0 0 0 0 32.4545 0 0 20.6529
0 40.3223 0 0 127 88 1 0 0 0 0 0 0 0 16 16 0 0 0 0 0 0 127 51 0;
egregore_data 0 0 127 0 0 127 0 0 0 0 0 0 0 0 0 127 38 0 127 0 0 0
0 0 0 0 0 0 0 100 0 0 127 127 78 0 93 90 72 81 19 127 13 73 0 0 70
0 0 127 65 127 34 1 53.2314 98.6033 82.9339 0 0 0 0 32.4545 0 0 20.6529
0 40.3223 0 0 127 88 1 0 0 0 0 0 0 0 16 16 0 0 0 0 0 0 127 51 0;
egregore_data 0 0 127 0 0 127 0 0 0 0 0 0 0 0 0 127 38 0 127 0 0 0
0 0 0 0 0 0 0 100 0 0 127 127 78 0 93 90 72 81 19 127 13 73 0 0 70
0 0 127 65 127 34 1 53.2314 98.6033 82.9339 0 0 0 0 32.4545 0 0 20.6529
0 40.3223 0 0 127 88 1 0 0 0 0 0 0 0 16 16 0 0 0 0 0 0 127 51 0;
egregore_data 0 0 127 0 0 127 0 0 0 0 0 0 0 0 0 127 38 0 127 0 0 0
0 0 0 0 0 0 0 100 0 0 127 127 78 0 93 90 72 81 19 127 13 73 0 0 70
0 0 127 65 127 34 1 53.2314 98.6033 82.9339 0 0 0 0 32.4545 0 0 20.6529
0 40.3223 0 0 127 88 1 0 0 0 0 0 0 0 16 16 0 0 0 0 0 0 127 51 0;
egregore_data 0 0 127 0 0 127 0 0 0 0 0 0 0 0 0 127 38 0 127 0 0 0
0 0 0 0 0 0 0 100 0 0 127 127 78 0 93 90 72 81 19 127 13 73 0 0 70
0 0 127 65 127 34 1 53.2314 98.6033 82.9339 0 0 0 0 32.4545 0 0 20.6529
0 40.3223 0 0 127 88 1 0 0 0 0 0 0 0 16 16 0 0 0 0 0 0 127 51 0;
egregore_data 0 0 127 0 0 127 0 0 0 0 0 0 0 0 0 127 38 0 127 0 0 0
0 0 0 0 0 0 0 100 0 0 127 127 78 0 93 90 72 83 19 127 13 73 0 0 70
0 0 127 65 127 34 1 53.2314 98.6033 82.9339 0 0 0 0 32.4545 0 0 20.6529
0 40.3223 0 0 127 88 1 0 0 0 0 0 0 0 16 16 0 0 0 0 0 0 127 51 0;
egregore_data 0 0 127 0 0 127 0 0 0 0 0 0 0 0 0 127 38 0 127 0 0 0
0 0 0 0 0 0 0 100 0 0 127 127 78 0 93 90 72 83 19 127 13 73 0 0 70
0 0 127 65 127 34 1 53.2314 98.6033 82.9339 0 0 0 0 32.4545 0 0 20.6529
0 40.3223 0 0 127 88 1 0 0 0 0 0 0 0 16 16 0 0 0 0 0 0 127 51 0;
egregore_data 0 0 127 0 0 127 0 0 0 0 0 0 0 0 0 127 38 0 127 0 0 0
0 0 0 0 0 0 0 100 0 0 127 127 78 0 93 90 72 83 19 127 13 73 0 0 70
0 0 127 65 127 34 1 53.2314 98.6033 82.9339 0 0 0 0 32.4545 0 0 20.6529
0 40.3223 0 0 127 88 1 0 0 0 0 0 0 0 16 16 0 0 0 0 0 0 127 51 0;
egregore_data 0 0 127 0 0 127 0 0 0 0 0 0 0 0 0 127 38 0 127 0 0 0
0 0 0 0 0 0 0 100 0 0 127 127 78 0 93 90 72 83 19 127 13 73 0 0 70
0 0 127 65 127 34 1 53.2314 98.6033 82.9339 0 0 0 0 32.4545 0 0 20.6529
0 40.3223 0 0 127 88 1 0 0 0 0 0 0 0 16 16 0 0 0 0 0 0 127 51 0;
egregore_data 0 0 127 0 0 127 0 0 0 0 0 0 0 0 0 127 38 0 127 0 0 0
0 0 0 0 0 0 0 100 0 0 127 127 78 0 93 90 72 83 19 127 13 73 0 0 70
0 0 127 65 127 34 1 53.2314 98.6033 82.9339 0 0 0 0 32.4545 0 0 20.6529
0 40.3223 0 0 127 88 1 0 0 0 0 0 0 0 16 16 0 0 0 0 0 0 127 51 0;
egregore_data 0 0 127 0 0 127 0 0 0 0 0 0 0 0 0 127 38 0 127 0 0 0
0 0 0 0 0 0 0 100 0 0 127 127 78 0 93 90 72 83 19 127 13 73 0 0 70
0 0 127 65 127 34 1 53.2314 98.6033 82.9339 0 0 0 0 32.4545 0 0 20.6529
0 40.3223 0 0 127 88 1 0 0 0 0 0 0 0 16 16 0 0 0 0 0 0 127 51 0;
egregore_data 0 0 127 0 0 127 0 0 0 0 0 0 0 0 0 127 38 0 127 0 0 0
0 0 0 0 0 0 0 100 0 0 127 127 78 0 93 90 72 83 19 127 13 73 0 0 70
0 0 127 65 127 34 1 53.2314 98.6033 82.9339 0 0 0 0 32.4545 0 0 20.6529
0 40.3223 0 0 127 88 1 0 0 0 0 0 0 0 16 16 0 0 0 0 0 0 127 51 0;
egregore_data 0 0 127 0 0 127 0 0 0 0 0 0 0 0 0 127 38 0 127 0 0 0
0 0 0 0 0 0 0 100 0 0 127 127 78 0 93 90 72 83 19 127 13 73 0 0 70
0 0 127 65 127 34 1 53.2314 98.6033 82.9339 0 0 0 0 32.4545 0 0 20.6529
0 40.3223 0 0 127 88 1 0 0 0 0 0 0 0 16 16 0 0 0 0 0 0 127 51 0;
egregore_data 0 0 127 0 0 127 0 0 0 0 0 0 0 0 0 127 38 0 127 0 0 0
0 0 0 0 0 0 0 100 0 0 127 127 78 0 93 90 72 83 19 127 13 73 0 0 70
0 0 127 65 127 34 1 53.2314 98.6033 82.9339 0 0 0 0 32.4545 0 0 20.6529
0 40.3223 0 0 127 88 1 0 0 0 0 0 0 0 16 16 0 0 0 0 0 0 127 51 0;
egregore_data 0 0 127 0 0 127 0 0 0 0 0 0 0 0 0 127 38 0 127 0 0 0
0 0 0 0 0 0 0 100 0 0 127 127 78 0 93 90 72 84 19 127 13 73 0 0 70
0 0 127 65 127 34 1 53.2314 98.6033 82.9339 0 0 0 0 32.4545 0 0 20.6529
0 40.3223 0 0 127 88 1 0 0 0 0 0 0 0 16 16 0 0 0 0 0 0 127 51 0;
egregore_data 0 0 127 0 0 127 0 0 0 0 0 0 0 0 0 127 38 0 127 0 0 0
0 0 0 0 0 0 0 100 0 0 127 127 78 0 93 90 72 84 19 127 13 73 0 0 70
0 0 127 65 127 34 1 53.2314 98.6033 82.9339 0 0 0 0 32.4545 0 0 20.6529
0 40.3223 0 0 127 88 1 0 0 0 0 0 0 0 16 16 0 0 0 0 0 0 127 51 0;
egregore_data 0 0 127 0 0 127 0 0 0 0 0 0 0 0 0 127 38 0 127 0 0 0
0 0 0 0 0 0 0 100 0 0 127 127 78 0 93 90 72 84 19 127 13 73 0 0 70
0 0 127 65 127 34 1 53.2314 98.6033 82.9339 0 0 0 0 32.4545 0 0 20.6529
0 40.3223 0 0 127 88 1 0 0 0 0 0 0 0 16 16 0 0 0 0 0 0 127 51 0;
egregore_data 0 0 127 0 0 127 0 0 0 0 0 0 0 0 0 127 38 0 127 0 0 0
0 0 0 0 0 0 0 100 0 0 127 127 78 0 93 90 72 84 19 127 13 73 0 0 70
0 0 127 65 127 34 1 53.2314 98.6033 82.9339 0 0 0 0 32.4545 0 0 20.6529
0 40.3223 0 0 127 88 1 0 0 0 0 0 0 0 16 16 0 0 0 0 0 0 127 51 0;
egregore_data 0 0 127 0 0 127 0 0 0 0 0 0 0 0 0 127 38 0 127 0 0 0
0 0 0 0 0 0 0 100 0 0 127 127 78 0 93 90 72 84 19 127 13 73 0 0 70
0 0 127 65 127 34 1 53.2314 98.6033 82.9339 0 0 0 0 32.4545 0 0 20.6529
0 40.3223 0 0 127 88 1 0 0 0 0 0 0 0 16 16 0 0 0 0 0 0 127 51 0;
egregore_data 0 0 127 0 0 127 0 0 0 0 0 0 0 0 0 127 38 0 127 0 0 0
0 0 0 0 0 0 0 100 0 0 127 127 78 0 93 90 72 85 19 127 13 73 0 0 70
0 0 127 65 127 34 1 53.2314 98.6033 82.9339 0 0 0 0 32.4545 0 0 20.6529
0 40.3223 0 0 127 88 1 0 0 0 0 0 0 0 16 16 0 0 0 0 0 0 127 51 0;
egregore_data 0 0 127 0 0 127 0 0 0 0 0 0 0 0 0 127 38 0 127 0 0 0
0 0 0 0 0 0 0 100 0 0 127 127 78 0 93 90 72 85 19 127 13 73 0 0 70
0 0 127 65 127 34 1 53.2314 98.6033 82.9339 0 0 0 0 32.4545 0 0 20.6529
0 40.3223 0 0 127 88 1 0 0 0 0 0 0 0 16 16 0 0 0 0 0 0 127 51 0;
egregore_data 0 0 127 0 0 127 0 0 0 0 0 0 0 0 0 127 38 0 127 0 0 0
0 0 0 0 0 0 0 100 0 0 127 127 78 0 93 90 72 85 19 127 13 73 0 0 70
0 0 127 65 127 34 1 53.2314 98.6033 82.9339 0 0 0 0 32.4545 0 0 20.6529
0 40.3223 0 0 127 88 1 0 0 0 0 0 0 0 16 16 0 0 0 0 0 0 127 51 0;
egregore_data 0 0 127 0 0 127 0 0 0 0 0 0 0 0 0 127 38 0 127 0 0 0
0 0 0 0 0 0 0 100 0 0 127 127 78 0 93 90 72 85 19 127 13 73 0 0 70
0 0 127 65 127 34 1 53.2314 98.6033 82.9339 0 0 0 0 32.4545 0 0 20.6529
0 40.3223 0 0 127 88 1 0 0 0 0 0 0 0 16 16 0 0 0 0 0 0 127 51 0;
egregore_data 0 0 127 0 0 127 0 0 0 0 0 0 0 0 0 127 38 0 127 0 0 0
0 0 0 0 0 0 0 100 0 0 127 127 78 0 93 90 72 85 19 127 13 73 0 0 70
0 0 127 65 127 34 1 53.2314 98.6033 82.9339 0 0 0 0 32.4545 0 0 20.6529
0 40.3223 0 0 127 88 1 0 0 0 0 0 0 0 16 16 0 0 0 0 0 0 127 51 0;
egregore_data 0 0 127 0 0 127 0 0 0 0 0 0 0 0 0 127 38 0 127 0 0 0
0 0 0 0 0 0 0 100 0 0 127 127 78 0 93 90 72 85 19 127 13 73 0 0 70
0 0 127 65 127 34 1 53.2314 98.6033 82.9339 0 0 0 0 32.4545 0 0 20.6529
0 40.3223 0 0 127 88 1 0 0 0 0 0 0 0 16 16 0 0 0 0 0 0 127 51 0;
egregore_data 0 0 127 0 0 127 0 0 0 0 0 0 0 0 0 127 38 0 127 0 0 0
0 0 0 0 0 0 0 100 0 0 127 127 78 0 93 90 72 85 19 127 13 73 0 0 70
0 0 127 65 127 34 1 53.2314 98.6033 82.9339 0 0 0 0 32.4545 0 0 20.6529
0 40.3223 0 0 127 88 1 0 0 0 0 0 0 0 16 16 0 0 0 0 0 0 127 51 0;
egregore_data 0 0 127 0 0 127 0 0 0 0 0 0 0 0 0 127 38 0 127 0 0 0
0 0 0 0 0 0 0 100 0 0 127 127 78 0 93 90 72 85 19 127 13 73 0 0 70
0 0 127 65 127 34 1 53.2314 98.6033 82.9339 0 0 0 0 32.4545 0 0 20.6529
0 40.3223 0 0 127 88 1 0 0 0 0 0 0 0 16 16 0 0 0 0 0 0 127 51 0;
egregore_data 0 0 127 0 0 127 0 0 0 0 0 0 0 0 0 127 38 0 127 0 0 0
0 0 0 0 0 0 0 100 0 0 127 127 78 0 93 90 72 85 19 127 13 73 0 0 70
0 0 127 65 127 34 1 53.2314 98.6033 82.9339 0 0 0 0 32.4545 0 0 20.6529
0 40.3223 0 0 127 88 1 0 0 0 0 0 0 0 16 16 0 0 0 0 0 0 127 51 0;
egregore_data 0 0 127 0 0 127 0 0 0 0 0 0 0 0 0 127 38 0 127 0 0 0
0 0 0 0 0 0 0 100 0 0 127 127 78 0 93 90 73 85 19 127 13 73 0 0 70
0 0 127 65 127 34 1 53.2314 98.6033 82.9339 0 0 0 0 32.4545 0 0 20.6529
0 40.3223 0 0 127 88 1 0 0 0 0 0 0 0 16 16 0 0 0 0 0 0 127 51 0;
egregore_data 0 0 127 0 0 127 0 0 0 0 0 0 0 0 0 127 38 0 127 0 0 0
0 0 0 0 0 0 0 100 0 0 127 127 78 0 93 90 73 85 19 127 13 73 0 0 70
0 0 127 65 127 34 1 53.2314 98.6033 82.9339 0 0 0 0 32.4545 0 0 20.6529
0 40.3223 0 0 127 88 1 0 0 0 0 0 0 0 16 16 0 0 0 0 0 0 127 51 0;
egregore_data 0 0 127 0 0 127 0 0 0 0 0 0 0 0 0 127 38 0 127 0 0 0
0 0 0 0 0 0 0 100 0 0 127 127 78 0 93 90 74 85 19 127 13 73 0 0 70
0 0 127 65 127 34 1 53.2314 98.6033 82.9339 0 0 0 0 32.4545 0 0 20.6529
0 40.3223 0 0 127 88 1 0 0 0 0 0 0 0 16 16 0 0 0 0 0 0 127 51 0;
egregore_data 0 0 127 0 0 127 0 0 0 0 0 0 0 0 0 127 38 0 127 0 0 0
0 0 0 0 0 0 0 100 0 0 127 127 78 0 93 90 75 85 19 127 13 73 0 0 70
0 0 127 65 127 34 1 53.2314 98.6033 82.9339 0 0 0 0 32.4545 0 0 20.6529
0 40.3223 0 0 127 88 1 0 0 0 0 0 0 0 16 16 0 0 0 0 0 0 127 51 0;
egregore_data 0 0 127 0 0 127 0 0 0 0 0 0 0 0 0 127 38 0 127 0 0 0
0 0 0 0 0 0 0 100 0 0 127 127 78 0 93 90 75 85 19 127 13 73 0 0 70
0 0 127 65 127 34 1 53.2314 98.6033 82.9339 0 0 0 0 32.4545 0 0 20.6529
0 40.3223 0 0 127 88 1 0 0 0 0 0 0 0 16 16 0 0 0 0 0 0 127 51 0;
egregore_data 0 0 127 0 0 127 0 0 0 0 0 0 0 0 0 127 38 0 127 0 0 0
0 0 0 0 0 0 0 100 0 0 127 127 78 0 93 90 75 85 19 127 13 73 0 0 70
0 0 127 65 127 34 1 53.2314 98.6033 82.9339 0 0 0 0 32.4545 0 0 20.6529
0 40.3223 0 0 127 88 1 0 0 0 0 0 0 0 16 16 0 0 0 0 0 0 127 51 0;
egregore_data 0 0 127 0 0 127 0 0 0 0 0 0 0 0 0 127 38 0 127 0 0 0
0 0 0 0 0 0 0 100 0 0 127 127 78 0 93 90 77 85 19 127 13 73 0 0 70
0 0 127 65 127 34 1 53.2314 98.6033 82.9339 0 0 0 0 32.4545 0 0 20.6529
0 40.3223 0 0 127 88 1 0 0 0 0 0 0 0 16 16 0 0 0 0 0 0 127 51 0;
egregore_data 0 0 127 0 0 127 0 0 0 0 0 0 0 0 0 127 38 0 127 0 0 0
0 0 0 0 0 0 0 100 0 0 127 127 78 0 93 90 77 85 19 127 13 73 0 0 70
0 0 127 65 127 34 1 53.2314 98.6033 82.9339 0 0 0 0 32.4545 0 0 20.6529
0 40.3223 0 0 127 88 1 0 0 0 0 0 0 0 16 16 0 0 0 0 0 0 127 51 0;
egregore_data 0 0 127 0 0 127 0 0 0 0 0 0 0 0 0 127 38 0 127 0 0 0
0 0 0 0 0 0 0 100 0 0 127 127 78 0 93 90 77 85 19 127 13 73 0 0 70
0 0 127 65 127 34 1 53.2314 98.6033 82.9339 0 0 0 0 32.4545 0 0 20.6529
0 40.3223 0 0 127 88 1 0 0 0 0 0 0 0 16 16 0 0 0 0 0 0 127 51 0;
egregore_data 0 0 127 0 0 127 0 0 0 0 0 0 0 0 0 127 38 0 127 0 0 0
0 0 0 0 0 0 0 100 0 0 127 127 78 0 93 90 77 85 19 127 13 73 0 0 70
0 0 127 65 127 34 1 53.2314 98.6033 82.9339 0 0 0 0 32.4545 0 0 20.6529
0 40.3223 0 0 127 88 1 0 0 0 0 0 0 0 16 16 0 0 0 0 0 0 127 51 0;
egregore_data 0 0 127 0 0 127 0 0 0 0 0 0 0 0 0 127 38 0 127 0 0 0
0 0 0 0 0 0 0 100 0 0 127 127 78 0 93 90 77 85 19 127 13 73 0 0 70
0 0 127 65 127 34 1 53.2314 98.6033 82.9339 0 0 0 0 32.4545 0 0 20.6529
0 40.3223 0 0 127 88 1 0 0 0 0 0 0 0 16 16 0 0 0 0 0 0 127 51 0;
egregore_data 0 0 127 0 0 127 0 0 0 0 0 0 0 0 0 127 38 0 127 0 0 0
0 0 0 0 0 0 0 100 0 0 127 127 78 0 93 90 77 85 19 127 13 73 0 0 70
0 0 127 65 127 34 1 53.2314 98.6033 82.9339 0 0 0 0 32.4545 0 0 20.6529
0 40.3223 0 0 127 88 1 0 0 0 0 0 0 0 16 16 0 0 0 0 0 0 127 51 0;
egregore_data 0 0 127 0 0 127 0 0 0 0 0 0 0 0 0 127 38 0 127 0 0 0
0 0 0 0 0 0 0 100 0 0 127 127 78 0 93 90 77 85 19 127 13 73 0 0 70
0 0 127 65 127 34 1 53.2314 98.6033 82.9339 0 0 0 0 32.4545 0 0 20.6529
0 40.3223 0 0 127 88 1 0 0 0 0 0 0 0 16 16 0 0 0 0 0 0 127 51 0;
egregore_data 0 0 127 0 0 127 0 0 0 0 0 0 0 0 0 127 38 0 127 0 0 0
0 0 0 0 0 0 0 100 0 0 127 127 78 0 93 90 77 85 19 127 13 73 0 0 70
0 0 127 65 127 34 1 53.2314 98.6033 82.9339 0 0 0 0 32.4545 0 0 20.6529
0 40.3223 0 0 127 88 1 0 0 0 0 0 0 0 16 16 0 0 0 0 0 0 127 51 0;
egregore_data 0 0 127 0 0 127 0 0 0 0 0 0 0 0 0 127 38 0 127 0 0 0
0 0 0 0 0 0 0 100 0 0 127 127 78 0 93 90 77 85 19 127 13 73 0 0 70
0 0 127 65 127 34 1 53.2314 98.6033 82.9339 0 0 0 0 32.4545 0 0 20.6529
0 40.3223 0 0 127 88 1 0 0 0 0 0 0 0 16 16 0 0 0 0 0 0 127 51 0;
egregore_data 0 0 127 0 0 127 0 0 0 0 0 0 0 0 0 127 38 0 127 0 0 0
0 0 0 0 0 0 0 100 0 0 127 127 78 0 93 90 77 85 19 127 13 73 0 0 70
0 0 127 65 127 34 1 53.2314 98.6033 82.9339 0 0 0 0 32.4545 0 0 20.6529
0 40.3223 0 0 127 88 1 0 0 0 0 0 0 0 16 16 0 0 0 0 0 0 127 51 0;
egregore_data 0 0 127 0 0 127 0 0 0 0 0 0 0 0 0 127 38 0 127 0 0 0
0 0 0 0 0 0 0 100 0 0 127 127 78 0 93 90 77 85 19 127 13 73 0 0 70
0 0 127 65 127 34 1 53.2314 98.6033 82.9339 0 0 0 0 32.4545 0 0 20.6529
0 40.3223 0 0 127 88 1 0 0 0 0 0 0 0 16 16 0 0 0 0 0 0 127 51 0;
egregore_data 0 0 127 0 0 127 0 0 0 0 0 0 0 0 0 127 38 0 127 0 0 0
0 0 0 0 0 0 0 100 0 0 127 127 78 0 93 90 77 85 19 127 13 73 0 0 70
0 0 127 65 127 34 1 53.2314 98.6033 82.9339 0 0 0 0 32.4545 0 0 20.6529
0 40.3223 0 0 127 88 1 0 0 0 0 0 0 0 16 16 0 0 0 0 0 0 127 51 0;
egregore_data 0 0 127 0 0 127 0 0 0 0 0 0 0 0 0 127 38 0 127 0 0 0
0 0 0 0 0 0 0 100 0 0 127 127 78 0 93 90 77 85 19 127 13 73 0 0 70
0 0 127 65 127 34 1 53.2314 98.6033 82.9339 0 0 0 0 32.4545 0 0 20.6529
0 40.3223 0 0 127 88 1 0 0 0 0 0 0 0 16 16 0 0 0 0 0 0 127 51 0;
egregore_data 0 0 127 0 0 127 0 0 0 0 0 0 0 0 0 127 38 0 127 0 0 0
0 0 0 0 0 0 0 100 0 0 127 127 78 0 93 90 77 85 19 127 13 73 0 0 70
0 0 127 65 127 34 1 53.2314 98.6033 82.9339 0 0 0 0 32.4545 0 0 20.6529
0 40.3223 0 0 127 88 1 0 0 0 0 0 0 0 16 16 0 0 0 0 0 0 127 51 0;
egregore_data 0 0 127 0 0 127 0 0 0 0 0 0 0 0 0 127 38 0 127 0 0 0
0 0 0 0 0 0 0 100 0 0 127 127 78 0 93 90 77 85 19 127 13 73 0 0 70
0 0 127 65 127 34 1 53.2314 98.6033 82.9339 0 0 0 0 32.4545 0 0 20.6529
0 40.3223 0 0 127 88 1 0 0 0 0 0 0 0 16 16 0 0 0 0 0 0 127 51 0;
egregore_data 0 0 127 0 0 127 0 0 0 0 0 0 0 0 0 127 38 0 127 0 0 0
0 0 0 0 0 0 0 100 0 0 127 127 78 0 93 90 77 85 19 127 13 73 0 0 70
0 0 127 65 127 34 1 53.2314 98.6033 82.9339 0 0 0 0 32.4545 0 0 20.6529
0 40.3223 0 0 127 88 1 0 0 0 0 0 0 0 16 16 0 0 0 0 0 0 127 51 0;
egregore_data 0 0 127 0 0 127 0 0 0 0 0 0 0 0 0 127 38 0 127 0 0 0
0 0 0 0 0 0 0 100 0 0 127 127 78 0 93 90 78 85 19 127 11 73 0 0 70
0 0 127 65 127 34 1 53.2314 98.6033 82.9339 0 0 0 0 32.4545 0 0 20.6529
0 40.3223 0 0 127 88 1 0 0 0 0 0 0 0 16 16 0 0 0 0 0 0 127 51 0;
egregore_data 0 0 127 0 0 127 0 0 0 0 0 0 0 0 0 127 38 0 127 0 0 0
0 0 0 0 0 0 0 100 0 0 127 127 78 0 93 90 78 85 19 127 11 73 0 0 70
0 0 127 65 127 34 1 53.2314 98.6033 82.9339 0 0 0 0 32.4545 0 0 20.6529
0 40.3223 0 0 127 88 1 0 0 0 0 0 0 0 16 16 0 0 0 0 0 0 127 51 0;
egregore_data 0 0 127 0 0 127 0 0 0 0 0 0 0 0 0 127 38 0 127 0 0 0
0 0 0 0 0 0 0 100 0 0 127 127 78 0 93 90 78 85 19 127 11 73 0 0 70
0 0 127 65 127 34 1 53.2314 98.6033 82.9339 0 0 0 0 32.4545 0 0 20.6529
0 40.3223 0 0 127 88 1 0 0 0 0 0 0 0 16 16 0 0 0 0 0 0 127 51 0;
egregore_data 0 0 127 0 0 127 0 0 0 0 0 0 0 0 0 127 38 0 127 0 0 0
0 0 0 0 0 0 0 100 0 0 127 127 78 0 93 90 78 85 19 127 11 73 0 0 70
0 0 127 65 127 34 1 53.2314 98.6033 82.9339 0 0 0 0 32.4545 0 0 20.6529
0 40.3223 0 0 127 88 1 0 0 0 0 0 0 0 16 16 0 0 0 0 0 0 127 51 0;
egregore_data 0 0 127 0 0 127 0 0 0 0 0 0 0 0 0 127 38 0 127 0 0 0
0 0 0 0 0 0 0 100 0 0 127 127 78 0 93 90 78 85 19 127 11 73 0 0 70
0 0 127 65 127 34 1 53.2314 98.6033 82.9339 0 0 0 0 32.4545 0 0 20.6529
0 40.3223 0 0 127 88 1 0 0 0 0 0 0 0 16 16 0 0 0 0 0 0 127 51 0;
egregore_data 0 0 127 0 0 127 0 0 0 0 0 0 0 0 0 127 38 0 127 0 0 0
0 0 0 0 0 0 0 100 0 0 127 127 78 0 93 90 79 85 19 127 11 73 0 0 70
0 0 127 65 127 34 1 53.2314 98.6033 82.9339 0 0 0 0 32.4545 0 0 20.6529
0 40.3223 0 0 127 88 1 0 0 0 0 0 0 0 16 16 0 0 0 0 0 0 127 51 0;
egregore_data 0 0 127 0 0 127 0 0 0 0 0 0 0 0 0 127 38 0 127 0 0 0
0 0 0 0 0 0 0 100 0 0 127 127 78 0 93 90 79 85 19 127 10 73 0 0 70
0 0 127 65 127 34 1 53.2314 98.6033 82.9339 0 0 0 0 32.4545 0 0 20.6529
0 40.3223 0 0 127 88 1 0 0 0 0 0 0 0 16 16 0 0 0 0 0 0 127 51 0;
egregore_data 0 0 127 0 0 127 0 0 0 0 0 0 0 0 0 127 38 0 127 0 0 0
0 0 0 0 0 0 0 100 0 0 127 127 78 0 93 90 79 85 19 127 10 73 0 0 70
0 0 127 65 127 34 1 53.2314 98.6033 82.9339 0 0 0 0 32.4545 0 0 20.6529
0 40.3223 0 0 127 88 1 0 0 0 0 0 0 0 16 16 0 0 0 0 0 0 127 51 0;
egregore_data 0 0 127 0 0 127 0 0 0 0 0 0 0 0 0 127 38 0 127 0 0 0
0 0 0 0 0 0 0 100 0 0 127 127 78 0 93 90 80 85 19 127 10 73 0 0 70
0 0 127 65 127 34 1 53.2314 98.6033 82.9339 0 0 0 0 32.4545 0 0 20.6529
0 40.3223 0 0 127 88 1 0 0 0 0 0 0 0 16 16 0 0 0 0 0 0 127 51 0;
egregore_data 0 0 127 0 0 127 0 0 0 0 0 0 0 0 0 127 38 0 127 0 0 0
0 0 0 0 0 0 0 100 0 0 127 127 78 0 93 90 80 85 19 127 10 73 0 0 70
0 0 127 65 127 34 1 53.2314 98.6033 82.9339 0 0 0 0 32.4545 0 0 20.6529
0 40.3223 0 0 127 88 1 0 0 0 0 0 0 0 16 16 0 0 0 0 0 0 127 51 0;
egregore_data 0 0 127 0 0 127 0 0 0 0 0 0 0 0 0 127 38 0 127 0 0 0
0 0 0 0 0 0 0 100 0 0 127 127 78 0 93 90 80 85 19 127 10 73 0 0 70
0 0 127 65 127 34 1 53.2314 98.6033 82.9339 0 0 0 0 32.4545 0 0 20.6529
0 40.3223 0 0 127 88 1 0 0 0 0 0 0 0 16 16 0 0 0 0 0 0 127 51 0;
END;
