HTTP/1.1 200 OK
Date: Thu, 28 May 2015 12:31:11 GMT
Server: Apache
Last-Modified: Wed, 27 May 2015 19:07:02 GMT
Accept-Ranges: bytes
Content-Length: 24891
Vary: Accept-Encoding
Connection: close
Content-Type: text/plain

chdh_egregore_live_data;
egregore_data 8 2 40 0 0 127 0 0 0 0 0 0 0 0 0 127 38 1 0 68.0512 0
0 0 0 0 0 0 0 80 111 0 0 69.0256 127 78 1 0 0 127 0 0 30 127 0 0 0
70 0 0 0 0 127 34 0 53 99 83 0 0 0 0 32 0 0 21 0 40 0 0 127 88 0 0
0 0 0 0 0 0 16 16 0 0 0 0 0 0 127 51 0;
egregore_data 8 2 40 0 0 127 0 0 0 0 0 0 0 0 0 127 38 1 0 68.0512 0
0 0 0 0 0 0 0 80 111 0 0 69.0256 127 78 1 0 0 127 0 0 30 127 0 0 0
70 0 0 0 0 127 34 0 53 99 83 0 0 0 0 32 0 0 21 0 40 0 0 127 88 0 0
0 0 0 0 0 0 16 16 0 0 0 0 0 0 127 51 0;
egregore_data 8 1 40 0 0 127 0 0 0 0 0 0 0 0 0 127 38 1 0 68.0512 0
0 0 0 0 0 0 0 80 111 0 0 69.0256 127 78 1 0 0 127 0 0 30 127 0 0 0
70 0 0 0 0 127 34 0 53 99 83 0 0 0 0 32 0 0 21 0 40 0 0 127 88 0 0
0 0 0 0 0 0 16 16 0 0 0 0 0 0 127 51 0;
egregore_data 8 1 41 0 0 127 0 0 0 0 0 0 0 0 0 127 38 1 0 68.0512 0
0 0 0 0 0 0 0 80 111 0 0 69.0256 127 78 1 0 0 127 0 0 30 127 0 0 0
70 0 0 0 0 127 34 0 53 99 83 0 0 0 0 32 0 0 21 0 40 0 0 127 88 0 0
0 0 0 0 0 0 16 16 0 0 0 0 0 0 127 51 0;
egregore_data 8 1 41 0 0 127 0 0 0 0 0 0 0 0 0 127 38 1 0 68.0512 0
0 0 0 0 0 0 0 80 111 0 0 69.0256 127 78 1 0 0 127 0 0 30 127 0 0 0
70 0 0 0 0 127 34 0 53 99 83 0 0 0 0 32 0 0 21 0 40 0 0 127 88 0 0
0 0 0 0 0 0 16 16 0 0 0 0 0 0 127 51 0;
egregore_data 8 1 41 0 0 127 0 0 0 0 0 0 0 0 0 127 38 1 0 68.0512 0
0 0 0 0 0 0 0 80 111 0 0 69.0256 127 78 1 0 0 127 0 0 30 127 0 0 0
70 0 0 0 0 127 34 0 53 99 83 0 0 0 0 32 0 0 21 0 40 0 0 127 88 0 0
0 0 0 0 0 0 16 16 0 0 0 0 0 0 127 51 0;
egregore_data 8 1 41 0 0 127 0 0 0 0 0 0 0 0 0 127 38 1 0 68.0512 0
0 0 0 0 0 0 0 80 111 0 0 69.0256 127 78 1 0 0 127 0 0 30 127 0 0 0
70 0 0 0 0 127 34 0 53 99 83 0 0 0 0 32 0 0 21 0 40 0 0 127 88 0 0
0 0 0 0 0 0 16 16 0 0 0 0 0 0 127 51 0;
egregore_data 8 1 41 0 0 127 0 0 0 0 0 0 0 0 0 127 38 1 0 68.0512 0
0 0 0 0 0 0 0 80 111 0 0 69.0256 127 78 1 0 0 127 0 0 30 127 0 0 0
70 0 0 0 0 127 34 0 53 99 83 0 0 0 0 32 0 0 21 0 40 0 0 127 88 0 0
0 0 0 0 0 0 16 16 0 0 0 0 0 0 127 51 0;
egregore_data 8 1 41 0 0 127 0 0 0 0 0 0 0 0 0 127 38 1 0 68.0512 0
0 0 0 0 0 0 0 80 111 0 0 69.0256 127 78 1 0 0 127 0 0 30 127 0 0 0
70 0 0 0 0 127 34 0 53 99 83 0 0 0 0 32 0 0 21 0 40 0 0 127 88 0 0
0 0 0 0 0 0 16 16 0 0 0 0 0 0 127 51 0;
egregore_data 8 1 41 0 0 127 0 0 0 0 0 0 0 0 0 127 38 1 0 68.0512 0
0 0 0 0 0 0 0 80 111 0 0 69.0256 127 78 1 0 0 127 0 0 30 127 0 0 0
70 0 0 0 0 127 34 0 53 99 83 0 0 0 0 32 0 0 21 0 40 0 0 127 88 0 0
0 0 0 0 0 0 16 16 0 0 0 0 0 0 127 51 0;
egregore_data 7 1 41 0 0 127 0 0 0 0 0 0 0 0 0 127 38 1 0 68.0512 0
0 0 0 0 0 0 0 80 111 0 0 69.0256 127 78 1 0 0 127 0 0 30 127 0 0 0
70 0 0 0 0 127 34 0 53 99 83 0 0 0 0 32 0 0 21 0 40 0 0 127 88 0 0
0 0 0 0 0 0 16 16 0 0 0 0 0 0 127 51 0;
egregore_data 7 1 41 0 0 127 0 0 0 0 0 0 0 0 0 127 38 1 0 68.0512 0
0 0 0 0 0 0 0 80 111 0 0 69.0256 127 78 1 0 0 127 0 0 30 127 0 0 0
70 0 0 0 0 127 34 0 53 99 83 0 0 0 0 32 0 0 21 0 40 0 0 127 88 0 0
0 0 0 0 0 0 16 16 0 0 0 0 0 0 127 51 0;
egregore_data 7 1 41 0 0 127 0 0 0 0 0 0 0 0 0 127 38 1 0 68.0512 0
0 0 0 0 0 0 0 80 111 0 0 69.0256 127 78 1 0 0 127 0 0 30 127 0 0 0
70 0 0 0 0 127 34 0 53 99 83 0 0 0 0 32 0 0 21 0 40 0 0 127 88 0 0
0 0 0 0 0 0 16 16 0 0 0 0 0 0 127 51 0;
egregore_data 5 0 41 0 0 127 0 0 0 0 0 0 0 0 0 127 38 1 0 68.0512 0
0 0 0 0 0 0 0 80 111 0 0 69.0256 127 78 1 0 0 127 0 0 30 127 0 0 0
70 0 0 0 0 127 34 0 53 99 83 0 0 0 0 32 0 0 21 0 40 0 0 127 88 0 0
0 0 0 0 0 0 16 16 0 0 0 0 0 0 127 51 0;
egregore_data 5 0 41 0 0 127 0 0 0 0 0 0 0 0 0 127 38 1 0 68.0512 0
0 0 0 0 0 0 0 80 111 0 0 69.0256 127 78 1 0 0 127 0 0 30 127 0 0 0
70 0 0 0 0 127 34 0 53 99 83 0 0 0 0 32 0 0 21 0 40 0 0 127 88 0 0
0 0 0 0 0 0 16 16 0 0 0 0 0 0 127 51 0;
egregore_data 5 0 41 0 0 127 0 0 0 0 0 0 0 0 0 127 38 1 0 68.0512 0
0 0 0 0 0 0 0 80 111 0 0 69.0256 127 78 1 0 0 127 0 0 30 127 0 0 0
70 0 0 0 0 127 34 0 53 99 83 0 0 0 0 32 0 0 21 0 40 0 0 127 88 0 0
0 0 0 0 0 0 16 16 0 0 0 0 0 0 127 51 0;
egregore_data 5 0 41 0 0 127 0 0 0 0 0 0 0 0 0 127 38 1 0 68.0512 0
0 0 0 0 0 0 0 80 111 0 0 69.0256 127 78 1 0 0 127 0 0 30 127 0 0 0
70 0 0 0 0 127 34 0 53 99 83 0 0 0 0 32 0 0 21 0 40 0 0 127 88 0 0
0 0 0 0 0 0 16 16 0 0 0 0 0 0 127 51 0;
egregore_data 5 0 41 0 0 127 0 0 0 0 0 0 0 0 0 127 38 1 0 68.0512 0
0 0 0 0 0 0 0 80 111 0 0 69.0256 127 78 1 0 0 127 0 0 30 127 0 0 0
70 0 0 0 0 127 34 0 53 99 83 0 0 0 0 32 0 0 21 0 40 0 0 127 88 0 0
0 0 0 0 0 0 16 16 0 0 0 0 0 0 127 51 0;
egregore_data 5 0 41 0 0 127 0 0 0 0 0 0 0 0 0 127 38 1 0 68.0512 0
0 0 0 0 0 0 0 80 111 0 0 69.0256 127 78 1 0 0 127 0 0 30 127 0 0 0
70 0 0 0 0 127 34 0 53 99 83 0 0 0 0 32 0 0 21 0 40 0 0 127 88 0 0
0 0 0 0 0 0 16 16 0 0 0 0 0 0 127 51 0;
egregore_data 5 0 41 0 0 127 0 0 0 0 0 0 0 0 0 127 38 1 0 68.0512 0
0 0 0 0 0 0 0 80 111 0 0 69.0256 127 78 1 0 0 127 0 0 30 127 0 0 0
70 0 0 0 0 127 34 0 53 99 83 0 0 0 0 32 0 0 21 0 40 0 0 127 88 0 0
0 0 0 0 0 0 16 16 0 0 0 0 0 0 127 51 0;
egregore_data 4 0 41 0 0 127 0 0 0 0 0 0 0 0 0 127 38 1 0 68.0512 0
0 0 0 0 0 0 0 80 111 0 0 69.0256 127 78 1 0 0 127 0 0 30 127 0 0 0
70 0 0 0 0 127 34 0 53 99 83 0 0 0 0 32 0 0 21 0 40 0 0 127 88 0 0
0 0 0 0 0 0 16 16 0 0 0 0 0 0 127 51 0;
egregore_data 3 0 42 0 0 127 0 0 0 0 0 0 0 0 0 127 38 1 0 68.0512 0
0 0 0 0 0 0 0 80 111 0 0 69.0256 127 78 1 0 0 127 0 0 30 127 0 0 0
70 0 0 0 0 127 34 0 53 99 83 0 0 0 0 32 0 0 21 0 40 0 0 127 88 0 0
0 0 0 0 0 0 16 16 0 0 0 0 0 0 127 51 0;
egregore_data 1 0 43 0 0 127 0 0 0 0 0 0 0 0 0 127 38 1 0 68.0512 0
0 0 0 0 0 0 0 80 111 0 0 69.0256 127 78 1 0 0 127 0 0 30 127 0 0 0
70 0 0 0 0 127 34 0 53 99 83 0 0 0 0 32 0 0 21 0 40 0 0 127 88 0 0
0 0 0 0 0 0 16 16 0 0 0 0 0 0 127 51 0;
egregore_data 1 0 45 0 0 127 0 0 0 0 0 0 0 0 0 127 38 1 0 68.0512 0
0 0 0 0 0 0 0 80 111 0 0 69.0256 127 78 1 0 0 127 0 0 30 127 0 0 0
70 0 0 0 0 127 34 0 53 99 83 0 0 0 0 32 0 0 21 0 40 0 0 127 88 0 0
0 0 0 0 0 0 16 16 0 0 0 0 0 0 127 51 0;
egregore_data 1 0 45 0 0 127 0 0 0 0 0 0 0 0 0 127 38 1 0 68.3858 0
0 0 0 0 0 0 0 80 111 0 0 69.1929 127 78 1 0 0 127 0 0 30 127 0 0 0
70 0 0 0 0 127 34 0 53 99 83 0 0 0 0 32 0 0 21 0 40 0 0 127 88 0 0
0 0 0 0 0 0 16 16 0 0 0 0 0 0 127 51 0;
egregore_data 1 0 45 0 0 127 0 0 0 0 0 0 0 0 0 127 38 1 0 68.3858 0
0 0 0 0 0 0 0 80 111 0 0 69.1929 127 78 1 0 0 127 0 0 30 127 0 0 0
70 0 0 0 0 127 34 0 53 99 83 0 0 0 0 32 0 0 21 0 40 0 0 127 88 0 0
0 0 0 0 0 0 16 16 0 0 0 0 0 0 127 51 0;
egregore_data 1 0 46 0 0 127 0 0 0 0 0 0 0 0 0 127 38 1 0 68.3858 0
0 0 0 0 0 0 0 80 111 0 0 69.1929 127 78 1 0 0 127 0 0 30 127 0 0 0
70 0 0 0 0 127 34 0 53 99 83 0 0 0 0 32 0 0 21 0 40 0 0 127 88 0 0
0 0 0 0 0 0 16 16 0 0 0 0 0 0 127 51 0;
egregore_data 0 0 47 0 0 127 0 0 0 0 0 0 0 0 0 127 38 1 0 68.3858 0
0 0 0 0 0 0 0 80 111 0 0 69.1929 127 78 1 0 0 127 0 0 30 127 0 0 0
70 0 0 0 0 127 34 0 53 99 83 0 0 0 0 32 0 0 21 0 40 0 0 127 88 0 0
0 0 0 0 0 0 16 16 0 0 0 0 0 0 127 51 0;
egregore_data 0 0 47 0 0 127 0 0 0 0 0 0 0 0 0 127 38 1 0 68.7205 0
0 0 0 0 0 0 0 80 111 0 0 69.3602 127 78 1 0 0 127 0 0 30 127 0 0 0
70 0 0 0 0 127 34 0 53 99 83 0 0 0 0 32 0 0 21 0 40 0 0 127 88 0 0
0 0 0 0 0 0 16 16 0 0 0 0 0 0 127 51 0;
egregore_data 0 0 47 0 0 127 0 0 0 0 0 0 0 0 0 127 38 1 0 68.7205 0
0 0 0 0 0 0 0 80 111 0 0 69.3602 127 78 1 0 0 127 0 0 30 127 0 0 0
70 0 0 0 0 127 34 0 53 99 83 0 0 0 0 32 0 0 21 0 40 0 0 127 88 0 0
0 0 0 0 0 0 16 16 0 0 0 0 0 0 127 51 0;
egregore_data 0 0 49 0 0 127 0 0 0 0 0 0 0 0 0 127 38 1 0 68.7205 0
0 0 0 0 0 0 0 80 111 0 0 69.3602 127 78 1 0 0 127 0 0 30 127 0 0 0
70 0 0 0 0 127 34 0 53 99 83 0 0 0 0 32 0 0 21 0 40 0 0 127 88 0 0
0 0 0 0 0 0 16 16 0 0 0 0 0 0 127 51 0;
egregore_data 0 0 51 0 0 127 0 0 0 0 0 0 0 0 0 127 38 1 0 68.7205 0
0 0 0 0 0 0 0 80 111 0 0 69.3602 127 78 1 0 0 127 0 0 30 127 0 0 0
70 0 0 0 0 127 34 0 53 99 83 0 0 0 0 32 0 0 21 0 40 0 0 127 88 0 0
0 0 0 0 0 0 16 16 0 0 0 0 0 0 127 51 0;
egregore_data 0 0 52 0 0 127 0 0 0 0 0 0 0 0 0 127 38 1 0 69.0551 0
0 0 0 0 0 0 0 80 111 0 0 69.5276 127 78 1 0 0 127 0 0 30 127 0 0 0
70 0 0 0 0 127 34 0 53 99 83 0 0 0 0 32 0 0 21 0 40 0 0 127 88 0 0
0 0 0 0 0 0 16 16 0 0 0 0 0 0 127 51 0;
egregore_data 0 0 53 0 0 127 0 0 0 0 0 0 0 0 0 127 38 1 0 69.0551 0
0 0 0 0 0 0 0 80 111 0 0 69.5276 127 78 1 0 0 127 0 0 30 127 0 0 0
70 0 0 0 0 127 34 0 53 99 83 0 0 0 0 32 0 0 21 0 40 0 0 127 88 0 0
0 0 0 0 0 0 16 16 0 0 0 0 0 0 127 51 0;
egregore_data 0 0 55 0 0 127 0 0 0 0 0 0 0 0 0 127 38 1 0 69.0551 0
0 0 0 0 0 0 0 80 111 0 0 69.5276 127 78 1 0 0 127 0 0 30 127 0 0 0
70 0 0 0 0 127 34 0 53 99 83 0 0 0 0 32 0 0 21 0 40 0 0 127 88 0 0
0 0 0 0 0 0 16 16 0 0 0 0 0 0 127 51 0;
egregore_data 0 0 58 0 0 127 0 0 0 0 0 0 0 0 0 127 38 1 0 69.0551 0
0 0 0 0 0 0 0 80 111 0 0 69.5276 127 78 1 0 0 127 0 0 30 127 0 0 0
70 0 0 0 0 127 34 0 53 99 83 0 0 0 0 32 0 0 21 0 40 0 0 127 88 0 0
0 0 0 0 0 0 16 16 0 0 0 0 0 0 127 51 0;
egregore_data 0 0 58 0 0 127 0 0 0 0 0 0 0 0 0 127 38 1 0 69.0551 0
0 0 0 0 0 0 0 80 111 0 0 69.5276 127 78 1 0 0 127 0 0 30 127 0 0 0
70 0 0 0 0 127 34 0 53 99 83 0 0 0 0 32 0 0 21 0 40 0 0 127 88 0 0
0 0 0 0 0 0 16 16 0 0 0 0 0 0 127 51 0;
egregore_data 0 0 60 0 0 127 0 0 0 0 0 0 0 0 0 127 38 1 0 69.0551 0
0 0 0 0 0 0 0 80 111 0 0 69.5276 127 78 1 0 0 127 0 0 30 127 0 0 0
70 0 0 0 0 127 34 0 53 99 83 0 0 0 0 32 0 0 21 0 40 0 0 127 88 0 0
0 0 0 0 0 0 16 16 0 0 0 0 0 0 127 51 0;
egregore_data 0 0 62 0 0 127 0 0 0 0 0 0 0 0 0 127 38 1 0 69.0551 0
0 0 0 0 0 0 0 80 111 0 0 69.5276 127 78 1 0 0 127 0 0 30 127 0 0 0
70 0 0 0 0 127 34 0 53 99 83 0 0 0 0 32 0 0 21 0 40 0 0 127 88 0 0
0 0 0 0 0 0 16 16 0 0 0 0 0 0 127 51 0;
egregore_data 0 0 66 0 0 127 0 0 0 0 0 0 0 0 0 127 38 1 0 69.0551 0
0 0 0 0 0 0 0 80 111 0 0 69.5276 127 78 1 0 0 127 0 0 30 127 0 0 0
70 0 0 0 0 127 34 0 53 99 83 0 0 0 0 32 0 0 21 0 40 0 0 127 88 0 0
0 0 0 0 0 0 16 16 0 0 0 0 0 0 127 51 0;
egregore_data 0 0 70 0 0 127 0 0 0 0 0 0 0 0 0 127 38 1 0 69.0551 0
0 0 0 0 0 0 0 80 111 0 0 69.5276 127 78 1 0 0 127 0 0 30 127 0 0 0
70 0 0 0 0 127 34 0 53 99 83 0 0 0 0 32 0 0 21 0 40 0 0 127 88 0 0
0 0 0 0 0 0 16 16 0 0 0 0 0 0 127 51 0;
egregore_data 0 0 73 0 0 127 0 0 0 0 0 0 0 0 0 127 38 1 0 69.0551 0
0 0 0 0 0 0 0 80 111 0 0 69.5276 127 78 1 0 0 127 0 0 30 127 0 0 0
70 0 0 0 0 127 34 0 53 99 83 0 0 0 0 32 0 0 21 0 40 0 0 127 88 0 0
0 0 0 0 0 0 16 16 0 0 0 0 0 0 127 51 0;
egregore_data 0 0 77 0 0 127 0 0 0 0 0 0 0 0 0 127 38 1 0 69.3898 0
0 0 0 0 0 0 0 80 111 0 0 69.6949 127 78 1 0 0 127 0 0 30 127 0 0 0
70 0 0 0 0 127 34 0 53 99 83 0 0 0 0 32 0 0 21 0 40 0 0 127 88 0 0
0 0 0 0 0 0 16 16 0 0 0 0 0 0 127 51 0;
egregore_data 0 0 79 0 0 127 0 0 0 0 0 0 0 0 0 127 38 1 0 69.7933 0
0.177183 0 0 0 0 0 0 80.1388 111 0 0 70.0295 127 78 1 0 0 127 0 0 30
127 0 0 0 70 0 0 0 0 127 34 0 53 99 83 0 0 0 0 32 0 0 21 0 40 0 0 127
88 0 0 0 0 0 0 0 0 16 16 0 0 0 0 0 0 127 51 0;
egregore_data 0 0 81 0 0 127 0 0 0 0 0 0 0 0 0 127 38 1 0 69.7933 0
0.177183 0 0 0 0 0 0 80.1388 111 0 0 70.0295 127 78 1 0 0 127 0 0 30
127 0 0 0 70 0 0 0 0 127 34 0 53 99 83 0 0 0 0 32 0 0 21 0 40 0 0 127
88 0 0 0 0 0 0 0 0 16 16 0 0 0 0 0 0 127 51 0;
egregore_data 0 0 84 0 0 127 0 0 0 0 0 0 0 0 0 127 38 1 0 68.622 0
1.18112 0 0 0 0 0 0 80.9252 111 0 0 70.1969 127 78 1 0 0 127 0 0 30
127 0 0 0 70 0 0 0 0 127 34 0 53 99 83 0 0 0 0 32 0 0 21 0 40 0 0 127
88 0 0 0 0 0 0 0 0 16 16 0 0 0 0 0 0 127 51 0;
egregore_data 0 0 86 0 0 127 0 0 0 0 0 0 0 0 0 127 38 1 0 68.622 0
1.18112 0 0 0 0 0 0 80.9252 111 0 0 70.1969 127 78 1 0 0 127 0 0 30
127 0 0 0 70 0 0 0 0 127 34 0 53 99 83 0 0 0 0 32 0 0 21 0 40 0 0 127
88 0 0 0 0 0 0 0 0 16 16 0 0 0 0 0 0 127 51 0;
egregore_data 0 0 90 0 0 127 0 0 0 0 0 0 0 0 0 127 38 1 0 68.622 0
1.18112 0 0 0 0 0 0 80.9252 111 0 0 70.1969 127 78 1 0 0 127 0 0 30
127 0 0 0 70 0 0 0 0 127 34 0 53 99 83 0 0 0 0 32 0 0 21 0 40 0 0 127
88 0 0 0 0 0 0 0 0 16 16 0 0 0 0 0 0 127 51 0;
egregore_data 0 0 92 0 0 127 0 0 0 0 0 0 0 0 0 127 38 1 0 68.622 0
1.18112 0 0 0 0 0 0 80.9252 111 0 0 70.1969 127 78 1 0 0 127 0 0 30
127 0 0 0 70 0 0 0 0 127 34 0 53 99 83 0 0 0 0 32 0 0 21 0 40 0 0 127
88 0 0 0 0 0 0 0 0 16 16 0 0 0 0 0 0 127 51 0;
egregore_data 0 0 94 0 0 127 0 0 0 0 0 0 0 0 0 127 38 1 0 68.622 0
1.18112 0 0 0 0 0 0 80.9252 111 0 0 70.1969 127 78 1 0 0 127 0 0 30
127 0 0 0 70 0 0 0 0 127 34 0 53 99 83 0 0 0 0 32 0 0 21 0 40 0 0 127
88 0 0 0 0 0 0 0 0 16 16 0 0 0 0 0 0 127 51 0;
egregore_data 0 0 96 0 0 127 0 0 0 0 0 0 0 0 0 127 38 1 0 68.622 0
1.18112 0 0 0 0 0 0 80.9252 111 0 0 70.1969 127 78 1 0 0 127 0 0 30
127 0 0 0 70 0 0 0 0 127 34 0 53 99 83 0 0 0 0 32 0 0 21 0 40 0 0 127
88 0 0 0 0 0 0 0 0 16 16 0 0 0 0 0 0 127 51 0;
egregore_data 0 0 96 0 0 127 0 0 0 0 0 0 0 0 0 127 38 1 0 68.622 0
1.18112 0 0 0 0 0 0 80.9252 111 0 0 70.1969 127 78 1 0 0 127 0 0 30
127 0 0 0 70 0 0 0 0 127 34 0 53 99 83 0 0 0 0 32 0 0 21 0 40 0 0 127
88 0 0 0 0 0 0 0 0 16 16 0 0 0 0 0 0 127 51 0;
egregore_data 0 0 96 0 0 127 0 0 0 0 0 0 0 0 0 127 38 1 0 68.622 0
1.18112 0 0 0 0 0 0 80.9252 111 0 0 70.1969 127 78 1 0 0 127 0 0 30
127 0 0 0 70 0 0 0 0 127 34 0 53 99 83 0 0 0 0 32 0 0 21 0 40 0 0 127
88 0 0 0 0 0 0 0 0 16 16 0 0 0 0 0 0 127 51 0;
egregore_data 0 0 97 0 0 127 0 0 0 0 0 0 0 0 0 127 38 1 0 68.622 0
1.18112 0 0 0 0 0 0 80.9252 111 0 0 70.1969 127 78 1 0 0 127 0 0 30
127 0 0 0 70 0 0 0 0 127 34 0 53 99 83 0 0 0 0 32 0 0 21 0 40 0 0 127
88 0 0 0 0 0 0 0 0 16 16 0 0 0 0 0 0 127 51 0;
egregore_data 0 0 97 0 0 127 0 0 0 0 0 0 0 0 0 127 38 1 0 67.4508 0
2.18505 0 0 0 0 0 0 81.7116 111 0 0 70.3642 127 78 1 0 0 127 0 0 30
127 0 0 0 70 0 0 0 0 127 34 0 53 99 83 0 0 0 0 32 0 0 21 0 40 0 0 127
88 0 0 0 0 0 0 0 0 16 16 0 0 0 0 0 0 127 51 0;
egregore_data 0 0 98 0 0 127 0 0 0 0 0 0 0 0 0 127 38 1 0 67.4508 0
2.18505 0 0 0 0 0 0 81.7116 111 0 0 70.3642 127 78 1 0 0 127 0 0 30
127 0 0 0 70 0 0 0 0 127 34 0 53 99 83 0 0 0 0 32 0 0 21 0 40 0 0 127
88 0 0 0 0 0 0 0 0 16 16 0 0 0 0 0 0 127 51 0;
egregore_data 0 0 98 0 0 127 0 0 0 0 0 0 0 0 0 127 38 1 0 67.4508 0
2.18505 0 0 0 0 0 0 81.7116 111 0 0 70.3642 127 78 1 0 0 127 0 0 30
127 0 0 0 70 0 0 0 0 127 34 0 53 99 83 0 0 0 0 32 0 0 21 0 40 0 0 127
88 0 0 0 0 0 0 0 0 16 16 0 0 0 0 0 0 127 51 0;
egregore_data 0 0 98 0 0 127 0 0 0 0 0 0 0 0 0 127 38 1 0 67.4508 0
2.18505 0 0 0 0 0 0 81.7116 111 0 0 70.3642 127 78 1 0 0 127 0 0 30
127 0 0 0 70 0 0 0 0 127 34 0 53 99 83 0 0 0 0 32 0 0 21 0 40 0 0 127
88 0 0 0 0 0 0 0 0 16 16 0 0 0 0 0 0 127 51 0;
egregore_data 0 0 100 0 0 127 0 0 0 0 0 0 0 0 0 127 38 1 0 67.4508
0 2.18505 0 0 0 0 0 0 81.7116 111 0 0 70.3642 127 78 1 0 0 127 0 0
30 127 0 0 0 70 0 0 0 0 127 34 0 53 99 83 0 0 0 0 32 0 0 21 0 40 0
0 127 88 0 0 0 0 0 0 0 0 16 16 0 0 0 0 0 0 127 51 0;
egregore_data 0 0 100 0 0 127 0 0 0 0 0 0 0 0 0 127 38 1 0 67.4508
0 2.18505 0 0 0 0 0 0 81.7116 111 0 0 70.3642 127 78 1 0 0 127 0 0
30 127 0 0 0 70 0 0 0 0 127 34 0 53 99 83 0 0 0 0 32 0 0 21 0 40 0
0 127 88 0 0 0 0 0 0 0 0 16 16 0 0 0 0 0 0 127 51 0;
egregore_data 0 0 102 0 0 127 0 0 0 0 0 0 0 0 0 127 38 1 0 67.4508
0 2.18505 0 0 0 0 0 0 81.7116 111 0 0 70.3642 127 78 1 0 0 127 0 0
30 127 0 0 0 70 0 0 0 0 127 34 0 53 99 83 0 0 0 0 32 0 0 21 0 40 0
0 127 88 0 0 0 0 0 0 0 0 16 16 0 0 0 0 0 0 127 51 0;
egregore_data 0 0 103 0 0 127 0 0 0 0 0 0 0 0 0 127 38 1 0 67.4508
0 2.18505 0 0 0 0 0 0 81.7116 111 0 0 70.3642 127 78 1 0 0 127 0 0
30 127 0 0 0 70 0 0 0 0 127 34 0 53 99 83 0 0 0 0 32 0 0 21 0 40 0
0 127 88 0 0 0 0 0 0 0 0 16 16 0 0 0 0 0 0 127 51 0;
egregore_data 0 0 103 0 0 127 0 0 0 0 0 0 0 0 0 127 38 1 0 67.4508
0 2.18505 0 0 0 0 0 0 81.7116 111 0 0 70.3642 127 78 1 0 0 127 0 0
30 127 0 0 0 70 0 0 0 0 127 34 0 53 99 83 0 0 0 0 32 0 0 21 0 40 0
0 127 88 0 0 0 0 0 0 0 0 16 16 0 0 0 0 0 0 127 51 0;
egregore_data 0 0 103 0 0 127 0 0 0 0 0 0 0 0 0 127 38 1 0 67.4508
0 2.18505 0 0 0 0 0 0 81.7116 111 0 0 70.3642 127 78 1 0 0 127 0 0
30 127 0 0 0 70 0 0 0 0 127 34 0 53 99 83 0 0 0 0 32 0 0 21 0 40 0
0 127 88 0 0 0 0 0 0 0 0 16 16 0 0 0 0 0 0 127 51 0;
egregore_data 0 0 104 0 0 127 0 0 0 0 0 0 0 0 0 127 38 1 0 67.4508
0 2.18505 0 0 0 0 0 0 81.7116 111 0 0 70.3642 127 78 1 0 0 127 0 0
30 127 0 0 0 70 0 0 0 0 127 34 0 53 99 83 0 0 0 0 32 0 0 21 0 40 0
0 127 88 0 0 0 0 0 0 0 0 16 16 0 0 0 0 0 0 127 51 0;
egregore_data 0 0 106 0 0 127 0 0 0 0 0 0 0 0 0 127 38 1 0 67.4508
0 2.18505 0 0 0 0 0 0 81.7116 111 0 0 70.3642 127 78 1 0 0 127 0 0
30 127 0 0 0 70 0 0 0 0 127 34 0 53 99 83 0 0 0 0 32 0 0 21 0 40 0
0 127 88 0 0 0 0 0 0 0 0 16 16 0 0 0 0 0 0 127 51 0;
egregore_data 0 0 108 0 0 127 0 0 0 0 0 0 0 0 0 127 38 1 0 67.4508
0 2.18505 0 0 0 0 0 0 81.7116 111 0 0 70.3642 127 78 1 0 0 127 0 0
30 127 0 0 0 70 0 0 0 0 127 34 0 53 99 83 0 0 0 0 32 0 0 21 0 40 0
0 127 88 0 0 0 0 0 0 0 0 16 16 0 0 0 0 0 0 127 51 0;
egregore_data 0 0 109 0 0 127 0 0 0 0 0 0 0 0 0 127 38 1 0 66.2795
0 3.18898 0 0 0 0 0 0 82.498 111 0 0 70.5315 127 78 1 0 0 127 0 0 30
127 0 0 0 70 0 0 0 0 127 34 0 53 99 83 0 0 0 0 32 0 0 21 0 40 0 0 127
88 0 0 0 0 0 0 0 0 16 16 0 0 0 0 0 0 127 51 0;
egregore_data 0 0 110 0 0 127 0 0 0 0 0 0 0 0 0 127 38 1 0 65.1083
0 4.19291 0 0 0 0 0 0 83.2845 111 0 0 70.6988 127 78 1 0 0 127 0 0
30 127 0 0 0 70 0 0 0 0 127 34 0 53 99 83 0 0 0 0 32 0 0 21 0 40 0
0 127 88 0 0 0 0 0 0 0 0 16 16 0 0 0 0 0 0 127 51 0;
egregore_data 0 0 112 0 0 127 0 0 0 0 0 0 0 0 0 127 38 1 0 65.1083
0 4.19291 0 0 0 0 0 0 83.2845 111 0 0 70.6988 127 78 1 0 0 127 0 0
30 127 0 0 0 70 0 0 0 0 127 34 0 53 99 83 0 0 0 0 32 0 0 21 0 40 0
0 127 88 0 0 0 0 0 0 0 0 16 16 0 0 0 0 0 0 127 51 0;
egregore_data 0 0 113 0 0 127 0 0 0 0 0 0 0 0 0 127 38 1 0 65.1083
0 4.19291 0 0 0 0 0 0 83.2845 111 0 0 70.6988 127 78 1 0 0 127 0 0
30 127 0 0 0 70 0 0 0 0 127 34 0 53 99 83 0 0 0 0 32 0 0 21 0 40 0
0 127 88 0 0 0 0 0 0 0 0 16 16 0 0 0 0 0 0 127 51 0;
egregore_data 0 0 115 0 0 127 0 0 0 0 0 0 0 0 0 127 38 1 0 65.1083
0 4.19291 0 0 0 0 0 0 83.2845 111 0 0 70.6988 127 78 1 0 0 127 0 0
30 127 0 0 0 70 0 0 0 0 127 34 0 53 99 83 0 0 0 0 32 0 0 21 0 40 0
0 127 88 0 0 0 0 0 0 0 0 16 16 0 0 0 0 0 0 127 51 0;
egregore_data 0 0 116 0 0 127 0 0 0 0 0 0 0 0 0 127 38 1 0 65.1083
0 4.19291 0 0 0 0 0 0 83.2845 111 0 0 70.6988 127 78 1 0 0 127 0 0
30 127 0 0 0 70 0 0 0 0 127 34 0 53 99 83 0 0 0 0 32 0 0 21 0 40 0
0 127 88 0 0 0 0 0 0 0 0 16 16 0 0 0 0 0 0 127 51 0;
egregore_data 0 0 117 0 0 127 0 0 0 0 0 0 0 0 0 127 38 1 0 65.1083
0 4.19291 0 0 0 0 0 0 83.2845 111 0 0 70.6988 127 78 1 0 0 127 0 0
30 127 0 0 0 70 0 0 0 0 127 34 0 53 99 83 0 0 0 0 32 0 0 21 0 40 0
0 127 88 0 0 0 0 0 0 0 0 16 16 0 0 0 0 0 0 127 51 0;
egregore_data 0 0 121 0 0 127 0 0 0 0 0 0 0 0 0 127 38 1 0 65.1083
0 4.19291 0 0 0 0 0 0 83.2845 111 0 0 70.6988 127 78 1 0 0 127 0 0
30 127 0 0 0 70 0 0 0 0 127 34 0 53 99 83 0 0 0 0 32 0 0 21 0 40 0
0 127 88 0 0 0 0 0 0 0 0 16 16 0 0 0 0 0 0 127 51 0;
egregore_data 0 0 122 0 0 127 0 0 0 0 0 0 0 0 0 127 38 1 0 65.1083
0 4.19291 0 0 0 0 0 0 83.2845 111 0 0 70.6988 127 78 1 0 0 127 0 0
30 127 0 0 0 70 0 0 0 0 127 34 0 53 99 83 0 0 0 0 32 0 0 21 0 40 0
0 127 88 0 0 0 0 0 0 0 0 16 16 0 0 0 0 0 0 127 51 0;
egregore_data 0 0 122 0 0 127 0 0 0 0 0 0 0 0 0 127 38 1 0 65.1083
0 4.19291 0 0 0 0 0 0 83.2845 111 0 0 70.6988 127 78 1 0 0 127 0 0
30 127 0 0 0 70 0 0 0 0 127 34 0 53 99 83 0 0 0 0 32 0 0 21 0 40 0
0 127 88 0 0 0 0 0 0 0 0 16 16 0 0 0 0 0 0 127 51 0;
egregore_data 0 0 122 0 0 127 0 0 0 0 0 0 0 0 0 127 38 1 0 65.1083
0 4.19291 0 0 0 0 0 0 83.2845 111 0 0 70.6988 127 78 1 0 0 127 0 0
30 127 0 0 0 70 0 0 0 0 127 34 0 53 99 83 0 0 0 0 32 0 0 21 0 40 0
0 127 88 0 0 0 0 0 0 0 0 16 16 0 0 0 0 0 0 127 51 0;
egregore_data 0 0 123 0 0 127 0 0 0 0 0 0 0 0 0 127 38 1 0 65.1083
0 4.19291 0 0 0 0 0 0 83.2845 111 0 0 70.6988 127 78 1 0 0 127 0 0
30 127 0 0 0 70 0 0 0 0 127 34 0 53 99 83 0 0 0 0 32 0 0 21 0 40 0
0 127 88 0 0 0 0 0 0 0 0 16 16 0 0 0 0 0 0 127 51 0;
egregore_data 0 0 124 0 0 127 0 0 0 0 0 0 0 0 0 127 38 1 0 65.1083
0 4.19291 0 0 0 0 0 0 83.2845 111 0 0 70.6988 127 78 1 0 0 127 0 0
30 127 0 0 0 70 0 0 0 0 127 34 0 53 99 83 0 0 0 0 32 0 0 21 0 40 0
0 127 88 0 0 0 0 0 0 0 0 16 16 0 0 0 0 0 0 127 51 0;
egregore_data 0 0 125 0 0 127 0 0 0 0 0 0 0 0 0 127 38 1 0 65.1083
0 4.19291 0 0 0 0 0 0 83.2845 111 0 0 70.6988 127 78 1 0 0 127 0 0
30 127 0 0 0 70 0 0 0 0 127 34 0 53 99 83 0 0 0 0 32 0 0 21 0 40 0
0 127 88 0 0 0 0 0 0 0 0 16 16 0 0 0 0 0 0 127 51 0;
egregore_data 0 0 127 0 0 127 0 0 0 0 0 0 0 0 0 127 38 1 0 65.1083
0 4.19291 0 0 0 0 0 0 83.2845 111 0 0 70.6988 127 78 1 0 0 127 0 0
30 127 0 0 0 70 0 0 0 0 127 34 0 53 99 83 0 0 0 0 32 0 0 21 0 40 0
0 127 88 0 0 0 0 0 0 0 0 16 16 0 0 0 0 0 0 127 51 0;
egregore_data 0 0 127 0 0 127 0 0 0 0 0 0 0 0 0 127 38 1 0 65.1083
0 4.19291 0 0 0 0 0 0 83.2845 111 0 0 70.6988 127 78 1 0 0 127 0 0
30 127 0 0 0 70 0 0 0 0 127 34 0 53 99 83 0 0 0 0 32 0 0 21 0 40 0
0 127 88 0 0 0 0 0 0 0 0 16 16 0 0 0 0 0 0 127 51 0;
egregore_data 0 0 127 0 0 127 0 0 0 0 0 0 0 0 0 127 38 1 0 65.1083
0 4.19291 0 0 0 0 0 0 83.2845 111 0 0 70.6988 127 78 1 0 0 127 0 0
30 127 0 0 0 70 0 0 0 0 127 34 0 53 99 83 0 0 0 0 32 0 0 21 0 40 0
0 127 88 0 0 0 0 0 0 0 0 16 16 0 0 0 0 0 0 127 51 0;
egregore_data 0 0 127 0 0 127 0 0 0 0 0 0 0 0 0 127 38 1 0 65.1083
0 4.19291 0 0 0 0 0 0 83.2845 111 0 0 70.6988 127 78 1 0 0 127 0 0
30 127 0 0 0 70 0 0 0 0 127 34 0 53 99 83 0 0 0 0 32 0 0 21 0 40 0
0 127 88 0 0 0 0 0 0 0 0 16 16 0 0 0 0 0 0 127 51 0;
egregore_data 0 0 127 0 0 127 0 0 0 0 0 0 0 0 0 127 38 1 0 65.1083
0 4.19291 0 0 0 0 0 0 83.2845 111 0 0 70.6988 127 78 1 0 0 127 0 0
30 127 0 0 0 70 0 0 0 0 127 34 0 53 99 83 0 0 0 0 32 0 0 21 0 40 0
0 127 88 0 0 0 0 0 0 0 0 16 16 0 0 0 0 0 0 127 51 0;
egregore_data 0 0 127 0 0 127 0 0 0 0 0 0 0 0 0 127 38 1 0 65.1083
0 4.19291 0 0 0 0 0 0 83.2845 111 0 0 70.6988 127 78 1 0 0 127 0 0
30 127 0 0 0 70 0 0 0 0 127 34 0 53 99 83 0 0 0 0 32 0 0 21 0 40 0
0 127 88 0 0 0 0 0 0 0 0 16 16 0 0 0 0 0 0 127 51 0;
egregore_data 0 0 127 0 0 127 0 0 0 0 0 0 0 0 0 127 38 1 0 65.1083
0 4.19291 0 0 0 0 0 0 83.2845 111 0 0 70.6988 127 78 1 0 0 127 0 0
30 127 0 0 0 70 0 0 0 0 127 34 0 53 99 83 0 0 0 0 32 0 0 21 0 40 0
0 127 88 0 0 0 0 0 0 0 0 16 16 0 0 0 0 0 0 127 51 0;
egregore_data 0 0 127 0 0 127 0 0 0 0 0 0 0 0 0 127 38 1 0 65.1083
0 4.19291 0 0 0 0 0 0 83.2845 111 0 0 70.6988 127 78 1 0 0 127 0 0
30 127 0 0 0 70 0 0 0 0 127 34 0 53 99 83 0 0 0 0 32 0 0 21 0 40 0
0 127 88 0 0 0 0 0 0 0 0 16 16 0 0 0 0 0 0 127 51 0;
egregore_data 0 0 127 0 0 127 0 0 0 0 0 0 0 0 0 127 38 1 0 65.1083
0 4.19291 0 0 0 0 0 0 83.2845 111 0 0 70.6988 127 78 1 0 0 127 0 0
30 127 0 0 0 70 0 0 0 0 127 34 0 53 99 83 0 0 0 0 32 0 0 21 0 40 0
0 127 88 0 0 0 0 0 0 0 0 16 16 0 0 0 0 0 0 127 51 0;
egregore_data 0 0 127 0 0 127 0 0 0 0 0 0 0 0 0 127 38 1 0 65.1083
0 4.19291 0 0 0 0 0 0 83.2845 111 0 0 70.6988 127 78 1 0 0 127 0 0
30 127 0 0 0 70 0 0 0 0 127 34 0 53 99 83 0 0 0 0 32 0 0 21 0 40 0
0 127 88 0 0 0 0 0 0 0 0 16 16 0 0 0 0 0 0 127 51 0;
egregore_data 0 0 127 0 0 127 0 0 0 0 0 0 0 0 0 127 38 1 0 65.1083
0 4.19291 0 0 0 0 0 0 83.2845 111 0 0 70.6988 127 78 1 0 0 127 0 0
30 127 0 0 0 70 0 0 0 0 127 34 0 53 99 83 0 0 0 0 32 0 0 21 0 40 0
0 127 88 0 0 0 0 0 0 0 0 16 16 0 0 0 0 0 0 127 51 0;
egregore_data 0 0 127 0 0 127 0 0 0 0 0 0 0 0 0 127 38 1 0 65.1083
0 4.19291 0 0 0 0 0 0 83.2845 111 0 0 70.6988 127 78 1 0 0 127 0 0
30 127 0 0 0 70 0 0 0 0 127 34 0 53 99 83 0 0 0 0 32 0 0 21 0 40 0
0 127 88 0 0 0 0 0 0 0 0 16 16 0 0 0 0 0 0 127 51 0;
egregore_data 0 0 127 0 0 127 0 0 0 0 0 0 0 0 0 127 38 1 0 65.1083
0 4.19291 0 0 0 0 0 0 83.2845 111 0 0 70.6988 127 78 1 0 0 127 0 0
30 127 0 0 0 70 0 0 0 0 127 34 0 53 99 83 0 0 0 0 32 0 0 21 0 40 0
0 127 88 0 0 0 0 0 0 0 0 16 16 0 0 0 0 0 0 127 51 0;
egregore_data 0 0 127 0 0 127 0 0 0 0 0 0 0 0 0 127 38 1 0 65.1083
0 4.19291 0 0 0 0 0 0 83.2845 111 0 0 70.6988 127 78 1 0 0 127 0 0
30 127 0 0 0 70 0 0 0 0 127 34 0 53 99 83 0 0 0 0 32 0 0 21 0 40 0
0 127 88 0 0 0 0 0 0 0 0 16 16 0 0 0 0 0 0 127 51 0;
egregore_data 0 0 127 0 0 127 0 0 0 0 0 0 0 0 0 127 38 1 0 65.1083
0 4.19291 0 0 0 0 0 0 83.2845 111 0 0 70.6988 127 78 1 0 0 127 0 0
30 127 0 0 0 70 0 0 0 0 127 34 0 53 99 83 0 0 0 0 32 0 0 21 0 40 0
0 127 88 0 0 0 0 0 0 0 0 16 16 0 0 0 0 0 0 127 51 0;
egregore_data 0 0 127 0 0 127 0 0 0 0 0 0 0 0 0 127 38 1 0 65.1083
0 4.19291 0 0 0 0 0 0 83.2845 111 0 0 70.6988 127 78 1 0 0 127 0 0
30 127 0 0 0 70 0 0 0 0 127 34 0 53 99 83 0 0 0 0 32 0 0 21 0 40 0
0 127 88 0 0 0 0 0 0 0 0 16 16 0 0 0 0 0 0 127 51 0;
egregore_data 0 0 127 0 0 127 0 0 0 0 0 0 0 0 0 127 38 1 0 65.1083
0 4.19291 0 0 0 0 0 0 83.2845 111 0 0 70.6988 127 78 1 0 0 127 0 0
30 127 0 0 0 70 0 0 0 0 127 34 0 53 99 83 0 0 0 0 32 0 0 21 0 40 0
0 127 88 0 0 0 0 0 0 0 0 16 16 0 0 0 0 0 0 127 51 0;
egregore_data 0 0 127 0 0 127 0 0 0 0 0 0 0 0 0 127 38 1 0 62.7658
0 6.20078 0 0 0 0 0 0 84.8573 111 0 0 71.0335 127 78 1 0 0 127 0 0
30 127 0 0 0 70 0 0 0 0 127 34 0 53 99 83 0 0 0 0 32 0 0 21 0 40 0
0 127 88 0 0 0 0 0 0 0 0 16 16 0 0 0 0 0 0 127 51 0;
egregore_data 0 0 127 0 0 127 0 0 0 0 0 0 0 0 0 127 38 1 0 62.7658
0 6.20078 0 0 0 0 0 0 84.8573 111 0 0 71.0335 127 78 1 0 0 127 0 0
30 127 0 0 0 70 0 0 0 0 127 34 0 53 99 83 0 0 0 0 32 0 0 21 0 40 0
0 127 88 0 0 0 0 0 0 0 0 16 16 0 0 0 0 0 0 127 51 0;
END;
