HTTP/1.1 200 OK
Date: Thu, 28 May 2015 12:25:52 GMT
Server: Apache
Last-Modified: Wed, 27 May 2015 19:37:22 GMT
Accept-Ranges: bytes
Content-Length: 29827
Vary: Accept-Encoding
Connection: close
Content-Type: text/plain

chdh_egregore_live_data;
egregore_data 0 0 127 0 0 127 0 0 0 0 0 0 0 0 0 127 38 0 127 0 0 0
0 0 0 0 0 0 0 100 0 0 127 127 78 0 93 90 127 0 19 127 127 0 0 0 70
0 0 0 127 127 34 0 124.274 34.8074 20 0 85.6074 39.2222 0 93.502 0
62.5778 56.4444 10 5.64444 43.2741 0 127 43.9337 1 56 27 0 0 0 21 37
16 16 0 0 0 0 0 0 127 51 1;
egregore_data 0 0 127 0 0 127 0 0 0 0 0 0 0 0 0 127 38 0 127 0 0 0
0 0 0 0 0 0 0 100 0 0 127 127 78 0 93 90 127 0 19 127 127 0 0 0 70
0 0 0 127 127 34 0 124.274 34.8074 20 0 85.6074 39.2222 0 93.502 0
62.5778 56.4444 10 5.64444 43.2741 0 127 43.9337 1 56 27 0 0 0 21 37
16 16 0 0 0 0 0 0 127 51 1;
egregore_data 0 0 127 0 0 127 0 0 0 0 0 0 0 0 0 127 38 0 127 0 0 0
0 0 0 0 0 0 0 100 0 0 127 127 78 0 93 90 127 0 19 127 127 0 0 0 70
0 0 0 127 127 34 0 124.274 34.8074 20 0 85.6074 39.2222 0 93.502 0
62.5778 56.4444 10 5.64444 43.2741 0 127 43.9337 1 56 27 0 0 0 21 37
16 16 0 0 0 0 0 0 127 51 1;
egregore_data 0 0 127 0 0 127 0 0 0 0 0 0 0 0 0 127 38 0 127 0 0 0
0 0 0 0 0 0 0 100 0 0 127 127 78 0 93 90 127 0 19 127 127 0 0 0 70
0 0 0 127 127 34 0 124.274 34.8074 20 0 85.6074 39.2222 0 93.502 0
62.5778 56.4444 10 5.64444 43.2741 0 127 43.9337 1 56 27 0 0 0 21 37
16 16 0 0 0 0 0 0 127 51 1;
egregore_data 0 0 127 0 0 127 0 0 0 0 0 0 0 0 0 127 38 0 127 0 0 0
0 0 0 0 0 0 0 100 0 0 127 127 78 0 93 90 127 0 19 127 127 0 0 0 70
0 0 0 127 127 34 0 124.274 34.8074 20 0 85.6074 39.2222 0 93.502 0
62.5778 56.4444 10 5.64444 43.2741 0 127 43.9337 1 56 27 0 0 0 21 37
16 16 0 0 0 0 0 0 127 51 1;
egregore_data 0 0 127 0 0 127 0 0 0 0 0 0 0 0 0 127 38 0 127 0 0 0
0 0 0 0 0 0 0 100 0 0 127 127 78 0 93 90 127 0 19 127 127 0 0 0 70
0 0 0 127 127 34 0 124.274 34.8074 20 0 85.6074 39.2222 0 93.502 0
62.5778 56.4444 10 5.64444 43.2741 0 127 43.9337 1 56 27 0 0 0 21 37
16 16 0 0 0 0 0 0 127 51 1;
egregore_data 0 0 127 0 0 127 0 0 0 0 0 0 0 0 0 127 38 0 127 0 0 0
0 0 0 0 0 0 0 100 0 0 127 127 78 0 93 90 127 0 19 127 127 0 0 0 70
0 0 0 127 127 34 0 124.274 34.8074 20 0 85.6074 39.2222 0 93.502 0
62.5778 56.4444 10 5.64444 43.2741 0 127 43.9337 1 56 27 0 0 0 21 37
16 16 0 0 0 0 0 0 127 51 1;
egregore_data 0 0 127 0 0 127 0 0 0 0 0 0 0 0 0 127 38 0 127 0 0 0
0 0 0 0 0 0 0 100 0 0 127 127 78 0 93 90 127 0 19 127 127 0 0 0 70
0 0 0 127 127 34 0 124.274 34.8074 20 0 85.6074 39.2222 0 93.502 0
62.5778 56.4444 10 5.64444 43.2741 0 127 43.9337 1 56 27 0 0 0 21 37
16 16 0 0 0 0 0 0 127 51 1;
egregore_data 0 0 127 0 0 127 0 0 0 0 0 0 0 0 0 127 38 0 127 0 0 0
0 0 0 0 0 0 0 100 0 0 127 127 78 0 93 90 127 0 19 127 127 0 0 0 70
0 0 0 127 127 34 0 124.274 34.8074 20 0 85.6074 39.2222 0 93.502 0
62.5778 56.4444 10 5.64444 43.2741 0 127 43.9337 1 56 27 0 0 0 21 37
16 16 0 0 0 0 0 0 127 51 1;
egregore_data 0 0 127 0 0 127 0 0 0 0 0 0 0 0 0 127 38 0 127 0 0 0
0 0 0 0 0 0 0 100 0 0 127 127 78 0 93 90 127 0 19 127 127 0 0 0 70
0 0 0 127 127 34 0 124.274 34.8074 20 0 85.6074 39.2222 0 93.502 0
62.5778 56.4444 10 5.64444 43.2741 0 127 43.9337 1 56 27 0 0 0 21 37
16 16 0 0 0 0 0 0 127 51 1;
egregore_data 0 0 127 0 0 127 0 0 0 0 0 0 0 0 0 127 38 0 127 0 0 0
0 0 0 0 0 0 0 100 0 0 127 127 78 0 93 90 127 0 19 127 127 0 0 0 70
0 0 0 127 127 34 0 124.274 34.8074 20 0 85.6074 39.2222 0 93.502 0
62.5778 56.4444 10 5.64444 43.2741 0 127 43.9337 1 56 27 0 0 0 21 36
16 16 0 0 0 0 0 0 127 51 1;
egregore_data 0 0 127 0 0 127 0 0 0 0 0 0 0 0 0 127 38 0 127 0 0 0
0 0 0 0 0 0 0 100 0 0 127 127 78 0 93 90 127 0 19 127 127 0 0 0 70
0 0 0 127 127 34 0 124.274 34.8074 20 0 85.6074 39.2222 0 93.502 0
62.5778 56.4444 10 5.64444 43.2741 0 127 43.9337 1 56 27 0 0 0 21 36
16 16 0 0 0 0 0 0 127 51 1;
egregore_data 0 0 127 0 0 127 0 0 0 0 0 0 0 0 0 127 38 0 127 0 0 0
0 0 0 0 0 0 0 100 0 0 127 127 78 0 93 90 127 0 19 127 127 0 0 0 70
0 0 0 127 127 34 0 124.274 34.8074 20 0 85.6074 39.2222 0 93.502 0
62.5778 56.4444 10 5.64444 43.2741 0 127 43.9337 1 56 27 0 0 0 21 36
16 16 0 0 0 0 0 0 127 51 1;
egregore_data 0 0 127 0 0 127 0 0 0 0 0 0 0 0 0 127 38 0 127 0 0 0
0 0 0 0 0 0 0 100 0 0 127 127 78 0 93 90 127 0 19 127 127 0 0 0 70
0 0 0 127 127 34 0 124.274 34.8074 20 0 85.6074 39.2222 0 93.502 0
62.5778 56.4444 10 5.64444 43.2741 0 127 43.9337 1 56 27 0 0 0 21 36
16 16 0 0 0 0 0 0 127 51 1;
egregore_data 0 0 127 0 0 127 0 0 0 0 0 0 0 0 0 127 38 0 127 0 0 0
0 0 0 0 0 0 0 100 0 0 127 127 78 0 93 90 127 0 19 127 127 0 0 0 70
0 0 0 127 127 34 0 124.274 34.8074 20 0 85.6074 39.2222 0 93.502 0
62.5778 56.4444 10 5.64444 43.2741 0 127 43.9337 1 56 27 0 0 0 21 36
16 16 0 0 0 0 0 0 127 51 1;
egregore_data 0 0 127 0 0 127 0 0 0 0 0 0 0 0 0 127 38 0 127 0 0 0
0 0 0 0 0 0 0 100 0 0 127 127 78 0 93 90 127 0 19 127 127 0 0 0 70
0 0 0 127 127 34 0 124.274 34.8074 20 0 85.6074 39.2222 0 93.502 0
62.5778 56.4444 10 5.64444 43.2741 0 127 43.9337 1 56 27 0 0 0 21 36
16 16 0 0 0 0 0 0 127 51 1;
egregore_data 0 0 127 0 0 127 0 0 0 0 0 0 0 0 0 127 38 0 127 0 0 0
0 0 0 0 0 0 0 100 0 0 127 127 78 0 93 90 127 0 19 127 127 0 0 0 70
0 0 0 127 127 34 0 124.274 34.8074 20 0 85.6074 39.2222 0 93.502 0
62.5778 56.4444 10 5.64444 43.2741 0 127 43.9337 1 56 27 0 0 0 21 36
16 16 0 0 0 0 0 0 127 51 1;
egregore_data 0 0 127 0 0 127 0 0 0 0 0 0 0 0 0 127 38 0 127 0 0 0
0 0 0 0 0 0 0 100 0 0 127 127 78 0 93 90 127 0 19 127 127 0 0 0 70
0 0 0 127 127 34 0 124.274 34.8074 20 0 85.6074 39.2222 0 93.502 0
62.5778 56.4444 10 5.64444 43.2741 0 127 43.9337 1 56 27 0 0 0 21 36
16 16 0 0 0 0 0 0 127 51 1;
egregore_data 0 0 127 0 0 127 0 0 0 0 0 0 0 0 0 127 38 0 127 0 0 0
0 0 0 0 0 0 0 100 0 0 127 127 78 0 93 90 127 0 19 127 127 0 0 0 70
0 0 0 127 127 34 0 124.274 34.8074 20 0 85.6074 39.2222 0 93.502 0
62.5778 56.4444 10 5.64444 43.2741 0 127 43.9337 1 56 27 0 0 0 22 36
16 16 0 0 0 0 0 0 127 51 1;
egregore_data 0 0 127 0 0 127 0 0 0 0 0 0 0 0 0 127 38 0 127 0 0 0
0 0 0 0 0 0 0 100 0 0 127 127 78 0 93 90 127 0 19 127 127 0 0 0 70
0 0 0 127 127 34 0 124.274 34.8074 20 0 85.6074 39.2222 0 93.502 0
62.5778 56.4444 10 5.64444 43.2741 0 127 43.9337 1 56 27 0 0 0 22 36
16 16 0 0 0 0 0 0 127 51 1;
egregore_data 0 0 127 0 0 127 0 0 0 0 0 0 0 0 0 127 38 0 127 0 0 0
0 0 0 0 0 0 0 100 0 0 127 127 78 0 93 90 127 0 19 127 127 0 0 0 70
0 0 0 127 127 34 0 124.274 34.8074 20 0 85.6074 39.2222 0 93.502 0
62.5778 56.4444 10 5.64444 43.2741 0 127 43.9337 1 56 27 0 0 0 22 35
16 16 0 0 0 0 0 0 127 51 1;
egregore_data 0 0 127 0 0 127 0 0 0 0 0 0 0 0 0 127 38 0 127 0 0 0
0 0 0 0 0 0 0 100 0 0 127 127 78 0 93 90 127 0 19 127 127 0 0 0 70
0 0 0 127 127 34 0 124.274 34.8074 20 0 85.6074 39.2222 0 93.502 0
62.5778 56.4444 10 5.64444 43.2741 0 127 43.9337 1 56 27 0 0 0 22 35
16 16 0 0 0 0 0 0 127 51 1;
egregore_data 0 0 127 0 0 127 0 0 0 0 0 0 0 0 0 127 38 0 127 0 0 0
0 0 0 0 0 0 0 100 0 0 127 127 78 0 93 90 127 0 19 127 127 0 0 0 70
0 0 0 127 127 34 0 124.274 34.8074 20 0 85.6074 39.2222 0 93.502 0
62.5778 56.4444 10 5.64444 43.2741 0 127 43.9337 1 56 27 0 0 0 22 35
16 16 0 0 0 0 0 0 127 51 1;
egregore_data 0 0 127 0 0 127 0 0 0 0 0 0 0 0 0 127 38 0 127 0 0 0
0 0 0 0 0 0 0 100 0 0 127 127 78 0 93 90 127 0 19 127 127 0 0 0 70
0 0 0 127 127 34 0 124.274 34.8074 20 0 85.6074 39.2222 0 93.502 0
62.5778 56.4444 10 5.64444 43.2741 0 127 43.9337 1 56 27 0 0 0 22 35
16 16 0 0 0 0 0 0 127 51 1;
egregore_data 0 0 127 0 0 127 0 0 0 0 0 0 0 0 0 127 38 0 127 0 0 0
0 0 0 0 0 0 0 100 0 0 127 127 78 0 93 90 127 0 19 127 127 0 0 0 70
0 0 0 127 127 34 0 124.274 34.8074 20 0 85.6074 39.2222 0 93.502 0
62.5778 56.4444 10 5.64444 43.2741 0 127 43.9337 1 56 27 0 0 0 22 35
16 16 0 0 0 0 0 0 127 51 1;
egregore_data 0 0 127 0 0 127 0 0 0 0 0 0 0 0 0 127 38 0 127 0 0 0
0 0 0 0 0 0 0 100 0 0 127 127 78 0 93 90 127 0 19 127 127 0 0 0 70
0 0 0 127 127 34 0 124.274 34.8074 20 0 85.6074 39.2222 0 93.502 0
62.5778 56.4444 10 5.64444 43.2741 0 127 43.9337 1 56 27 0 0 0 22 35
16 16 0 0 0 0 0 0 127 51 1;
egregore_data 0 0 127 0 0 127 0 0 0 0 0 0 0 0 0 127 38 0 127 0 0 0
0 0 0 0 0 0 0 100 0 0 127 127 78 0 93 90 127 0 19 127 127 0 0 0 70
0 0 0 127 127 34 0 124.274 34.8074 20 0 85.6074 39.2222 0 93.502 0
62.5778 56.4444 10 5.64444 43.2741 0 127 43.9337 1 56 27 0 0 0 22 35
16 16 0 0 0 0 0 0 127 51 1;
egregore_data 0 0 127 0 0 127 0 0 0 0 0 0 0 0 0 127 38 0 127 0 0 0
0 0 0 0 0 0 0 100 0 0 127 127 78 0 93 90 127 0 19 127 127 0 0 0 70
0 0 0 127 127 34 0 124.274 34.8074 20 0 85.6074 39.2222 0 93.502 0
62.5778 56.4444 10 5.64444 43.2741 0 127 43.9337 1 56 27 0 0 0 23 35
16 16 0 0 0 0 0 0 127 51 1;
egregore_data 0 0 127 0 0 127 0 0 0 0 0 0 0 0 0 127 38 0 127 0 0 0
0 0 0 0 0 0 0 100 0 0 127 127 78 0 93 90 127 0 19 127 127 0 0 0 70
0 0 0 127 127 34 0 124.274 34.8074 20 0 85.6074 39.2222 0 93.502 0
62.5778 56.4444 10 5.64444 43.2741 0 127 43.9337 1 56 27 0 0 0 23 35
16 16 0 0 0 0 0 0 127 51 1;
egregore_data 0 0 127 0 0 127 0 0 0 0 0 0 0 0 0 127 38 0 127 0 0 0
0 0 0 0 0 0 0 100 0 0 127 127 78 0 93 90 127 0 19 127 127 0 0 0 70
0 0 0 127 127 34 0 124.274 34.8074 20 0 85.6074 39.2222 0 93.502 0
62.5778 56.4444 10 5.64444 43.2741 0 127 43.9337 1 56 27 0 0 0 23 35
16 16 0 0 0 0 0 0 127 51 1;
egregore_data 0 0 127 0 0 127 0 0 0 0 0 0 0 0 0 127 38 0 127 0 0 0
0 0 0 0 0 0 0 100 0 0 127 127 78 0 93 90 127 0 19 127 127 0 0 0 70
0 0 0 127 127 34 0 124.274 34.8074 20 0 85.6074 39.2222 0 93.502 0
62.5778 56.4444 10 5.64444 43.2741 0 127 43.9337 1 56 27 0 0 0 23 35
16 16 0 0 0 0 0 0 127 51 1;
egregore_data 0 0 127 0 0 127 0 0 0 0 0 0 0 0 0 127 38 0 127 0 0 0
0 0 0 0 0 0 0 100 0 0 127 127 78 0 93 90 127 0 19 127 127 0 0 0 70
0 0 0 127 127 34 0 124.274 34.8074 20 0 85.6074 39.2222 0 93.502 0
62.5778 56.4444 10 5.64444 43.2741 0 127 43.9337 1 56 27 0 0 0 23 34
16 16 0 0 0 0 0 0 127 51 1;
egregore_data 0 0 127 0 0 127 0 0 0 0 0 0 0 0 0 127 38 0 127 0 0 0
0 0 0 0 0 0 0 100 0 0 127 127 78 0 93 90 127 0 19 127 127 0 0 0 70
0 0 0 127 127 34 0 124.274 34.8074 20 0 85.6074 39.2222 0 93.502 0
62.5778 56.4444 10 5.64444 43.2741 0 127 43.9337 1 56 27 0 0 0 23 34
16 16 0 0 0 0 0 0 127 51 1;
egregore_data 0 0 127 0 0 127 0 0 0 0 0 0 0 0 0 127 38 0 127 0 0 0
0 0 0 0 0 0 0 100 0 0 127 127 78 0 93 90 127 0 19 127 127 0 0 0 70
0 0 0 127 127 34 0 124.274 34.8074 20 0 85.6074 39.2222 0 93.502 0
62.5778 56.4444 10 5.64444 43.2741 0 127 43.9337 1 56 27 0 0 0 23 34
16 16 0 0 0 0 0 0 127 51 1;
egregore_data 0 0 127 0 0 127 0 0 0 0 0 0 0 0 0 127 38 0 127 0 0 0
0 0 0 0 0 0 0 100 0 0 127 127 78 0 93 90 127 0 19 127 127 0 0 0 70
0 0 0 127 127 34 0 124.274 34.8074 20 0 85.6074 39.2222 0 93.502 0
62.5778 56.4444 10 5.64444 43.2741 0 127 43.9337 1 56 27 0 0 0 23 34
16 16 0 0 0 0 0 0 127 51 1;
egregore_data 0 0 127 0 0 127 0 0 0 0 0 0 0 0 0 127 38 0 127 0 0 0
0 0 0 0 0 0 0 100 0 0 127 127 78 0 93 90 127 0 19 127 127 0 0 0 70
0 0 0 127 127 34 0 124.274 34.8074 20 0 85.6074 39.2222 0 93.502 0
62.5778 56.4444 10 5.64444 43.2741 0 127 43.9337 1 56 27 0 0 0 24 34
16 16 0 0 0 0 0 0 127 51 1;
egregore_data 0 0 127 0 0 127 0 0 0 0 0 0 0 0 0 127 38 0 127 0 0 0
0 0 0 0 0 0 0 100 0 0 127 127 78 0 93 90 127 0 19 127 127 0 0 0 70
0 0 0 127 127 34 0 124.274 34.8074 20 0 85.6074 39.2222 0 93.502 0
62.5778 56.4444 10 5.64444 43.2741 0 127 43.9337 1 56 27 0 0 0 24 34
16 16 0 0 0 0 0 0 127 51 1;
egregore_data 0 0 127 0 0 127 0 0 0 0 0 0 0 0 0 127 38 0 127 0 0 0
0 0 0 0 0 0 0 100 0 0 127 127 78 0 93 90 127 0 19 127 127 0 0 0 70
0 0 0 127 127 34 0 124.274 34.8074 20 0 85.6074 39.2222 0 93.502 0
62.5778 56.4444 10 5.64444 43.2741 0 127 43.9337 1 56 27 0 0 0 24 34
16 16 0 0 0 0 0 0 127 51 1;
egregore_data 0 0 127 0 0 127 0 0 0 0 0 0 0 0 0 127 38 0 127 0 0 0
0 0 0 0 0 0 0 100 0 0 127 127 78 0 93 90 127 0 19 127 127 0 0 0 70
0 0 0 127 127 34 0 124.274 34.8074 20 0 85.6074 39.2222 0 93.502 0
62.5778 56.4444 10 5.64444 43.2741 0 127 43.9337 1 56 27 0 0 0 24 34
16 16 0 0 0 0 0 0 127 51 1;
egregore_data 0 0 127 0 0 127 0 0 0 0 0 0 0 0 0 127 38 0 127 0 0 0
0 0 0 0 0 0 0 100 0 0 127 127 78 0 93 90 127 0 19 127 127 0 0 0 70
0 0 0 127 127 34 0 124.274 34.8074 20 0 85.6074 39.2222 0 93.502 0
62.5778 56.4444 10 5.64444 43.2741 0 127 43.9337 1 56 27 0 0 0 24 33
16 16 0 0 0 0 0 0 127 51 1;
egregore_data 0 0 127 0 0 127 0 0 0 0 0 0 0 0 0 127 38 0 127 0 0 0
0 0 0 0 0 0 0 100 0 0 127 127 78 0 93 90 127 0 19 127 127 0 0 0 70
0 0 0 127 127 34 0 124.274 34.8074 20 0 85.6074 39.2222 0 93.502 0
62.5778 56.4444 10 5.64444 43.2741 0 127 43.9337 1 56 27 0 0 0 24 33
16 16 0 0 0 0 0 0 127 51 1;
egregore_data 0 0 127 0 0 127 0 0 0 0 0 0 0 0 0 127 38 0 127 0 0 0
0 0 0 0 0 0 0 100 0 0 127 127 78 0 93 90 127 0 19 127 127 0 0 0 70
0 0 0 127 127 34 0 124.274 34.8074 20 0 85.6074 39.2222 0 93.502 0
62.5778 56.4444 10 5.64444 43.2741 0 127 43.9337 1 56 27 0 0 0 24 33
16 16 0 0 0 0 0 0 127 51 1;
egregore_data 0 0 127 0 0 127 0 0 0 0 0 0 0 0 0 127 38 0 127 0 0 0
0 0 0 0 0 0 0 100 0 0 127 127 78 0 93 90 127 0 19 127 127 0 0 0 70
0 0 0 127 127 34 0 124.274 34.8074 20 0 85.6074 39.2222 0 93.502 0
62.5778 56.4444 10 5.64444 43.2741 0 127 43.9337 1 56 27 0 0 0 24 32
16 16 0 0 0 0 0 0 127 51 1;
egregore_data 0 0 127 0 0 127 0 0 0 0 0 0 0 0 0 127 38 0 127 0 0 0
0 0 0 0 0 0 0 100 0 0 127 127 78 0 93 90 127 0 19 127 127 0 0 0 70
0 0 0 127 127 34 0 124.274 34.8074 20 0 85.6074 39.2222 0 93.502 0
62.5778 56.4444 10 5.64444 43.2741 0 127 43.9337 1 56 27 0 0 0 24 32
16 16 0 0 0 0 0 0 127 51 1;
egregore_data 0 0 127 0 0 127 0 0 0 0 0 0 0 0 0 127 38 0 127 0 0 0
0 0 0 0 0 0 0 100 0 0 127 127 78 0 93 90 127 0 19 127 127 0 0 0 70
0 0 0 127 127 34 0 124.274 34.8074 20 0 85.6074 39.2222 0 93.502 0
62.5778 56.4444 10 5.64444 43.2741 0 127 43.9337 1 56 27 0 0 0 24 32
16 16 0 0 0 0 0 0 127 51 1;
egregore_data 0 0 127 0 0 127 0 0 0 0 0 0 0 0 0 127 38 0 127 0 0 0
0 0 0 0 0 0 0 100 0 0 127 127 78 0 93 90 127 0 19 127 127 0 0 0 70
0 0 0 127 127 34 0 124.274 34.8074 20 0 85.6074 39.2222 0 93.502 0
62.5778 56.4444 10 5.64444 43.2741 0 127 43.9337 1 56 27 0 0 0 26 32
16 16 0 0 0 0 0 0 127 51 1;
egregore_data 0 0 127 0 0 127 0 0 0 0 0 0 0 0 0 127 38 0 127 0 0 0
0 0 0 0 0 0 0 100 0 0 127 127 78 0 93 90 127 0 19 127 127 0 0 0 70
0 0 0 127 127 34 0 124.274 34.8074 20 0 85.6074 39.2222 0 93.502 0
62.5778 56.4444 10 5.64444 43.2741 0 127 43.9337 1 56 27 0 0 0 26 32
16 16 0 0 0 0 0 0 127 51 1;
egregore_data 0 0 127 0 0 127 0 0 0 0 0 0 0 0 0 127 38 0 127 0 0 0
0 0 0 0 0 0 0 100 0 0 127 127 78 0 93 90 127 0 19 127 127 0 0 0 70
0 0 0 127 127 34 0 124.274 34.8074 20 0 85.6074 39.2222 0 93.502 0
62.5778 56.4444 10 5.64444 43.2741 0 127 43.9337 1 56 27 0 0 0 26 32
16 16 0 0 0 0 0 0 127 51 1;
egregore_data 0 0 127 0 0 127 0 0 0 0 0 0 0 0 0 127 38 0 127 0 0 0
0 0 0 0 0 0 0 100 0 0 127 127 78 0 93 90 127 0 19 127 127 0 0 0 70
0 0 0 127 127 34 0 124.274 34.8074 20 0 85.6074 39.2222 0 93.502 0
62.5778 56.4444 10 5.64444 43.2741 0 127 43.9337 1 56 27 0 0 0 26 30
16 16 0 0 0 0 0 0 127 51 1;
egregore_data 0 0 127 0 0 127 0 0 0 0 0 0 0 0 0 127 38 0 127 0 0 0
0 0 0 0 0 0 0 100 0 0 127 127 78 0 93 90 127 0 19 127 127 0 0 0 70
0 0 0 127 127 34 0 123.956 34.5515 20 0 84.9779 39.0147 0 93.502 0
62.4118 56.0294 10 5.60294 42.9559 0 127 43.9337 1 56 27 0 0 0 26 30
16 16 0 0 0 0 0 0 127 51 1;
egregore_data 0 0 127 0 0 127 0 0 0 0 0 0 0 0 0 127 38 0 127 0 0 0
0 0 0 0 0 0 0 100 0 0 127 127 78 0 93 90 127 0 19 127 127 0 0 0 70
0 0 0 127 127 34 0 123.956 34.5515 20 0 84.9779 39.0147 0 93.502 0
62.4118 56.0294 10 5.60294 42.9559 0 127 43.9337 1 56 27 0 0 0 26 30
16 16 0 0 0 0 0 0 127 51 1;
egregore_data 0 0 127 0 0 127 0 0 0 0 0 0 0 0 0 127 38 0 127 0 0 0
0 0 0 0 0 0 0 100 0 0 127 127 78 0 93 90 127 0 19 127 127 0 0 0 70
0 0 0 127 127 34 0 123.956 34.5515 20 0 84.9779 39.0147 0 93.502 0
62.4118 56.0294 10 5.60294 42.9559 0 127 43.9337 1 56 27 0 0 0 26 30
16 16 0 0 0 0 0 0 127 51 1;
egregore_data 0 0 127 0 0 127 0 0 0 0 0 0 0 0 0 127 38 0 127 0 0 0
0 0 0 0 0 0 0 100 0 0 127 127 78 0 93 90 127 0 19 127 127 0 0 0 70
0 0 0 127 127 34 0 123.956 34.5515 20 0 84.9779 39.0147 0 93.502 0
62.4118 56.0294 10 5.60294 42.9559 0 127 43.9337 1 56 27 0 0 0 26 30
16 16 0 0 0 0 0 0 127 51 1;
egregore_data 0 0 127 0 0 127 0 0 0 0 0 0 0 0 0 127 38 0 127 0 0 0
0 0 0 0 0 0 0 100 0 0 127 127 78 0 93 90 127 0 19 127 127 0 0 0 70
0 0 0 127 127 34 0 123.956 34.5515 20 0 84.9779 39.0147 0 93.502 0
62.4118 56.0294 10 5.60294 42.9559 0 127 43.9337 1 56 27 0 0 0 26 30
16 16 0 0 0 0 0 0 127 51 1;
egregore_data 0 0 127 0 0 127 0 0 0 0 0 0 0 0 0 127 38 0 127 0 0 0
0 0 0 0 0 0 0 100 0 0 127 127 78 0 93 90 127 0 19 127 127 0 0 0 70
0 0 0 127 127 34 0 123.956 34.5515 20 0 84.9779 39.0147 0 93.502 0
62.4118 56.0294 10 5.60294 42.9559 0 127 43.9337 1 56 27 0 0 0 26 30
16 16 0 0 0 0 0 0 127 51 1;
egregore_data 0 0 127 0 0 127 0 0 0 0 0 0 0 0 0 127 38 0 127 0 0 0
0 0 0 0 0 0 0 100 0 0 127 127 78 0 93 90 127 0 19 127 127 0 0 0 70
0 0 0 127 127 34 0 123.956 34.5515 20 0 84.9779 39.0147 0 93.502 0
62.4118 56.0294 10 5.60294 42.9559 0 127 43.9337 1 56 27 0 0 0 26 30
16 16 0 0 0 0 0 0 127 51 1;
egregore_data 0 0 127 0 0 127 0 0 0 0 0 0 0 0 0 127 38 0 127 0 0 0
0 0 0 0 0 0 0 100 0 0 127 127 78 0 93 90 127 0 19 127 127 0 0 0 70
0 0 0 127 127 34 0 123.956 34.5515 20 0 84.9779 39.0147 0 93.502 0
62.4118 56.0294 10 5.60294 42.9559 0 127 43.9337 1 56 27 0 0 0 26 30
16 16 0 0 0 0 0 0 127 51 1;
egregore_data 0 0 127 0 0 127 0 0 0 0 0 0 0 0 0 127 38 0 127 0 0 0
0 0 0 0 0 0 0 100 0 0 127 127 78 0 93 90 127 0 19 127 127 0 0 0 70
0 0 0 127 127 34 0 123.956 34.5515 20 0 84.9779 39.0147 0 93.502 0
62.4118 56.0294 10 5.60294 42.9559 0 127 43.9337 1 56 27 0 0 0 26 29
16 16 0 0 0 0 0 0 127 51 1;
egregore_data 0 0 127 0 0 127 0 0 0 0 0 0 0 0 0 127 38 0 127 0 0 0
0 0 0 0 0 0 0 100 0 0 127 127 78 0 93 90 127 0 19 127 127 0 0 0 70
0 0 0 127 127 34 0 123.956 34.5515 20 0 84.9779 39.0147 0 93.502 0
62.4118 56.0294 10 5.60294 42.9559 0 127 43.9337 1 56 27 0 0 0 27 29
16 16 0 0 0 0 0 0 127 51 1;
egregore_data 0 0 127 0 0 127 0 0 0 0 0 0 0 0 0 127 38 0 127 0 0 0
0 0 0 0 0 0 0 100 0 0 127 127 78 0 93 90 127 0 19 127 127 0 0 0 70
0 0 0 127 127 34 0 123.956 34.5515 20 0 84.9779 39.0147 0 93.502 0
62.4118 56.0294 10 5.60294 42.9559 0 127 43.9337 1 56 27 0 0 0 27 29
16 16 0 0 0 0 0 0 127 51 1;
egregore_data 0 0 127 0 0 127 0 0 0 0 0 0 0 0 0 127 38 0 127 0 0 0
0 0 0 0 0 0 0 100 0 0 127 127 78 0 93 90 127 0 19 127 127 0 0 0 70
0 0 0 127 127 34 0 123.956 34.5515 20 0 84.9779 39.0147 0 93.502 0
62.4118 56.0294 10 5.60294 42.9559 0 127 43.9337 1 56 27 0 0 0 27 29
16 16 0 0 0 0 0 0 127 51 1;
egregore_data 0 0 127 0 0 127 0 0 0 0 0 0 0 0 0 127 38 0 127 0 0 0
0 0 0 0 0 0 0 100 0 0 127 127 78 0 93 90 127 0 19 127 127 0 0 0 70
0 0 0 127 127 34 0 123.956 34.5515 20 0 84.9779 39.0147 0 93.502 0
62.4118 56.0294 10 5.60294 42.9559 0 127 43.9337 1 56 27 0 0 0 27 29
16 16 0 0 0 0 0 0 127 51 1;
egregore_data 0 0 127 0 0 127 0 0 0 0 0 0 0 0 0 127 38 0 127 0 0 0
0 0 0 0 0 0 0 100 0 0 127 127 78 0 93 90 127 0 19 127 127 0 0 0 70
0 0 0 127 127 34 0 123.956 34.5515 20 0 84.9779 39.0147 0 93.502 0
62.4118 56.0294 10 5.60294 42.9559 0 127 43.9337 1 56 27 0 0 0 27 29
16 16 0 0 0 0 0 0 127 51 1;
egregore_data 0 0 127 0 0 127 0 0 0 0 0 0 0 0 0 127 38 0 127 0 0 0
0 0 0 0 0 0 0 100 0 0 127 127 78 0 93 90 127 0 19 127 127 0 0 0 70
0 0 0 127 127 34 0 123.956 34.5515 20 0 84.9779 39.0147 0 93.502 0
62.4118 56.0294 10 5.60294 42.9559 0 127 43.9337 1 56 27 0 0 0 27 29
16 16 0 0 0 0 0 0 127 51 1;
egregore_data 0 0 127 0 0 127 0 0 0 0 0 0 0 0 0 127 38 0 127 0 0 0
0 0 0 0 0 0 0 100 0 0 127 127 78 0 93 90 127 0 19 127 127 0 0 0 70
0 0 0 127 127 34 0 123.956 34.5515 20 0 84.9779 39.0147 0 93.502 0
62.4118 56.0294 10 5.60294 42.9559 0 127 43.9337 1 56 27 0 0 0 27 29
16 16 0 0 0 0 0 0 127 51 1;
egregore_data 0 0 127 0 0 127 0 0 0 0 0 0 0 0 0 127 38 0 127 0 0 0
0 0 0 0 0 0 0 100 0 0 127 127 78 0 93 90 127 0 19 127 127 0 0 0 70
0 0 0 127 127 34 0 123.956 34.5515 20 0 84.9779 39.0147 0 93.502 0
62.4118 56.0294 10 5.60294 42.9559 0 127 43.9337 1 56 27 0 0 0 27 29
16 16 0 0 0 0 0 0 127 51 1;
egregore_data 0 0 127 0 0 127 0 0 0 0 0 0 0 0 0 127 38 0 127 0 0 0
0 0 0 0 0 0 0 100 0 0 127 127 78 0 93 90 127 0 19 127 127 0 0 0 70
0 0 0 127 127 34 0 123.956 34.5515 20 0 84.9779 39.0147 0 93.502 0
62.4118 56.0294 10 5.60294 42.9559 0 127 43.9337 1 56 27 0 0 0 27 29
16 16 0 0 0 0 0 0 127 51 1;
egregore_data 0 0 127 0 0 127 0 0 0 0 0 0 0 0 0 127 38 0 127 0 0 0
0 0 0 0 0 0 0 100 0 0 127 127 78 0 93 90 127 0 19 127 127 0 0 0 70
0 0 0 127 127 34 0 123.956 34.5515 20 0 84.9779 39.0147 0 93.502 0
62.4118 56.0294 10 5.60294 42.9559 0 127 43.9337 1 56 27 0 0 0 27 28
16 16 0 0 0 0 0 0 127 51 1;
egregore_data 0 0 127 0 0 127 0 0 0 0 0 0 0 0 0 127 38 0 127 0 0 0
0 0 0 0 0 0 0 100 0 0 127 127 78 0 93 90 127 0 19 127 127 0 0 0 70
0 0 0 127 127 34 0 123.956 34.5515 20 0 84.9779 39.0147 0 93.502 0
62.4118 56.0294 10 5.60294 42.9559 0 127 43.9337 1 56 27 0 0 0 27 28
16 16 0 0 0 0 0 0 127 51 1;
egregore_data 0 0 127 0 0 127 0 0 0 0 0 0 0 0 0 127 38 0 127 0 0 0
0 0 0 0 0 0 0 100 0 0 127 127 78 0 93 90 127 0 19 127 127 0 0 0 70
0 0 0 127 127 34 0 123.956 34.5515 20 0 84.9779 39.0147 0 93.502 0
62.4118 56.0294 10 5.60294 42.9559 0 127 43.9337 1 56 27 0 0 0 27 28
16 16 0 0 0 0 0 0 127 51 1;
egregore_data 0 0 127 0 0 127 0 0 0 0 0 0 0 0 0 127 38 0 127 0 0 0
0 0 0 0 0 0 0 100 0 0 127 127 78 0 93 90 127 0 19 127 127 0 0 0 70
0 0 0 127 127 34 0 123.956 34.5515 20 0 84.9779 39.0147 0 93.502 0
62.4118 56.0294 10 5.60294 42.9559 0 127 43.9337 1 56 27 0 0 0 27 28
16 16 0 0 0 0 0 0 127 51 1;
egregore_data 0 0 127 0 0 127 0 0 0 0 0 0 0 0 0 127 38 0 127 0 0 0
0 0 0 0 0 0 0 100 0 0 127 127 78 0 93 90 127 0 19 127 127 0 0 0 70
0 0 0 127 127 34 0 123.956 34.5515 20 0 84.9779 39.0147 0 93.502 0
62.4118 56.0294 10 5.60294 42.9559 0 127 43.9337 1 56 27 0 0 0 28 28
16 16 0 0 0 0 0 0 127 51 1;
egregore_data 0 0 127 0 0 127 0 0 0 0 0 0 0 0 0 127 38 0 127 0 0 0
0 0 0 0 0 0 0 100 0 0 127 127 78 0 93 90 127 0 19 127 127 0 0 0 70
0 0 0 127 127 34 0 123.956 34.5515 20 0 84.9779 39.0147 0 93.502 0
62.4118 56.0294 10 5.60294 42.9559 0 127 43.9337 1 56 27 0 0 0 28 28
16 16 0 0 0 0 0 0 127 51 1;
egregore_data 0 0 127 0 0 127 0 0 0 0 0 0 0 0 0 127 38 0 127 0 0 0
0 0 0 0 0 0 0 100 0 0 127 127 78 0 93 90 127 0 19 127 127 0 0 0 70
0 0 0 127 127 34 0 123.956 34.5515 20 0 84.9779 39.0147 0 93.502 0
62.4118 56.0294 10 5.60294 42.9559 0 127 43.9337 1 56 27 0 0 0 28 28
16 16 0 0 0 0 0 0 127 51 1;
egregore_data 0 0 127 0 0 127 0 0 0 0 0 0 0 0 0 127 38 0 127 0 0 0
0 0 0 0 0 0 0 100 0 0 127 127 78 0 93 90 127 0 19 127 127 0 0 0 70
0 0 0 127 127 34 0 123.956 34.5515 20 0 84.9779 39.0147 0 93.502 0
62.4118 56.0294 10 5.60294 42.9559 0 127 43.9337 1 56 27 0 0 0 28 28
16 16 0 0 0 0 0 0 127 51 1;
egregore_data 0 0 127 0 0 127 0 0 0 0 0 0 0 0 0 127 38 0 127 0 0 0
0 0 0 0 0 0 0 100 0 0 127 127 78 0 93 90 127 0 19 127 127 0 0 0 70
0 0 0 127 127 34 0 123.956 34.5515 20 0 84.9779 39.0147 0 93.502 0
62.4118 56.0294 10 5.60294 42.9559 0 127 43.9337 1 56 27 0 0 0 28 28
16 16 0 0 0 0 0 0 127 51 1;
egregore_data 0 0 127 0 0 127 0 0 0 0 0 0 0 0 0 127 38 0 127 0 0 0
0 0 0 0 0 0 0 100 0 0 127 127 78 0 93 90 127 0 19 127 127 0 0 0 70
0 0 0 127 127 34 0 123.956 34.5515 20 0 84.9779 39.0147 0 93.502 0
62.4118 56.0294 10 5.60294 42.9559 0 127 43.9337 1 56 27 0 0 0 28 27
16 16 0 0 0 0 0 0 127 51 1;
egregore_data 0 0 127 0 0 127 0 0 0 0 0 0 0 0 0 127 38 0 127 0 0 0
0 0 0 0 0 0 0 100 0 0 127 127 78 0 93 90 127 0 19 127 127 0 0 0 70
0 0 0 127 127 34 0 123.956 34.5515 20 0 84.9779 39.0147 0 93.502 0
62.4118 56.0294 10 5.60294 42.9559 0 127 43.9337 1 56 27 0 0 0 28 27
16 16 0 0 0 0 0 0 127 51 1;
egregore_data 0 0 127 0 0 127 0 0 0 0 0 0 0 0 0 127 38 0 127 0 0 0
0 0 0 0 0 0 0 100 0 0 127 127 78 0 93 90 127 0 19 127 127 0 0 0 70
0 0 0 127 127 34 0 123.956 34.5515 20 0 84.9779 39.0147 0 93.502 0
62.4118 56.0294 10 5.60294 42.9559 0 127 43.9337 1 56 27 0 0 0 28 27
16 16 0 0 0 0 0 0 127 51 1;
egregore_data 0 0 127 0 0 127 0 0 0 0 0 0 0 0 0 127 38 0 127 0 0 0
0 0 0 0 0 0 0 100 0 0 127 127 78 0 93 90 127 0 19 127 127 0 0 0 70
0 0 0 127 127 34 0 123.956 34.5515 20 0 84.9779 39.0147 0 93.502 0
62.4118 56.0294 10 5.60294 42.9559 0 127 43.9337 1 56 27 0 0 0 28 27
16 16 0 0 0 0 0 0 127 51 1;
egregore_data 0 0 127 0 0 127 0 0 0 0 0 0 0 0 0 127 38 0 127 0 0 0
0 0 0 0 0 0 0 100 0 0 127 127 78 0 93 90 127 0 19 127 127 0 0 0 70
0 0 0 127 127 34 0 123.956 34.5515 20 0 84.9779 39.0147 0 93.502 0
62.4118 56.0294 10 5.60294 42.9559 0 127 43.9337 1 56 27 0 0 0 28 27
16 16 0 0 0 0 0 0 127 51 1;
egregore_data 0 0 127 0 0 127 0 0 0 0 0 0 0 0 0 127 38 0 127 0 0 0
0 0 0 0 0 0 0 100 0 0 127 127 78 0 93 90 127 0 19 127 127 0 0 0 70
0 0 0 127 127 34 0 123.956 34.5515 20 0 84.9779 39.0147 0 93.502 0
62.4118 56.0294 10 5.60294 42.9559 0 127 43.9337 1 56 27 0 0 0 28 27
16 16 0 0 0 0 0 0 127 51 1;
egregore_data 0 0 127 0 0 127 0 0 0 0 0 0 0 0 0 127 38 0 127 0 0 0
0 0 0 0 0 0 0 100 0 0 127 127 78 0 93 90 127 0 19 127 127 0 0 0 70
0 0 0 127 127 34 0 123.956 34.5515 20 0 84.9779 39.0147 0 93.502 0
62.4118 56.0294 10 5.60294 42.9559 0 127 43.9337 1 56 27 0 0 0 28 27
16 16 0 0 0 0 0 0 127 51 1;
egregore_data 0 0 127 0 0 127 0 0 0 0 0 0 0 0 0 127 38 0 127 0 0 0
0 0 0 0 0 0 0 100 0 0 127 127 78 0 93 90 127 0 19 127 127 0 0 0 70
0 0 0 127 127 34 0 123.956 34.5515 20 0 84.9779 39.0147 0 93.502 0
62.4118 56.0294 10 5.60294 42.9559 0 127 43.9337 1 56 27 0 0 0 28 26
16 16 0 0 0 0 0 0 127 51 1;
egregore_data 0 0 127 0 0 127 0 0 0 0 0 0 0 0 0 127 38 0 127 0 0 0
0 0 0 0 0 0 0 100 0 0 127 127 78 0 93 90 127 0 19 127 127 0 0 0 70
0 0 0 127 127 34 0 123.956 34.5515 20 0 84.9779 39.0147 0 93.502 0
62.4118 56.0294 10 5.60294 42.9559 0 127 43.9337 1 56 27 0 0 0 28 26
16 16 0 0 0 0 0 0 127 51 1;
egregore_data 0 0 127 0 0 127 0 0 0 0 0 0 0 0 0 127 38 0 127 0 0 0
0 0 0 0 0 0 0 100 0 0 127 127 78 0 93 90 127 0 19 127 127 0 0 0 70
0 0 0 127 127 34 0 123.956 34.5515 20 0 84.9779 39.0147 0 93.502 0
62.4118 56.0294 10 5.60294 42.9559 0 127 43.9337 1 56 27 0 0 0 28 26
16 16 0 0 0 0 0 0 127 51 1;
egregore_data 0 0 127 0 0 127 0 0 0 0 0 0 0 0 0 127 38 0 127 0 0 0
0 0 0 0 0 0 0 100 0 0 127 127 78 0 93 90 127 0 19 127 127 0 0 0 70
0 0 0 127 127 34 0 123.956 34.5515 20 0 84.9779 39.0147 0 93.502 0
62.4118 56.0294 10 5.60294 42.9559 0 127 43.9337 1 56 27 0 0 0 28 26
16 16 0 0 0 0 0 0 127 51 1;
egregore_data 0 0 127 0 0 127 0 0 0 0 0 0 0 0 0 127 38 0 127 0 0 0
0 0 0 0 0 0 0 100 0 0 127 127 78 0 93 90 127 0 19 127 127 0 0 0 70
0 0 0 127 127 34 0 123.642 34.2993 20 0 84.3577 38.8102 0 93.502 0
62.2482 55.6204 10 5.56204 42.6423 0 127 43.9337 1 56 27 0 0 0 28 26
16 16 0 0 0 0 0 0 127 51 1;
egregore_data 0 0 127 0 0 127 0 0 0 0 0 0 0 0 0 127 38 0 127 0 0 0
0 0 0 0 0 0 0 100 0 0 127 127 78 0 93 90 127 0 19 127 127 0 0 0 70
0 0 0 127 127 34 0 123.642 34.2993 20 0 84.3577 38.8102 0 93.502 0
62.2482 55.6204 10 5.56204 42.6423 0 127 43.9337 1 56 27 0 0 0 28 26
16 16 0 0 0 0 0 0 127 51 1;
egregore_data 0 0 127 0 0 127 0 0 0 0 0 0 0 0 0 127 38 0 127 0 0 0
0 0 0 0 0 0 0 100 0 0 127 127 78 0 93 90 127 0 19 127 127 0 0 0 70
0 0 0 127 127 34 0 123.642 34.2993 20 0 84.3577 38.8102 0 93.502 0
62.2482 55.6204 10 5.56204 42.6423 0 127 43.9337 1 56 27 0 0 0 28 26
16 16 0 0 0 0 0 0 127 51 1;
egregore_data 0 0 127 0 0 127 0 0 0 0 0 0 0 0 0 127 38 0 127 0 0 0
0 0 0 0 0 0 0 100 0 0 127 127 78 0 93 90 127 0 19 127 127 0 0 0 70
0 0 0 127 127 34 0 123.642 34.2993 20 0 84.3577 38.8102 0 93.502 0
62.2482 55.6204 10 5.56204 42.6423 0 127 43.9337 1 56 27 0 0 0 28 24
16 16 0 0 0 0 0 0 127 51 1;
egregore_data 0 0 127 0 0 127 0 0 0 0 0 0 0 0 0 127 38 0 127 0 0 0
0 0 0 0 0 0 0 100 0 0 127 127 78 0 93 90 127 0 19 127 127 0 0 0 70
0 0 0 127 127 34 0 123.642 34.2993 20 0 84.3577 38.8102 0 93.502 0
62.2482 55.6204 10 5.56204 42.6423 0 127 43.9337 1 56 27 0 0 0 28 24
16 16 0 0 0 0 0 0 127 51 1;
egregore_data 0 0 127 0 0 127 0 0 0 0 0 0 0 0 0 127 38 0 127 0 0 0
0 0 0 0 0 0 0 100 0 0 127 127 78 0 93 90 127 0 19 127 127 0 0 0 70
0 0 0 127 127 34 0 123.642 34.2993 20 0 84.3577 38.8102 0 93.502 0
62.2482 55.6204 10 5.56204 42.6423 0 127 43.9337 1 56 27 0 0 0 28 24
16 16 0 0 0 0 0 0 127 51 1;
egregore_data 0 0 127 0 0 127 0 0 0 0 0 0 0 0 0 127 38 0 127 0 0 0
0 0 0 0 0 0 0 100 0 0 127 127 78 0 93 90 127 0 19 127 127 0 0 0 70
0 0 0 127 127 34 0 123.642 34.2993 20 0 84.3577 38.8102 0 93.502 0
62.2482 55.6204 10 5.56204 42.6423 0 127 43.9337 1 56 27 0 0 0 28 24
16 16 0 0 0 0 0 0 127 51 1;
egregore_data 0 0 127 0 0 127 0 0 0 0 0 0 0 0 0 127 38 0 127 0 0 0
0 0 0 0 0 0 0 100 0 0 127 127 78 0 93 90 127 0 19 127 127 0 0 0 70
0 0 0 127 127 34 0 123.642 34.2993 20 0 84.3577 38.8102 0 93.502 0
62.2482 55.6204 10 5.56204 42.6423 0 127 43.9337 1 56 27 0 0 0 28 24
16 16 0 0 0 0 0 0 127 51 1;
egregore_data 0 0 127 0 0 127 0 0 0 0 0 0 0 0 0 127 38 0 127 0 0 0
0 0 0 0 0 0 0 100 0 0 127 127 78 0 93 90 127 0 19 127 127 0 0 0 70
0 0 0 127 127 34 0 123.642 34.2993 20 0 84.3577 38.8102 0 93.502 0
62.2482 55.6204 10 5.56204 42.6423 0 127 43.9337 1 56 27 0 0 0 28 24
16 16 0 0 0 0 0 0 127 51 1;
egregore_data 0 0 127 0 0 127 0 0 0 0 0 0 0 0 0 127 38 0 127 0 0 0
0 0 0 0 0 0 0 100 0 0 127 127 78 0 93 90 127 0 19 127 127 0 0 0 70
0 0 0 127 127 34 0 123.642 34.2993 20 0 84.3577 38.8102 0 93.502 0
62.2482 55.6204 10 5.56204 42.6423 0 127 43.9337 1 56 27 0 0 0 28 24
16 16 0 0 0 0 0 0 127 51 1;
egregore_data 0 0 127 0 0 127 0 0 0 0 0 0 0 0 0 127 38 0 127 0 0 0
0 0 0 0 0 0 0 100 0 0 127 127 78 0 93 90 127 0 19 127 127 0 0 0 70
0 0 0 127 127 34 0 123.333 34.0507 20 0 83.7464 38.6087 0 93.502 0
62.087 55.2174 10 5.52174 42.3333 0 127 43.9337 1 56 27 0 0 0 28 24
16 16 0 0 0 0 0 0 127 51 1;
egregore_data 0 0 127 0 0 127 0 0 0 0 0 0 0 0 0 127 38 0 127 0 0 0
0 0 0 0 0 0 0 100 0 0 127 127 78 0 93 90 127 0 19 127 127 0 0 0 70
0 0 0 127 127 34 0 123.333 34.0507 20 0 83.7464 38.6087 0 93.502 0
62.087 55.2174 10 5.52174 42.3333 0 127 43.9337 1 56 27 0 0 0 28 23
16 16 0 0 0 0 0 0 127 51 1;
egregore_data 0 0 127 0 0 127 0 0 0 0 0 0 0 0 0 127 38 0 127 0 0 0
0 0 0 0 0 0 0 100 0 0 127 127 78 0 93 90 127 0 19 127 127 0 0 0 70
0 0 0 127 127 34 0 123.333 34.0507 20 0 83.7464 38.6087 0 93.502 0
62.087 55.2174 10 5.52174 42.3333 0 127 43.9337 1 56 27 0 0 0 29 23
16 16 0 0 0 0 0 0 127 51 1;
END;
