HTTP/1.1 200 OK
Date: Thu, 28 May 2015 12:25:49 GMT
Server: Apache
Last-Modified: Wed, 27 May 2015 19:36:22 GMT
Accept-Ranges: bytes
Content-Length: 31330
Vary: Accept-Encoding
Connection: close
Content-Type: text/plain

chdh_egregore_live_data;
egregore_data 0 0 127 0 0 127 0 0 0 0 0 0 0 0 0 127 38 0 127 0 0 0
0 0 0 0 0 0 0 100 0 0 127 127 78 0 93 90 127 0 19 127 127 0 0 0 70
0 0 0 127 127 34 0 126.257 42.9429 19.6286 0 91.4643 37.1929 0 94.9411
2.69286 64.2786 62.9714 9.07143 5.44286 44.4214 0 127 43.9337 1 56
3 0 0 0 0 24 16 16 0 0 0 0 0 0 127 51 1;
egregore_data 0 0 127 0 0 127 0 0 0 0 0 0 0 0 0 127 38 0 127 0 0 0
0 0 0 0 0 0 0 100 0 0 127 127 78 0 93 90 127 0 19 127 127 0 0 0 70
0 0 0 127 127 34 0 126.257 42.9429 19.6286 0 91.4643 37.1929 0 94.9411
2.69286 64.2786 62.9714 9.07143 5.44286 44.4214 0 127 43.9337 1 56
3 0 0 0 0 24 16 16 0 0 0 0 0 0 127 51 1;
egregore_data 0 0 127 0 0 127 0 0 0 0 0 0 0 0 0 127 38 0 127 0 0 0
0 0 0 0 0 0 0 100 0 0 127 127 78 0 93 90 127 0 19 127 127 0 0 0 70
0 0 0 127 127 34 0 126.257 42.9429 19.6286 0 91.4643 37.1929 0 94.9411
2.69286 64.2786 62.9714 9.07143 5.44286 44.4214 0 127 43.9337 1 56
3 0 0 0 0 24 16 16 0 0 0 0 0 0 127 51 1;
egregore_data 0 0 127 0 0 127 0 0 0 0 0 0 0 0 0 127 38 0 127 0 0 0
0 0 0 0 0 0 0 100 0 0 127 127 78 0 93 90 127 0 19 127 127 0 0 0 70
0 0 0 127 127 34 0 126.257 42.9429 19.6286 0 91.4643 37.1929 0 94.9411
2.69286 64.2786 62.9714 9.07143 5.44286 44.4214 0 127 43.9337 1 56
3 0 0 0 0 24 16 16 0 0 0 0 0 0 127 51 1;
egregore_data 0 0 127 0 0 127 0 0 0 0 0 0 0 0 0 127 38 0 127 0 0 0
0 0 0 0 0 0 0 100 0 0 127 127 78 0 93 90 127 0 19 127 127 0 0 0 70
0 0 0 127 127 34 0 126.257 42.9429 19.6286 0 91.4643 37.1929 0 94.9411
2.69286 64.2786 62.9714 9.07143 5.44286 44.4214 0 127 43.9337 1 56
3 0 0 0 0 24 16 16 0 0 0 0 0 0 127 51 1;
egregore_data 0 0 127 0 0 127 0 0 0 0 0 0 0 0 0 127 38 0 127 0 0 0
0 0 0 0 0 0 0 100 0 0 127 127 78 0 93 90 127 0 19 127 127 0 0 0 70
0 0 0 127 127 34 0 126.257 42.9429 19.6286 0 91.4643 37.1929 0 94.9411
2.69286 64.2786 62.9714 9.07143 5.44286 44.4214 0 127 43.9337 1 56
3 0 0 0 0 24 16 16 0 0 0 0 0 0 127 51 1;
egregore_data 0 0 127 0 0 127 0 0 0 0 0 0 0 0 0 127 38 0 127 0 0 0
0 0 0 0 0 0 0 100 0 0 127 127 78 0 93 90 127 0 19 127 127 0 0 0 70
0 0 0 127 127 34 0 126.257 42.9429 19.6286 0 91.4643 37.1929 0 94.9411
2.69286 64.2786 62.9714 9.07143 5.44286 44.4214 0 127 43.9337 1 56
3 0 0 0 0 24 16 16 0 0 0 0 0 0 127 51 1;
egregore_data 0 0 127 0 0 127 0 0 0 0 0 0 0 0 0 127 38 0 127 0 0 0
0 0 0 0 0 0 0 100 0 0 127 127 78 0 93 90 127 0 19 127 127 0 0 0 70
0 0 0 127 127 34 0 126.257 42.9429 19.6286 0 91.4643 37.1929 0 94.9411
2.69286 64.2786 62.9714 9.07143 5.44286 44.4214 0 127 43.9337 1 56
3 0 0 0 0 24 16 16 0 0 0 0 0 0 127 51 1;
egregore_data 0 0 127 0 0 127 0 0 0 0 0 0 0 0 0 127 38 0 127 0 0 0
0 0 0 0 0 0 0 100 0 0 127 127 78 0 93 90 127 0 19 127 127 0 0 0 70
0 0 0 127 127 34 0 126.257 42.9429 19.6286 0 91.4643 37.1929 0 94.9411
2.69286 64.2786 62.9714 9.07143 5.44286 44.4214 0 127 43.9337 1 56
3 0 0 0 0 24 16 16 0 0 0 0 0 0 127 51 1;
egregore_data 0 0 127 0 0 127 0 0 0 0 0 0 0 0 0 127 38 0 127 0 0 0
0 0 0 0 0 0 0 100 0 0 127 127 78 0 93 90 127 0 19 127 127 0 0 0 70
0 0 0 127 127 34 0 126.257 42.9429 19.6286 0 91.4643 37.1929 0 94.9411
2.69286 64.2786 62.9714 9.07143 5.44286 44.4214 0 127 43.9337 1 56
3 0 0 0 0 24 16 16 0 0 0 0 0 0 127 51 1;
egregore_data 0 0 127 0 0 127 0 0 0 0 0 0 0 0 0 127 38 0 127 0 0 0
0 0 0 0 0 0 0 100 0 0 127 127 78 0 93 90 127 0 19 127 127 0 0 0 70
0 0 0 127 127 34 0 126.257 42.9429 19.6286 0 91.4643 37.1929 0 94.9411
2.69286 64.2786 62.9714 9.07143 5.44286 44.4214 0 127 43.9337 1 56
3 0 0 0 0 24 16 16 0 0 0 0 0 0 127 51 1;
egregore_data 0 0 127 0 0 127 0 0 0 0 0 0 0 0 0 127 38 0 127 0 0 0
0 0 0 0 0 0 0 100 0 0 127 127 78 0 93 90 127 0 19 127 127 0 0 0 70
0 0 0 127 127 34 0 126.257 42.9429 19.6286 0 91.4643 37.1929 0 94.9411
2.69286 64.2786 62.9714 9.07143 5.44286 44.4214 0 127 43.9337 1 56
3 0 0 0 0 24 16 16 0 0 0 0 0 0 127 51 1;
egregore_data 0 0 127 0 0 127 0 0 0 0 0 0 0 0 0 127 38 0 127 0 0 0
0 0 0 0 0 0 0 100 0 0 127 127 78 0 93 90 127 0 19 127 127 0 0 0 70
0 0 0 127 127 34 0 126.257 42.9429 19.6286 0 91.4643 37.1929 0 94.9411
2.69286 64.2786 62.9714 9.07143 5.44286 44.4214 0 127 43.9337 1 56
3 0 0 0 0 24 16 16 0 0 0 0 0 0 127 51 1;
egregore_data 0 0 127 0 0 127 0 0 0 0 0 0 0 0 0 127 38 0 127 0 0 0
0 0 0 0 0 0 0 100 0 0 127 127 78 0 93 90 127 0 19 127 127 0 0 0 70
0 0 0 127 127 34 0 126.257 42.9429 19.6286 0 91.4643 37.1929 0 94.9411
2.69286 64.2786 62.9714 9.07143 5.44286 44.4214 0 127 43.9337 1 56
3 0 0 0 0 24 16 16 0 0 0 0 0 0 127 51 1;
egregore_data 0 0 127 0 0 127 0 0 0 0 0 0 0 0 0 127 38 0 127 0 0 0
0 0 0 0 0 0 0 100 0 0 127 127 78 0 93 90 127 0 19 127 127 0 0 0 70
0 0 0 127 127 34 0 126.257 42.9429 19.6286 0 91.4643 37.1929 0 94.9411
2.69286 64.2786 62.9714 9.07143 5.44286 44.4214 0 127 43.9337 1 56
3 0 0 0 0 24 16 16 0 0 0 0 0 0 127 51 1;
egregore_data 0 0 127 0 0 127 0 0 0 0 0 0 0 0 0 127 38 0 127 0 0 0
0 0 0 0 0 0 0 100 0 0 127 127 78 0 93 90 127 0 19 127 127 0 0 0 70
0 0 0 127 127 34 0 126.257 42.9429 19.6286 0 91.4643 37.1929 0 94.9411
2.69286 64.2786 62.9714 9.07143 5.44286 44.4214 0 127 43.9337 1 56
3 0 0 0 0 24 16 16 0 0 0 0 0 0 127 51 1;
egregore_data 0 0 127 0 0 127 0 0 0 0 0 0 0 0 0 127 38 0 127 0 0 0
0 0 0 0 0 0 0 100 0 0 127 127 78 0 93 90 127 0 19 127 127 0 0 0 70
0 0 0 127 127 34 0 126.257 42.9429 19.6286 0 91.4643 37.1929 0 94.9411
2.69286 64.2786 62.9714 9.07143 5.44286 44.4214 0 127 43.9337 1 56
3 0 0 0 0 24 16 16 0 0 0 0 0 0 127 51 1;
egregore_data 0 0 127 0 0 127 0 0 0 0 0 0 0 0 0 127 38 0 127 0 0 0
0 0 0 0 0 0 0 100 0 0 127 127 78 0 93 90 127 0 19 127 127 0 0 0 70
0 0 0 127 127 34 0 126.257 42.9429 19.6286 0 91.4643 37.1929 0 94.9411
2.69286 64.2786 62.9714 9.07143 5.44286 44.4214 0 127 43.9337 1 56
3 0 0 0 0 24 16 16 0 0 0 0 0 0 127 51 1;
egregore_data 0 0 127 0 0 127 0 0 0 0 0 0 0 0 0 127 38 0 127 0 0 0
0 0 0 0 0 0 0 100 0 0 127 127 78 0 93 90 127 0 19 127 127 0 0 0 70
0 0 0 127 127 34 0 126.257 42.9429 19.6286 0 91.4643 37.1929 0 94.9411
2.69286 64.2786 62.9714 9.07143 5.44286 44.4214 0 127 43.9337 1 56
3 0 0 0 0 24 16 16 0 0 0 0 0 0 127 51 1;
egregore_data 0 0 127 0 0 127 0 0 0 0 0 0 0 0 0 127 38 0 127 0 0 0
0 0 0 0 0 0 0 100 0 0 127 127 78 0 93 90 127 0 19 127 127 0 0 0 70
0 0 0 127 127 34 0 126.257 42.9429 19.6286 0 91.4643 37.1929 0 94.9411
2.69286 64.2786 62.9714 9.07143 5.44286 44.4214 0 127 43.9337 1 56
3 0 0 0 0 24 16 16 0 0 0 0 0 0 127 51 1;
egregore_data 0 0 127 0 0 127 0 0 0 0 0 0 0 0 0 127 38 0 127 0 0 0
0 0 0 0 0 0 0 100 0 0 127 127 78 0 93 90 127 0 19 127 127 0 0 0 70
0 0 0 127 127 34 0 126.257 42.9429 19.6286 0 91.4643 37.1929 0 94.9411
2.69286 64.2786 62.9714 9.07143 5.44286 44.4214 0 127 43.9337 1 56
3 0 0 0 0 24 16 16 0 0 0 0 0 0 127 51 1;
egregore_data 0 0 127 0 0 127 0 0 0 0 0 0 0 0 0 127 38 0 127 0 0 0
0 0 0 0 0 0 0 100 0 0 127 127 78 0 93 90 127 0 19 127 127 0 0 0 70
0 0 0 127 127 34 0 126.257 42.9429 19.6286 0 91.4643 37.1929 0 94.9411
2.69286 64.2786 62.9714 9.07143 5.44286 44.4214 0 127 43.9337 1 56
3 0 0 0 0 24 16 16 0 0 0 0 0 0 127 51 1;
egregore_data 0 0 127 0 0 127 0 0 0 0 0 0 0 0 0 127 38 0 127 0 0 0
0 0 0 0 0 0 0 100 0 0 127 127 78 0 93 90 127 0 19 127 127 0 0 0 70
0 0 0 127 127 34 0 126.257 42.9429 19.6286 0 91.4643 37.1929 0 94.9411
2.69286 64.2786 62.9714 9.07143 5.44286 44.4214 0 127 43.9337 1 56
3 0 0 0 0 26 16 16 0 0 0 0 0 0 127 51 1;
egregore_data 0 0 127 0 0 127 0 0 0 0 0 0 0 0 0 127 38 0 127 0 0 0
0 0 0 0 0 0 0 100 0 0 127 127 78 0 93 90 127 0 19 127 127 0 0 0 70
0 0 0 127 127 34 0 126.257 42.9429 19.6286 0 91.4643 37.1929 0 94.9411
2.69286 64.2786 62.9714 9.07143 5.44286 44.4214 0 127 43.9337 1 56
3 0 0 0 0 26 16 16 0 0 0 0 0 0 127 51 1;
egregore_data 0 0 127 0 0 127 0 0 0 0 0 0 0 0 0 127 38 0 127 0 0 0
0 0 0 0 0 0 0 100 0 0 127 127 78 0 93 90 127 0 19 127 127 0 0 0 70
0 0 0 127 127 34 0 126.257 42.9429 19.6286 0 91.4643 37.1929 0 94.9411
2.69286 64.2786 62.9714 9.07143 5.44286 44.4214 0 127 43.9337 1 56
3 0 0 0 0 26 16 16 0 0 0 0 0 0 127 51 1;
egregore_data 0 0 127 0 0 127 0 0 0 0 0 0 0 0 0 127 38 0 127 0 0 0
0 0 0 0 0 0 0 100 0 0 127 127 78 0 93 90 127 0 19 127 127 0 0 0 70
0 0 0 127 127 34 0 126.257 42.9429 19.6286 0 91.4643 37.1929 0 94.9411
2.69286 64.2786 62.9714 9.07143 5.44286 44.4214 0 127 43.9337 1 56
3 0 0 0 0 26 16 16 0 0 0 0 0 0 127 51 1;
egregore_data 0 0 127 0 0 127 0 0 0 0 0 0 0 0 0 127 38 0 127 0 0 0
0 0 0 0 0 0 0 100 0 0 127 127 78 0 93 90 127 0 19 127 127 0 0 0 70
0 0 0 127 127 34 0 126.257 42.9429 19.6286 0 91.4643 37.1929 0 94.9411
2.69286 64.2786 62.9714 9.07143 5.44286 44.4214 0 127 43.9337 1 56
3 0 0 0 0 26 16 16 0 0 0 0 0 0 127 51 1;
egregore_data 0 0 127 0 0 127 0 0 0 0 0 0 0 0 0 127 38 0 127 0 0 0
0 0 0 0 0 0 0 100 0 0 127 127 78 0 93 90 127 0 19 127 127 0 0 0 70
0 0 0 127 127 34 0 126.257 42.9429 19.6286 0 91.4643 37.1929 0 94.9411
2.69286 64.2786 62.9714 9.07143 5.44286 44.4214 0 127 43.9337 1 56
3 0 0 0 0 26 16 16 0 0 0 0 0 0 127 51 1;
egregore_data 0 0 127 0 0 127 0 0 0 0 0 0 0 0 0 127 38 0 127 0 0 0
0 0 0 0 0 0 0 100 0 0 127 127 78 0 93 90 127 0 19 127 127 0 0 0 70
0 0 0 127 127 34 0 126.257 42.9429 19.6286 0 91.4643 37.1929 0 94.9411
2.69286 64.2786 62.9714 9.07143 5.44286 44.4214 0 127 43.9337 1 56
3 0 0 0 0 26 16 16 0 0 0 0 0 0 127 51 1;
egregore_data 0 0 127 0 0 127 0 0 0 0 0 0 0 0 0 127 38 0 127 0 0 0
0 0 0 0 0 0 0 100 0 0 127 127 78 0 93 90 127 0 19 127 127 0 0 0 70
0 0 0 127 127 34 0 126.257 42.9429 19.6286 0 91.4643 37.1929 0 94.9411
2.69286 64.2786 62.9714 9.07143 5.44286 44.4214 0 127 43.9337 1 56
3 0 0 0 0 26 16 16 0 0 0 0 0 0 127 51 1;
egregore_data 0 0 127 0 0 127 0 0 0 0 0 0 0 0 0 127 38 0 127 0 0 0
0 0 0 0 0 0 0 100 0 0 127 127 78 0 93 90 127 0 19 127 127 0 0 0 70
0 0 0 127 127 34 0 126.257 42.9429 19.6286 0 91.4643 37.1929 0 94.9411
2.69286 64.2786 62.9714 9.07143 5.44286 44.4214 0 127 43.9337 1 56
3 0 0 0 0 26 16 16 0 0 0 0 0 0 127 51 1;
egregore_data 0 0 127 0 0 127 0 0 0 0 0 0 0 0 0 127 38 0 127 0 0 0
0 0 0 0 0 0 0 100 0 0 127 127 78 0 93 90 127 0 19 127 127 0 0 0 70
0 0 0 127 127 34 0 126.257 42.9429 19.6286 0 91.4643 37.1929 0 94.9411
2.69286 64.2786 62.9714 9.07143 5.44286 44.4214 0 127 43.9337 1 56
3 0 0 0 0 26 16 16 0 0 0 0 0 0 127 51 1;
egregore_data 0 0 127 0 0 127 0 0 0 0 0 0 0 0 0 127 38 0 127 0 0 0
0 0 0 0 0 0 0 100 0 0 127 127 78 0 93 90 127 0 19 127 127 0 0 0 70
0 0 0 127 127 34 0 126.257 42.9429 19.6286 0 91.4643 37.1929 0 94.9411
2.69286 64.2786 62.9714 9.07143 5.44286 44.4214 0 127 43.9337 1 56
3 0 0 0 0 26 16 16 0 0 0 0 0 0 127 51 1;
egregore_data 0 0 127 0 0 127 0 0 0 0 0 0 0 0 0 127 38 0 127 0 0 0
0 0 0 0 0 0 0 100 0 0 127 127 78 0 93 90 127 0 19 127 127 0 0 0 70
0 0 0 127 127 34 0 126.257 42.9429 19.6286 0 91.4643 37.1929 0 94.9411
2.69286 64.2786 62.9714 9.07143 5.44286 44.4214 0 127 43.9337 1 56
3 0 0 0 0 27 16 16 0 0 0 0 0 0 127 51 1;
egregore_data 0 0 127 0 0 127 0 0 0 0 0 0 0 0 0 127 38 0 127 0 0 0
0 0 0 0 0 0 0 100 0 0 127 127 78 0 93 90 127 0 19 127 127 0 0 0 70
0 0 0 127 127 34 0 126.257 42.9429 19.6286 0 91.4643 37.1929 0 94.9411
2.69286 64.2786 62.9714 9.07143 5.44286 44.4214 0 127 43.9337 1 56
3 0 0 0 0 27 16 16 0 0 0 0 0 0 127 51 1;
egregore_data 0 0 127 0 0 127 0 0 0 0 0 0 0 0 0 127 38 0 127 0 0 0
0 0 0 0 0 0 0 100 0 0 127 127 78 0 93 90 127 0 19 127 127 0 0 0 70
0 0 0 127 127 34 0 126.257 42.9429 19.6286 0 91.4643 37.1929 0 94.9411
2.69286 64.2786 62.9714 9.07143 5.44286 44.4214 0 127 43.9337 1 56
3 0 0 0 0 27 16 16 0 0 0 0 0 0 127 51 1;
egregore_data 0 0 127 0 0 127 0 0 0 0 0 0 0 0 0 127 38 0 127 0 0 0
0 0 0 0 0 0 0 100 0 0 127 127 78 0 93 90 127 0 19 127 127 0 0 0 70
0 0 0 127 127 34 0 126.257 42.9429 19.6286 0 91.4643 37.1929 0 94.9411
2.69286 64.2786 62.9714 9.07143 5.44286 44.4214 0 127 43.9337 1 56
3 0 0 0 0 27 16 16 0 0 0 0 0 0 127 51 1;
egregore_data 0 0 127 0 0 127 0 0 0 0 0 0 0 0 0 127 38 0 127 0 0 0
0 0 0 0 0 0 0 100 0 0 127 127 78 0 93 90 127 0 19 127 127 0 0 0 70
0 0 0 127 127 34 0 126.257 42.9429 19.6286 0 91.4643 37.1929 0 94.9411
2.69286 64.2786 62.9714 9.07143 5.44286 44.4214 0 127 43.9337 1 56
3 0 0 0 0 28 16 16 0 0 0 0 0 0 127 51 1;
egregore_data 0 0 127 0 0 127 0 0 0 0 0 0 0 0 0 127 38 0 127 0 0 0
0 0 0 0 0 0 0 100 0 0 127 127 78 0 93 90 127 0 19 127 127 0 0 0 70
0 0 0 127 127 34 0 126.257 42.9429 19.6286 0 91.4643 37.1929 0 94.9411
2.69286 64.2786 62.9714 9.07143 5.44286 44.4214 0 127 43.9337 1 56
3 0 0 0 0 28 16 16 0 0 0 0 0 0 127 51 1;
egregore_data 0 0 127 0 0 127 0 0 0 0 0 0 0 0 0 127 38 0 127 0 0 0
0 0 0 0 0 0 0 100 0 0 127 127 78 0 93 90 127 0 19 127 127 0 0 0 70
0 0 0 127 127 34 0 126.257 42.9429 19.6286 0 91.4643 37.1929 0 94.9411
2.69286 64.2786 62.9714 9.07143 5.44286 44.4214 0 127 43.9337 1 56
3 0 0 0 0 28 16 16 0 0 0 0 0 0 127 51 1;
egregore_data 0 0 127 0 0 127 0 0 0 0 0 0 0 0 0 127 38 0 127 0 0 0
0 0 0 0 0 0 0 100 0 0 127 127 78 0 93 90 127 0 19 127 127 0 0 0 70
0 0 0 127 127 34 0 126.257 42.9429 19.6286 0 91.4643 37.1929 0 94.9411
2.69286 64.2786 62.9714 9.07143 5.44286 44.4214 0 127 43.9337 1 56
3 0 0 0 0 28 16 16 0 0 0 0 0 0 127 51 1;
egregore_data 0 0 127 0 0 127 0 0 0 0 0 0 0 0 0 127 38 0 127 0 0 0
0 0 0 0 0 0 0 100 0 0 127 127 78 0 93 90 127 0 19 127 127 0 0 0 70
0 0 0 127 127 34 0 126.257 42.9429 19.6286 0 91.4643 37.1929 0 94.9411
2.69286 64.2786 62.9714 9.07143 5.44286 44.4214 0 127 43.9337 1 56
3 0 0 0 0 28 16 16 0 0 0 0 0 0 127 51 1;
egregore_data 0 0 127 0 0 127 0 0 0 0 0 0 0 0 0 127 38 0 127 0 0 0
0 0 0 0 0 0 0 100 0 0 127 127 78 0 93 90 127 0 19 127 127 0 0 0 70
0 0 0 127 127 34 0 126.257 42.9429 19.6286 0 91.4643 37.1929 0 94.9411
2.69286 64.2786 62.9714 9.07143 5.44286 44.4214 0 127 43.9337 1 56
3 0 0 0 0 28 16 16 0 0 0 0 0 0 127 51 1;
egregore_data 0 0 127 0 0 127 0 0 0 0 0 0 0 0 0 127 38 0 127 0 0 0
0 0 0 0 0 0 0 100 0 0 127 127 78 0 93 90 127 0 19 127 127 0 0 0 70
0 0 0 127 127 34 0 126.257 42.9429 19.6286 0 91.4643 37.1929 0 94.9411
2.69286 64.2786 62.9714 9.07143 5.44286 44.4214 0 127 43.9337 1 56
3 0 0 0 0 28 16 16 0 0 0 0 0 0 127 51 1;
egregore_data 0 0 127 0 0 127 0 0 0 0 0 0 0 0 0 127 38 0 127 0 0 0
0 0 0 0 0 0 0 100 0 0 127 127 78 0 93 90 127 0 19 127 127 0 0 0 70
0 0 0 127 127 34 0 126.257 42.9429 19.6286 0 91.4643 37.1929 0 94.9411
2.69286 64.2786 62.9714 9.07143 5.44286 44.4214 0 127 43.9337 1 56
3 0 0 0 0 28 16 16 0 0 0 0 0 0 127 51 1;
egregore_data 0 0 127 0 0 127 0 0 0 0 0 0 0 0 0 127 38 0 127 0 0 0
0 0 0 0 0 0 0 100 0 0 127 127 78 0 93 90 127 0 19 127 127 0 0 0 70
0 0 0 127 127 34 0 126.257 42.9429 19.6286 0 91.4643 37.1929 0 94.9411
2.69286 64.2786 62.9714 9.07143 5.44286 44.4214 0 127 43.9337 1 56
3 0 0 0 0 28 16 16 0 0 0 0 0 0 127 51 1;
egregore_data 0 0 127 0 0 127 0 0 0 0 0 0 0 0 0 127 38 0 127 0 0 0
0 0 0 0 0 0 0 100 0 0 127 127 78 0 93 90 127 0 19 127 127 0 0 0 70
0 0 0 127 127 34 0 126.257 42.9429 19.6286 0 91.4643 37.1929 0 94.9411
2.69286 64.2786 62.9714 9.07143 5.44286 44.4214 0 127 43.9337 1 56
3 0 0 0 0 29 16 16 0 0 0 0 0 0 127 51 1;
egregore_data 0 0 127 0 0 127 0 0 0 0 0 0 0 0 0 127 38 0 127 0 0 0
0 0 0 0 0 0 0 100 0 0 127 127 78 0 93 90 127 0 19 127 127 0 0 0 70
0 0 0 127 127 34 0 126.257 42.9429 19.6286 0 91.4643 37.1929 0 94.9411
2.69286 64.2786 62.9714 9.07143 5.44286 44.4214 0 127 43.9337 1 56
3 0 0 0 0 29 16 16 0 0 0 0 0 0 127 51 1;
egregore_data 0 0 127 0 0 127 0 0 0 0 0 0 0 0 0 127 38 0 127 0 0 0
0 0 0 0 0 0 0 100 0 0 127 127 78 0 93 90 127 0 19 127 127 0 0 0 70
0 0 0 127 127 34 0 126.257 42.9429 19.6286 0 91.4643 37.1929 0 94.9411
2.69286 64.2786 62.9714 9.07143 5.44286 44.4214 0 127 43.9337 1 56
3 0 0 0 0 29 16 16 0 0 0 0 0 0 127 51 1;
egregore_data 0 0 127 0 0 127 0 0 0 0 0 0 0 0 0 127 38 0 127 0 0 0
0 0 0 0 0 0 0 100 0 0 127 127 78 0 93 90 127 0 19 127 127 0 0 0 70
0 0 0 127 127 34 0 126.257 42.9429 19.6286 0 91.4643 37.1929 0 94.9411
2.69286 64.2786 62.9714 9.07143 5.44286 44.4214 0 127 43.9337 1 56
3 0 0 0 0 29 16 16 0 0 0 0 0 0 127 51 1;
egregore_data 0 0 127 0 0 127 0 0 0 0 0 0 0 0 0 127 38 0 127 0 0 0
0 0 0 0 0 0 0 100 0 0 127 127 78 0 93 90 127 0 19 127 127 0 0 0 70
0 0 0 127 127 34 0 126.257 42.9429 19.6286 0 91.4643 37.1929 0 94.9411
2.69286 64.2786 62.9714 9.07143 5.44286 44.4214 0 127 43.9337 1 56
3 0 0 0 0 29 16 16 0 0 0 0 0 0 127 51 1;
egregore_data 0 0 127 0 0 127 0 0 0 0 0 0 0 0 0 127 38 0 127 0 0 0
0 0 0 0 0 0 0 100 0 0 127 127 78 0 93 90 127 0 19 127 127 0 0 0 70
0 0 0 127 127 34 0 126.257 42.9429 19.6286 0 91.4643 37.1929 0 94.9411
2.69286 64.2786 62.9714 9.07143 5.44286 44.4214 0 127 43.9337 1 56
3 0 0 0 0 29 16 16 0 0 0 0 0 0 127 51 1;
egregore_data 0 0 127 0 0 127 0 0 0 0 0 0 0 0 0 127 38 0 127 0 0 0
0 0 0 0 0 0 0 100 0 0 127 127 78 0 93 90 127 0 19 127 127 0 0 0 70
0 0 0 127 127 34 0 126.257 42.9429 19.6286 0 91.4643 37.1929 0 94.9411
2.69286 64.2786 62.9714 9.07143 5.44286 44.4214 0 127 43.9337 1 56
3 0 0 0 0 29 16 16 0 0 0 0 0 0 127 51 1;
egregore_data 0 0 127 0 0 127 0 0 0 0 0 0 0 0 0 127 38 0 127 0 0 0
0 0 0 0 0 0 0 100 0 0 127 127 78 0 93 90 127 0 19 127 127 0 0 0 70
0 0 0 127 127 34 0 126.257 42.9429 19.6286 0 91.4643 37.1929 0 94.9411
2.69286 64.2786 62.9714 9.07143 5.44286 44.4214 0 127 43.9337 1 56
3 0 0 0 0 30 16 16 0 0 0 0 0 0 127 51 1;
egregore_data 0 0 127 0 0 127 0 0 0 0 0 0 0 0 0 127 38 0 127 0 0 0
0 0 0 0 0 0 0 100 0 0 127 127 78 0 93 90 127 0 19 127 127 0 0 0 70
0 0 0 127 127 34 0 126.257 42.9429 19.6286 0 91.4643 37.1929 0 94.9411
2.69286 64.2786 62.9714 9.07143 5.44286 44.4214 0 127 43.9337 1 56
3 0 0 0 0 30 16 16 0 0 0 0 0 0 127 51 1;
egregore_data 0 0 127 0 0 127 0 0 0 0 0 0 0 0 0 127 38 0 127 0 0 0
0 0 0 0 0 0 0 100 0 0 127 127 78 0 93 90 127 0 19 127 127 0 0 0 70
0 0 0 127 127 34 0 126.257 42.9429 19.6286 0 91.4643 37.1929 0 94.9411
2.69286 64.2786 62.9714 9.07143 5.44286 44.4214 0 127 43.9337 1 56
3 0 0 0 0 30 16 16 0 0 0 0 0 0 127 51 1;
egregore_data 0 0 127 0 0 127 0 0 0 0 0 0 0 0 0 127 38 0 127 0 0 0
0 0 0 0 0 0 0 100 0 0 127 127 78 0 93 90 127 0 19 127 127 0 0 0 70
0 0 0 127 127 34 0 126.257 42.9429 19.6286 0 91.4643 37.1929 0 94.9411
2.69286 64.2786 62.9714 9.07143 5.44286 44.4214 0 127 43.9337 1 56
3 0 0 0 0 30 16 16 0 0 0 0 0 0 127 51 1;
egregore_data 0 0 127 0 0 127 0 0 0 0 0 0 0 0 0 127 38 0 127 0 0 0
0 0 0 0 0 0 0 100 0 0 127 127 78 0 93 90 127 0 19 127 127 0 0 0 70
0 0 0 127 127 34 0 126.257 42.9429 19.6286 0 91.4643 37.1929 0 94.9411
2.69286 64.2786 62.9714 9.07143 5.44286 44.4214 0 127 43.9337 1 56
3 0 0 0 0 30 16 16 0 0 0 0 0 0 127 51 1;
egregore_data 0 0 127 0 0 127 0 0 0 0 0 0 0 0 0 127 38 0 127 0 0 0
0 0 0 0 0 0 0 100 0 0 127 127 78 0 93 90 127 0 19 127 127 0 0 0 70
0 0 0 127 127 34 0 126.257 42.9429 19.6286 0 91.4643 37.1929 0 94.9411
2.69286 64.2786 62.9714 9.07143 5.44286 44.4214 0 127 43.9337 1 56
3 0 0 0 0 30 16 16 0 0 0 0 0 0 127 51 1;
egregore_data 0 0 127 0 0 127 0 0 0 0 0 0 0 0 0 127 38 0 127 0 0 0
0 0 0 0 0 0 0 100 0 0 127 127 78 0 93 90 127 0 19 127 127 0 0 0 70
0 0 0 127 127 34 0 126.257 42.9429 19.6286 0 91.4643 37.1929 0 94.9411
2.69286 64.2786 62.9714 9.07143 5.44286 44.4214 0 127 43.9337 1 56
3 0 0 0 0 30 16 16 0 0 0 0 0 0 127 51 1;
egregore_data 0 0 127 0 0 127 0 0 0 0 0 0 0 0 0 127 38 0 127 0 0 0
0 0 0 0 0 0 0 100 0 0 127 127 78 0 93 90 127 0 19 127 127 0 0 0 70
0 0 0 127 127 34 0 126.257 42.9429 19.6286 0 91.4643 37.1929 0 94.9411
2.69286 64.2786 62.9714 9.07143 5.44286 44.4214 0 127 43.9337 1 56
3 0 0 0 0 30 16 16 0 0 0 0 0 0 127 51 1;
egregore_data 0 0 127 0 0 127 0 0 0 0 0 0 0 0 0 127 38 0 127 0 0 0
0 0 0 0 0 0 0 100 0 0 127 127 78 0 93 90 127 0 19 127 127 0 0 0 70
0 0 0 127 127 34 0 126.257 42.9429 19.6286 0 91.4643 37.1929 0 94.9411
2.69286 64.2786 62.9714 9.07143 5.44286 44.4214 0 127 43.9337 1 56
3 0 0 0 0 30 16 16 0 0 0 0 0 0 127 51 1;
egregore_data 0 0 127 0 0 127 0 0 0 0 0 0 0 0 0 127 38 0 127 0 0 0
0 0 0 0 0 0 0 100 0 0 127 127 78 0 93 90 127 0 19 127 127 0 0 0 70
0 0 0 127 127 34 0 126.257 42.9429 19.6286 0 91.4643 37.1929 0 94.9411
2.69286 64.2786 62.9714 9.07143 5.44286 44.4214 0 127 43.9337 1 56
3 0 0 0 0 30 16 16 0 0 0 0 0 0 127 51 1;
egregore_data 0 0 127 0 0 127 0 0 0 0 0 0 0 0 0 127 38 0 127 0 0 0
0 0 0 0 0 0 0 100 0 0 127 127 78 0 93 90 127 0 19 127 127 0 0 0 70
0 0 0 127 127 34 0 126.257 42.9429 19.6286 0 91.4643 37.1929 0 94.9411
2.69286 64.2786 62.9714 9.07143 5.44286 44.4214 0 127 43.9337 1 56
3 0 0 0 0 30 16 16 0 0 0 0 0 0 127 51 1;
egregore_data 0 0 127 0 0 127 0 0 0 0 0 0 0 0 0 127 38 0 127 0 0 0
0 0 0 0 0 0 0 100 0 0 127 127 78 0 93 90 127 0 19 127 127 0 0 0 70
0 0 0 127 127 34 0 126.257 42.9429 19.6286 0 91.4643 37.1929 0 94.9411
2.69286 64.2786 62.9714 9.07143 5.44286 44.4214 0 127 43.9337 1 56
3 0 0 0 0 30 16 16 0 0 0 0 0 0 127 51 1;
egregore_data 0 0 127 0 0 127 0 0 0 0 0 0 0 0 0 127 38 0 127 0 0 0
0 0 0 0 0 0 0 100 0 0 127 127 78 0 93 90 127 0 19 127 127 0 0 0 70
0 0 0 127 127 34 0 126.257 42.9429 19.6286 0 91.4643 37.1929 0 94.9411
2.69286 64.2786 62.9714 9.07143 5.44286 44.4214 0 127 43.9337 1 56
3 0 0 0 0 30 16 16 0 0 0 0 0 0 127 51 1;
egregore_data 0 0 127 0 0 127 0 0 0 0 0 0 0 0 0 127 38 0 127 0 0 0
0 0 0 0 0 0 0 100 0 0 127 127 78 0 93 90 127 0 19 127 127 0 0 0 70
0 0 0 127 127 34 0 126.257 42.9429 19.6286 0 91.4643 37.1929 0 94.9411
2.69286 64.2786 62.9714 9.07143 5.44286 44.4214 0 127 43.9337 1 56
3 0 0 0 0 30 16 16 0 0 0 0 0 0 127 51 1;
egregore_data 0 0 127 0 0 127 0 0 0 0 0 0 0 0 0 127 38 0 127 0 0 0
0 0 0 0 0 0 0 100 0 0 127 127 78 0 93 90 127 0 19 127 127 0 0 0 70
0 0 0 127 127 34 0 126.257 42.9429 19.6286 0 91.4643 37.1929 0 94.9411
2.69286 64.2786 62.9714 9.07143 5.44286 44.4214 0 127 43.9337 1 56
3 0 0 0 0 30 16 16 0 0 0 0 0 0 127 51 1;
egregore_data 0 0 127 0 0 127 0 0 0 0 0 0 0 0 0 127 38 0 127 0 0 0
0 0 0 0 0 0 0 100 0 0 127 127 78 0 93 90 127 0 19 127 127 0 0 0 70
0 0 0 127 127 34 0 126.257 42.9429 19.6286 0 91.4643 37.1929 0 94.9411
2.69286 64.2786 62.9714 9.07143 5.44286 44.4214 0 127 43.9337 1 56
3 0 0 0 0 30 16 16 0 0 0 0 0 0 127 51 1;
egregore_data 0 0 127 0 0 127 0 0 0 0 0 0 0 0 0 127 38 0 127 0 0 0
0 0 0 0 0 0 0 100 0 0 127 127 78 0 93 90 127 0 19 127 127 0 0 0 70
0 0 0 127 127 34 0 126.257 42.9429 19.6286 0 91.4643 37.1929 0 94.9411
2.69286 64.2786 62.9714 9.07143 5.44286 44.4214 0 127 43.9337 1 56
3 0 0 0 0 30 16 16 0 0 0 0 0 0 127 51 1;
egregore_data 0 0 127 0 0 127 0 0 0 0 0 0 0 0 0 127 38 0 127 0 0 0
0 0 0 0 0 0 0 100 0 0 127 127 78 0 93 90 127 0 19 127 127 0 0 0 70
0 0 0 127 127 34 0 126.257 42.9429 19.6286 0 91.4643 37.1929 0 94.9411
2.69286 64.2786 62.9714 9.07143 5.44286 44.4214 0 127 43.9337 1 56
3 0 0 0 0 30 16 16 0 0 0 0 0 0 127 51 1;
egregore_data 0 0 127 0 0 127 0 0 0 0 0 0 0 0 0 127 38 0 127 0 0 0
0 0 0 0 0 0 0 100 0 0 127 127 78 0 93 90 127 0 19 127 127 0 0 0 70
0 0 0 127 127 34 0 126.257 42.9429 19.6286 0 91.4643 37.1929 0 94.9411
2.69286 64.2786 62.9714 9.07143 5.44286 44.4214 0 127 43.9337 1 56
3 0 0 0 0 30 16 16 0 0 0 0 0 0 127 51 1;
egregore_data 0 0 127 0 0 127 0 0 0 0 0 0 0 0 0 127 38 0 127 0 0 0
0 0 0 0 0 0 0 100 0 0 127 127 78 0 93 90 127 0 19 127 127 0 0 0 70
0 0 0 127 127 34 0 126.257 42.9429 19.6286 0 91.4643 37.1929 0 94.9411
2.69286 64.2786 62.9714 9.07143 5.44286 44.4214 0 127 43.9337 1 56
3 0 0 0 0 30 16 16 0 0 0 0 0 0 127 51 1;
egregore_data 0 0 127 0 0 127 0 0 0 0 0 0 0 0 0 127 38 0 127 0 0 0
0 0 0 0 0 0 0 100 0 0 127 127 78 0 93 90 127 0 19 127 127 0 0 0 70
0 0 0 127 127 34 0 126.257 42.9429 19.6286 0 91.4643 37.1929 0 94.9411
2.69286 64.2786 62.9714 9.07143 5.44286 44.4214 0 127 43.9337 1 56
3 0 0 0 0 32 16 16 0 0 0 0 0 0 127 51 1;
egregore_data 0 0 127 0 0 127 0 0 0 0 0 0 0 0 0 127 38 0 127 0 0 0
0 0 0 0 0 0 0 100 0 0 127 127 78 0 93 90 127 0 19 127 127 0 0 0 70
0 0 0 127 127 34 0 126.257 42.9429 19.6286 0 91.4643 37.1929 0 94.9411
2.69286 64.2786 62.9714 9.07143 5.44286 44.4214 0 127 43.9337 1 56
3 0 0 0 0 32 16 16 0 0 0 0 0 0 127 51 1;
egregore_data 0 0 127 0 0 127 0 0 0 0 0 0 0 0 0 127 38 0 127 0 0 0
0 0 0 0 0 0 0 100 0 0 127 127 78 0 93 90 127 0 19 127 127 0 0 0 70
0 0 0 127 127 34 0 126.257 42.9429 19.6286 0 91.4643 37.1929 0 94.9411
2.69286 64.2786 62.9714 9.07143 5.44286 44.4214 0 127 43.9337 1 56
3 0 0 0 0 32 16 16 0 0 0 0 0 0 127 51 1;
egregore_data 0 0 127 0 0 127 0 0 0 0 0 0 0 0 0 127 38 0 127 0 0 0
0 0 0 0 0 0 0 100 0 0 127 127 78 0 93 90 127 0 19 127 127 0 0 0 70
0 0 0 127 127 34 0 126.257 42.9429 19.6286 0 91.4643 37.1929 0 94.9411
2.69286 64.2786 62.9714 9.07143 5.44286 44.4214 0 127 43.9337 1 56
3 0 0 0 0 32 16 16 0 0 0 0 0 0 127 51 1;
egregore_data 0 0 127 0 0 127 0 0 0 0 0 0 0 0 0 127 38 0 127 0 0 0
0 0 0 0 0 0 0 100 0 0 127 127 78 0 93 90 127 0 19 127 127 0 0 0 70
0 0 0 127 127 34 0 126.257 42.9429 19.6286 0 91.4643 37.1929 0 94.9411
2.69286 64.2786 62.9714 9.07143 5.44286 44.4214 0 127 43.9337 1 56
3 0 0 0 0 32 16 16 0 0 0 0 0 0 127 51 1;
egregore_data 0 0 127 0 0 127 0 0 0 0 0 0 0 0 0 127 38 0 127 0 0 0
0 0 0 0 0 0 0 100 0 0 127 127 78 0 93 90 127 0 19 127 127 0 0 0 70
0 0 0 127 127 34 0 126.257 42.9429 19.6286 0 91.4643 37.1929 0 94.9411
2.69286 64.2786 62.9714 9.07143 5.44286 44.4214 0 127 43.9337 1 56
3 0 0 0 0 32 16 16 0 0 0 0 0 0 127 51 1;
egregore_data 0 0 127 0 0 127 0 0 0 0 0 0 0 0 0 127 38 0 127 0 0 0
0 0 0 0 0 0 0 100 0 0 127 127 78 0 93 90 127 0 19 127 127 0 0 0 70
0 0 0 127 127 34 0 126.257 42.9429 19.6286 0 91.4643 37.1929 0 94.9411
2.69286 64.2786 62.9714 9.07143 5.44286 44.4214 0 127 43.9337 1 56
3 0 0 0 0 32 16 16 0 0 0 0 0 0 127 51 1;
egregore_data 0 0 127 0 0 127 0 0 0 0 0 0 0 0 0 127 38 0 127 0 0 0
0 0 0 0 0 0 0 100 0 0 127 127 78 0 93 90 127 0 19 127 127 0 0 0 70
0 0 0 127 127 34 0 126.257 42.9429 19.6286 0 91.4643 37.1929 0 94.9411
2.69286 64.2786 62.9714 9.07143 5.44286 44.4214 0 127 43.9337 1 56
3 0 0 0 0 33 16 16 0 0 0 0 0 0 127 51 1;
egregore_data 0 0 127 0 0 127 0 0 0 0 0 0 0 0 0 127 38 0 127 0 0 0
0 0 0 0 0 0 0 100 0 0 127 127 78 0 93 90 127 0 19 127 127 0 0 0 70
0 0 0 127 127 34 0 126.257 42.9429 19.6286 0 91.4643 37.1929 0 94.9411
2.69286 64.2786 62.9714 9.07143 5.44286 44.4214 0 127 43.9337 1 56
3 0 0 0 0 33 16 16 0 0 0 0 0 0 127 51 1;
egregore_data 0 0 127 0 0 127 0 0 0 0 0 0 0 0 0 127 38 0 127 0 0 0
0 0 0 0 0 0 0 100 0 0 127 127 78 0 93 90 127 0 19 127 127 0 0 0 70
0 0 0 127 127 34 0 126.257 42.9429 19.6286 0 91.4643 37.1929 0 94.9411
2.69286 64.2786 62.9714 9.07143 5.44286 44.4214 0 127 43.9337 1 56
3 0 0 0 0 33 16 16 0 0 0 0 0 0 127 51 1;
egregore_data 0 0 127 0 0 127 0 0 0 0 0 0 0 0 0 127 38 0 127 0 0 0
0 0 0 0 0 0 0 100 0 0 127 127 78 0 93 90 127 0 19 127 127 0 0 0 70
0 0 0 127 127 34 0 126.257 42.9429 19.6286 0 91.4643 37.1929 0 94.9411
2.69286 64.2786 62.9714 9.07143 5.44286 44.4214 0 127 43.9337 1 56
3 0 0 0 0 33 16 16 0 0 0 0 0 0 127 51 1;
egregore_data 0 0 127 0 0 127 0 0 0 0 0 0 0 0 0 127 38 0 127 0 0 0
0 0 0 0 0 0 0 100 0 0 127 127 78 0 93 90 127 0 19 127 127 0 0 0 70
0 0 0 127 127 34 0 126.257 42.9429 19.6286 0 91.4643 37.1929 0 94.9411
2.69286 64.2786 62.9714 9.07143 5.44286 44.4214 0 127 43.9337 1 56
3 0 0 0 0 33 16 16 0 0 0 0 0 0 127 51 1;
egregore_data 0 0 127 0 0 127 0 0 0 0 0 0 0 0 0 127 38 0 127 0 0 0
0 0 0 0 0 0 0 100 0 0 127 127 78 0 93 90 127 0 19 127 127 0 0 0 70
0 0 0 127 127 34 0 126.257 42.9429 19.6286 0 91.4643 37.1929 0 94.9411
2.69286 64.2786 62.9714 9.07143 5.44286 44.4214 0 127 43.9337 1 56
4 0 0 0 0 33 16 16 0 0 0 0 0 0 127 51 1;
egregore_data 0 0 127 0 0 127 0 0 0 0 0 0 0 0 0 127 38 0 127 0 0 0
0 0 0 0 0 0 0 100 0 0 127 127 78 0 93 90 127 0 19 127 127 0 0 0 70
0 0 0 127 127 34 0 126.257 42.9429 19.6286 0 91.4643 37.1929 0 94.9411
2.69286 64.2786 62.9714 9.07143 5.44286 44.4214 0 127 43.9337 1 56
4 0 0 0 0 33 16 16 0 0 0 0 0 0 127 51 1;
egregore_data 0 0 127 0 0 127 0 0 0 0 0 0 0 0 0 127 38 0 127 0 0 0
0 0 0 0 0 0 0 100 0 0 127 127 78 0 93 90 127 0 19 127 127 0 0 0 70
0 0 0 127 127 34 0 126.257 42.9429 19.6286 0 91.4643 37.1929 0 94.9411
2.69286 64.2786 62.9714 9.07143 5.44286 44.4214 0 127 43.9337 1 56
5 0 0 0 0 33 16 16 0 0 0 0 0 0 127 51 1;
egregore_data 0 0 127 0 0 127 0 0 0 0 0 0 0 0 0 127 38 0 127 0 0 0
0 0 0 0 0 0 0 100 0 0 127 127 78 0 93 90 127 0 19 127 127 0 0 0 70
0 0 0 127 127 34 0 126.257 42.9429 19.6286 0 91.4643 37.1929 0 94.9411
2.69286 64.2786 62.9714 9.07143 5.44286 44.4214 0 127 43.9337 1 56
5 0 0 0 0 33 16 16 0 0 0 0 0 0 127 51 1;
egregore_data 0 0 127 0 0 127 0 0 0 0 0 0 0 0 0 127 38 0 127 0 0 0
0 0 0 0 0 0 0 100 0 0 127 127 78 0 93 90 127 0 19 127 127 0 0 0 70
0 0 0 127 127 34 0 126.257 42.9429 19.6286 0 91.4643 37.1929 0 94.9411
2.69286 64.2786 62.9714 9.07143 5.44286 44.4214 0 127 43.9337 1 56
5 0 0 0 0 33 16 16 0 0 0 0 0 0 127 51 1;
egregore_data 0 0 127 0 0 127 0 0 0 0 0 0 0 0 0 127 38 0 127 0 0 0
0 0 0 0 0 0 0 100 0 0 127 127 78 0 93 90 127 0 19 127 127 0 0 0 70
0 0 0 127 127 34 0 126.257 42.9429 19.6286 0 91.4643 37.1929 0 94.9411
2.69286 64.2786 62.9714 9.07143 5.44286 44.4214 0 127 43.9337 1 56
5 0 0 0 0 33 16 16 0 0 0 0 0 0 127 51 1;
egregore_data 0 0 127 0 0 127 0 0 0 0 0 0 0 0 0 127 38 0 127 0 0 0
0 0 0 0 0 0 0 100 0 0 127 127 78 0 93 90 127 0 19 127 127 0 0 0 70
0 0 0 127 127 34 0 126.257 42.9429 19.6286 0 91.4643 37.1929 0 94.9411
2.69286 64.2786 62.9714 9.07143 5.44286 44.4214 0 127 43.9337 1 56
7 0 0 0 0 33 16 16 0 0 0 0 0 0 127 51 1;
egregore_data 0 0 127 0 0 127 0 0 0 0 0 0 0 0 0 127 38 0 127 0 0 0
0 0 0 0 0 0 0 100 0 0 127 127 78 0 93 90 127 0 19 127 127 0 0 0 70
0 0 0 127 127 34 0 126.257 42.9429 19.6286 0 91.4643 37.1929 0 94.9411
2.69286 64.2786 62.9714 9.07143 5.44286 44.4214 0 127 43.9337 1 56
7 0 0 0 0 33 16 16 0 0 0 0 0 0 127 51 1;
egregore_data 0 0 127 0 0 127 0 0 0 0 0 0 0 0 0 127 38 0 127 0 0 0
0 0 0 0 0 0 0 100 0 0 127 127 78 0 93 90 127 0 19 127 127 0 0 0 70
0 0 0 127 127 34 0 126.257 42.9429 19.6286 0 91.4643 37.1929 0 94.9411
2.69286 64.2786 62.9714 9.07143 5.44286 44.4214 0 127 43.9337 1 56
7 0 0 0 0 33 16 16 0 0 0 0 0 0 127 51 1;
egregore_data 0 0 127 0 0 127 0 0 0 0 0 0 0 0 0 127 38 0 127 0 0 0
0 0 0 0 0 0 0 100 0 0 127 127 78 0 93 90 127 0 19 127 127 0 0 0 70
0 0 0 127 127 34 0 126.257 42.9429 19.6286 0 91.4643 37.1929 0 94.9411
2.69286 64.2786 62.9714 9.07143 5.44286 44.4214 0 127 43.9337 1 56
8 0 0 0 0 33 16 16 0 0 0 0 0 0 127 51 1;
egregore_data 0 0 127 0 0 127 0 0 0 0 0 0 0 0 0 127 38 0 127 0 0 0
0 0 0 0 0 0 0 100 0 0 127 127 78 0 93 90 127 0 19 127 127 0 0 0 70
0 0 0 127 127 34 0 126.257 42.9429 19.6286 0 91.4643 37.1929 0 94.9411
2.69286 64.2786 62.9714 9.07143 5.44286 44.4214 0 127 43.9337 1 56
8 0 0 0 0 33 16 16 0 0 0 0 0 0 127 51 1;
egregore_data 0 0 127 0 0 127 0 0 0 0 0 0 0 0 0 127 38 0 127 0 0 0
0 0 0 0 0 0 0 100 0 0 127 127 78 0 93 90 127 0 19 127 127 0 0 0 70
0 0 0 127 127 34 0 126.257 42.9429 19.6286 0 91.4643 37.1929 0 94.9411
2.69286 64.2786 62.9714 9.07143 5.44286 44.4214 0 127 43.9337 1 56
8 0 0 0 0 33 16 16 0 0 0 0 0 0 127 51 1;
egregore_data 0 0 127 0 0 127 0 0 0 0 0 0 0 0 0 127 38 0 127 0 0 0
0 0 0 0 0 0 0 100 0 0 127 127 78 0 93 90 127 0 19 127 127 0 0 0 70
0 0 0 127 127 34 0 126.257 42.9429 19.6286 0 91.4643 37.1929 0 94.9411
2.69286 64.2786 62.9714 9.07143 5.44286 44.4214 0 127 43.9337 1 56
8 0 0 0 0 33 16 16 0 0 0 0 0 0 127 51 1;
egregore_data 0 0 127 0 0 127 0 0 0 0 0 0 0 0 0 127 38 0 127 0 0 0
0 0 0 0 0 0 0 100 0 0 127 127 78 0 93 90 127 0 19 127 127 0 0 0 70
0 0 0 127 127 34 0 126.257 42.9429 19.6286 0 91.4643 37.1929 0 94.9411
2.69286 64.2786 62.9714 9.07143 5.44286 44.4214 0 127 43.9337 1 56
8 0 0 0 0 33 16 16 0 0 0 0 0 0 127 51 1;
egregore_data 0 0 127 0 0 127 0 0 0 0 0 0 0 0 0 127 38 0 127 0 0 0
0 0 0 0 0 0 0 100 0 0 127 127 78 0 93 90 127 0 19 127 127 0 0 0 70
0 0 0 127 127 34 0 126.257 42.9429 19.6286 0 91.4643 37.1929 0 94.9411
2.69286 64.2786 62.9714 9.07143 5.44286 44.4214 0 127 43.9337 1 56
8 0 0 0 0 33 16 16 0 0 0 0 0 0 127 51 1;
END;
