HTTP/1.1 200 OK
Date: Thu, 28 May 2015 12:25:12 GMT
Server: Apache
Last-Modified: Wed, 27 May 2015 19:24:02 GMT
Accept-Ranges: bytes
Content-Length: 31450
Vary: Accept-Encoding
Connection: close
Content-Type: text/plain

chdh_egregore_live_data;
egregore_data 0 0 127 0 0 127 0 0 0 0 0 0 0 0 0 127 38 0 127 0 0 0
0 0 0 0 0 0 0 100 0 0 127 127 78 0 93 90 127 0 19 127 127 0 0 0 70
0 0 0 127 127 34 0 84.4453 62.1095 50.2993 9.27007 7.73723 7.08029
1.75182 8.17518 56.5474 6.20438 42.3869 0 2.9927 3.06569 0 127 86.625
1 0 0 0 0 0 0 0 16 16 0 0 0 0 0 0 127 51 0;
egregore_data 0 0 127 0 0 127 0 0 0 0 0 0 0 0 0 127 38 0 127 0 0 0
0 0 0 0 0 0 0 100 0 0 127 127 78 0 93 90 127 0 19 127 127 0 0 0 70
0 0 0 127 127 34 0 84.4453 62.1095 50.2993 9.27007 7.73723 7.08029
1.75182 8.17518 56.5474 6.20438 42.3869 0 2.9927 3.06569 0 127 86.625
1 0 0 0 0 0 0 0 16 16 0 0 0 0 0 0 127 51 0;
egregore_data 0 0 127 0 0 127 0 0 0 0 0 0 0 0 0 127 38 0 127 0 0 0
0 0 0 0 0 0 0 100 0 0 127 127 78 0 93 90 127 0 19 127 127 0 0 0 70
0 0 0 127 127 34 0 84.4453 62.1095 50.2993 9.27007 7.73723 7.08029
1.75182 8.17518 56.5474 6.20438 42.3869 0 2.9927 3.06569 0 127 86.625
1 0 0 0 0 0 0 0 16 16 0 0 0 0 0 0 127 51 0;
egregore_data 0 0 127 0 0 127 0 0 0 0 0 0 0 0 0 127 38 0 127 0 0 0
0 0 0 0 0 0 0 100 0 0 127 127 78 0 93 90 127 0 19 127 127 0 0 0 70
0 0 0 127 127 34 0 84.4453 62.1095 50.2993 9.27007 7.73723 7.08029
1.75182 8.17518 56.5474 6.20438 42.3869 0 2.9927 3.06569 0 127 86.625
1 0 0 0 0 0 0 0 16 16 0 0 0 0 0 0 127 51 0;
egregore_data 0 0 127 0 0 127 0 0 0 0 0 0 0 0 0 127 38 0 127 0 0 0
0 0 0 0 0 0 0 100 0 0 127 127 78 0 93 90 127 0 19 127 127 0 0 0 70
0 0 0 127 127 34 0 84.2101 61.6594 50.0507 10.1232 8.44928 7.73188
1.91304 8.92754 56.1377 6.77536 42.5145 0 3.26812 3.34783 0 127 86.625
1 0 0 0 0 0 0 0 16 16 0 0 0 0 0 0 127 51 0;
egregore_data 0 0 127 0 0 127 0 0 0 0 0 0 0 0 0 127 38 0 127 0 0 0
0 0 0 0 0 0 0 100 0 0 127 127 78 0 93 90 127 0 19 127 127 0 0 0 70
0 0 0 127 127 34 0 84.2101 61.6594 50.0507 10.1232 8.44928 7.73188
1.91304 8.92754 56.1377 6.77536 42.5145 0 3.26812 3.34783 0 127 86.625
1 0 0 0 0 0 0 0 16 16 0 0 0 0 0 0 127 51 0;
egregore_data 0 0 127 0 0 127 0 0 0 0 0 0 0 0 0 127 38 0 127 0 0 0
0 0 0 0 0 0 0 100 0 0 127 127 78 0 93 90 127 0 19 127 127 0 0 0 70
0 0 0 127 127 34 0 84.2101 61.6594 50.0507 10.1232 8.44928 7.73188
1.91304 8.92754 56.1377 6.77536 42.5145 0 3.26812 3.34783 0 127 86.625
1 0 0 0 0 0 0 0 16 16 0 0 0 0 0 0 127 51 0;
egregore_data 0 0 127 0 0 127 0 0 0 0 0 0 0 0 0 127 38 0 127 0 0 0
0 0 0 0 0 0 0 100 0 0 127 127 78 0 93 90 127 0 19 127 127 0 0 0 70
0 0 0 127 127 34 0 84.2101 61.6594 50.0507 10.1232 8.44928 7.73188
1.91304 8.92754 56.1377 6.77536 42.5145 0 3.26812 3.34783 0 127 86.625
1 0 0 0 0 0 0 0 16 16 0 0 0 0 0 0 127 51 0;
egregore_data 0 0 127 0 0 127 0 0 0 0 0 0 0 0 0 127 38 0 127 0 0 0
0 0 0 0 0 0 0 100 0 0 127 127 78 0 93 90 127 0 19 127 127 0 0 0 70
0 0 0 127 127 34 0 84.2101 61.6594 50.0507 10.1232 8.44928 7.73188
1.91304 8.92754 56.1377 6.77536 42.5145 0 3.26812 3.34783 0 127 86.625
1 0 0 0 0 0 0 0 16 16 0 0 0 0 0 0 127 51 0;
egregore_data 0 0 127 0 0 127 0 0 0 0 0 0 0 0 0 127 38 0 127 0 0 0
0 0 0 0 0 0 0 100 0 0 127 127 78 0 93 90 127 0 19 127 127 0 0 0 70
0 0 0 127 127 34 0 84.2101 61.6594 50.0507 10.1232 8.44928 7.73188
1.91304 8.92754 56.1377 6.77536 42.5145 0 3.26812 3.34783 0 127 86.625
1 0 0 0 0 0 0 0 16 16 0 0 0 0 0 0 127 51 0;
egregore_data 0 0 127 0 0 127 0 0 0 0 0 0 0 0 0 127 38 0 127 0 0 0
0 0 0 0 0 0 0 100 0 0 127 127 78 0 93 90 127 0 19 127 127 0 0 0 70
0 0 0 127 127 34 0 84.2101 61.6594 50.0507 10.1232 8.44928 7.73188
1.91304 8.92754 56.1377 6.77536 42.5145 0 3.26812 3.34783 0 127 86.625
1 0 0 0 0 0 0 0 16 16 0 0 0 0 0 0 127 51 0;
egregore_data 0 0 127 0 0 127 0 0 0 0 0 0 0 0 0 127 38 0 127 0 0 0
0 0 0 0 0 0 0 100 0 0 127 127 78 0 93 90 127 0 19 127 127 0 0 0 70
0 0 0 127 127 34 0 84.2101 61.6594 50.0507 10.1232 8.44928 7.73188
1.91304 8.92754 56.1377 6.77536 42.5145 0 3.26812 3.34783 0 127 86.625
1 0 0 0 0 0 0 0 16 16 0 0 0 0 0 0 127 51 0;
egregore_data 0 0 127 0 0 127 0 0 0 0 0 0 0 0 0 127 38 0 127 0 0 0
0 0 0 0 0 0 0 100 0 0 127 127 78 0 93 90 127 0 19 127 127 0 0 0 70
0 0 0 127 127 34 0 83.75 60.7786 49.5643 11.7929 9.84286 9.00714 2.22857
10.4 55.3357 7.89286 42.7643 0 3.80714 3.9 0 127 86.625 1 0 0 0 0 0
0 0 16 16 0 0 0 0 0 0 127 51 0;
egregore_data 0 0 127 0 0 127 0 0 0 0 0 0 0 0 0 127 38 0 127 0 0 0
0 0 0 0 0 0 0 100 0 0 127 127 78 0 93 90 127 0 19 127 127 0 0 0 70
0 0 0 127 127 34 0 83.75 60.7786 49.5643 11.7929 9.84286 9.00714 2.22857
10.4 55.3357 7.89286 42.7643 0 3.80714 3.9 0 127 86.625 1 0 0 0 0 0
0 0 16 16 0 0 0 0 0 0 127 51 0;
egregore_data 0 0 127 0 0 127 0 0 0 0 0 0 0 0 0 127 38 0 127 0 0 0
0 0 0 0 0 0 0 100 0 0 127 127 78 0 93 90 127 0 19 127 127 0 0 0 70
0 0 0 127 127 34 0 83.75 60.7786 49.5643 11.7929 9.84286 9.00714 2.22857
10.4 55.3357 7.89286 42.7643 0 3.80714 3.9 0 127 86.625 1 0 0 0 0 0
0 0 16 16 0 0 0 0 0 0 127 51 0;
egregore_data 0 0 127 0 0 127 0 0 0 0 0 0 0 0 0 127 38 0 127 0 0 0
0 0 0 0 0 0 0 100 0 0 127 127 78 0 93 90 127 0 19 127 127 0 0 0 70
0 0 0 127 127 34 0 83.75 60.7786 49.5643 11.7929 9.84286 9.00714 2.22857
10.4 55.3357 7.89286 42.7643 0 3.80714 3.9 0 127 86.625 1 0 0 0 0 0
0 0 16 16 0 0 0 0 0 0 127 51 0;
egregore_data 0 0 127 0 0 127 0 0 0 0 0 0 0 0 0 127 38 0 127 0 0 0
0 0 0 0 0 0 0 100 0 0 127 127 78 0 93 90 127 0 19 127 127 0 0 0 70
0 0 0 127 127 34 0 83.75 60.7786 49.5643 11.7929 9.84286 9.00714 2.22857
10.4 55.3357 7.89286 42.7643 0 3.80714 3.9 0 127 86.625 1 0 0 0 0 0
0 0 16 16 0 0 0 0 0 0 127 51 0;
egregore_data 0 0 127 0 0 127 0 0 0 0 0 0 0 0 0 127 38 0 127 0 0 0
0 0 0 0 0 0 0 100 0 0 127 127 78 0 93 90 127 0 19 127 127 0 0 0 70
0 0 0 127 127 34 0 83.75 60.7786 49.5643 11.7929 9.84286 9.00714 2.22857
10.4 55.3357 7.89286 42.7643 0 3.80714 3.9 0 127 86.625 1 0 0 0 0 0
0 0 16 16 0 0 0 0 0 0 127 51 0;
egregore_data 0 0 127 0 0 127 0 0 0 0 0 0 0 0 0 127 38 0 127 0 0 0
0 0 0 0 0 0 0 100 0 0 127 127 78 0 93 90 127 0 19 127 127 0 0 0 70
0 0 0 127 127 34 0 83.5248 60.3475 49.3262 12.6099 10.5248 9.63121
2.38298 11.1206 54.9433 8.43972 42.8865 0 4.07092 4.17021 0 127 86.625
1 0 0 0 0 0 0 0 16 16 0 0 0 0 0 0 127 51 0;
egregore_data 0 0 127 0 0 127 0 0 0 0 0 0 0 0 0 127 38 0 127 0 0 0
0 0 0 0 0 0 0 100 0 0 127 127 78 0 93 90 127 0 19 127 127 0 0 0 70
0 0 0 127 127 34 0 83.5248 60.3475 49.3262 12.6099 10.5248 9.63121
2.38298 11.1206 54.9433 8.43972 42.8865 0 4.07092 4.17021 0 127 86.625
1 0 0 0 0 0 0 0 16 16 0 0 0 0 0 0 127 51 0;
egregore_data 0 0 127 0 0 127 0 0 0 0 0 0 0 0 0 127 38 0 127 0 0 0
0 0 0 0 0 0 0 100 0 0 127 127 78 0 93 90 127 0 19 127 127 0 0 0 70
0 0 0 127 127 34 0 83.5248 60.3475 49.3262 12.6099 10.5248 9.63121
2.38298 11.1206 54.9433 8.43972 42.8865 0 4.07092 4.17021 0 127 86.625
1 0 0 0 0 0 0 0 16 16 0 0 0 0 0 0 127 51 0;
egregore_data 0 0 127 0 0 127 0 0 0 0 0 0 0 0 0 127 38 0 127 0 0 0
0 0 0 0 0 0 0 100 0 0 127 127 78 0 93 90 127 0 19 127 127 0 0 0 70
0 0 0 127 127 34 0 83.5248 60.3475 49.3262 12.6099 10.5248 9.63121
2.38298 11.1206 54.9433 8.43972 42.8865 0 4.07092 4.17021 0 127 86.625
1 0 0 0 0 0 0 0 16 16 0 0 0 0 0 0 127 51 0;
egregore_data 0 0 127 0 0 127 0 0 0 0 0 0 0 0 0 127 38 0 127 0 0 0
0 0 0 0 0 0 0 100 0 0 127 127 78 0 93 90 127 0 19 127 127 0 0 0 70
0 0 0 127 127 34 0 83.5248 60.3475 49.3262 12.6099 10.5248 9.63121
2.38298 11.1206 54.9433 8.43972 42.8865 0 4.07092 4.17021 0 127 86.625
1 0 0 0 0 0 0 0 16 16 0 0 0 0 0 0 127 51 0;
egregore_data 0 0 127 0 0 127 0 0 0 0 0 0 0 0 0 127 38 0 127 0 0 0
0 0 0 0 0 0 0 100 0 0 127 127 78 0 93 90 127 0 19 127 127 0 0 0 70
0 0 0 127 127 34 0 83.5248 60.3475 49.3262 12.6099 10.5248 9.63121
2.38298 11.1206 54.9433 8.43972 42.8865 0 4.07092 4.17021 0 127 86.625
1 0 0 0 0 0 0 0 16 16 0 0 0 0 0 0 127 51 0;
egregore_data 0 0 127 0 0 127 0 0 0 0 0 0 0 0 0 127 38 0 127 0 0 0
0 0 0 0 0 0 0 100 0 0 127 127 78 0 93 90 127 0 19 127 127 0 0 0 70
0 0 0 127 127 34 0 83.5248 60.3475 49.3262 12.6099 10.5248 9.63121
2.38298 11.1206 54.9433 8.43972 42.8865 0 4.07092 4.17021 0 127 86.625
1 0 0 0 0 0 0 0 16 16 0 0 0 0 0 0 127 51 0;
egregore_data 0 0 127 0 0 127 0 0 0 0 0 0 0 0 0 127 38 0 127 0 0 0
0 0 0 0 0 0 0 100 0 0 127 127 78 0 93 90 127 0 19 127 127 0 0 0 70
0 0 0 127 127 34 0 83.5248 60.3475 49.3262 12.6099 10.5248 9.63121
2.38298 11.1206 54.9433 8.43972 42.8865 0 4.07092 4.17021 0 127 86.625
1 0 0 0 0 0 0 0 16 16 0 0 0 0 0 0 127 51 0;
egregore_data 0 0 127 0 0 127 0 0 0 0 0 0 0 0 0 127 38 0 127 0 0 0
0 0 0 0 0 0 0 100 0 0 127 127 78 0 93 90 127 0 19 127 127 0 0 0 70
0 0 0 127 127 34 0 83.5248 60.3475 49.3262 12.6099 10.5248 9.63121
2.38298 11.1206 54.9433 8.43972 42.8865 0 4.07092 4.17021 0 127 86.625
1 0 0 0 0 0 0 0 16 16 0 0 0 0 0 0 127 51 0;
egregore_data 0 0 127 0 0 127 0 0 0 0 0 0 0 0 0 127 38 0 127 0 0 0
0 0 0 0 0 0 0 100 0 0 127 127 78 0 93 90 127 0 19 127 127 0 0 0 70
0 0 0 127 127 34 0 83.5248 60.3475 49.3262 12.6099 10.5248 9.63121
2.38298 11.1206 54.9433 8.43972 42.8865 0 4.07092 4.17021 0 127 86.625
1 0 0 0 0 0 0 0 16 16 0 0 0 0 0 0 127 51 0;
egregore_data 0 0 127 0 0 127 0 0 0 0 0 0 0 0 0 127 38 0 127 0 0 0
0 0 0 0 0 0 0 100 0 0 127 127 78 0 93 90 127 0 19 127 127 0 0 0 70
0 0 0 127 127 34 0 83.5248 60.3475 49.3262 12.6099 10.5248 9.63121
2.38298 11.1206 54.9433 8.43972 42.8865 0 4.07092 4.17021 0 127 86.625
1 0 0 0 0 0 0 0 16 16 0 0 0 0 0 0 127 51 0;
egregore_data 0 0 127 0 0 127 0 0 0 0 0 0 0 0 0 127 38 0 127 0 0 0
0 0 0 0 0 0 0 100 0 0 127 127 78 0 93 90 127 0 19 127 127 0 0 0 70
0 0 0 127 127 34 0 83.5248 60.3475 49.3262 12.6099 10.5248 9.63121
2.38298 11.1206 54.9433 8.43972 42.8865 0 4.07092 4.17021 0 127 86.625
1 0 0 0 0 0 0 0 16 16 0 0 0 0 0 0 127 51 0;
egregore_data 0 0 127 0 0 127 0 0 0 0 0 0 0 0 0 127 38 0 127 0 0 0
0 0 0 0 0 0 0 100 0 0 127 127 78 0 93 90 127 0 19 127 127 0 0 0 70
0 0 0 127 127 34 0 83.5248 60.3475 49.3262 12.6099 10.5248 9.63121
2.38298 11.1206 54.9433 8.43972 42.8865 0 4.07092 4.17021 0 127 86.625
1 0 0 0 0 0 0 0 16 16 0 0 0 0 0 0 127 51 0;
egregore_data 0 0 127 0 0 127 0 0 0 0 0 0 0 0 0 127 38 0 127 0 0 0
0 0 0 0 0 0 0 100 0 0 127 127 78 0 93 90 127 0 19 127 127 0 0 0 70
0 0 0 127 127 34 0 83.3028 59.9225 49.0915 13.4155 11.1972 10.2465
2.53521 11.831 54.5563 8.97887 43.007 0 4.33099 4.43662 0 127 86.625
1 0 0 0 0 0 0 0 16 16 0 0 0 0 0 0 127 51 0;
egregore_data 0 0 127 0 0 127 0 0 0 0 0 0 0 0 0 127 38 0 127 0 0 0
0 0 0 0 0 0 0 100 0 0 127 127 78 0 93 90 127 0 19 127 127 0 0 0 70
0 0 0 127 127 34 0 83.3028 59.9225 49.0915 13.4155 11.1972 10.2465
2.53521 11.831 54.5563 8.97887 43.007 0 4.33099 4.43662 0 127 86.625
1 0 0 0 0 0 0 0 16 16 0 0 0 0 0 0 127 51 0;
egregore_data 0 0 127 0 0 127 0 0 0 0 0 0 0 0 0 127 38 0 127 0 0 0
0 0 0 0 0 0 0 100 0 0 127 127 78 0 93 90 127 0 19 127 127 0 0 0 70
0 0 0 127 127 34 0 83.3028 59.9225 49.0915 13.4155 11.1972 10.2465
2.53521 11.831 54.5563 8.97887 43.007 0 4.33099 4.43662 0 127 86.625
1 0 0 0 0 0 0 0 16 16 0 0 0 0 0 0 127 51 0;
egregore_data 0 0 127 0 0 127 0 0 0 0 0 0 0 0 0 127 38 0 127 0 0 0
0 0 0 0 0 0 0 100 0 0 127 127 78 0 93 90 127 0 19 127 127 0 0 0 70
0 0 0 127 127 34 0 83.3028 59.9225 49.0915 13.4155 11.1972 10.2465
2.53521 11.831 54.5563 8.97887 43.007 0 4.33099 4.43662 0 127 86.625
1 0 0 0 0 0 0 0 16 16 0 0 0 0 0 0 127 51 0;
egregore_data 0 0 127 0 0 127 0 0 0 0 0 0 0 0 0 127 38 0 127 0 0 0
0 0 0 0 0 0 0 100 0 0 127 127 78 0 93 90 127 0 19 127 127 0 0 0 70
0 0 0 127 127 34 0 83.3028 59.9225 49.0915 13.4155 11.1972 10.2465
2.53521 11.831 54.5563 8.97887 43.007 0 4.33099 4.43662 0 127 86.625
1 0 0 0 0 0 0 0 16 16 0 0 0 0 0 0 127 51 0;
egregore_data 0 0 127 0 0 127 0 0 0 0 0 0 0 0 0 127 38 0 127 0 0 0
0 0 0 0 0 0 0 100 0 0 127 127 78 0 93 90 127 0 19 127 127 0 0 0 70
0 0 0 127 127 34 0 83.3028 59.9225 49.0915 13.4155 11.1972 10.2465
2.53521 11.831 54.5563 8.97887 43.007 0 4.33099 4.43662 0 127 86.625
1 0 0 0 0 0 0 0 16 16 0 0 0 0 0 0 127 51 0;
egregore_data 0 0 127 0 0 127 0 0 0 0 0 0 0 0 0 127 38 0 127 0 0 0
0 0 0 0 0 0 0 100 0 0 127 127 78 0 93 90 127 0 19 127 127 0 0 0 70
0 0 0 127 127 34 0 83.3028 59.9225 49.0915 13.4155 11.1972 10.2465
2.53521 11.831 54.5563 8.97887 43.007 0 4.33099 4.43662 0 127 86.625
1 0 0 0 0 0 0 0 16 16 0 0 0 0 0 0 127 51 0;
egregore_data 0 0 127 0 0 127 0 0 0 0 0 0 0 0 0 127 38 0 127 0 0 0
0 0 0 0 0 0 0 100 0 0 127 127 78 0 93 90 127 0 19 127 127 0 0 0 70
0 0 0 127 127 34 0 83.3028 59.9225 49.0915 13.4155 11.1972 10.2465
2.53521 11.831 54.5563 8.97887 43.007 0 4.33099 4.43662 0 127 86.625
1 0 0 0 0 0 0 0 16 16 0 0 0 0 0 0 127 51 0;
egregore_data 0 0 127 0 0 127 0 0 0 0 0 0 0 0 0 127 38 0 127 0 0 0
0 0 0 0 0 0 0 100 0 0 127 127 78 0 93 90 127 0 19 127 127 0 0 0 70
0 0 0 127 127 34 0 83.3028 59.9225 49.0915 13.4155 11.1972 10.2465
2.53521 11.831 54.5563 8.97887 43.007 0 4.33099 4.43662 0 127 86.625
1 0 0 0 0 0 0 0 16 16 0 0 0 0 0 0 127 51 0;
egregore_data 0 0 127 0 0 127 0 0 0 0 0 0 0 0 0 127 38 0 127 0 0 0
0 0 0 0 0 0 0 100 0 0 127 127 78 0 93 90 127 0 19 127 127 0 0 0 70
0 0 0 127 127 34 0 83.3028 59.9225 49.0915 13.4155 11.1972 10.2465
2.53521 11.831 54.5563 8.97887 43.007 0 4.33099 4.43662 0 127 86.625
1 0 0 0 0 0 0 0 16 16 0 0 0 0 0 0 127 51 0;
egregore_data 0 0 127 0 0 127 0 0 0 0 0 0 0 0 0 127 38 0 127 0 0 0
0 0 0 0 0 0 0 100 0 0 127 127 78 0 93 90 127 0 19 127 127 0 0 0 70
0 0 0 127 127 34 0 83.3028 59.9225 49.0915 13.4155 11.1972 10.2465
2.53521 11.831 54.5563 8.97887 43.007 0 4.33099 4.43662 0 127 86.625
1 0 0 0 0 0 0 0 16 16 0 0 0 0 0 0 127 51 0;
egregore_data 0 0 127 0 0 127 0 0 0 0 0 0 0 0 0 127 38 0 127 0 0 0
0 0 0 0 0 0 0 100 0 0 127 127 78 0 93 90 127 0 19 127 127 0 0 0 70
0 0 0 127 127 34 0 83.3028 59.9225 49.0915 13.4155 11.1972 10.2465
2.53521 11.831 54.5563 8.97887 43.007 0 4.33099 4.43662 0 127 86.625
1 0 0 0 0 0 0 0 16 16 0 0 0 0 0 0 127 51 0;
egregore_data 0 0 127 0 0 127 0 0 0 0 0 0 0 0 0 127 38 0 127 0 0 0
0 0 0 0 0 0 0 100 0 0 127 127 78 0 93 90 127 0 19 127 127 0 0 0 70
0 0 0 127 127 34 0 83.3028 59.9225 49.0915 13.4155 11.1972 10.2465
2.53521 11.831 54.5563 8.97887 43.007 0 4.33099 4.43662 0 127 86.625
1 0 0 0 0 0 0 0 16 16 0 0 0 0 0 0 127 51 0;
egregore_data 0 0 127 0 0 127 0 0 0 0 0 0 0 0 0 127 38 0 127 0 0 0
0 0 0 0 0 0 0 100 0 0 127 127 78 0 93 90 127 0 19 127 127 0 0 0 70
0 0 0 127 127 34 0 83.3028 59.9225 49.0915 13.4155 11.1972 10.2465
2.53521 11.831 54.5563 8.97887 43.007 0 4.33099 4.43662 0 127 86.625
1 0 0 0 0 0 0 0 16 16 0 0 0 0 0 0 127 51 0;
egregore_data 0 0 127 0 0 127 0 0 0 0 0 0 0 0 0 127 38 0 127 0 0 0
0 0 0 0 0 0 0 100 0 0 127 127 78 0 93 90 127 0 19 127 127 0 0 0 70
0 0 0 127 127 34 0 83.3028 59.9225 49.0915 13.4155 11.1972 10.2465
2.53521 11.831 54.5563 8.97887 43.007 0 4.33099 4.43662 0 127 86.625
1 0 0 0 0 0 0 0 16 16 0 0 0 0 0 0 127 51 0;
egregore_data 0 0 127 0 0 127 0 0 0 0 0 0 0 0 0 127 38 0 127 0 0 0
0 0 0 0 0 0 0 100 0 0 127 127 78 0 93 90 127 0 19 127 127 0 0 0 70
0 0 0 127 127 34 0 83.3028 59.9225 49.0915 13.4155 11.1972 10.2465
2.53521 11.831 54.5563 8.97887 43.007 0 4.33099 4.43662 0 127 86.625
1 0 0 0 0 0 0 0 16 16 0 0 0 0 0 0 127 51 0;
egregore_data 0 0 127 0 0 127 0 0 0 0 0 0 0 0 0 127 38 0 127 0 0 0
0 0 0 0 0 0 0 100 0 0 127 127 78 0 93 90 127 0 19 127 127 0 0 0 70
0 0 0 127 127 34 0 83.3028 59.9225 49.0915 13.4155 11.1972 10.2465
2.53521 11.831 54.5563 8.97887 43.007 0 4.33099 4.43662 0 127 86.625
1 0 0 0 0 0 0 0 16 16 0 0 0 0 0 0 127 51 0;
egregore_data 0 0 127 0 0 127 0 0 0 0 0 0 0 0 0 127 38 0 127 0 0 0
0 0 0 0 0 0 0 100 0 0 127 127 78 0 93 90 127 0 19 127 127 0 0 0 70
0 0 0 127 127 34 0 83.3028 59.9225 49.0915 13.4155 11.1972 10.2465
2.53521 11.831 54.5563 8.97887 43.007 0 4.33099 4.43662 0 127 86.625
1 0 0 0 0 0 0 0 16 16 0 0 0 0 0 0 127 51 0;
egregore_data 0 0 127 0 0 127 0 0 0 0 0 0 0 0 0 127 38 0 127 0 0 0
0 0 0 0 0 0 0 100 0 0 127 127 78 0 93 90 127 0 19 127 127 0 0 0 70
0 0 0 127 127 34 0 83.3028 59.9225 49.0915 13.4155 11.1972 10.2465
2.53521 11.831 54.5563 8.97887 43.007 0 4.33099 4.43662 0 127 86.625
1 0 0 0 0 0 0 0 16 16 0 0 0 0 0 0 127 51 0;
egregore_data 0 0 127 0 0 127 0 0 0 0 0 0 0 0 0 127 38 0 127 0 0 0
0 0 0 0 0 0 0 100 0 0 127 127 78 0 93 90 127 0 19 127 127 0 0 0 70
0 0 0 127 127 34 0 83.3028 59.9225 49.0915 13.4155 11.1972 10.2465
2.53521 11.831 54.5563 8.97887 43.007 0 4.33099 4.43662 0 127 86.625
1 0 0 0 0 0 0 0 16 16 0 0 0 0 0 0 127 51 0;
egregore_data 0 0 127 0 0 127 0 0 0 0 0 0 0 0 0 127 38 0 127 0 0 0
0 0 0 0 0 0 0 100 0 0 127 127 78 0 93 90 127 0 19 127 127 0 0 0 70
0 0 0 127 127 34 0 83.3028 59.9225 49.0915 13.4155 11.1972 10.2465
2.53521 11.831 54.5563 8.97887 43.007 0 4.33099 4.43662 0 127 86.625
1 0 0 0 0 0 0 0 16 16 0 0 0 0 0 0 127 51 0;
egregore_data 0 0 127 0 0 127 0 0 0 0 0 0 0 0 0 127 38 0 127 0 0 0
0 0 0 0 0 0 0 100 0 0 127 127 78 0 93 90 127 0 19 127 127 0 0 0 70
0 0 0 127 127 34 0 83.3028 59.9225 49.0915 13.4155 11.1972 10.2465
2.53521 11.831 54.5563 8.97887 43.007 0 4.33099 4.43662 0 127 86.625
1 0 0 0 0 0 0 0 16 16 0 0 0 0 0 0 127 51 0;
egregore_data 0 0 127 0 0 127 0 0 0 0 0 0 0 0 0 127 38 0 127 0 0 0
0 0 0 0 0 0 0 100 0 0 127 127 78 0 93 90 127 0 19 127 127 0 0 0 70
0 0 0 127 127 34 0 83.3028 59.9225 49.0915 13.4155 11.1972 10.2465
2.53521 11.831 54.5563 8.97887 43.007 0 4.33099 4.43662 0 127 86.625
1 0 0 0 0 0 0 0 16 16 0 0 0 0 0 0 127 51 0;
egregore_data 0 0 127 0 0 127 0 0 0 0 0 0 0 0 0 127 38 0 127 0 0 0
0 0 0 0 0 0 0 100 0 0 127 127 78 0 93 90 127 0 19 127 127 0 0 0 70
0 0 0 127 127 34 0 83.3028 59.9225 49.0915 13.4155 11.1972 10.2465
2.53521 11.831 54.5563 8.97887 43.007 0 4.33099 4.43662 0 127 86.625
1 0 0 0 0 0 0 0 16 16 0 0 0 0 0 0 127 51 0;
egregore_data 0 0 127 0 0 127 0 0 0 0 0 0 0 0 0 127 38 0 127 0 0 0
0 0 0 0 0 0 0 100 0 0 127 127 78 0 93 90 127 0 19 127 127 0 0 0 70
0 0 0 127 127 34 0 83.3028 59.9225 49.0915 13.4155 11.1972 10.2465
2.53521 11.831 54.5563 8.97887 43.007 0 4.33099 4.43662 0 127 86.625
1 0 0 0 0 0 0 0 16 16 0 0 0 0 0 0 127 51 0;
egregore_data 0 0 127 0 0 127 0 0 0 0 0 0 0 0 0 127 38 0 127 0 0 0
0 0 0 0 0 0 0 100 0 0 127 127 78 0 93 90 127 0 19 127 127 0 0 0 70
0 0 0 127 127 34 0 83.3028 59.9225 49.0915 13.4155 11.1972 10.2465
2.53521 11.831 54.5563 8.97887 43.007 0 4.33099 4.43662 0 127 86.625
1 0 0 0 0 0 0 0 16 16 0 0 0 0 0 0 127 51 0;
egregore_data 0 0 127 0 0 127 0 0 0 0 0 0 0 0 0 127 38 0 127 0 0 0
0 0 0 0 0 0 0 100 0 0 127 127 78 0 93 90 127 0 19 127 127 0 0 0 70
0 0 0 127 127 34 0 83.3028 59.9225 49.0915 13.4155 11.1972 10.2465
2.53521 11.831 54.5563 8.97887 43.007 0 4.33099 4.43662 0 127 86.625
1 0 0 0 0 0 0 0 16 16 0 0 0 0 0 0 127 51 0;
egregore_data 0 0 127 0 0 127 0 0 0 0 0 0 0 0 0 127 38 0 127 0 0 0
0 0 0 0 0 0 0 100 0 0 127 127 78 0 93 90 127 0 19 127 127 0 0 0 70
0 0 0 127 127 34 0 83.3028 59.9225 49.0915 13.4155 11.1972 10.2465
2.53521 11.831 54.5563 8.97887 43.007 0 4.33099 4.43662 0 127 86.625
1 0 0 0 0 0 0 0 16 16 0 0 0 0 0 0 127 51 0;
egregore_data 0 0 127 0 0 127 0 0 0 0 0 0 0 0 0 127 38 0 127 0 0 0
0 0 0 0 0 0 0 100 0 0 127 127 78 0 93 90 127 0 19 127 127 0 0 0 70
0 0 0 127 127 34 0 83.0839 59.5035 48.8601 14.2098 11.8601 10.8531
2.68531 12.5315 54.1748 9.51049 43.1259 0 4.58741 4.6993 0 127 86.625
1 0 0 0 0 0 0 0 16 16 0 0 0 0 0 0 127 51 0;
egregore_data 0 0 127 0 0 127 0 0 0 0 0 0 0 0 0 127 38 0 127 0 0 0
0 0 0 0 0 0 0 100 0 0 127 127 78 0 93 90 127 0 19 127 127 0 0 0 70
0 0 0 127 127 34 0 82.868 59.0903 48.6319 14.9931 12.5139 11.4514 2.83333
13.2222 53.7986 10.0347 43.2431 0 4.84028 4.95833 0 127 86.625 1 0
0 0 0 0 0 0 16 16 0 0 0 0 0 0 127 51 0;
egregore_data 0 0 127 0 0 127 0 0 0 0 0 0 0 0 0 127 38 0 127 0 0 0
0 0 0 0 0 0 0 100 0 0 127 127 78 0 93 90 127 0 19 127 127 0 0 0 70
0 0 0 127 127 34 0 82.6552 58.6828 48.4069 15.7655 13.1586 12.0414
2.97931 13.9034 53.4276 10.5517 43.3586 0 5.08965 5.21379 0 127 86.625
1 0 0 0 0 0 0 0 16 16 0 0 0 0 0 0 127 51 0;
egregore_data 0 0 127 0 0 127 0 0 0 0 0 0 0 0 0 127 38 0 127 0 0 0
0 0 0 0 0 0 0 100 0 0 127 127 78 0 93 90 127 0 19 127 127 0 0 0 70
0 0 0 127 127 34 0 82.6552 58.6828 48.4069 15.7655 13.1586 12.0414
2.97931 13.9034 53.4276 10.5517 43.3586 0 5.08965 5.21379 0 127 86.625
1 0 0 0 0 0 0 0 16 16 0 0 0 0 0 0 127 51 0;
egregore_data 0 0 127 0 0 127 0 0 0 0 0 0 0 0 0 127 38 0 127 0 0 0
0 0 0 0 0 0 0 100 0 0 127 127 78 0 93 90 127 0 19 127 127 0 0 0 70
0 0 0 127 127 34 0 82.6552 58.6828 48.4069 15.7655 13.1586 12.0414
2.97931 13.9034 53.4276 10.5517 43.3586 0 5.08965 5.21379 0 127 86.625
1 0 0 0 0 0 0 0 16 16 0 0 0 0 0 0 127 51 0;
egregore_data 0 0 127 0 0 127 0 0 0 0 0 0 0 0 0 127 38 0 127 0 0 0
0 0 0 0 0 0 0 100 0 0 127 127 78 0 93 90 127 0 19 127 127 0 0 0 70
0 0 0 127 127 34 0 82.6552 58.6828 48.4069 15.7655 13.1586 12.0414
2.97931 13.9034 53.4276 10.5517 43.3586 0 5.08965 5.21379 0 127 86.625
1 0 0 0 0 0 0 0 16 16 0 0 0 0 0 0 127 51 0;
egregore_data 0 0 127 0 0 127 0 0 0 0 0 0 0 0 0 127 38 0 127 0 0 0
0 0 0 0 0 0 0 100 0 0 127 127 78 0 93 90 127 0 19 127 127 0 0 0 70
0 0 0 127 127 34 0 82.6552 58.6828 48.4069 15.7655 13.1586 12.0414
2.97931 13.9034 53.4276 10.5517 43.3586 0 5.08965 5.21379 0 127 86.625
1 0 0 0 0 0 0 0 16 16 0 0 0 0 0 0 127 51 0;
egregore_data 0 0 127 0 0 127 0 0 0 0 0 0 0 0 0 127 38 0 127 0 0 0
0 0 0 0 0 0 0 100 0 0 127 127 78 0 93 90 127 0 19 127 127 0 0 0 70
0 0 0 127 127 34 0 82.6552 58.6828 48.4069 15.7655 13.1586 12.0414
2.97931 13.9034 53.4276 10.5517 43.3586 0 5.08965 5.21379 0 127 86.625
1 0 0 0 0 0 0 0 16 16 0 0 0 0 0 0 127 51 0;
egregore_data 0 0 127 0 0 127 0 0 0 0 0 0 0 0 0 127 38 0 127 0 0 0
0 0 0 0 0 0 0 100 0 0 127 127 78 0 93 90 127 0 19 127 127 0 0 0 70
0 0 0 127 127 34 0 82.6552 58.6828 48.4069 15.7655 13.1586 12.0414
2.97931 13.9034 53.4276 10.5517 43.3586 0 5.08965 5.21379 0 127 86.625
1 0 0 0 0 0 0 0 16 16 0 0 0 0 0 0 127 51 0;
egregore_data 0 0 127 0 0 127 0 0 0 0 0 0 0 0 0 127 38 0 127 0 0 0
0 0 0 0 0 0 0 100 0 0 127 127 78 0 93 90 127 0 19 127 127 0 0 0 70
0 0 0 127 127 34 0 82.2381 57.8844 47.966 17.2789 14.4218 13.1973 3.26531
15.2381 52.7007 11.5646 43.585 0 5.57823 5.71429 0 127 86.625 1 0 0
0 0 0 0 0 16 16 0 0 0 0 0 0 127 51 0;
egregore_data 0 0 127 0 0 127 0 0 0 0 0 0 0 0 0 127 38 0 127 0 0 0
0 0 0 0 0 0 0 100 0 0 127 127 78 0 93 90 127 0 19 127 127 0 0 0 70
0 0 0 127 127 34 0 82.2381 57.8844 47.966 17.2789 14.4218 13.1973 3.26531
15.2381 52.7007 11.5646 43.585 0 5.57823 5.71429 0 127 86.625 1 0 0
0 0 0 0 0 16 16 0 0 0 0 0 0 127 51 0;
egregore_data 0 0 127 0 0 127 0 0 0 0 0 0 0 0 0 127 38 0 127 0 0 0
0 0 0 0 0 0 0 100 0 0 127 127 78 0 93 90 127 0 19 127 127 0 0 0 70
0 0 0 127 127 34 0 82.2381 57.8844 47.966 17.2789 14.4218 13.1973 3.26531
15.2381 52.7007 11.5646 43.585 0 5.57823 5.71429 0 127 86.625 1 0 0
0 0 0 0 0 16 16 0 0 0 0 0 0 127 51 0;
egregore_data 0 0 127 0 0 127 0 0 0 0 0 0 0 0 0 127 38 0 127 0 0 0
0 0 0 0 0 0 0 100 0 0 127 127 78 0 93 90 127 0 19 127 127 0 0 0 70
0 0 0 127 127 34 0 82.2381 57.8844 47.966 17.2789 14.4218 13.1973 3.26531
15.2381 52.7007 11.5646 43.585 0 5.57823 5.71429 0 127 86.625 1 0 0
0 0 0 0 0 16 16 0 0 0 0 0 0 127 51 0;
egregore_data 0 0 127 0 0 127 0 0 0 0 0 0 0 0 0 127 38 0 127 0 0 0
0 0 0 0 0 0 0 100 0 0 127 127 78 0 93 90 127 0 19 127 127 0 0 0 70
0 0 0 127 127 34 0 82.2381 57.8844 47.966 17.2789 14.4218 13.1973 3.26531
15.2381 52.7007 11.5646 43.585 0 5.57823 5.71429 0 127 86.625 1 0 0
0 0 0 0 0 16 16 0 0 0 0 0 0 127 51 0;
egregore_data 0 0 127 0 0 127 0 0 0 0 0 0 0 0 0 127 38 0 127 0 0 0
0 0 0 0 0 0 0 100 0 0 127 127 78 0 93 90 127 0 19 127 127 0 0 0 70
0 0 0 127 127 34 0 82.2381 57.8844 47.966 17.2789 14.4218 13.1973 3.26531
15.2381 52.7007 11.5646 43.585 0 5.57823 5.71429 0 127 86.625 1 0 0
0 0 0 0 0 16 16 0 0 0 0 0 0 127 51 0;
egregore_data 0 0 127 0 0 127 0 0 0 0 0 0 0 0 0 127 38 0 127 0 0 0
0 0 0 0 0 0 0 100 0 0 127 127 78 0 93 90 127 0 19 127 127 0 0 0 70
0 0 0 127 127 34 0 82.2381 57.8844 47.966 17.2789 14.4218 13.1973 3.26531
15.2381 52.7007 11.5646 43.585 0 5.57823 5.71429 0 127 86.625 1 0 0
0 0 0 0 0 16 16 0 0 0 0 0 0 127 51 0;
egregore_data 0 0 127 0 0 127 0 0 0 0 0 0 0 0 0 127 38 0 127 0 0 0
0 0 0 0 0 0 0 100 0 0 127 127 78 0 93 90 127 0 19 127 127 0 0 0 70
0 0 0 127 127 34 0 82.2381 57.8844 47.966 17.2789 14.4218 13.1973 3.26531
15.2381 52.7007 11.5646 43.585 0 5.57823 5.71429 0 127 86.625 1 0 0
0 0 0 0 0 16 16 0 0 0 0 0 0 127 51 0;
egregore_data 0 0 127 0 0 127 0 0 0 0 0 0 0 0 0 127 38 0 127 0 0 0
0 0 0 0 0 0 0 100 0 0 127 127 78 0 93 90 127 0 19 127 127 0 0 0 70
0 0 0 127 127 34 0 82.2381 57.8844 47.966 17.2789 14.4218 13.1973 3.26531
15.2381 52.7007 11.5646 43.585 0 5.57823 5.71429 0 127 86.625 1 0 0
0 0 0 0 0 16 16 0 0 0 0 0 0 127 51 0;
egregore_data 0 0 127 0 0 127 0 0 0 0 0 0 0 0 0 127 38 0 127 0 0 0
0 0 0 0 0 0 0 100 0 0 127 127 78 0 93 90 127 0 19 127 127 0 0 0 70
0 0 0 127 127 34 0 82.2381 57.8844 47.966 17.2789 14.4218 13.1973 3.26531
15.2381 52.7007 11.5646 43.585 0 5.57823 5.71429 0 127 86.625 1 0 0
0 0 0 0 0 16 16 0 0 0 0 0 0 127 51 0;
egregore_data 0 0 127 0 0 127 0 0 0 0 0 0 0 0 0 127 38 0 127 0 0 0
0 0 0 0 0 0 0 100 0 0 127 127 78 0 93 90 127 0 19 127 127 0 0 0 70
0 0 0 127 127 34 0 82.2381 57.8844 47.966 17.2789 14.4218 13.1973 3.26531
15.2381 52.7007 11.5646 43.585 0 5.57823 5.71429 0 127 86.625 1 0 0
0 0 0 0 0 16 16 0 0 0 0 0 0 127 51 0;
egregore_data 0 0 127 0 0 127 0 0 0 0 0 0 0 0 0 127 38 0 127 0 0 0
0 0 0 0 0 0 0 100 0 0 127 127 78 0 93 90 127 0 19 127 127 0 0 0 70
0 0 0 127 127 34 0 82.2381 57.8844 47.966 17.2789 14.4218 13.1973 3.26531
15.2381 52.7007 11.5646 43.585 0 5.57823 5.71429 0 127 86.625 1 0 0
0 0 0 0 0 16 16 0 0 0 0 0 0 127 51 0;
egregore_data 0 0 127 0 0 127 0 0 0 0 0 0 0 0 0 127 38 0 127 0 0 0
0 0 0 0 0 0 0 100 0 0 127 127 78 0 93 90 127 0 19 127 127 0 0 0 70
0 0 0 127 127 34 0 82.2381 57.8844 47.966 17.2789 14.4218 13.1973 3.26531
15.2381 52.7007 11.5646 43.585 0 5.57823 5.71429 0 127 86.625 1 0 0
0 0 0 0 0 16 16 0 0 0 0 0 0 127 51 0;
egregore_data 0 0 127 0 0 127 0 0 0 0 0 0 0 0 0 127 38 0 127 0 0 0
0 0 0 0 0 0 0 100 0 0 127 127 78 0 93 90 127 0 19 127 127 0 0 0 70
0 0 0 127 127 34 0 82.2381 57.8844 47.966 17.2789 14.4218 13.1973 3.26531
15.2381 52.7007 11.5646 43.585 0 5.57823 5.71429 0 127 86.625 1 0 0
0 0 0 0 0 16 16 0 0 0 0 0 0 127 51 0;
egregore_data 0 0 127 0 0 127 0 0 0 0 0 0 0 0 0 127 38 0 127 0 0 0
0 0 0 0 0 0 0 100 0 0 127 127 78 0 93 90 127 0 19 127 127 0 0 0 70
0 0 0 127 127 34 0 82.2381 57.8844 47.966 17.2789 14.4218 13.1973 3.26531
15.2381 52.7007 11.5646 43.585 0 5.57823 5.71429 0 127 86.625 1 0 0
0 0 0 0 0 16 16 0 0 0 0 0 0 127 51 0;
egregore_data 0 0 127 0 0 127 0 0 0 0 0 0 0 0 0 127 38 0 127 0 0 0
0 0 0 0 0 0 0 100 0 0 127 127 78 0 93 90 127 0 19 127 127 0 0 0 70
0 0 0 127 127 34 0 82.2381 57.8844 47.966 17.2789 14.4218 13.1973 3.26531
15.2381 52.7007 11.5646 43.585 0 5.57823 5.71429 0 127 86.625 1 0 0
0 0 0 0 0 16 16 0 0 0 0 0 0 127 51 0;
egregore_data 0 0 127 0 0 127 0 0 0 0 0 0 0 0 0 127 38 0 127 0 0 0
0 0 0 0 0 0 0 100 0 0 127 127 78 0 93 90 127 0 19 127 127 0 0 0 70
0 0 0 127 127 34 0 82.2381 57.8844 47.966 17.2789 14.4218 13.1973 3.26531
15.2381 52.7007 11.5646 43.585 0 5.57823 5.71429 0 127 86.625 1 0 0
0 0 0 0 0 16 16 0 0 0 0 0 0 127 51 0;
egregore_data 0 0 127 0 0 127 0 0 0 0 0 0 0 0 0 127 38 0 127 0 0 0
0 0 0 0 0 0 0 100 0 0 127 127 78 0 93 90 127 0 19 127 127 0 0 0 70
0 0 0 127 127 34 0 82.2381 57.8844 47.966 17.2789 14.4218 13.1973 3.26531
15.2381 52.7007 11.5646 43.585 0 5.57823 5.71429 0 127 86.625 1 0 0
0 0 0 0 0 16 16 0 0 0 0 0 0 127 51 0;
egregore_data 0 0 127 0 0 127 0 0 0 0 0 0 0 0 0 127 38 0 127 0 0 0
0 0 0 0 0 0 0 100 0 0 127 127 78 0 93 90 127 0 19 127 127 0 0 0 70
0 0 0 127 127 34 0 82.2381 57.8844 47.966 17.2789 14.4218 13.1973 3.26531
15.2381 52.7007 11.5646 43.585 0 5.57823 5.71429 0 127 86.625 1 0 0
0 0 0 0 0 16 16 0 0 0 0 0 0 127 51 0;
egregore_data 0 0 127 0 0 127 0 0 0 0 0 0 0 0 0 127 38 0 127 0 0 0
0 0 0 0 0 0 0 100 0 0 127 127 78 0 93 90 127 0 19 127 127 0 0 0 70
0 0 0 127 127 34 0 82.2381 57.8844 47.966 17.2789 14.4218 13.1973 3.26531
15.2381 52.7007 11.5646 43.585 0 5.57823 5.71429 0 127 86.625 1 0 0
0 0 0 0 0 16 16 0 0 0 0 0 0 127 51 0;
egregore_data 0 0 127 0 0 127 0 0 0 0 0 0 0 0 0 127 38 0 127 0 0 0
0 0 0 0 0 0 0 100 0 0 127 127 78 0 93 90 127 0 19 127 127 0 0 0 70
0 0 0 127 127 34 0 82.2381 57.8844 47.966 17.2789 14.4218 13.1973 3.26531
15.2381 52.7007 11.5646 43.585 0 5.57823 5.71429 0 127 86.625 1 0 0
0 0 0 0 0 16 16 0 0 0 0 0 0 127 51 0;
egregore_data 0 0 127 0 0 127 0 0 0 0 0 0 0 0 0 127 38 0 127 0 0 0
0 0 0 0 0 0 0 100 0 0 127 127 78 0 93 90 127 0 19 127 127 0 0 0 70
0 0 0 127 127 34 0 82.2381 57.8844 47.966 17.2789 14.4218 13.1973 3.26531
15.2381 52.7007 11.5646 43.585 0 5.57823 5.71429 0 127 86.625 1 0 0
0 0 0 0 0 16 16 0 0 0 0 0 0 127 51 0;
egregore_data 0 0 127 0 0 127 0 0 0 0 0 0 0 0 0 127 38 0 127 0 0 0
0 0 0 0 0 0 0 100 0 0 127 127 78 0 93 90 127 0 19 127 127 0 0 0 70
0 0 0 127 127 34 0 82.2381 57.8844 47.966 17.2789 14.4218 13.1973 3.26531
15.2381 52.7007 11.5646 43.585 0 5.57823 5.71429 0 127 86.625 1 0 0
0 0 0 0 0 16 16 0 0 0 0 0 0 127 51 0;
egregore_data 0 0 127 0 0 127 0 0 0 0 0 0 0 0 0 127 38 0 127 0 0 0
0 0 0 0 0 0 0 100 0 0 127 127 78 0 93 90 127 0 19 127 127 0 0 0 70
0 0 0 127 127 34 0 82.2381 57.8844 47.966 17.2789 14.4218 13.1973 3.26531
15.2381 52.7007 11.5646 43.585 0 5.57823 5.71429 0 127 86.625 1 0 0
0 0 0 0 0 16 16 0 0 0 0 0 0 127 51 0;
egregore_data 0 0 127 0 0 127 0 0 0 0 0 0 0 0 0 127 38 0 127 0 0 0
0 0 0 0 0 0 0 100 0 0 127 127 78 0 93 90 127 0 19 127 127 0 0 0 70
0 0 0 127 127 34 0 82.2381 57.8844 47.966 17.2789 14.4218 13.1973 3.26531
15.2381 52.7007 11.5646 43.585 0 5.57823 5.71429 0 127 86.625 1 0 0
0 0 0 0 0 16 16 0 0 0 0 0 0 127 51 0;
egregore_data 0 0 127 0 0 127 0 0 0 0 0 0 0 0 0 127 38 0 127 0 0 0
0 0 0 0 0 0 0 100 0 0 127 127 78 0 93 90 127 0 19 127 127 0 0 0 70
0 0 0 127 127 34 0 82.2381 57.8844 47.966 17.2789 14.4218 13.1973 3.26531
15.2381 52.7007 11.5646 43.585 0 5.57823 5.71429 0 127 86.625 1 0 0
0 0 0 0 0 16 16 0 0 0 0 0 0 127 51 0;
egregore_data 0 0 127 0 0 127 0 0 0 0 0 0 0 0 0 127 38 0 127 0 0 0
0 0 0 0 0 0 0 100 0 0 127 127 78 0 93 90 127 0 19 127 127 0 0 0 70
0 0 0 127 127 34 0 82.2381 57.8844 47.966 17.2789 14.4218 13.1973 3.26531
15.2381 52.7007 11.5646 43.585 0 5.57823 5.71429 0 127 86.625 1 0 0
0 0 0 0 0 16 16 0 0 0 0 0 0 127 51 0;
egregore_data 0 0 127 0 0 127 0 0 0 0 0 0 0 0 0 127 38 0 127 0 0 0
0 0 0 0 0 0 0 100 0 0 127 127 78 0 93 90 127 0 19 127 127 0 0 0 70
0 0 0 127 127 34 0 82.2381 57.8844 47.966 17.2789 14.4218 13.1973 3.26531
15.2381 52.7007 11.5646 43.585 0 5.57823 5.71429 0 127 86.625 1 0 0
0 0 0 0 0 16 16 0 0 0 0 0 0 127 51 0;
egregore_data 0 0 127 0 0 127 0 0 0 0 0 0 0 0 0 127 38 0 127 0 0 0
0 0 0 0 0 0 0 100 0 0 127 127 78 0 93 90 127 0 19 127 127 0 0 0 70
0 0 0 127 127 34 0 82.2381 57.8844 47.966 17.2789 14.4218 13.1973 3.26531
15.2381 52.7007 11.5646 43.585 0 5.57823 5.71429 0 127 86.625 1 0 0
0 0 0 0 0 16 16 0 0 0 0 0 0 127 51 0;
egregore_data 0 0 127 0 0 127 0 0 0 0 0 0 0 0 0 127 38 0 127 0 0 0
0 0 0 0 0 0 0 100 0 0 127 127 78 0 93 90 127 0 19 127 127 0 0 0 70
0 0 0 127 127 34 0 82.2381 57.8844 47.966 17.2789 14.4218 13.1973 3.26531
15.2381 52.7007 11.5646 43.585 0 5.57823 5.71429 0 127 86.625 1 0 0
0 0 0 0 0 16 16 0 0 0 0 0 0 127 51 0;
egregore_data 0 0 127 0 0 127 0 0 0 0 0 0 0 0 0 127 38 0 127 0 0 0
0 0 0 0 0 0 0 100 0 0 127 127 78 0 93 90 127 0 19 127 127 0 0 0 70
0 0 0 127 127 34 0 82.2381 57.8844 47.966 17.2789 14.4218 13.1973 3.26531
15.2381 52.7007 11.5646 43.585 0 5.57823 5.71429 0 127 86.625 1 0 0
0 0 0 0 0 16 16 0 0 0 0 0 0 127 51 0;
egregore_data 0 0 127 0 0 127 0 0 0 0 0 0 0 0 0 127 38 0 127 0 0 0
0 0 0 0 0 0 0 100 0 0 127 127 78 0 93 90 127 0 19 127 127 0 0 0 70
0 0 0 127 127 34 0 82.2381 57.8844 47.966 17.2789 14.4218 13.1973 3.26531
15.2381 52.7007 11.5646 43.585 0 5.57823 5.71429 0 127 86.625 1 0 0
0 0 0 0 0 16 16 0 0 0 0 0 0 127 51 0;
END;
