HTTP/1.1 200 OK
Date: Thu, 28 May 2015 12:24:38 GMT
Server: Apache
Last-Modified: Wed, 27 May 2015 19:12:52 GMT
Accept-Ranges: bytes
Content-Length: 24818
Vary: Accept-Encoding
Connection: close
Content-Type: text/plain

chdh_egregore_live_data;
egregore_data 0 0 127 0 0 127 0 0 0 0 0 0 0 0 0 127 38 0 107.122 0
0 0 0 0 0 35.8908 0 0 0 94.4783 0 0 127 127 78 1 0 0 127 0 0 30 127
0 0 0 70 0 0 0 0 127 34 0 53 99 83 0 0 0 0 32 0 0 21 0 40 0 0 127 88
0 0 0 0 0 0 0 0 16 16 0 0 0 0 0 0 127 51 0;
egregore_data 0 0 127 0 0 127 0 0 0 0 0 0 0 0 0 127 38 0 108.327 0
0 0 0 0 0 33.7155 0 0 0 94.813 0 0 127 127 78 1 0 0 127 0 0 30 127
0 0 0 70 0 0 0 0 127 34 0 53 99 83 0 0 0 0 32 0 0 21 0 40 0 0 127 88
0 0 0 0 0 0 0 0 16 16 0 0 0 0 0 0 127 51 0;
egregore_data 0 0 127 0 0 127 0 0 0 0 0 0 0 0 0 127 38 0 108.929 0
0 0 0 0 0 32.6279 0 0 0 94.9803 0 0 127 127 78 1 0 0 127 0 0 30 127
0 0 0 70 0 0 0 0 127 34 0 53 99 83 0 0 0 0 32 0 0 21 0 40 0 0 127 88
0 0 0 0 0 0 0 0 16 16 0 0 0 0 0 0 127 51 0;
egregore_data 0 0 127 0 0 127 0 0 0 0 0 0 0 0 0 127 38 0 108.929 0
0 0 0 0 0 32.6279 0 0 0 94.9803 0 0 127 127 78 1 0 0 127 0 0 30 127
0 0 0 70 0 0 0 0 127 34 0 53 99 83 0 0 0 0 32 0 0 21 0 40 0 0 127 88
0 0 0 0 0 0 0 0 16 16 0 0 0 0 0 0 127 51 0;
egregore_data 0 0 127 0 0 127 0 0 0 0 0 0 0 0 0 127 38 0 109.532 0
0 0 0 0 0 31.5403 0 0 0 95.1476 0 0 127 127 78 1 0 0 127 0 0 30 127
0 0 0 70 0 0 0 0 127 34 0 53 99 83 0 0 0 0 32 0 0 21 0 40 0 0 127 88
0 0 0 0 0 0 0 0 16 16 0 0 0 0 0 0 127 51 0;
egregore_data 0 0 127 0 0 127 0 0 0 0 0 0 0 0 0 127 38 0 110.134 0
0 0 0 0 0 30.4528 0 0 0 95.315 0 0 127 127 78 1 0 0 127 0 0 30 127
0 0 0 70 0 0 0 0 127 34 0 53 99 83 0 0 0 0 32 0 0 21 0 40 0 0 127 88
0 0 0 0 0 0 0 0 16 16 0 0 0 0 0 0 127 51 0;
egregore_data 0 0 127 0 0 127 0 0 0 0 0 0 0 0 0 127 38 0 110.736 0
0 0 0 0 0 29.3651 0 0 0 95.4823 0 0 127 127 78 1 0 0 127 0 0 30 127
0 0 0 70 0 0 0 0 127 34 0 53 99 83 0 0 0 0 32 0 0 21 0 40 0 0 127 88
0 0 0 0 0 0 0 0 16 16 0 0 0 0 0 0 127 51 0;
egregore_data 0 0 127 0 0 127 0 0 0 0 0 0 0 0 0 127 38 0 110.736 0
0 0 0 0 0 29.3651 0 0 0 95.4823 0 0 127 127 78 1 0 0 127 0 0 30 127
0 0 0 70 0 0 0 0 127 34 0 53 99 83 0 0 0 0 32 0 0 21 0 40 0 0 127 88
0 0 0 0 0 0 0 0 16 16 0 0 0 0 0 0 127 51 0;
egregore_data 0 0 127 0 0 127 0 0 0 0 0 0 0 0 0 127 38 0 111.941 0
0 0 0 0 0 27.1899 0 0 0 95.8169 0 0 127 127 78 1 0 0 127 0 0 30 127
0 0 0 70 0 0 0 0 127 34 0 53 99 83 0 0 0 0 32 0 0 21 0 40 0 0 127 88
0 0 0 0 0 0 0 0 16 16 0 0 0 0 0 0 127 51 0;
egregore_data 0 0 127 0 0 127 0 0 0 0 0 0 0 0 0 127 38 0 112.543 0
0 0 0 0 0 26.1024 0 0 0 95.9843 0 0 127 127 78 1 0 0 127 0 0 30 127
0 0 0 70 0 0 0 0 127 34 0 53 99 83 0 0 0 0 32 0 0 21 0 40 0 0 127 88
0 0 0 0 0 0 0 0 16 16 0 0 0 0 0 0 127 51 0;
egregore_data 0 0 127 0 0 127 0 0 0 0 0 0 0 0 0 127 38 0 112.543 0
0 0 0 0 0 26.1024 0 0 0 95.9843 0 0 127 127 78 1 0 0 127 0 0 30 127
0 0 0 70 0 0 0 0 127 34 0 53 99 83 0 0 0 0 32 0 0 21 0 40 0 0 127 88
0 0 0 0 0 0 0 0 16 16 0 0 0 0 0 0 127 51 0;
egregore_data 0 0 127 0 0 127 0 0 0 0 0 0 0 0 0 127 38 0 112.543 0
0 0 0 0 0 26.1024 0 0 0 95.9843 0 0 127 127 78 1 0 0 127 0 0 30 127
0 0 0 70 0 0 0 0 127 34 0 53 99 83 0 0 0 0 32 0 0 21 0 40 0 0 127 88
0 0 0 0 0 0 0 0 16 16 0 0 0 0 0 0 127 51 0;
egregore_data 0 0 127 0 0 127 0 0 0 0 0 0 0 0 0 127 38 0 112.543 0
0 0 0 0 0 26.1024 0 0 0 95.9843 0 0 127 127 78 1 0 0 127 0 0 30 127
0 0 0 70 0 0 0 0 127 34 0 53 99 83 0 0 0 0 32 0 0 21 0 40 0 0 127 88
0 0 0 0 0 0 0 0 16 16 0 0 0 0 0 0 127 51 0;
egregore_data 0 0 127 0 0 127 0 0 0 0 0 0 0 0 0 127 38 0 112.543 0
0 0 0 0 0 26.1024 0 0 0 95.9843 0 0 127 127 78 1 0 0 127 0 0 30 127
0 0 0 70 0 0 0 0 127 34 0 53 99 83 0 0 0 0 32 0 0 21 0 40 0 0 127 88
0 0 0 0 0 0 0 0 16 16 0 0 0 0 0 0 127 51 0;
egregore_data 0 0 127 0 0 127 0 0 0 0 0 0 0 0 0 127 38 0 113.146 0
0 0 0 0 0 25.0147 0 0 0 96.1516 0 0 127 127 78 1 0 0 127 0 0 30 127
0 0 0 70 0 0 0 0 127 34 0 53 99 83 0 0 0 0 32 0 0 21 0 40 0 0 127 88
0 0 0 0 0 0 0 0 16 16 0 0 0 0 0 0 127 51 0;
egregore_data 0 0 127 0 0 127 0 0 0 0 0 0 0 0 0 127 38 0 113.146 0
0 0 0 0 0 25.0147 0 0 0 96.1516 0 0 127 127 78 1 0 0 127 0 0 30 127
0 0 0 70 0 0 0 0 127 34 0 53 99 83 0 0 0 0 32 0 0 21 0 40 0 0 127 88
0 0 0 0 0 0 0 0 16 16 0 0 0 0 0 0 127 51 0;
egregore_data 0 0 127 0 0 127 0 0 0 0 0 0 0 0 0 127 38 0 113.146 0
0 0 0 0 0 25.0147 0 0 0 96.1516 0 0 127 127 78 1 0 0 127 0 0 30 127
0 0 0 70 0 0 0 0 127 34 0 53 99 83 0 0 0 0 32 0 0 21 0 40 0 0 127 88
0 0 0 0 0 0 0 0 16 16 0 0 0 0 0 0 127 51 0;
egregore_data 0 0 127 0 0 127 0 0 0 0 0 0 0 0 0 127 38 0 113.146 0
0 0 0 0 0 25.0147 0 0 0 96.1516 0 0 127 127 78 1 0 0 127 0 0 30 127
0 0 0 70 0 0 0 0 127 34 0 53 99 83 0 0 0 0 32 0 0 21 0 40 0 0 127 88
0 0 0 0 0 0 0 0 16 16 0 0 0 0 0 0 127 51 0;
egregore_data 0 0 127 0 0 127 0 0 0 0 0 0 0 0 0 127 38 0 113.748 0
0 0 0 0 0 23.9272 0 0 0 96.3189 0 0 127 127 78 1 0 0 127 0 0 30 127
0 0 0 70 0 0 0 0 127 34 0 53 99 83 0 0 0 0 32 0 0 21 0 40 0 0 127 88
0 0 0 0 0 0 0 0 16 16 0 0 0 0 0 0 127 51 0;
egregore_data 0 0 127 0 0 127 0 0 0 0 0 0 0 0 0 127 38 0 113.748 0
0 0 0 0 0 23.9272 0 0 0 96.3189 0 0 127 127 78 1 0 0 127 0 0 30 127
0 0 0 70 0 0 0 0 127 34 0 53 99 83 0 0 0 0 32 0 0 21 0 40 0 0 127 88
0 0 0 0 0 0 0 0 16 16 0 0 0 0 0 0 127 51 0;
egregore_data 0 0 127 0 0 127 0 0 0 0 0 0 0 0 0 127 38 0 113.748 0
0 0 0 0 0 23.9272 0 0 0 96.3189 0 0 127 127 78 1 0 0 127 0 0 30 127
0 0 0 70 0 0 0 0 127 34 0 53 99 83 0 0 0 0 32 0 0 21 0 40 0 0 127 88
0 0 0 0 0 0 0 0 16 16 0 0 0 0 0 0 127 51 0;
egregore_data 0 0 127 0 0 127 0 0 0 0 0 0 0 0 0 127 38 0 114.35 0 0
0 0 0 0 22.8395 0 0 0 96.4862 0 0 127 127 78 1 0 0 127 0 0 30 127 0
0 0 70 0 0 0 0 127 34 0 53 99 83 0 0 0 0 32 0 0 21 0 40 0 0 127 88
0 0 0 0 0 0 0 0 16 16 0 0 0 0 0 0 127 51 0;
egregore_data 0 0 127 0 0 127 0 0 0 0 0 0 0 0 0 127 38 0 114.35 0 0
0 0 0 0 22.8395 0 0 0 96.4862 0 0 127 127 78 1 0 0 127 0 0 30 127 0
0 0 70 0 0 0 0 127 34 0 53 99 83 0 0 0 0 32 0 0 21 0 40 0 0 127 88
0 0 0 0 0 0 0 0 16 16 0 0 0 0 0 0 127 51 0;
egregore_data 0 0 127 0 0 127 0 0 0 0 0 0 0 0 0 127 38 0 115.555 0
0 0 0 0 0 20.6643 0 0 0 96.8209 0 0 127 127 78 1 0 0 127 0 0 30 127
0 0 0 70 0 0 0 0 127 34 0 53 99 83 0 0 0 0 32 0 0 21 0 40 0 0 127 88
0 0 0 0 0 0 0 0 16 16 0 0 0 0 0 0 127 51 0;
egregore_data 0 0 127 0 0 127 0 0 0 0 0 0 0 0 0 127 38 0 115.555 0
0 0 0 0 0 20.6643 0 0 0 96.8209 0 0 127 127 78 1 0 0 127 0 0 30 127
0 0 0 70 0 0 0 0 127 34 0 53 99 83 0 0 0 0 32 0 0 21 0 40 0 0 127 88
0 0 0 0 0 0 0 0 16 16 0 0 0 0 0 0 127 51 0;
egregore_data 0 0 127 0 0 127 0 0 0 0 0 0 0 0 0 127 38 0 116.157 0
0 0 0 0 0 19.5768 0 0 0 96.9882 0 0 127 127 78 1 0 0 127 0 0 30 127
0 0 0 70 0 0 0 0 127 34 0 53 99 83 0 0 0 0 32 0 0 21 0 40 0 0 127 88
0 0 0 0 0 0 0 0 16 16 0 0 0 0 0 0 127 51 0;
egregore_data 0 0 127 0 0 127 0 0 0 0 0 0 0 0 0 127 38 0 116.157 0
0 0 0 0 0 19.5768 0 0 0 96.9882 0 0 127 127 78 1 0 0 127 0 0 30 127
0 0 0 70 0 0 0 0 127 34 0 53 99 83 0 0 0 0 32 0 0 21 0 40 0 0 127 88
0 0 0 0 0 0 0 0 16 16 0 0 0 0 0 0 127 51 0;
egregore_data 0 0 127 0 0 127 0 0 0 0 0 0 0 0 0 127 38 0 116.157 0
0 0 0 0 0 19.5768 0 0 0 96.9882 0 0 127 127 78 1 0 0 127 0 0 30 127
0 0 0 70 0 0 0 0 127 34 0 53 99 83 0 0 0 0 32 0 0 21 0 40 0 0 127 88
0 0 0 0 0 0 0 0 16 16 0 0 0 0 0 0 127 51 0;
egregore_data 0 0 127 0 0 127 0 0 0 0 0 0 0 0 0 127 38 0 116.76 0 0
0 0 0 0 18.4892 0 0 0 97.1555 0 0 127 127 78 1 0 0 127 0 0 30 127 0
0 0 70 0 0 0 0 127 34 0 53 99 83 0 0 0 0 32 0 0 21 0 40 0 0 127 88
0 0 0 0 0 0 0 0 16 16 0 0 0 0 0 0 127 51 0;
egregore_data 0 0 127 0 0 127 0 0 0 0 0 0 0 0 0 127 38 0 117.362 0
0 0 0 0 0 17.4015 0 0 0 97.3228 0 0 127 127 78 1 0 0 127 0 0 30 127
0 0 0 70 0 0 0 0 127 34 0 53 99 83 0 0 0 0 32 0 0 21 0 40 0 0 127 88
0 0 0 0 0 0 0 0 16 16 0 0 0 0 0 0 127 51 0;
egregore_data 0 0 127 0 0 127 0 0 0 0 0 0 0 0 0 127 38 0 117.362 0
0 0 0 0 0 17.4015 0 0 0 97.3228 0 0 127 127 78 1 0 0 127 0 0 30 127
0 0 0 70 0 0 0 0 127 34 0 53 99 83 0 0 0 0 32 0 0 21 0 40 0 0 127 88
0 0 0 0 0 0 0 0 16 16 0 0 0 0 0 0 127 51 0;
egregore_data 0 0 127 0 0 127 0 0 0 0 0 0 0 0 0 127 38 0 117.362 0
0 0 0 0 0 17.4015 0 0 0 97.3228 0 0 127 127 78 1 0 0 127 0 0 30 127
0 0 0 70 0 0 0 0 127 34 0 53 99 83 0 0 0 0 32 0 0 21 0 40 0 0 127 88
0 0 0 0 0 0 0 0 16 16 0 0 0 0 0 0 127 51 0;
egregore_data 0 0 127 0 0 127 0 0 0 0 0 0 0 0 0 127 38 0 117.965 0
0 0 0 0 0 16.314 0 0 0 97.4902 0 0 127 127 78 1 0 0 127 0 0 30 127
0 0 0 70 0 0 0 0 127 34 0 53 99 83 0 0 0 0 32 0 0 21 0 40 0 0 127 88
0 0 0 0 0 0 0 0 16 16 0 0 0 0 0 0 127 51 0;
egregore_data 0 0 127 0 0 127 0 0 0 0 0 0 0 0 0 127 38 0 118.567 0
0 0 0 0 0 15.2263 0 0 0 97.6575 0 0 127 127 78 1 0 0 127 0 0 30 127
0 0 0 70 0 0 0 0 127 34 0 53 99 83 0 0 0 0 32 0 0 21 0 40 0 0 127 88
0 0 0 0 0 0 0 0 16 16 0 0 0 0 0 0 127 51 0;
egregore_data 0 0 127 0 0 127 0 0 0 0 0 0 0 0 0 127 38 0 118.567 0
0 0 0 0 0 15.2263 0 0 0 97.6575 0 0 127 127 78 1 0 0 127 0 0 30 127
0 0 0 70 0 0 0 0 127 34 0 53 99 83 0 0 0 0 32 0 0 21 0 40 0 0 127 88
0 0 0 0 0 0 0 0 16 16 0 0 0 0 0 0 127 51 0;
egregore_data 0 0 127 0 0 127 0 0 0 0 0 0 0 0 0 127 38 0 118.567 0
0 0 0 0 0 15.2263 0 0 0 97.6575 0 0 127 127 78 1 0 0 127 0 0 30 127
0 0 0 70 0 0 0 0 127 34 0 53 99 83 0 0 0 0 32 0 0 21 0 40 0 0 127 88
0 0 0 0 0 0 0 0 16 16 0 0 0 0 0 0 127 51 0;
egregore_data 0 0 127 0 0 127 0 0 0 0 0 0 0 0 0 127 38 0 119.772 0
0 0 0 0 0 13.0511 0 0 0 97.9921 0 0 127 127 78 1 0 0 127 0 0 30 127
0 0 0 70 0 0 0 0 127 34 0 53 99 83 0 0 0 0 32 0 0 21 0 40 0 0 127 88
0 0 0 0 0 0 0 0 16 16 0 0 0 0 0 0 127 51 0;
egregore_data 0 0 127 0 0 127 0 0 0 0 0 0 0 0 0 127 38 0 119.772 0
0 0 0 0 0 13.0511 0 0 0 97.9921 0 0 127 127 78 1 0 0 127 0 0 30 127
0 0 0 70 0 0 0 0 127 34 0 53 99 83 0 0 0 0 32 0 0 21 0 40 0 0 127 88
0 0 0 0 0 0 0 0 16 16 0 0 0 0 0 0 127 51 0;
egregore_data 0 0 127 0 0 127 0 0 0 0 0 0 0 0 0 127 38 0 119.772 0
0 0 0 0 0 13.0511 0 0 0 97.9921 0 0 127 127 78 1 0 0 127 0 0 30 127
0 0 0 70 0 0 0 0 127 34 0 53 99 83 0 0 0 0 32 0 0 21 0 40 0 0 127 88
0 0 0 0 0 0 0 0 16 16 0 0 0 0 0 0 127 51 0;
egregore_data 0 0 127 0 0 127 0 0 0 0 0 0 0 0 0 127 38 0 120.374 0
0 0 0 0 0 11.9636 0 0 0 98.1594 0 0 127 127 78 1 0 0 127 0 0 30 127
0 0 0 70 0 0 0 0 127 34 0 53 99 83 0 0 0 0 32 0 0 21 0 40 0 0 127 88
0 0 0 0 0 0 0 0 16 16 0 0 0 0 0 0 127 51 0;
egregore_data 0 0 127 0 0 127 0 0 0 0 0 0 0 0 0 127 38 0 120.374 0
0 0 0 0 0 11.9636 0 0 0 98.1594 0 0 127 127 78 1 0 0 127 0 0 30 127
0 0 0 70 0 0 0 0 127 34 0 53 99 83 0 0 0 0 32 0 0 21 0 40 0 0 127 88
0 0 0 0 0 0 0 0 16 16 0 0 0 0 0 0 127 51 0;
egregore_data 0 0 127 0 0 127 0 0 0 0 0 0 0 0 0 127 38 0 120.976 0
0 0 0 0 0 10.8759 0 0 0 98.3268 0 0 127 127 78 1 0 0 127 0 0 30 127
0 0 0 70 0 0 0 0 127 34 0 53 99 83 0 0 0 0 32 0 0 21 0 40 0 0 127 88
0 0 0 0 0 0 0 0 16 16 0 0 0 0 0 0 127 51 0;
egregore_data 0 0 127 0 0 127 0 0 0 0 0 0 0 0 0 127 38 0 120.976 0
0 0 0 0 0 10.8759 0 0 0 98.3268 0 0 127 127 78 1 0 0 127 0 0 30 127
0 0 0 70 0 0 0 0 127 34 0 53 99 83 0 0 0 0 32 0 0 21 0 40 0 0 127 88
0 0 0 0 0 0 0 0 16 16 0 0 0 0 0 0 127 51 0;
egregore_data 0 0 127 0 0 127 0 0 0 0 0 0 0 0 0 127 38 0 120.976 0
0 0 0 0 0 10.8759 0 0 0 98.3268 0 0 127 127 78 1 0 0 127 0 0 30 127
0 0 0 70 0 0 0 0 127 34 0 53 99 83 0 0 0 0 32 0 0 21 0 40 0 0 127 88
0 0 0 0 0 0 0 0 16 16 0 0 0 0 0 0 127 51 0;
egregore_data 0 0 127 0 0 127 0 0 0 0 0 0 0 0 0 127 38 0 120.976 0
0 0 0 0 0 10.8759 0 0 0 98.3268 0 0 127 127 78 1 0 0 127 0 0 30 127
0 0 0 70 0 0 0 0 127 34 0 53 99 83 0 0 0 0 32 0 0 21 0 40 0 0 127 88
0 0 0 0 0 0 0 0 16 16 0 0 0 0 0 0 127 51 0;
egregore_data 0 0 127 0 0 127 0 0 0 0 0 0 0 0 0 127 38 0 121.579 0
0 0 0 0 0 9.78841 0 0 0 98.4941 0 0 127 127 78 1 0 0 127 0 0 30 127
0 0 0 70 0 0 0 0 127 34 0 53 99 83 0 0 0 0 32 0 0 21 0 40 0 0 127 88
0 0 0 0 0 0 0 0 16 16 0 0 0 0 0 0 127 51 0;
egregore_data 0 0 127 0 0 127 0 0 0 0 0 0 0 0 0 127 38 0 121.579 0
0 0 0 0 0 9.78841 0 0 0 98.4941 0 0 127 127 78 1 0 0 127 0 0 30 127
0 0 0 70 0 0 0 0 127 34 0 53 99 83 0 0 0 0 32 0 0 21 0 40 0 0 127 88
0 0 0 0 0 0 0 0 16 16 0 0 0 0 0 0 127 51 0;
egregore_data 0 0 127 0 0 127 0 0 0 0 0 0 0 0 0 127 38 0 121.579 0
0 0 0 0 0 9.78841 0 0 0 98.4941 0 0 127 127 78 1 0 0 127 0 0 30 127
0 0 0 70 0 0 0 0 127 34 0 53 99 83 0 0 0 0 32 0 0 21 0 40 0 0 127 88
0 0 0 0 0 0 0 0 16 16 0 0 0 0 0 0 127 51 0;
egregore_data 0 0 127 0 0 127 0 0 0 0 0 0 0 0 0 127 38 0 121.579 0
0 0 0 0 0 9.78841 0 0 0 98.4941 0 0 127 127 78 1 0 0 127 0 0 30 127
0 0 0 70 0 0 0 0 127 34 0 53 99 83 0 0 0 0 32 0 0 21 0 40 0 0 127 88
0 0 0 0 0 0 0 0 16 16 0 0 0 0 0 0 127 51 0;
egregore_data 0 0 127 0 0 127 0 0 0 0 0 0 0 0 0 127 38 0 121.579 0
0 0 0 0 0 9.78841 0 0 0 98.4941 0 0 127 127 78 1 0 0 127 0 0 30 127
0 0 0 70 0 0 0 0 127 34 0 53 99 83 0 0 0 0 32 0 0 21 0 40 0 0 127 88
0 0 0 0 0 0 0 0 16 16 0 0 0 0 0 0 127 51 0;
egregore_data 0 0 127 0 0 127 0 0 0 0 0 0 0 0 0 127 38 0 121.579 0
0 0 0 0 0 9.78841 0 0 0 98.4941 0 0 127 127 78 1 0 0 127 0 0 30 127
0 0 0 70 0 0 0 0 127 34 0 53 99 83 0 0 0 0 32 0 0 21 0 40 0 0 127 88
0 0 0 0 0 0 0 0 16 16 0 0 0 0 0 0 127 51 0;
egregore_data 0 0 127 0 0 127 0 0 0 0 0 0 0 0 0 127 38 0 121.579 0
0 0 0 0 0 9.78841 0 0 0 98.4941 0 0 127 127 78 1 0 0 127 0 0 30 127
0 0 0 70 0 0 0 0 127 34 0 53 99 83 0 0 0 0 32 0 0 21 0 40 0 0 127 88
0 0 0 0 0 0 0 0 16 16 0 0 0 0 0 0 127 51 0;
egregore_data 0 0 127 0 0 127 0 0 0 0 0 0 0 0 0 127 38 0 122.181 0
0 0 0 0 0 8.70075 0 0 0 98.6614 0 0 127 127 78 1 0 0 127 0 0 30 127
0 0 0 70 0 0 0 0 127 34 0 53 99 83 0 0 0 0 32 0 0 21 0 40 0 0 127 88
0 0 0 0 0 0 0 0 16 16 0 0 0 0 0 0 127 51 0;
egregore_data 0 0 127 0 0 127 0 0 0 0 0 0 0 0 0 127 38 0 122.181 0
0 0 0 0 0 8.70075 0 0 0 98.6614 0 0 127 127 78 1 0 0 127 0 0 30 127
0 0 0 70 0 0 0 0 127 34 0 53 99 83 0 0 0 0 32 0 0 21 0 40 0 0 127 88
0 0 0 0 0 0 0 0 16 16 0 0 0 0 0 0 127 51 0;
egregore_data 0 0 127 0 0 127 0 0 0 0 0 0 0 0 0 127 38 0 122.181 0
0 0 0 0 0 8.70075 0 0 0 98.6614 0 0 127 127 78 1 0 0 127 0 0 30 127
0 0 0 70 0 0 0 0 127 34 0 53 99 83 0 0 0 0 32 0 0 21 0 40 0 0 127 88
0 0 0 0 0 0 0 0 16 16 0 0 0 0 0 0 127 51 0;
egregore_data 0 0 127 0 0 127 0 0 0 0 0 0 0 0 0 127 38 0 122.181 0
0 0 0 0 0 8.70075 0 0 0 98.6614 0 0 127 127 78 1 0 0 127 0 0 30 127
0 0 0 70 0 0 0 0 127 34 0 53 99 83 0 0 0 0 32 0 0 21 0 40 0 0 127 88
0 0 0 0 0 0 0 0 16 16 0 0 0 0 0 0 127 51 0;
egregore_data 0 0 127 0 0 127 0 0 0 0 0 0 0 0 0 127 38 0 122.181 0
0 0 0 0 0 8.70075 0 0 0 98.6614 0 0 127 127 78 1 0 0 127 0 0 30 127
0 0 0 70 0 0 0 0 127 34 0 53 99 83 0 0 0 0 32 0 0 21 0 40 0 0 127 88
0 0 0 0 0 0 0 0 16 16 0 0 0 0 0 0 127 51 0;
egregore_data 0 0 127 0 0 127 0 0 0 0 0 0 0 0 0 127 38 0 122.181 0
0 0 0 0 0 8.70075 0 0 0 98.6614 0 0 127 127 78 1 0 0 127 0 0 30 127
0 0 0 70 0 0 0 0 127 34 0 53 99 83 0 0 0 0 32 0 0 21 0 40 0 0 127 88
0 0 0 0 0 0 0 0 16 16 0 0 0 0 0 0 127 51 0;
egregore_data 0 0 127 0 0 127 0 0 0 0 0 0 0 0 0 127 38 0 122.181 0
0 0 0 0 0 8.70075 0 0 0 98.6614 0 0 127 127 78 1 0 0 127 0 0 30 127
0 0 0 70 0 0 0 0 127 34 0 53 99 83 0 0 0 0 32 0 0 21 0 40 0 0 127 88
0 0 0 0 0 0 0 0 16 16 0 0 0 0 0 0 127 51 0;
egregore_data 0 0 127 0 0 127 0 0 0 0 0 0 0 0 0 127 38 0 122.181 0
0 0 0 0 0 8.70075 0 0 0 98.6614 0 0 127 127 78 1 0 0 127 0 0 30 127
0 0 0 70 0 0 0 0 127 34 0 53 99 83 0 0 0 0 32 0 0 21 0 40 0 0 127 88
0 0 0 0 0 0 0 0 16 16 0 0 0 0 0 0 127 51 0;
egregore_data 0 0 127 0 0 127 0 0 0 0 0 0 0 0 0 127 38 0 122.181 0
0 0 0 0 0 8.70075 0 0 0 98.6614 0 0 127 127 78 1 0 0 127 0 0 30 127
0 0 0 70 0 0 0 0 127 34 0 53 99 83 0 0 0 0 32 0 0 21 0 40 0 0 127 88
0 0 0 0 0 0 0 0 16 16 0 0 0 0 0 0 127 51 0;
egregore_data 0 0 127 0 0 127 0 0 0 0 0 0 0 0 0 127 38 0 122.181 0
0 0 0 0 0 8.70075 0 0 0 98.6614 0 0 127 127 78 1 0 0 127 0 0 30 127
0 0 0 70 0 0 0 0 127 34 0 53 99 83 0 0 0 0 32 0 0 21 0 40 0 0 127 88
0 0 0 0 0 0 0 0 16 16 0 0 0 0 0 0 127 51 0;
egregore_data 0 0 127 0 0 127 0 0 0 0 0 0 0 0 0 127 38 0 122.181 0
0 0 0 0 0 8.70075 0 0 0 98.6614 0 0 127 127 78 1 0 0 127 0 0 30 127
0 0 0 70 0 0 0 0 127 34 0 53 99 83 0 0 0 0 32 0 0 21 0 40 0 0 127 88
0 0 0 0 0 0 0 0 16 16 0 0 0 0 0 0 127 51 0;
egregore_data 0 0 127 0 0 127 0 0 0 0 0 0 0 0 0 127 38 0 122.181 0
0 0 0 0 0 8.70075 0 0 0 98.6614 0 0 127 127 78 1 0 0 127 0 0 30 127
0 0 0 70 0 0 0 0 127 34 0 53 99 83 0 0 0 0 32 0 0 21 0 40 0 0 127 88
0 0 0 0 0 0 0 0 16 16 0 0 0 0 0 0 127 51 0;
egregore_data 0 0 127 0 0 127 0 0 0 0 0 0 0 0 0 127 38 0 122.181 0
0 0 0 0 0 8.70075 0 0 0 98.6614 0 0 127 127 78 1 0 0 127 0 0 30 127
0 0 0 70 0 0 0 0 127 34 0 53 99 83 0 0 0 0 32 0 0 21 0 40 0 0 127 88
0 0 0 0 0 0 0 0 16 16 0 0 0 0 0 0 127 51 0;
egregore_data 0 0 127 0 0 127 0 0 0 0 0 0 0 0 0 127 38 0 123.386 0
0 0 0 0 0 6.52556 0 0 0 98.9961 0 0 127 127 78 1 0 0 127 0 0 30 127
0 0 0 70 0 0 0 0 127 34 0 53 99 83 0 0 0 0 32 0 0 21 0 40 0 0 127 88
0 0 0 0 0 0 0 0 16 16 0 0 0 0 0 0 127 51 0;
egregore_data 0 0 127 0 0 127 0 0 0 0 0 0 0 0 0 127 38 0 123.386 0
0 0 0 0 0 6.52556 0 0 0 98.9961 0 0 127 127 78 1 0 0 127 0 0 30 127
0 0 0 70 0 0 0 0 127 34 0 53 99 83 0 0 0 0 32 0 0 21 0 40 0 0 127 88
0 0 0 0 0 0 0 0 16 16 0 0 0 0 0 0 127 51 0;
egregore_data 0 0 127 0 0 127 0 0 0 0 0 0 0 0 0 127 38 0 123.386 0
0 0 0 0 0 6.52556 0 0 0 98.9961 0 0 127 127 78 1 0 0 127 0 0 30 127
0 0 0 70 0 0 0 0 127 34 0 53 99 83 0 0 0 0 32 0 0 21 0 40 0 0 127 88
0 0 0 0 0 0 0 0 16 16 0 0 0 0 0 0 127 51 0;
egregore_data 0 0 127 0 0 127 0 0 0 0 0 0 0 0 0 127 38 0 123.988 0
0 0 0 0 0 5.43803 0 0 0 99.1634 0 0 127 127 78 1 0 0 127 0 0 30 127
0 0 0 70 0 0 0 0 127 34 0 53 99 83 0 0 0 0 32 0 0 21 0 40 0 0 127 88
0 0 0 0 0 0 0 0 16 16 0 0 0 0 0 0 127 51 0;
egregore_data 0 0 127 0 0 127 0 0 0 0 0 0 0 0 0 127 38 0 123.988 0
0 0 0 0 0 5.43803 0 0 0 99.1634 0 0 127 127 78 1 0 0 127 0 0 30 127
0 0 0 70 0 0 0 0 127 34 0 53 99 83 0 0 0 0 32 0 0 21 0 40 0 0 127 88
0 0 0 0 0 0 0 0 16 16 0 0 0 0 0 0 127 51 0;
egregore_data 0 0 127 0 0 127 0 0 0 0 0 0 0 0 0 127 38 0 123.988 0
0 0 0 0 0 5.43803 0 0 0 99.1634 0 0 127 127 78 1 0 0 127 0 0 30 127
0 0 0 70 0 0 0 0 127 34 0 53 99 83 0 0 0 0 32 0 0 21 0 40 0 0 127 88
0 0 0 0 0 0 0 0 16 16 0 0 0 0 0 0 127 51 0;
egregore_data 0 0 127 0 0 127 0 0 0 0 0 0 0 0 0 127 38 0 123.988 0
0 0 0 0 0 5.43803 0 0 0 99.1634 0 0 127 127 78 1 0 0 127 0 0 30 127
0 0 0 70 0 0 0 0 127 34 0 53 99 83 0 0 0 0 32 0 0 21 0 40 0 0 127 88
0 0 0 0 0 0 0 0 16 16 0 0 0 0 0 0 127 51 0;
egregore_data 0 0 127 0 0 127 0 0 0 0 0 0 0 0 0 127 38 0 124.591 0
0 0 0 0 0 4.35038 0 0 0 99.3307 0 0 127 127 78 1 0 0 127 0 0 30 127
0 0 0 70 0 0 0 0 127 34 0 53 99 83 0 0 0 0 32 0 0 21 0 40 0 0 127 88
0 0 0 0 0 0 0 0 16 16 0 0 0 0 0 0 127 51 0;
egregore_data 0 0 127 0 0 127 0 0 0 0 0 0 0 0 0 127 38 0 124.591 0
0 0 0 0 0 4.35038 0 0 0 99.3307 0 0 127 127 78 1 0 0 127 0 0 30 127
0 0 0 70 0 0 0 0 127 34 0 53 99 83 0 0 0 0 32 0 0 21 0 40 0 0 127 88
0 0 0 0 0 0 0 0 16 16 0 0 0 0 0 0 127 51 0;
egregore_data 0 0 127 0 0 127 0 0 0 0 0 0 0 0 0 127 38 0 124.591 0
0 0 0 0 0 4.35038 0 0 0 99.3307 0 0 127 127 78 1 0 0 127 0 0 30 127
0 0 0 70 0 0 0 0 127 34 0 53 99 83 0 0 0 0 32 0 0 21 0 40 0 0 127 88
0 0 0 0 0 0 0 0 16 16 0 0 0 0 0 0 127 51 0;
egregore_data 0 0 127 0 0 127 0 0 0 0 0 0 0 0 0 127 38 0 124.591 0
0 0 0 0 0 4.35038 0 0 0 99.3307 0 0 127 127 78 1 0 0 127 0 0 30 127
0 0 0 70 0 0 0 0 127 34 0 53 99 83 0 0 0 0 32 0 0 21 0 40 0 0 127 88
0 0 0 0 0 0 0 0 16 16 0 0 0 0 0 0 127 51 0;
egregore_data 0 0 127 0 0 127 0 0 0 0 0 0 0 0 0 127 38 0 124.591 0
0 0 0 0 0 4.35038 0 0 0 99.3307 0 0 127 127 78 1 0 0 127 0 0 30 127
0 0 0 70 0 0 0 0 127 34 0 53 99 83 0 0 0 0 32 0 0 21 0 40 0 0 127 88
0 0 0 0 0 0 0 0 16 16 0 0 0 0 0 0 127 51 0;
egregore_data 0 0 127 0 0 127 0 0 0 0 0 0 0 0 0 127 38 0 124.591 0
0 0 0 0 0 4.35038 0 0 0 99.3307 0 0 127 127 78 1 0 0 127 0 0 30 127
0 0 0 70 0 0 0 0 127 34 0 53 99 83 0 0 0 0 32 0 0 21 0 40 0 0 127 88
0 0 0 0 0 0 0 0 16 16 0 0 0 0 0 0 127 51 0;
egregore_data 0 0 127 0 0 127 0 0 0 0 0 0 0 0 0 127 38 0 124.591 0
0 0 0 0 0 4.35038 0 0 0 99.3307 0 0 127 127 78 1 0 0 127 0 0 30 127
0 0 0 70 0 0 0 0 127 34 0 53 99 83 0 0 0 0 32 0 0 21 0 40 0 0 127 88
0 0 0 0 0 0 0 0 16 16 0 0 0 0 0 0 127 51 0;
egregore_data 0 0 127 0 0 127 0 0 0 0 0 0 0 0 0 127 38 0 125.193 0
0 0 0 0 0 3.26284 0 0 0 99.498 0 0 127 127 78 1 0 0 127 0 0 30 127
0 0 0 70 0 0 0 0 127 34 0 53 99 83 0 0 0 0 32 0 0 21 0 40 0 0 127 88
0 0 0 0 0 0 0 0 16 16 0 0 0 0 0 0 127 51 0;
egregore_data 0 0 127 0 0 127 0 0 0 0 0 0 0 0 0 127 38 0 125.193 0
0 0 0 0 0 3.26284 0 0 0 99.498 0 0 127 127 78 1 0 0 127 0 0 30 127
0 0 0 70 0 0 0 0 127 34 0 53 99 83 0 0 0 0 32 0 0 21 0 40 0 0 127 88
0 0 0 0 0 0 0 0 16 16 0 0 0 0 0 0 127 51 0;
egregore_data 0 0 127 0 0 127 0 0 0 0 0 0 0 0 0 127 38 0 125.193 0
0 0 0 0 0 3.26284 0 0 0 99.498 0 0 127 127 78 1 0 0 127 0 0 30 127
0 0 0 70 0 0 0 0 127 34 0 53 99 83 0 0 0 0 32 0 0 21 0 40 0 0 127 88
0 0 0 0 0 0 0 0 16 16 0 0 0 0 0 0 127 51 0;
egregore_data 0 0 127 0 0 127 0 0 0 0 0 0 0 0 0 127 38 0 125.193 0
0 0 0 0 0 3.26284 0 0 0 99.498 0 0 127 127 78 1 0 0 127 0 0 30 127
0 0 0 70 0 0 0 0 127 34 0 53 99 83 0 0 0 0 32 0 0 21 0 40 0 0 127 88
0 0 0 0 0 0 0 0 16 16 0 0 0 0 0 0 127 51 0;
egregore_data 0 0 127 0 0 127 0 0 0 0 0 0 0 0 0 127 38 0 125.193 0
0 0 0 0 0 3.26284 0 0 0 99.498 0 0 127 127 78 1 0 0 127 0 0 30 127
0 0 0 70 0 0 0 0 127 34 0 53 99 83 0 0 0 0 32 0 0 21 0 40 0 0 127 88
0 0 0 0 0 0 0 0 16 16 0 0 0 0 0 0 127 51 0;
egregore_data 0 0 127 0 0 127 0 0 0 0 0 0 0 0 0 127 38 0 125.193 0
0 0 0 0 0 3.26284 0 0 0 99.498 0 0 127 127 78 1 0 0 127 0 0 30 127
0 0 0 70 0 0 0 0 127 34 0 53 99 83 0 0 0 0 32 0 0 21 0 40 0 0 127 88
0 0 0 0 0 0 0 0 16 16 0 0 0 0 0 0 127 51 0;
egregore_data 0 0 127 0 0 127 0 0 0 0 0 0 0 0 0 127 38 0 125.795 0
0 0 0 0 0 2.17519 0 0 0 99.6654 0 0 127 127 78 1 0 0 127 0 0 30 127
0 0 0 70 0 0 0 0 127 34 0 53 99 83 0 0 0 0 32 0 0 21 0 40 0 0 127 88
0 0 0 0 0 0 0 0 16 16 0 0 0 0 0 0 127 51 0;
egregore_data 0 0 127 0 0 127 0 0 0 0 0 0 0 0 0 127 38 0 125.795 0
0 0 0 0 0 2.17519 0 0 0 99.6654 0 0 127 127 78 1 0 0 127 0 0 30 127
0 0 0 70 0 0 0 0 127 34 0 53 99 83 0 0 0 0 32 0 0 21 0 40 0 0 127 88
0 0 0 0 0 0 0 0 16 16 0 0 0 0 0 0 127 51 0;
egregore_data 0 0 127 0 0 127 0 0 0 0 0 0 0 0 0 127 38 0 125.795 0
0 0 0 0 0 2.17519 0 0 0 99.6654 0 0 127 127 78 1 0 0 127 0 0 30 127
0 0 0 70 0 0 0 0 127 34 0 53 99 83 0 0 0 0 32 0 0 21 0 40 0 0 127 88
0 0 0 0 0 0 0 0 16 16 0 0 0 0 0 0 127 51 0;
egregore_data 0 0 127 0 0 127 0 0 0 0 0 0 0 0 0 127 38 0 125.795 0
0 0 0 0 0 2.17519 0 0 0 99.6654 0 0 127 127 78 1 0 0 127 0 0 30 127
0 0 0 70 0 0 0 0 127 34 0 53 99 83 0 0 0 0 32 0 0 21 0 40 0 0 127 88
0 0 0 0 0 0 0 0 16 16 0 0 0 0 0 0 127 51 0;
egregore_data 0 0 127 0 0 127 0 0 0 0 0 0 0 0 0 127 38 0 125.795 0
0 0 0 0 0 2.17519 0 0 0 99.6654 0 0 127 127 78 1 0 0 127 0 0 30 127
0 0 0 70 0 0 0 0 127 34 0 53 99 83 0 0 0 0 32 0 0 21 0 40 0 0 127 88
0 0 0 0 0 0 0 0 16 16 0 0 0 0 0 0 127 51 0;
egregore_data 0 0 127 0 0 127 0 0 0 0 0 0 0 0 0 127 38 0 125.795 0
0 0 0 0 0 2.17519 0 0 0 99.6654 0 0 127 127 78 1 0 0 127 0 0 30 127
0 0 0 70 0 0 0 0 127 34 0 53 99 83 0 0 0 0 32 0 0 21 0 40 0 0 127 88
0 0 0 0 0 0 0 0 16 16 0 0 0 0 0 0 127 51 0;
egregore_data 0 0 127 0 0 127 0 0 0 0 0 0 0 0 0 127 38 0 125.795 0
0 0 0 0 0 2.17519 0 0 0 99.6654 0 0 127 127 78 1 0 0 127 0 0 30 127
0 0 0 70 0 0 0 0 127 34 0 53 99 83 0 0 0 0 32 0 0 21 0 40 0 0 127 88
0 0 0 0 0 0 0 0 16 16 0 0 0 0 0 0 127 51 0;
egregore_data 0 0 127 0 0 127 0 0 0 0 0 0 0 0 0 127 38 0 125.795 0
0 0 0 0 0 2.17519 0 0 0 99.6654 0 0 127 127 78 1 0 0 127 0 0 30 127
0 0 0 70 0 0 0 0 127 34 0 53 99 83 0 0 0 0 32 0 0 21 0 40 0 0 127 88
0 0 0 0 0 0 0 0 16 16 0 0 0 0 0 0 127 51 0;
egregore_data 0 0 127 0 0 127 0 0 0 0 0 0 0 0 0 127 38 0 125.795 0
0 0 0 0 0 2.17519 0 0 0 99.6654 0 0 127 127 78 1 0 0 127 0 0 30 127
0 0 0 70 0 0 0 0 127 34 0 53 99 83 0 0 0 0 32 0 0 21 0 40 0 0 127 88
0 0 0 0 0 0 0 0 16 16 0 0 0 0 0 0 127 51 0;
egregore_data 0 0 127 0 0 127 0 0 0 0 0 0 0 0 0 127 38 0 125.795 0
0 0 0 0 0 2.17519 0 0 0 99.6654 0 0 127 127 78 1 0 0 127 0 0 30 127
0 0 0 70 0 0 0 0 127 34 0 53 99 83 0 0 0 0 32 0 0 21 0 40 0 0 127 88
0 0 0 0 0 0 0 0 16 16 0 0 0 0 0 0 127 51 0;
egregore_data 0 0 127 0 0 127 0 0 0 0 0 0 0 0 0 127 38 0 125.795 0
0 0 0 0 0 2.17519 0 0 0 99.6654 0 0 127 127 78 1 0 0 127 0 0 30 127
0 0 0 70 0 0 0 0 127 34 0 53 99 83 0 0 0 0 32 0 0 21 0 40 0 0 127 88
0 0 0 0 0 0 0 0 16 16 0 0 0 0 0 0 127 51 0;
egregore_data 0 0 127 0 0 127 0 0 0 0 0 0 0 0 0 127 38 0 125.795 0
0 0 0 0 0 2.17519 0 0 0 99.6654 0 0 127 127 78 1 0 0 127 0 0 30 127
0 0 0 70 0 0 0 0 127 34 0 53 99 83 0 0 0 0 32 0 0 21 0 40 0 0 127 88
0 0 0 0 0 0 0 0 16 16 0 0 0 0 0 0 127 51 0;
egregore_data 0 0 127 0 0 127 0 0 0 0 0 0 0 0 0 127 38 0 125.795 0
0 0 0 0 0 2.17519 0 0 0 99.6654 0 0 127 127 78 1 0 0 127 0 0 30 127
0 0 0 70 0 0 0 0 127 34 0 53 99 83 0 0 0 0 32 0 0 21 0 40 0 0 127 88
0 0 0 0 0 0 0 0 16 16 0 0 0 0 0 0 127 51 0;
egregore_data 0 0 127 0 0 127 0 0 0 0 0 0 0 0 0 127 38 0 125.795 0
0 0 0 0 0 2.17519 0 0 0 99.6654 0 0 127 127 78 1 0 0 127 0 0 30 127
0 0 0 70 0 0 0 0 127 34 0 53 99 83 0 0 0 0 32 0 0 21 0 40 0 0 127 88
0 0 0 0 0 0 0 0 16 16 0 0 0 0 0 0 127 51 0;
egregore_data 0 0 127 0 0 127 0 0 0 0 0 0 0 0 0 127 38 0 125.795 0
0 0 0 0 0 2.17519 0 0 0 99.6654 0 0 127 127 78 1 0 0 127 0 0 30 127
0 0 0 70 0 0 0 0 127 34 0 53 99 83 0 0 0 0 32 0 0 21 0 40 0 0 127 88
0 0 0 0 0 0 0 0 16 16 0 0 0 0 0 0 127 51 0;
END;
