HTTP/1.1 200 OK
Date: Thu, 28 May 2015 12:25:35 GMT
Server: Apache
Last-Modified: Wed, 27 May 2015 19:31:42 GMT
Accept-Ranges: bytes
Content-Length: 29258
Vary: Accept-Encoding
Connection: close
Content-Type: text/plain

chdh_egregore_live_data;
egregore_data 0 0 127 0 0 127 0 0 0 0 0 0 0 0 0 127 38 0 127 0 0 0
0 0 0 0 0 0 0 100 0 0 127 127 78 0 93 90 127 0 19 127 127 0 0 0 70
0 0 0 127 127 34 0 81 4.44086 5.07527 40.2849 0 0 7.6129 20.6183 29.6075
21.2527 76.5108 0 0 13.3226 0 127 59.0911 1 0 0 0 0 0 0 0 16 16 0 0
0 0 0 0 127 51 0;
egregore_data 0 0 127 0 0 127 0 0 0 0 0 0 0 0 0 127 38 0 127 0 0 0
0 0 0 0 0 0 0 100 0 0 127 127 78 0 93 90 127 0 19 127 127 0 0 0 70
0 0 0 127 127 34 0 81 4.44086 5.07527 40.2849 0 0 7.6129 20.6183 29.6075
21.2527 76.5108 0 0 13.3226 0 127 59.0911 1 0 0 0 0 0 0 0 16 16 0 0
0 0 0 0 127 51 0;
egregore_data 0 0 127 0 0 127 0 0 0 0 0 0 0 0 0 127 38 0 127 0 0 0
0 0 0 0 0 0 0 100 0 0 127 127 78 0 93 90 127 0 19 127 127 0 0 0 70
0 0 0 127 127 34 0 81 4.49198 5.13369 40.7487 0 0 7.70053 20.8556 29.5455
21.4973 76.4706 0 0 13.4759 0 127 59.0911 1 0 0 0 0 0 0 0 16 16 0 0
0 0 0 0 127 51 0;
egregore_data 0 0 127 0 0 127 0 0 0 0 0 0 0 0 0 127 38 0 127 0 0 0
0 0 0 0 0 0 0 100 0 0 127 127 78 0 93 90 127 0 19 127 127 0 0 0 70
0 0 0 127 127 34 0 81 4.54255 5.19149 41.2074 0 0 7.78723 21.0904 29.484
21.7394 76.4308 0 0 13.6277 0 127 59.0911 1 0 0 0 0 0 0 0 16 16 0 0
0 0 0 0 127 51 0;
egregore_data 0 0 127 0 0 127 0 0 0 0 0 0 0 0 0 127 38 0 127 0 0 0
0 0 0 0 0 0 0 100 0 0 127 127 78 0 93 90 127 0 19 127 127 0 0 0 70
0 0 0 127 127 34 0 81 4.54255 5.19149 41.2074 0 0 7.78723 21.0904 29.484
21.7394 76.4308 0 0 13.6277 0 127 59.0911 1 0 0 0 0 0 0 0 16 16 0 0
0 0 0 0 127 51 0;
egregore_data 0 0 127 0 0 127 0 0 0 0 0 0 0 0 0 127 38 0 127 0 0 0
0 0 0 0 0 0 0 100 0 0 127 127 78 0 93 90 127 0 19 127 127 0 0 0 70
0 0 0 127 127 34 0 81 4.54255 5.19149 41.2074 0 0 7.78723 21.0904 29.484
21.7394 76.4308 0 0 13.6277 0 127 59.0911 1 0 0 0 0 0 0 0 16 16 0 0
0 0 0 0 127 51 0;
egregore_data 0 0 127 0 0 127 0 0 0 0 0 0 0 0 0 127 38 0 127 0 0 0
0 0 0 0 0 0 0 100 0 0 127 127 78 0 93 90 127 0 19 127 127 0 0 0 70
0 0 0 127 127 34 0 81 4.54255 5.19149 41.2074 0 0 7.78723 21.0904 29.484
21.7394 76.4308 0 0 13.6277 0 127 59.0911 1 0 0 0 0 0 0 0 16 16 0 0
0 0 0 0 127 51 0;
egregore_data 0 0 127 0 0 127 0 0 0 0 0 0 0 0 0 127 38 0 127 0 0 0
0 0 0 0 0 0 0 100 0 0 127 127 78 0 93 90 127 0 19 127 127 0 0 0 70
0 0 0 127 127 34 0 81 4.59259 5.24868 41.6614 0 0 7.87302 21.3228 29.4233
21.9788 76.3915 0 0 13.7778 0 127 59.0911 1 0 0 0 0 0 0 0 16 16 0 0
0 0 0 0 127 51 0;
egregore_data 0 0 127 0 0 127 0 0 0 0 0 0 0 0 0 127 38 0 127 0 0 0
0 0 0 0 0 0 0 100 0 0 127 127 78 0 93 90 127 0 19 127 127 0 0 0 70
0 0 0 127 127 34 0 81 4.59259 5.24868 41.6614 0 0 7.87302 21.3228 29.4233
21.9788 76.3915 0 0 13.7778 0 127 59.0911 1 0 0 0 0 0 0 0 16 16 0 0
0 0 0 0 127 51 0;
egregore_data 0 0 127 0 0 127 0 0 0 0 0 0 0 0 0 127 38 0 127 0 0 0
0 0 0 0 0 0 0 100 0 0 127 127 78 0 93 90 127 0 19 127 127 0 0 0 70
0 0 0 127 127 34 0 81 4.59259 5.24868 41.6614 0 0 7.87302 21.3228 29.4233
21.9788 76.3915 0 0 13.7778 0 127 59.0911 1 0 0 0 0 0 0 0 16 16 0 0
0 0 0 0 127 51 0;
egregore_data 0 0 127 0 0 127 0 0 0 0 0 0 0 0 0 127 38 0 127 0 0 0
0 0 0 0 0 0 0 100 0 0 127 127 78 0 93 90 127 0 19 127 127 0 0 0 70
0 0 0 127 127 34 0 81 4.59259 5.24868 41.6614 0 0 7.87302 21.3228 29.4233
21.9788 76.3915 0 0 13.7778 0 127 59.0911 1 0 0 0 0 0 0 0 16 16 0 0
0 0 0 0 127 51 0;
egregore_data 0 0 127 0 0 127 0 0 0 0 0 0 0 0 0 127 38 0 127 0 0 0
0 0 0 0 0 0 0 100 0 0 127 127 78 0 93 90 127 0 19 127 127 0 0 0 70
0 0 0 127 127 34 0 81 4.59259 5.24868 41.6614 0 0 7.87302 21.3228 29.4233
21.9788 76.3915 0 0 13.7778 0 127 59.0911 1 0 0 0 0 0 0 0 16 16 0 0
0 0 0 0 127 51 0;
egregore_data 0 0 127 0 0 127 0 0 0 0 0 0 0 0 0 127 38 0 127 0 0 0
0 0 0 0 0 0 0 100 0 0 127 127 78 0 93 90 127 0 19 127 127 0 0 0 70
0 0 0 127 127 34 0 81 4.59259 5.24868 41.6614 0 0 7.87302 21.3228 29.4233
21.9788 76.3915 0 0 13.7778 0 127 59.0911 1 0 0 0 0 0 0 0 16 16 0 0
0 0 0 0 127 51 0;
egregore_data 0 0 127 0 0 127 0 0 0 0 0 0 0 0 0 127 38 0 127 0 0 0
0 0 0 0 0 0 0 100 0 0 127 127 78 0 93 90 127 0 19 127 127 0 0 0 70
0 0 0 127 127 34 0 81 4.59259 5.24868 41.6614 0 0 7.87302 21.3228 29.4233
21.9788 76.3915 0 0 13.7778 0 127 59.0911 1 0 0 0 0 0 0 0 16 16 0 0
0 0 0 0 127 51 0;
egregore_data 0 0 127 0 0 127 0 0 0 0 0 0 0 0 0 127 38 0 127 0 0 0
0 0 0 0 0 0 0 100 0 0 127 127 78 0 93 90 127 0 19 127 127 0 0 0 70
0 0 0 127 127 34 0 81 4.59259 5.24868 41.6614 0 0 7.87302 21.3228 29.4233
21.9788 76.3915 0 0 13.7778 0 127 59.0911 1 0 0 0 0 0 0 0 16 16 0 0
0 0 0 0 127 51 0;
egregore_data 0 0 127 0 0 127 0 0 0 0 0 0 0 0 0 127 38 0 127 0 0 0
0 0 0 0 0 0 0 100 0 0 127 127 78 0 93 90 127 0 19 127 127 0 0 0 70
0 0 0 127 127 34 0 81 4.59259 5.24868 41.6614 0 0 7.87302 21.3228 29.4233
21.9788 76.3915 0 0 13.7778 0 127 59.0911 1 0 0 0 0 0 0 0 16 16 0 0
0 0 0 0 127 51 0;
egregore_data 0 0 127 0 0 127 0 0 0 0 0 0 0 0 0 127 38 0 127 0 0 0
0 0 0 0 0 0 0 100 0 0 127 127 78 0 93 90 127 0 19 127 127 0 0 0 70
0 0 0 127 127 34 0 81 4.59259 5.24868 41.6614 0 0 7.87302 21.3228 29.4233
21.9788 76.3915 0 0 13.7778 0 127 59.0911 1 0 0 0 0 0 0 0 16 16 0 0
0 0 0 0 127 51 0;
egregore_data 0 0 127 0 0 127 0 0 0 0 0 0 0 0 0 127 38 0 127 0 0 0
0 0 0 0 0 0 0 100 0 0 127 127 78 0 93 90 127 0 19 127 127 0 0 0 70
0 0 0 127 127 34 0 81 4.59259 5.24868 41.6614 0 0 7.87302 21.3228 29.4233
21.9788 76.3915 0 0 13.7778 0 127 59.0911 1 0 0 0 0 0 0 0 16 16 0 0
0 0 0 0 127 51 0;
egregore_data 0 0 127 0 0 127 0 0 0 0 0 0 0 0 0 127 38 0 127 0 0 0
0 0 0 0 0 0 0 100 0 0 127 127 78 0 93 90 127 0 19 127 127 0 0 0 70
0 0 0 127 127 34 0 81 4.59259 5.24868 41.6614 0 0 7.87302 21.3228 29.4233
21.9788 76.3915 0 0 13.7778 0 127 59.0911 1 0 0 0 0 0 0 0 16 16 0 0
0 0 0 0 127 51 0;
egregore_data 0 0 127 0 0 127 0 0 0 0 0 0 0 0 0 127 38 0 127 0 0 0
0 0 0 0 0 0 0 100 0 0 127 127 78 0 93 90 127 0 19 127 127 0 0 0 70
0 0 0 127 127 34 0 81 4.59259 5.24868 41.6614 0 0 7.87302 21.3228 29.4233
21.9788 76.3915 0 0 13.7778 0 127 59.0911 1 0 0 0 0 0 0 0 16 16 0 0
0 0 0 0 127 51 0;
egregore_data 0 0 127 0 0 127 0 0 0 0 0 0 0 0 0 127 38 0 127 0 0 0
0 0 0 0 0 0 0 100 0 0 127 127 78 0 93 90 127 0 19 127 127 0 0 0 70
0 0 0 127 127 34 0 81 4.6911 5.36126 42.555 0 0 8.04189 21.7801 29.3037
22.4503 76.3141 0 0 14.0733 0 127 59.0911 1 0 0 0 0 0 0 0 16 16 0 0
0 0 0 0 127 51 0;
egregore_data 0 0 127 0 0 127 0 0 0 0 0 0 0 0 0 127 38 0 127 0 0 0
0 0 0 0 0 0 0 100 0 0 127 127 78 0 93 90 127 0 19 127 127 0 0 0 70
0 0 0 127 127 34 0 81 4.6911 5.36126 42.555 0 0 8.04189 21.7801 29.3037
22.4503 76.3141 0 0 14.0733 0 127 59.0911 1 0 0 0 0 0 0 0 16 16 0 0
0 0 0 0 127 51 0;
egregore_data 0 0 127 0 0 127 0 0 0 0 0 0 0 0 0 127 38 0 127 0 0 0
0 0 0 0 0 0 0 100 0 0 127 127 78 0 93 90 127 0 19 127 127 0 0 0 70
0 0 0 127 127 34 0 81 4.6911 5.36126 42.555 0 0 8.04189 21.7801 29.3037
22.4503 76.3141 0 0 14.0733 0 127 59.0911 1 0 0 0 0 0 0 0 16 16 0 0
0 0 0 0 127 51 0;
egregore_data 0 0 127 0 0 127 0 0 0 0 0 0 0 0 0 127 38 0 127 0 0 0
0 0 0 0 0 0 0 100 0 0 127 127 78 0 93 90 127 0 19 127 127 0 0 0 70
0 0 0 127 127 34 0 81 4.6911 5.36126 42.555 0 0 8.04189 21.7801 29.3037
22.4503 76.3141 0 0 14.0733 0 127 59.0911 1 0 0 0 0 0 0 0 16 16 0 0
0 0 0 0 127 51 0;
egregore_data 0 0 127 0 0 127 0 0 0 0 0 0 0 0 0 127 38 0 127 0 0 0
0 0 0 0 0 0 0 100 0 0 127 127 78 0 93 90 127 0 19 127 127 0 0 0 70
0 0 0 127 127 34 0 81 4.6911 5.36126 42.555 0 0 8.04189 21.7801 29.3037
22.4503 76.3141 0 0 14.0733 0 127 59.0911 1 0 0 0 0 0 0 0 16 16 0 0
0 0 0 0 127 51 0;
egregore_data 0 0 127 0 0 127 0 0 0 0 0 0 0 0 0 127 38 0 127 0 0 0
0 0 0 0 0 0 0 100 0 0 127 127 78 0 93 90 127 0 19 127 127 0 0 0 70
0 0 0 127 127 34 0 81 4.6911 5.36126 42.555 0 0 8.04189 21.7801 29.3037
22.4503 76.3141 0 0 14.0733 0 127 59.0911 1 0 0 0 0 0 0 0 16 16 0 0
0 0 0 0 127 51 0;
egregore_data 0 0 127 0 0 127 0 0 0 0 0 0 0 0 0 127 38 0 127 0 0 0
0 0 0 0 0 0 0 100 0 0 127 127 78 0 93 90 127 0 19 127 127 0 0 0 70
0 0 0 127 127 34 0 81 4.73958 5.41667 42.9948 0 0 8.125 22.0052 29.2448
22.6823 76.276 0 0 14.2188 0 127 59.0911 1 0 0 0 0 0 0 0 16 16 0 0
0 0 0 0 127 51 0;
egregore_data 0 0 127 0 0 127 0 0 0 0 0 0 0 0 0 127 38 0 127 0 0 0
0 0 0 0 0 0 0 100 0 0 127 127 78 0 93 90 127 0 19 127 127 0 0 0 70
0 0 0 127 127 34 0 81 4.73958 5.41667 42.9948 0 0 8.125 22.0052 29.2448
22.6823 76.276 0 0 14.2188 0 127 59.0911 1 0 0 0 0 0 0 0 16 16 0 0
0 0 0 0 127 51 0;
egregore_data 0 0 127 0 0 127 0 0 0 0 0 0 0 0 0 127 38 0 127 0 0 0
0 0 0 0 0 0 0 100 0 0 127 127 78 0 93 90 127 0 19 127 127 0 0 0 70
0 0 0 127 127 34 0 81 4.78756 5.4715 43.4301 0 0 8.20725 22.228 29.1865
22.9119 76.2383 0 0 14.3627 0 127 59.0911 1 0 0 0 0 0 0 0 16 16 0 0
0 0 0 0 127 51 0;
egregore_data 0 0 127 0 0 127 0 0 0 0 0 0 0 0 0 127 38 0 127 0 0 0
0 0 0 0 0 0 0 100 0 0 127 127 78 0 93 90 127 0 19 127 127 0 0 0 70
0 0 0 127 127 34 0 81 4.78756 5.4715 43.4301 0 0 8.20725 22.228 29.1865
22.9119 76.2383 0 0 14.3627 0 127 59.0911 1 0 0 0 0 0 0 0 16 16 0 0
0 0 0 0 127 51 0;
egregore_data 0 0 127 0 0 127 0 0 0 0 0 0 0 0 0 127 38 0 127 0 0 0
0 0 0 0 0 0 0 100 0 0 127 127 78 0 93 90 127 0 19 127 127 0 0 0 70
0 0 0 127 127 34 0 81 4.78756 5.4715 43.4301 0 0 8.20725 22.228 29.1865
22.9119 76.2383 0 0 14.3627 0 127 59.0911 1 0 0 0 0 0 0 0 16 16 0 0
0 0 0 0 127 51 0;
egregore_data 0 0 127 0 0 127 0 0 0 0 0 0 0 0 0 127 38 0 127 0 0 0
0 0 0 0 0 0 0 100 0 0 127 127 78 0 93 90 127 0 19 127 127 0 0 0 70
0 0 0 127 127 34 0 81 4.78756 5.4715 43.4301 0 0 8.20725 22.228 29.1865
22.9119 76.2383 0 0 14.3627 0 127 59.0911 1 0 0 0 0 0 0 0 16 16 0 0
0 0 0 0 127 51 0;
egregore_data 0 0 127 0 0 127 0 0 0 0 0 0 0 0 0 127 38 0 127 0 0 0
0 0 0 0 0 0 0 100 0 0 127 127 78 0 93 90 127 0 19 127 127 0 0 0 70
0 0 0 127 127 34 0 81 4.78756 5.4715 43.4301 0 0 8.20725 22.228 29.1865
22.9119 76.2383 0 0 14.3627 0 127 59.0911 1 0 0 0 0 0 0 0 16 16 0 0
0 0 0 0 127 51 0;
egregore_data 0 0 127 0 0 127 0 0 0 0 0 0 0 0 0 127 38 0 127 0 0 0
0 0 0 0 0 0 0 100 0 0 127 127 78 0 93 90 127 0 19 127 127 0 0 0 70
0 0 0 127 127 34 0 81 4.78756 5.4715 43.4301 0 0 8.20725 22.228 29.1865
22.9119 76.2383 0 0 14.3627 0 127 59.0911 1 0 0 0 0 0 0 0 16 16 0 0
0 0 0 0 127 51 0;
egregore_data 0 0 127 0 0 127 0 0 0 0 0 0 0 0 0 127 38 0 127 0 0 0
0 0 0 0 0 0 0 100 0 0 127 127 78 0 93 90 127 0 19 127 127 0 0 0 70
0 0 0 127 127 34 0 81 4.78756 5.4715 43.4301 0 0 8.20725 22.228 29.1865
22.9119 76.2383 0 0 14.3627 0 127 59.0911 1 0 0 0 0 0 0 0 16 16 0 0
0 0 0 0 127 51 0;
egregore_data 0 0 127 0 0 127 0 0 0 0 0 0 0 0 0 127 38 0 127 0 0 0
0 0 0 0 0 0 0 100 0 0 127 127 78 0 93 90 127 0 19 127 127 0 0 0 70
0 0 0 127 127 34 0 81 4.78756 5.4715 43.4301 0 0 8.20725 22.228 29.1865
22.9119 76.2383 0 0 14.3627 0 127 59.0911 1 0 0 0 0 0 0 0 16 16 0 0
0 0 0 0 127 51 0;
egregore_data 0 0 127 0 0 127 0 0 0 0 0 0 0 0 0 127 38 0 127 0 0 0
0 0 0 0 0 0 0 100 0 0 127 127 78 0 93 90 127 0 19 127 127 0 0 0 70
0 0 0 127 127 34 0 81 4.78756 5.4715 43.4301 0 0 8.20725 22.228 29.1865
22.9119 76.2383 0 0 14.3627 0 127 59.0911 1 0 0 0 0 0 0 0 16 16 0 0
0 0 0 0 127 51 0;
egregore_data 0 0 127 0 0 127 0 0 0 0 0 0 0 0 0 127 38 0 127 0 0 0
0 0 0 0 0 0 0 100 0 0 127 127 78 0 93 90 127 0 19 127 127 0 0 0 70
0 0 0 127 127 34 0 81 4.78756 5.4715 43.4301 0 0 8.20725 22.228 29.1865
22.9119 76.2383 0 0 14.3627 0 127 59.0911 1 0 0 0 0 0 0 0 16 16 0 0
0 0 0 0 127 51 0;
egregore_data 0 0 127 0 0 127 0 0 0 0 0 0 0 0 0 127 38 0 127 0 0 0
0 0 0 0 0 0 0 100 0 0 127 127 78 0 93 90 127 0 19 127 127 0 0 0 70
0 0 0 127 127 34 0 81 4.78756 5.4715 43.4301 0 0 8.20725 22.228 29.1865
22.9119 76.2383 0 0 14.3627 0 127 59.0911 1 0 0 0 0 0 0 0 16 16 0 0
0 0 0 0 127 51 0;
egregore_data 0 0 127 0 0 127 0 0 0 0 0 0 0 0 0 127 38 0 127 0 0 0
0 0 0 0 0 0 0 100 0 0 127 127 78 0 93 90 127 0 19 127 127 0 0 0 70
0 0 0 127 127 34 0 81 4.78756 5.4715 43.4301 0 0 8.20725 22.228 29.1865
22.9119 76.2383 0 0 14.3627 0 127 59.0911 1 0 0 0 0 0 0 0 16 16 0 0
0 0 0 0 127 51 0;
egregore_data 0 0 127 0 0 127 0 0 0 0 0 0 0 0 0 127 38 0 127 0 0 0
0 0 0 0 0 0 0 100 0 0 127 127 78 0 93 90 127 0 19 127 127 0 0 0 70
0 0 0 127 127 34 0 81 4.78756 5.4715 43.4301 0 0 8.20725 22.228 29.1865
22.9119 76.2383 0 0 14.3627 0 127 59.0911 1 0 0 0 0 0 0 0 16 16 0 0
0 0 0 0 127 51 0;
egregore_data 0 0 127 0 0 127 0 0 0 0 0 0 0 0 0 127 38 0 127 0 0 0
0 0 0 0 0 0 0 100 0 0 127 127 78 0 93 90 127 0 19 127 127 0 0 0 70
0 0 0 127 127 34 0 81 4.83505 5.52577 43.8608 0 0 8.28866 22.4485 29.1289
23.1392 76.201 0 0 14.5052 0 127 59.0911 1 0 0 0 0 0 0 0 16 16 0 0
0 0 0 0 127 51 0;
egregore_data 0 0 127 0 0 127 0 0 0 0 0 0 0 0 0 127 38 0 127 0 0 0
0 0 0 0 0 0 0 100 0 0 127 127 78 0 93 90 127 0 19 127 127 0 0 0 70
0 0 0 127 127 34 0 81 4.83505 5.52577 43.8608 0 0 8.28866 22.4485 29.1289
23.1392 76.201 0 0 14.5052 0 127 59.0911 1 0 0 0 0 0 0 0 16 16 0 0
0 0 0 0 127 51 0;
egregore_data 0 0 127 0 0 127 0 0 0 0 0 0 0 0 0 127 38 0 127 0 0 0
0 0 0 0 0 0 0 100 0 0 127 127 78 0 93 90 127 0 19 127 127 0 0 0 70
0 0 0 127 127 34 0 81 4.83505 5.52577 43.8608 0 0 8.28866 22.4485 29.1289
23.1392 76.201 0 0 14.5052 0 127 59.0911 1 0 0 0 0 0 0 0 16 16 0 0
0 0 0 0 127 51 0;
egregore_data 0 0 127 0 0 127 0 0 0 0 0 0 0 0 0 127 38 0 127 0 0 0
0 0 0 0 0 0 0 100 0 0 127 127 78 0 93 90 127 0 19 127 127 0 0 0 70
0 0 0 127 127 34 0 81 4.83505 5.52577 43.8608 0 0 8.28866 22.4485 29.1289
23.1392 76.201 0 0 14.5052 0 127 59.0911 1 0 0 0 0 0 0 0 16 16 0 0
0 0 0 0 127 51 0;
egregore_data 0 0 127 0 0 127 0 0 0 0 0 0 0 0 0 127 38 0 127 0 0 0
0 0 0 0 0 0 0 100 0 0 127 127 78 0 93 90 127 0 19 127 127 0 0 0 70
0 0 0 127 127 34 0 81 4.83505 5.52577 43.8608 0 0 8.28866 22.4485 29.1289
23.1392 76.201 0 0 14.5052 0 127 59.0911 1 0 0 0 0 0 0 0 16 16 0 0
0 0 0 0 127 51 0;
egregore_data 0 0 127 0 0 127 0 0 0 0 0 0 0 0 0 127 38 0 127 0 0 0
0 0 0 0 0 0 0 100 0 0 127 127 78 0 93 90 127 0 19 127 127 0 0 0 70
0 0 0 127 127 34 0 81 4.83505 5.52577 43.8608 0 0 8.28866 22.4485 29.1289
23.1392 76.201 0 0 14.5052 0 127 59.0911 1 0 0 0 0 0 0 0 16 16 0 0
0 0 0 0 127 51 0;
egregore_data 0 0 127 0 0 127 0 0 0 0 0 0 0 0 0 127 38 0 127 0 0 0
0 0 0 0 0 0 0 100 0 0 127 127 78 0 93 90 127 0 19 127 127 0 0 0 70
0 0 0 127 127 34 0 81 4.83505 5.52577 43.8608 0 0 8.28866 22.4485 29.1289
23.1392 76.201 0 0 14.5052 0 127 59.0911 1 0 0 0 0 0 0 0 16 16 0 0
0 0 0 0 127 51 0;
egregore_data 0 0 127 0 0 127 0 0 0 0 0 0 0 0 0 127 38 0 127 0 0 0
0 0 0 0 0 0 0 100 0 0 127 127 78 0 93 90 127 0 19 127 127 0 0 0 70
0 0 0 127 127 34 0 81 4.83505 5.52577 43.8608 0 0 8.28866 22.4485 29.1289
23.1392 76.201 0 0 14.5052 0 127 59.0911 1 0 0 0 0 0 0 0 16 16 0 0
0 0 0 0 127 51 0;
egregore_data 0 0 127 0 0 127 0 0 0 0 0 0 0 0 0 127 38 0 127 0 0 0
0 0 0 0 0 0 0 100 0 0 127 127 78 0 93 90 127 0 19 127 127 0 0 0 70
0 0 0 127 127 34 0 81 4.83505 5.52577 43.8608 0 0 8.28866 22.4485 29.1289
23.1392 76.201 0 0 14.5052 0 127 59.0911 1 0 0 0 0 0 0 0 16 16 0 0
0 0 0 0 127 51 0;
egregore_data 0 0 127 0 0 127 0 0 0 0 0 0 0 0 0 127 38 0 127 0 0 0
0 0 0 0 0 0 0 100 0 0 127 127 78 0 93 90 127 0 19 127 127 0 0 0 70
0 0 0 127 127 34 0 81 4.83505 5.52577 43.8608 0 0 8.28866 22.4485 29.1289
23.1392 76.201 0 0 14.5052 0 127 59.0911 1 0 0 0 0 0 0 0 16 16 0 0
0 0 0 0 127 51 0;
egregore_data 0 0 127 0 0 127 0 0 0 0 0 0 0 0 0 127 38 0 127 0 0 0
0 0 0 0 0 0 0 100 0 0 127 127 78 0 93 90 127 0 19 127 127 0 0 0 70
0 0 0 127 127 34 0 81 4.83505 5.52577 43.8608 0 0 8.28866 22.4485 29.1289
23.1392 76.201 0 0 14.5052 0 127 59.0911 1 0 0 0 0 0 0 0 16 16 0 0
0 0 0 0 127 51 0;
egregore_data 0 0 127 0 0 127 0 0 0 0 0 0 0 0 0 127 38 0 127 0 0 0
0 0 0 0 0 0 0 100 0 0 127 127 78 0 93 90 127 0 19 127 127 0 0 0 70
0 0 0 127 127 34 0 81 4.88205 5.57949 44.2872 0 0 8.36923 22.6667 29.0718
23.3641 76.1641 0 0 14.6462 0 127 59.0911 1 0 0 0 0 0 0 0 16 16 0 0
0 0 0 0 127 51 0;
egregore_data 0 0 127 0 0 127 0 0 0 0 0 0 0 0 0 127 38 0 127 0 0 0
0 0 0 0 0 0 0 100 0 0 127 127 78 0 93 90 127 0 19 127 127 0 0 0 70
0 0 0 127 127 34 0 81 4.88205 5.57949 44.2872 0 0 8.36923 22.6667 29.0718
23.3641 76.1641 0 0 14.6462 0 127 59.0911 1 0 0 0 0 0 0 0 16 16 0 0
0 0 0 0 127 51 0;
egregore_data 0 0 127 0 0 127 0 0 0 0 0 0 0 0 0 127 38 0 127 0 0 0
0 0 0 0 0 0 0 100 0 0 127 127 78 0 93 90 127 0 19 127 127 0 0 0 70
0 0 0 127 127 34 0 81 4.88205 5.57949 44.2872 0 0 8.36923 22.6667 29.0718
23.3641 76.1641 0 0 14.6462 0 127 59.0911 1 0 0 0 0 0 0 0 16 16 0 0
0 0 0 0 127 51 0;
egregore_data 0 0 127 0 0 127 0 0 0 0 0 0 0 0 0 127 38 0 127 0 0 0
0 0 0 0 0 0 0 100 0 0 127 127 78 0 93 90 127 0 19 127 127 0 0 0 70
0 0 0 127 127 34 0 81 4.97462 5.68528 45.1269 0 0 8.52792 23.0964 28.9594
23.8071 76.0914 0 0 14.9239 0 127 59.0911 1 0 0 0 0 0 0 0 16 16 0 0
0 0 0 0 127 51 0;
egregore_data 0 0 127 0 0 127 0 0 0 0 0 0 0 0 0 127 38 0 127 0 0 0
0 0 0 0 0 0 0 100 0 0 127 127 78 0 93 90 127 0 19 127 127 0 0 0 70
0 0 0 127 127 34 0 81 4.97462 5.68528 45.1269 0 0 8.52792 23.0964 28.9594
23.8071 76.0914 0 0 14.9239 0 127 59.0911 1 0 0 0 0 0 0 0 16 16 0 0
0 0 0 0 127 51 0;
egregore_data 0 0 127 0 0 127 0 0 0 0 0 0 0 0 0 127 38 0 127 0 0 0
0 0 0 0 0 0 0 100 0 0 127 127 78 0 93 90 127 0 19 127 127 0 0 0 70
0 0 0 127 127 34 0 81 4.97462 5.68528 45.1269 0 0 8.52792 23.0964 28.9594
23.8071 76.0914 0 0 14.9239 0 127 59.0911 1 0 0 0 0 0 0 0 16 16 0 0
0 0 0 0 127 51 0;
egregore_data 0 0 127 0 0 127 0 0 0 0 0 0 0 0 0 127 38 0 127 0 0 0
0 0 0 0 0 0 0 100 0 0 127 127 78 0 93 90 127 0 19 127 127 0 0 0 70
0 0 0 127 127 34 0 81 4.97462 5.68528 45.1269 0 0 8.52792 23.0964 28.9594
23.8071 76.0914 0 0 14.9239 0 127 59.0911 1 0 0 0 0 0 0 0 16 16 0 0
0 0 0 0 127 51 0;
egregore_data 0 0 127 0 0 127 0 0 0 0 0 0 0 0 0 127 38 0 127 0 0 0
0 0 0 0 0 0 0 100 0 0 127 127 78 0 93 90 127 0 19 127 127 0 0 0 70
0 0 0 127 127 34 0 81 5.0202 5.73737 45.5404 0 0 8.60606 23.3081 28.904
24.0253 76.0556 0 0 15.0606 0 127 59.0911 1 0 0 0 0 0 0 0 16 16 0 0
0 0 0 0 127 51 0;
egregore_data 0 0 127 0 0 127 0 0 0 0 0 0 0 0 0 127 38 0 127 0 0 0
0 0 0 0 0 0 0 100 0 0 127 127 78 0 93 90 127 0 19 127 127 0 0 0 70
0 0 0 127 127 34 0 81 5.0202 5.73737 45.5404 0 0 8.60606 23.3081 28.904
24.0253 76.0556 0 0 15.0606 0 127 59.0911 1 0 0 0 0 0 0 0 16 16 0 0
0 0 0 0 127 51 0;
egregore_data 0 0 127 0 0 127 0 0 0 0 0 0 0 0 0 127 38 0 127 0 0 0
0 0 0 0 0 0 0 100 0 0 127 127 78 0 93 90 127 0 19 127 127 0 0 0 70
0 0 0 127 127 34 0 81 5.0202 5.73737 45.5404 0 0 8.60606 23.3081 28.904
24.0253 76.0556 0 0 15.0606 0 127 59.0911 1 0 0 0 0 0 0 0 16 16 0 0
0 0 0 0 127 51 0;
egregore_data 0 0 127 0 0 127 0 0 0 0 0 0 0 0 0 127 38 0 127 0 0 0
0 0 0 0 0 0 0 100 0 0 127 127 78 0 93 90 127 0 19 127 127 0 0 0 70
0 0 0 127 127 34 0 81 5.0202 5.73737 45.5404 0 0 8.60606 23.3081 28.904
24.0253 76.0556 0 0 15.0606 0 127 59.0911 1 0 0 0 0 0 0 0 16 16 0 0
0 0 0 0 127 51 0;
egregore_data 0 0 127 0 0 127 0 0 0 0 0 0 0 0 0 127 38 0 127 0 0 0
0 0 0 0 0 0 0 100 0 0 127 127 78 0 93 90 127 0 19 127 127 0 0 0 70
0 0 0 127 127 34 0 81 5.0202 5.73737 45.5404 0 0 8.60606 23.3081 28.904
24.0253 76.0556 0 0 15.0606 0 127 59.0911 1 0 0 0 0 0 0 0 16 16 0 0
0 0 0 0 127 51 0;
egregore_data 0 0 127 0 0 127 0 0 0 0 0 0 0 0 0 127 38 0 127 0 0 0
0 0 0 0 0 0 0 100 0 0 127 127 78 0 93 90 127 0 19 127 127 0 0 0 70
0 0 0 127 127 34 0 81 5.0202 5.73737 45.5404 0 0 8.60606 23.3081 28.904
24.0253 76.0556 0 0 15.0606 0 127 59.0911 1 0 0 0 0 0 0 0 16 16 0 0
0 0 0 0 127 51 0;
egregore_data 0 0 127 0 0 127 0 0 0 0 0 0 0 0 0 127 38 0 127 0 0 0
0 0 0 0 0 0 0 100 0 0 127 127 78 0 93 90 127 0 19 127 127 0 0 0 70
0 0 0 127 127 34 0 81 5.06533 5.78894 45.9497 0 0 8.68342 23.5176 28.8492
24.2412 76.0201 0 0 15.196 0 127 59.0911 1 0 0 0 0 0 0 0 16 16 0 0
0 0 0 0 127 51 0;
egregore_data 0 0 127 0 0 127 0 0 0 0 0 0 0 0 0 127 38 0 127 0 0 0
0 0 0 0 0 0 0 100 0 0 127 127 78 0 93 90 127 0 19 127 127 0 0 0 70
0 0 0 127 127 34 0 81 5.06533 5.78894 45.9497 0 0 8.68342 23.5176 28.8492
24.2412 76.0201 0 0 15.196 0 127 59.0911 1 0 0 0 0 0 0 0 16 16 0 0
0 0 0 0 127 51 0;
egregore_data 0 0 127 0 0 127 0 0 0 0 0 0 0 0 0 127 38 0 127 0 0 0
0 0 0 0 0 0 0 100 0 0 127 127 78 0 93 90 127 0 19 127 127 0 0 0 70
0 0 0 127 127 34 0 81 5.06533 5.78894 45.9497 0 0 8.68342 23.5176 28.8492
24.2412 76.0201 0 0 15.196 0 127 59.0911 1 0 0 0 0 0 0 0 16 16 0 0
0 0 0 0 127 51 0;
egregore_data 0 0 127 0 0 127 0 0 0 0 0 0 0 0 0 127 38 0 127 0 0 0
0 0 0 0 0 0 0 100 0 0 127 127 78 0 93 90 127 0 19 127 127 0 0 0 70
0 0 0 127 127 34 0 81 5.11 5.84 46.355 0 0 8.76 23.725 28.795 24.455
75.985 0 0 15.33 0 127 59.0911 1 0 0 0 0 0 0 0 16 16 0 0 0 0 0 0 127
51 0;
egregore_data 0 0 127 0 0 127 0 0 0 0 0 0 0 0 0 127 38 0 127 0 0 0
0 0 0 0 0 0 0 100 0 0 127 127 78 0 93 90 127 0 19 127 127 0 0 0 70
0 0 0 127 127 34 0 81 5.11 5.84 46.355 0 0 8.76 23.725 28.795 24.455
75.985 0 0 15.33 0 127 59.0911 1 0 0 0 0 0 0 0 16 16 0 0 0 0 0 0 127
51 0;
egregore_data 0 0 127 0 0 127 0 0 0 0 0 0 0 0 0 127 38 0 127 0 0 0
0 0 0 0 0 0 0 100 0 0 127 127 78 0 93 90 127 0 19 127 127 0 0 0 70
0 0 0 127 127 34 0 81 5.11 5.84 46.355 0 0 8.76 23.725 28.795 24.455
75.985 0 0 15.33 0 127 59.0911 1 0 0 0 0 0 0 0 16 16 0 0 0 0 0 0 127
51 0;
egregore_data 0 0 127 0 0 127 0 0 0 0 0 0 0 0 0 127 38 0 127 0 0 0
0 0 0 0 0 0 0 100 0 0 127 127 78 0 93 90 127 0 19 127 127 0 0 0 70
0 0 0 127 127 34 0 81 5.11 5.84 46.355 0 0 8.76 23.725 28.795 24.455
75.985 0 0 15.33 0 127 59.0911 1 0 0 0 0 0 0 0 16 16 0 0 0 0 0 0 127
51 0;
egregore_data 0 0 127 0 0 127 0 0 0 0 0 0 0 0 0 127 38 0 127 0 0 0
0 0 0 0 0 0 0 100 0 0 127 127 78 0 93 90 127 0 19 127 127 0 0 0 70
0 0 0 127 127 34 0 81 5.11 5.84 46.355 0 0 8.76 23.725 28.795 24.455
75.985 0 0 15.33 0 127 59.0911 1 0 0 0 0 0 0 0 16 16 0 0 0 0 0 0 127
51 0;
egregore_data 0 0 127 0 0 127 0 0 0 0 0 0 0 0 0 127 38 0 127 0 0 0
0 0 0 0 0 0 0 100 0 0 127 127 78 0 93 90 127 0 19 127 127 0 0 0 70
0 0 0 127 127 34 0 81 5.15423 5.89055 46.7562 0 0 8.83582 23.9303 28.7413
24.6667 75.9502 0 0 15.4627 0 127 59.0911 1 0 0 0 0 0 0 0 16 16 0 0
0 0 0 0 127 51 0;
egregore_data 0 0 127 0 0 127 0 0 0 0 0 0 0 0 0 127 38 0 127 0 0 0
0 0 0 0 0 0 0 100 0 0 127 127 78 0 93 90 127 0 19 127 127 0 0 0 70
0 0 0 127 127 34 0 81 5.15423 5.89055 46.7562 0 0 8.83582 23.9303 28.7413
24.6667 75.9502 0 0 15.4627 0 127 59.0911 1 0 0 0 0 0 0 0 16 16 0 0
0 0 0 0 127 51 0;
egregore_data 0 0 127 0 0 127 0 0 0 0 0 0 0 0 0 127 38 0 127 0 0 0
0 0 0 0 0 0 0 100 0 0 127 127 78 0 93 90 127 0 19 127 127 0 0 0 70
0 0 0 127 127 34 0 81 5.15423 5.89055 46.7562 0 0 8.83582 23.9303 28.7413
24.6667 75.9502 0 0 15.4627 0 127 59.0911 1 0 0 0 0 0 0 0 16 16 0 0
0 0 0 0 127 51 0;
egregore_data 0 0 127 0 0 127 0 0 0 0 0 0 0 0 0 127 38 0 127 0 0 0
0 0 0 0 0 0 0 100 0 0 127 127 78 0 93 90 127 0 19 127 127 0 0 0 70
0 0 0 127 127 34 0 81 5.19802 5.94059 47.1535 0 0 8.91089 24.1337 28.6881
24.8762 75.9158 0 0 15.5941 0 127 59.0911 1 0 0 0 0 0 0 0 16 16 0 0
0 0 0 0 127 51 0;
egregore_data 0 0 127 0 0 127 0 0 0 0 0 0 0 0 0 127 38 0 127 0 0 0
0 0 0 0 0 0 0 100 0 0 127 127 78 0 93 90 127 0 19 127 127 0 0 0 70
0 0 0 127 127 34 0 81 5.19802 5.94059 47.1535 0 0 8.91089 24.1337 28.6881
24.8762 75.9158 0 0 15.5941 0 127 59.0911 1 0 0 0 0 0 0 0 16 16 0 0
0 0 0 0 127 51 0;
egregore_data 0 0 127 0 0 127 0 0 0 0 0 0 0 0 0 127 38 0 127 0 0 0
0 0 0 0 0 0 0 100 0 0 127 127 78 0 93 90 127 0 19 127 127 0 0 0 70
0 0 0 127 127 34 0 81 5.19802 5.94059 47.1535 0 0 8.91089 24.1337 28.6881
24.8762 75.9158 0 0 15.5941 0 127 59.0911 1 0 0 0 0 0 0 0 16 16 0 0
0 0 0 0 127 51 0;
egregore_data 0 0 127 0 0 127 0 0 0 0 0 0 0 0 0 127 38 0 127 0 0 0
0 0 0 0 0 0 0 100 0 0 127 127 78 0 93 90 127 0 19 127 127 0 0 0 70
0 0 0 127 127 34 0 81 5.28431 6.03922 47.9363 0 0 9.05882 24.5343 28.5833
25.2892 75.848 0 0 15.8529 0 127 59.0911 1 0 0 0 0 0 0 0 16 16 0 0
0 0 0 0 127 51 0;
egregore_data 0 0 127 0 0 127 0 0 0 0 0 0 0 0 0 127 38 0 127 0 0 0
0 0 0 0 0 0 0 100 0 0 127 127 78 0 93 90 127 0 19 127 127 0 0 0 70
0 0 0 127 127 34 0 81 5.28431 6.03922 47.9363 0 0 9.05882 24.5343 28.5833
25.2892 75.848 0 0 15.8529 0 127 59.0911 1 0 0 0 0 0 0 0 16 16 0 0
0 0 0 0 127 51 0;
egregore_data 0 0 127 0 0 127 0 0 0 0 0 0 0 0 0 127 38 0 127 0 0 0
0 0 0 0 0 0 0 100 0 0 127 127 78 0 93 90 127 0 19 127 127 0 0 0 70
0 0 0 127 127 34 0 81 5.28431 6.03922 47.9363 0 0 9.05882 24.5343 28.5833
25.2892 75.848 0 0 15.8529 0 127 59.0911 1 0 0 0 0 0 0 0 16 16 0 0
0 0 0 0 127 51 0;
egregore_data 0 0 127 0 0 127 0 0 0 0 0 0 0 0 0 127 38 0 127 0 0 0
0 0 0 0 0 0 0 100 0 0 127 127 78 0 93 90 127 0 19 127 127 0 0 0 70
0 0 0 127 127 34 0 81 5.28431 6.03922 47.9363 0 0 9.05882 24.5343 28.5833
25.2892 75.848 0 0 15.8529 0 127 59.0911 1 0 0 0 0 0 0 0 16 16 0 0
0 0 0 0 127 51 0;
egregore_data 0 0 127 0 0 127 0 0 0 0 0 0 0 0 0 127 38 0 127 0 0 0
0 0 0 0 0 0 0 100 0 0 127 127 78 0 93 90 127 0 19 127 127 0 0 0 70
0 0 0 127 127 34 0 81 5.28431 6.03922 47.9363 0 0 9.05882 24.5343 28.5833
25.2892 75.848 0 0 15.8529 0 127 59.0911 1 0 0 0 0 0 0 0 16 16 0 0
0 0 0 0 127 51 0;
egregore_data 0 0 127 0 0 127 0 0 0 0 0 0 0 0 0 127 38 0 127 0 0 0
0 0 0 0 0 0 0 100 0 0 127 127 78 0 93 90 127 0 19 127 127 0 0 0 70
0 0 0 127 127 34 0 81 5.28431 6.03922 47.9363 0 0 9.05882 24.5343 28.5833
25.2892 75.848 0 0 15.8529 0 127 59.0911 1 0 0 0 0 0 0 0 16 16 0 0
0 0 0 0 127 51 0;
egregore_data 0 0 127 0 0 127 0 0 0 0 0 0 0 0 0 127 38 0 127 0 0 0
0 0 0 0 0 0 0 100 0 0 127 127 78 0 93 90 127 0 19 127 127 0 0 0 70
0 0 0 127 127 34 0 81 5.32683 6.0878 48.3219 0 0 9.13171 24.7317 28.5317
25.4927 75.8146 0 0 15.9805 0 127 59.0911 1 0 0 0 0 0 0 0 16 16 0 0
0 0 0 0 127 51 0;
egregore_data 0 0 127 0 0 127 0 0 0 0 0 0 0 0 0 127 38 0 127 0 0 0
0 0 0 0 0 0 0 100 0 0 127 127 78 0 93 90 127 0 19 127 127 0 0 0 70
0 0 0 127 127 34 0 81 5.32683 6.0878 48.3219 0 0 9.13171 24.7317 28.5317
25.4927 75.8146 0 0 15.9805 0 127 59.0911 1 0 0 0 0 0 0 0 16 16 0 0
0 0 0 0 127 51 0;
egregore_data 0 0 127 0 0 127 0 0 0 0 0 0 0 0 0 127 38 0 127 0 0 0
0 0 0 0 0 0 0 100 0 0 127 127 78 0 93 90 127 0 19 127 127 0 0 0 70
0 0 0 127 127 34 0 81 5.32683 6.0878 48.3219 0 0 9.13171 24.7317 28.5317
25.4927 75.8146 0 0 15.9805 0 127 59.0911 1 0 0 0 0 0 0 0 16 16 0 0
0 0 0 0 127 51 0;
egregore_data 0 0 127 0 0 127 0 0 0 0 0 0 0 0 0 127 38 0 127 0 0 0
0 0 0 0 0 0 0 100 0 0 127 127 78 0 93 90 127 0 19 127 127 0 0 0 70
0 0 0 127 127 34 0 81 5.32683 6.0878 48.3219 0 0 9.13171 24.7317 28.5317
25.4927 75.8146 0 0 15.9805 0 127 59.0911 1 0 0 0 0 0 0 0 16 16 0 0
0 0 0 0 127 51 0;
egregore_data 0 0 127 0 0 127 0 0 0 0 0 0 0 0 0 127 38 0 127 0 0 0
0 0 0 0 0 0 0 100 0 0 127 127 78 0 93 90 127 0 19 127 127 0 0 0 70
0 0 0 127 127 34 0 81 5.36893 6.13592 48.7039 0 0 9.20388 24.9272 28.4806
25.6942 75.7816 0 0 16.1068 0 127 59.0911 1 0 0 0 0 0 0 0 16 16 0 0
0 0 0 0 127 51 0;
egregore_data 0 0 127 0 0 127 0 0 0 0 0 0 0 0 0 127 38 0 127 0 0 0
0 0 0 0 0 0 0 100 0 0 127 127 78 0 93 90 127 0 19 127 127 0 0 0 70
0 0 0 127 127 34 0 81 5.36893 6.13592 48.7039 0 0 9.20388 24.9272 28.4806
25.6942 75.7816 0 0 16.1068 0 127 59.0911 1 0 0 0 0 0 0 0 16 16 0 0
0 0 0 0 127 51 0;
egregore_data 0 0 127 0 0 127 0 0 0 0 0 0 0 0 0 127 38 0 127 0 0 0
0 0 0 0 0 0 0 100 0 0 127 127 78 0 93 90 127 0 19 127 127 0 0 0 70
0 0 0 127 127 34 0 81 5.36893 6.13592 48.7039 0 0 9.20388 24.9272 28.4806
25.6942 75.7816 0 0 16.1068 0 127 59.0911 1 0 0 0 0 0 0 0 16 16 0 0
0 0 0 0 127 51 0;
egregore_data 0 0 127 0 0 127 0 0 0 0 0 0 0 0 0 127 38 0 127 0 0 0
0 0 0 0 0 0 0 100 0 0 127 127 78 0 93 90 127 0 19 127 127 0 0 0 70
0 0 0 127 127 34 0 81 5.36893 6.13592 48.7039 0 0 9.20388 24.9272 28.4806
25.6942 75.7816 0 0 16.1068 0 127 59.0911 1 0 0 0 0 0 0 0 16 16 0 0
0 0 0 0 127 51 0;
egregore_data 0 0 127 0 0 127 0 0 0 0 0 0 0 0 0 127 38 0 127 0 0 0
0 0 0 0 0 0 0 100 0 0 127 127 78 0 93 90 127 0 19 127 127 0 0 0 70
0 0 0 127 127 34 0 81 5.36893 6.13592 48.7039 0 0 9.20388 24.9272 28.4806
25.6942 75.7816 0 0 16.1068 0 127 59.0911 1 0 0 0 0 0 0 0 16 16 0 0
0 0 0 0 127 51 0;
egregore_data 0 0 127 0 0 127 0 0 0 0 0 0 0 0 0 127 38 0 127 0 0 0
0 0 0 0 0 0 0 100 0 0 127 127 78 0 93 90 127 0 19 127 127 0 0 0 70
0 0 0 127 127 34 0 81 5.36893 6.13592 48.7039 0 0 9.20388 24.9272 28.4806
25.6942 75.7816 0 0 16.1068 0 127 59.0911 1 0 0 0 0 0 0 0 16 16 0 0
0 0 0 0 127 51 0;
egregore_data 0 0 127 0 0 127 0 0 0 0 0 0 0 0 0 127 38 0 127 0 0 0
0 0 0 0 0 0 0 100 0 0 127 127 78 0 93 90 127 0 19 127 127 0 0 0 70
0 0 0 127 127 34 0 81 5.41063 6.18357 49.0821 0 0 9.27536 25.1208 28.43
25.8937 75.7488 0 0 16.2319 0 127 59.0911 1 0 0 0 0 0 0 0 16 16 0 0
0 0 0 0 127 51 0;
egregore_data 0 0 127 0 0 127 0 0 0 0 0 0 0 0 0 127 38 0 127 0 0 0
0 0 0 0 0 0 0 100 0 0 127 127 78 0 93 90 127 0 19 127 127 0 0 0 70
0 0 0 127 127 34 0 81 5.41063 6.18357 49.0821 0 0 9.27536 25.1208 28.43
25.8937 75.7488 0 0 16.2319 0 127 59.0911 1 0 0 0 0 0 0 0 16 16 0 0
0 0 0 0 127 51 0;
egregore_data 0 0 127 0 0 127 0 0 0 0 0 0 0 0 0 127 38 0 127 0 0 0
0 0 0 0 0 0 0 100 0 0 127 127 78 0 93 90 127 0 19 127 127 0 0 0 70
0 0 0 127 127 34 0 81 5.41063 6.18357 49.0821 0 0 9.27536 25.1208 28.43
25.8937 75.7488 0 0 16.2319 0 127 59.0911 1 0 0 0 0 0 0 0 16 16 0 0
0 0 0 0 127 51 0;
egregore_data 0 0 127 0 0 127 0 0 0 0 0 0 0 0 0 127 38 0 127 0 0 0
0 0 0 0 0 0 0 100 0 0 127 127 78 0 93 90 127 0 19 127 127 0 0 0 70
0 0 0 127 127 34 0 81 5.45192 6.23077 49.4567 0 0 9.34615 25.3125 28.3798
26.0913 75.7163 0 0 16.3558 0 127 59.0911 1 0 0 0 0 0 0 0 16 16 0 0
0 0 0 0 127 51 0;
egregore_data 0 0 127 0 0 127 0 0 0 0 0 0 0 0 0 127 38 0 127 0 0 0
0 0 0 0 0 0 0 100 0 0 127 127 78 0 93 90 127 0 19 127 127 0 0 0 70
0 0 0 127 127 34 0 81 5.45192 6.23077 49.4567 0 0 9.34615 25.3125 28.3798
26.0913 75.7163 0 0 16.3558 0 127 59.0911 1 0 0 0 0 0 0 0 16 16 0 0
0 0 0 0 127 51 0;
END;
