HTTP/1.1 200 OK
Date: Thu, 28 May 2015 12:25:45 GMT
Server: Apache
Last-Modified: Wed, 27 May 2015 19:35:12 GMT
Accept-Ranges: bytes
Content-Length: 30998
Vary: Accept-Encoding
Connection: close
Content-Type: text/plain

chdh_egregore_live_data;
egregore_data 0 0 127 0 0 127 0 0 0 0 0 0 0 0 0 127 38 0 127 0 0 0
0 0 0 0 0 0 0 100 0 0 127 127 78 0 93 90 127 0 19 127 127 0 0 0 70
0 0 0 127 127 34 0 120.227 91.1867 16.6133 0 95.2333 6.28667 0 106.624
24.5533 66.54 87.0933 1.53333 0.92 31.6067 0 127 43.9337 1 48 0 0 0
0 0 0 16 16 0 0 0 0 0 0 127 51 1;
egregore_data 0 0 127 0 0 127 0 0 0 0 0 0 0 0 0 127 38 0 127 0 0 0
0 0 0 0 0 0 0 100 0 0 127 127 78 0 93 90 127 0 19 127 127 0 0 0 70
0 0 0 127 127 34 0 120.227 91.1867 16.6133 0 95.2333 6.28667 0 106.624
24.5533 66.54 87.0933 1.53333 0.92 31.6067 0 127 43.9337 1 48 0 0 0
0 0 0 16 16 0 0 0 0 0 0 127 51 1;
egregore_data 0 0 127 0 0 127 0 0 0 0 0 0 0 0 0 127 38 0 127 0 0 0
0 0 0 0 0 0 0 100 0 0 127 127 78 0 93 90 127 0 19 127 127 0 0 0 70
0 0 0 127 127 34 0 120.227 91.1867 16.6133 0 95.2333 6.28667 0 106.624
24.5533 66.54 87.0933 1.53333 0.92 31.6067 0 127 43.9337 1 48 0 0 0
0 0 0 16 16 0 0 0 0 0 0 127 51 1;
egregore_data 0 0 127 0 0 127 0 0 0 0 0 0 0 0 0 127 38 0 127 0 0 0
0 0 0 0 0 0 0 100 0 0 127 127 78 0 93 90 127 0 19 127 127 0 0 0 70
0 0 0 127 127 34 0 120.227 91.1867 16.6133 0 95.2333 6.28667 0 106.624
24.5533 66.54 87.0933 1.53333 0.92 31.6067 0 127 43.9337 1 49 0 0 0
0 0 0 16 16 0 0 0 0 0 0 127 51 1;
egregore_data 0 0 127 0 0 127 0 0 0 0 0 0 0 0 0 127 38 0 127 0 0 0
0 0 0 0 0 0 0 100 0 0 127 127 78 0 93 90 127 0 19 127 127 0 0 0 70
0 0 0 127 127 34 0 120.272 90.8278 16.6358 0 95.2053 6.51656 0 106.537
24.3907 66.5232 86.9139 1.5894 0.953642 31.702 0 127 43.9337 1 49 0
0 0 0 0 0 16 16 0 0 0 0 0 0 127 51 1;
egregore_data 0 0 127 0 0 127 0 0 0 0 0 0 0 0 0 127 38 0 127 0 0 0
0 0 0 0 0 0 0 100 0 0 127 127 78 0 93 90 127 0 19 127 127 0 0 0 70
0 0 0 127 127 34 0 120.359 90.1242 16.6797 0 95.1503 6.96732 0 106.366
24.0719 66.4902 86.5621 1.69935 1.01961 31.8889 0 127 43.9337 1 49
0 0 0 0 0 0 16 16 0 0 0 0 0 0 127 51 1;
egregore_data 0 0 127 0 0 127 0 0 0 0 0 0 0 0 0 127 38 0 127 0 0 0
0 0 0 0 0 0 0 100 0 0 127 127 78 0 93 90 127 0 19 127 127 0 0 0 70
0 0 0 127 127 34 0 120.359 90.1242 16.6797 0 95.1503 6.96732 0 106.366
24.0719 66.4902 86.5621 1.69935 1.01961 31.8889 0 127 43.9337 1 49
0 0 0 0 0 0 16 16 0 0 0 0 0 0 127 51 1;
egregore_data 0 0 127 0 0 127 0 0 0 0 0 0 0 0 0 127 38 0 127 0 0 0
0 0 0 0 0 0 0 100 0 0 127 127 78 0 93 90 127 0 19 127 127 0 0 0 70
0 0 0 127 127 34 0 120.359 90.1242 16.6797 0 95.1503 6.96732 0 106.366
24.0719 66.4902 86.5621 1.69935 1.01961 31.8889 0 127 43.9337 1 49
0 0 0 0 0 0 16 16 0 0 0 0 0 0 127 51 1;
egregore_data 0 0 127 0 0 127 0 0 0 0 0 0 0 0 0 127 38 0 127 0 0 0
0 0 0 0 0 0 0 100 0 0 127 127 78 0 93 90 127 0 19 127 127 0 0 0 70
0 0 0 127 127 34 0 120.359 90.1242 16.6797 0 95.1503 6.96732 0 106.366
24.0719 66.4902 86.5621 1.69935 1.01961 31.8889 0 127 43.9337 1 49
0 0 0 0 0 0 16 16 0 0 0 0 0 0 127 51 1;
egregore_data 0 0 127 0 0 127 0 0 0 0 0 0 0 0 0 127 38 0 127 0 0 0
0 0 0 0 0 0 0 100 0 0 127 127 78 0 93 90 127 0 19 127 127 0 0 0 70
0 0 0 127 127 34 0 120.359 90.1242 16.6797 0 95.1503 6.96732 0 106.366
24.0719 66.4902 86.5621 1.69935 1.01961 31.8889 0 127 43.9337 1 49
0 0 0 0 0 0 16 16 0 0 0 0 0 0 127 51 1;
egregore_data 0 0 127 0 0 127 0 0 0 0 0 0 0 0 0 127 38 0 127 0 0 0
0 0 0 0 0 0 0 100 0 0 127 127 78 0 93 90 127 0 19 127 127 0 0 0 70
0 0 0 127 127 34 0 120.359 90.1242 16.6797 0 95.1503 6.96732 0 106.366
24.0719 66.4902 86.5621 1.69935 1.01961 31.8889 0 127 43.9337 1 51
0 0 0 0 0 0 16 16 0 0 0 0 0 0 127 51 1;
egregore_data 0 0 127 0 0 127 0 0 0 0 0 0 0 0 0 127 38 0 127 0 0 0
0 0 0 0 0 0 0 100 0 0 127 127 78 0 93 90 127 0 19 127 127 0 0 0 70
0 0 0 127 127 34 0 120.403 89.7792 16.7013 0 95.1234 7.18831 0 106.283
23.9156 66.474 86.3896 1.75325 1.05195 31.9805 0 127 43.9337 1 51 0
0 0 0 0 0 16 16 0 0 0 0 0 0 127 51 1;
egregore_data 0 0 127 0 0 127 0 0 0 0 0 0 0 0 0 127 38 0 127 0 0 0
0 0 0 0 0 0 0 100 0 0 127 127 78 0 93 90 127 0 19 127 127 0 0 0 70
0 0 0 127 127 34 0 120.403 89.7792 16.7013 0 95.1234 7.18831 0 106.283
23.9156 66.474 86.3896 1.75325 1.05195 31.9805 0 127 43.9337 1 51 0
0 0 0 0 0 16 16 0 0 0 0 0 0 127 51 1 ;
egregore_data 0 0 127 0 0 127 0 0 0 0 0 0 0 0 0 127 38 0 127 0 0 0
0 0 0 0 0 0 0 100 0 0 127 127 78 0 93 90 127 0 19 127 127 0 0 0 70
0 0 0 127 127 34 0 120.403 89.7792 16.7013 0 95.1234 7.18831 0 106.283
23.9156 66.474 86.3896 1.75325 1.05195 31.9805 0 127 43.9337 1 52 0
0 0 0 0 0 16 16 0 0 0 0 0 0 127 51 1;
egregore_data 0 0 127 0 0 127 0 0 0 0 0 0 0 0 0 127 38 0 127 0 0 0
0 0 0 0 0 0 0 100 0 0 127 127 78 0 93 90 127 0 19 127 127 0 0 0 70
0 0 0 127 127 34 0 120.403 89.7792 16.7013 0 95.1234 7.18831 0 106.283
23.9156 66.474 86.3896 1.75325 1.05195 31.9805 0 127 43.9337 1 52 0
0 0 0 0 0 16 16 0 0 0 0 0 0 127 51 1;
egregore_data 0 0 127 0 0 127 0 0 0 0 0 0 0 0 0 127 38 0 127 0 0 0
0 0 0 0 0 0 0 100 0 0 127 127 78 0 93 90 127 0 19 127 127 0 0 0 70
0 0 0 127 127 34 0 120.403 89.7792 16.7013 0 95.1234 7.18831 0 106.283
23.9156 66.474 86.3896 1.75325 1.05195 31.9805 0 127 43.9337 1 52 0
0 0 0 0 0 16 16 0 0 0 0 0 0 127 51 1;
egregore_data 0 0 127 0 0 127 0 0 0 0 0 0 0 0 0 127 38 0 127 0 0 0
0 0 0 0 0 0 0 100 0 0 127 127 78 0 93 90 127 0 19 127 127 0 0 0 70
0 0 0 127 127 34 0 120.445 89.4387 16.7226 0 95.0968 7.40645 0 106.2
23.7613 66.4581 86.2194 1.80645 1.08387 32.071 0 127 43.9337 1 52 0
0 0 0 0 0 16 16 0 0 0 0 0 0 127 51 1;
egregore_data 0 0 127 0 0 127 0 0 0 0 0 0 0 0 0 127 38 0 127 0 0 0
0 0 0 0 0 0 0 100 0 0 127 127 78 0 93 90 127 0 19 127 127 0 0 0 70
0 0 0 127 127 34 0 120.445 89.4387 16.7226 0 95.0968 7.40645 0 106.2
23.7613 66.4581 86.2194 1.80645 1.08387 32.071 0 127 43.9337 1 52 0
0 0 0 0 0 16 16 0 0 0 0 0 0 127 51 1;
egregore_data 0 0 127 0 0 127 0 0 0 0 0 0 0 0 0 127 38 0 127 0 0 0
0 0 0 0 0 0 0 100 0 0 127 127 78 0 93 90 127 0 19 127 127 0 0 0 70
0 0 0 127 127 34 0 120.445 89.4387 16.7226 0 95.0968 7.40645 0 106.2
23.7613 66.4581 86.2194 1.80645 1.08387 32.071 0 127 43.9337 1 53 0
0 0 0 0 0 16 16 0 0 0 0 0 0 127 51 1;
egregore_data 0 0 127 0 0 127 0 0 0 0 0 0 0 0 0 127 38 0 127 0 0 0
0 0 0 0 0 0 0 100 0 0 127 127 78 0 93 90 127 0 19 127 127 0 0 0 70
0 0 0 127 127 34 0 120.445 89.4387 16.7226 0 95.0968 7.40645 0 106.2
23.7613 66.4581 86.2194 1.80645 1.08387 32.071 0 127 43.9337 1 53 0
0 0 0 0 0 16 16 0 0 0 0 0 0 127 51 1;
egregore_data 0 0 127 0 0 127 0 0 0 0 0 0 0 0 0 127 38 0 127 0 0 0
0 0 0 0 0 0 0 100 0 0 127 127 78 0 93 90 127 0 19 127 127 0 0 0 70
0 0 0 127 127 34 0 120.445 89.4387 16.7226 0 95.0968 7.40645 0 106.2
23.7613 66.4581 86.2194 1.80645 1.08387 32.071 0 127 43.9337 1 53 0
0 0 0 0 0 16 16 0 0 0 0 0 0 127 51 1;
egregore_data 0 0 127 0 0 127 0 0 0 0 0 0 0 0 0 127 38 0 127 0 0 0
0 0 0 0 0 0 0 100 0 0 127 127 78 0 93 90 127 0 19 127 127 0 0 0 70
0 0 0 127 127 34 0 120.445 89.4387 16.7226 0 95.0968 7.40645 0 106.2
23.7613 66.4581 86.2194 1.80645 1.08387 32.071 0 127 43.9337 1 53 0
0 0 0 0 0 16 16 0 0 0 0 0 0 127 51 1;
egregore_data 0 0 127 0 0 127 0 0 0 0 0 0 0 0 0 127 38 0 127 0 0 0
0 0 0 0 0 0 0 100 0 0 127 127 78 0 93 90 127 0 19 127 127 0 0 0 70
0 0 0 127 127 34 0 120.445 89.4387 16.7226 0 95.0968 7.40645 0 106.2
23.7613 66.4581 86.2194 1.80645 1.08387 32.071 0 127 43.9337 1 53 0
0 0 0 0 0 16 16 0 0 0 0 0 0 127 51 1;
egregore_data 0 0 127 0 0 127 0 0 0 0 0 0 0 0 0 127 38 0 127 0 0 0
0 0 0 0 0 0 0 100 0 0 127 127 78 0 93 90 127 0 19 127 127 0 0 0 70
0 0 0 127 127 34 0 120.487 89.1026 16.7436 0 95.0705 7.6218 0 106.119
23.609 66.4423 86.0513 1.85897 1.11538 32.1603 0 127 43.9337 1 53 0
0 0 0 0 0 16 16 0 0 0 0 0 0 127 51 1;
egregore_data 0 0 127 0 0 127 0 0 0 0 0 0 0 0 0 127 38 0 127 0 0 0
0 0 0 0 0 0 0 100 0 0 127 127 78 0 93 90 127 0 19 127 127 0 0 0 70
0 0 0 127 127 34 0 120.487 89.1026 16.7436 0 95.0705 7.6218 0 106.119
23.609 66.4423 86.0513 1.85897 1.11538 32.1603 0 127 43.9337 1 53 0
0 0 0 0 0 16 16 0 0 0 0 0 0 127 51 1;
egregore_data 0 0 127 0 0 127 0 0 0 0 0 0 0 0 0 127 38 0 127 0 0 0
0 0 0 0 0 0 0 100 0 0 127 127 78 0 93 90 127 0 19 127 127 0 0 0 70
0 0 0 127 127 34 0 120.487 89.1026 16.7436 0 95.0705 7.6218 0 106.119
23.609 66.4423 86.0513 1.85897 1.11538 32.1603 0 127 43.9337 1 53 0
0 0 0 0 0 16 16 0 0 0 0 0 0 127 51 1;
egregore_data 0 0 127 0 0 127 0 0 0 0 0 0 0 0 0 127 38 0 127 0 0 0
0 0 0 0 0 0 0 100 0 0 127 127 78 0 93 90 127 0 19 127 127 0 0 0 70
0 0 0 127 127 34 0 120.487 89.1026 16.7436 0 95.0705 7.6218 0 106.119
23.609 66.4423 86.0513 1.85897 1.11538 32.1603 0 127 43.9337 1 53 0
0 0 0 0 0 16 16 0 0 0 0 0 0 127 51 1;
egregore_data 0 0 127 0 0 127 0 0 0 0 0 0 0 0 0 127 38 0 127 0 0 0
0 0 0 0 0 0 0 100 0 0 127 127 78 0 93 90 127 0 19 127 127 0 0 0 70
0 0 0 127 127 34 0 120.487 89.1026 16.7436 0 95.0705 7.6218 0 106.119
23.609 66.4423 86.0513 1.85897 1.11538 32.1603 0 127 43.9337 1 53 0
0 0 0 0 0 16 16 0 0 0 0 0 0 127 51 1;
egregore_data 0 0 127 0 0 127 0 0 0 0 0 0 0 0 0 127 38 0 127 0 0 0
0 0 0 0 0 0 0 100 0 0 127 127 78 0 93 90 127 0 19 127 127 0 0 0 70
0 0 0 127 127 34 0 120.487 89.1026 16.7436 0 95.0705 7.6218 0 106.119
23.609 66.4423 86.0513 1.85897 1.11538 32.1603 0 127 43.9337 1 53 0
0 0 0 0 0 16 16 0 0 0 0 0 0 127 51 1;
egregore_data 0 0 127 0 0 127 0 0 0 0 0 0 0 0 0 127 38 0 127 0 0 0
0 0 0 0 0 0 0 100 0 0 127 127 78 0 93 90 127 0 19 127 127 0 0 0 70
0 0 0 127 127 34 0 120.487 89.1026 16.7436 0 95.0705 7.6218 0 106.119
23.609 66.4423 86.0513 1.85897 1.11538 32.1603 0 127 43.9337 1 53 0
0 0 0 0 0 16 16 0 0 0 0 0 0 127 51 1;
egregore_data 0 0 127 0 0 127 0 0 0 0 0 0 0 0 0 127 38 0 127 0 0 0
0 0 0 0 0 0 0 100 0 0 127 127 78 0 93 90 127 0 19 127 127 0 0 0 70
0 0 0 127 127 34 0 120.487 89.1026 16.7436 0 95.0705 7.6218 0 106.119
23.609 66.4423 86.0513 1.85897 1.11538 32.1603 0 127 43.9337 1 53 0
0 0 0 0 0 16 16 0 0 0 0 0 0 127 51 1;
egregore_data 0 0 127 0 0 127 0 0 0 0 0 0 0 0 0 127 38 0 127 0 0 0
0 0 0 0 0 0 0 100 0 0 127 127 78 0 93 90 127 0 19 127 127 0 0 0 70
0 0 0 127 127 34 0 120.487 89.1026 16.7436 0 95.0705 7.6218 0 106.119
23.609 66.4423 86.0513 1.85897 1.11538 32.1603 0 127 43.9337 1 54 0
0 0 0 0 0 16 16 0 0 0 0 0 0 127 51 1;
egregore_data 0 0 127 0 0 127 0 0 0 0 0 0 0 0 0 127 38 0 127 0 0 0
0 0 0 0 0 0 0 100 0 0 127 127 78 0 93 90 127 0 19 127 127 0 0 0 70
0 0 0 127 127 34 0 120.487 89.1026 16.7436 0 95.0705 7.6218 0 106.119
23.609 66.4423 86.0513 1.85897 1.11538 32.1603 0 127 43.9337 1 54 0
0 0 0 0 0 16 16 0 0 0 0 0 0 127 51 1;
egregore_data 0 0 127 0 0 127 0 0 0 0 0 0 0 0 0 127 38 0 127 0 0 0
0 0 0 0 0 0 0 100 0 0 127 127 78 0 93 90 127 0 19 127 127 0 0 0 70
0 0 0 127 127 34 0 120.487 89.1026 16.7436 0 95.0705 7.6218 0 106.119
23.609 66.4423 86.0513 1.85897 1.11538 32.1603 0 127 43.9337 1 54 0
0 0 0 0 0 16 16 0 0 0 0 0 0 127 51 1;
egregore_data 0 0 127 0 0 127 0 0 0 0 0 0 0 0 0 127 38 0 127 0 0 0
0 0 0 0 0 0 0 100 0 0 127 127 78 0 93 90 127 0 19 127 127 0 0 0 70
0 0 0 127 127 34 0 120.487 89.1026 16.7436 0 95.0705 7.6218 0 106.119
23.609 66.4423 86.0513 1.85897 1.11538 32.1603 0 127 43.9337 1 54 0
0 0 0 0 0 16 16 0 0 0 0 0 0 127 51 1;
egregore_data 0 0 127 0 0 127 0 0 0 0 0 0 0 0 0 127 38 0 127 0 0 0
0 0 0 0 0 0 0 100 0 0 127 127 78 0 93 90 127 0 19 127 127 0 0 0 70
0 0 0 127 127 34 0 120.529 88.7707 16.7643 0 95.0446 7.83439 0 106.039
23.4586 66.4268 85.8854 1.91083 1.1465 32.2484 0 127 43.9337 1 54 0
0 0 0 0 0 16 16 0 0 0 0 0 0 127 51 1;
egregore_data 0 0 127 0 0 127 0 0 0 0 0 0 0 0 0 127 38 0 127 0 0 0
0 0 0 0 0 0 0 100 0 0 127 127 78 0 93 90 127 0 19 127 127 0 0 0 70
0 0 0 127 127 34 0 120.529 88.7707 16.7643 0 95.0446 7.83439 0 106.039
23.4586 66.4268 85.8854 1.91083 1.1465 32.2484 0 127 43.9337 1 54 0
0 0 0 0 0 16 16 0 0 0 0 0 0 127 51 1;
egregore_data 0 0 127 0 0 127 0 0 0 0 0 0 0 0 0 127 38 0 127 0 0 0
0 0 0 0 0 0 0 100 0 0 127 127 78 0 93 90 127 0 19 127 127 0 0 0 70
0 0 0 127 127 34 0 120.529 88.7707 16.7643 0 95.0446 7.83439 0 106.039
23.4586 66.4268 85.8854 1.91083 1.1465 32.2484 0 127 43.9337 1 54 0
0 0 0 0 0 16 16 0 0 0 0 0 0 127 51 1;
egregore_data 0 0 127 0 0 127 0 0 0 0 0 0 0 0 0 127 38 0 127 0 0 0
0 0 0 0 0 0 0 100 0 0 127 127 78 0 93 90 127 0 19 127 127 0 0 0 70
0 0 0 127 127 34 0 120.61 88.1195 16.805 0 94.9937 8.25157 0 105.881
23.1635 66.3962 85.5597 2.01258 1.20755 32.4214 0 127 43.9337 1 54
0 0 0 0 0 0 16 16 0 0 0 0 0 0 127 51 1;
egregore_data 0 0 127 0 0 127 0 0 0 0 0 0 0 0 0 127 38 0 127 0 0 0
0 0 0 0 0 0 0 100 0 0 127 127 78 0 93 90 127 0 19 127 127 0 0 0 70
0 0 0 127 127 34 0 120.61 88.1195 16.805 0 94.9937 8.25157 0 105.881
23.1635 66.3962 85.5597 2.01258 1.20755 32.4214 0 127 43.9337 1 54
0 0 0 0 0 0 16 16 0 0 0 0 0 0 127 51 1;
egregore_data 0 0 127 0 0 127 0 0 0 0 0 0 0 0 0 127 38 0 127 0 0 0
0 0 0 0 0 0 0 100 0 0 127 127 78 0 93 90 127 0 19 127 127 0 0 0 70
0 0 0 127 127 34 0 120.61 88.1195 16.805 0 94.9937 8.25157 0 105.881
23.1635 66.3962 85.5597 2.01258 1.20755 32.4214 0 127 43.9337 1 54
0 0 0 0 0 0 16 16 0 0 0 0 0 0 127 51 1;
egregore_data 0 0 127 0 0 127 0 0 0 0 0 0 0 0 0 127 38 0 127 0 0 0
0 0 0 0 0 0 0 100 0 0 127 127 78 0 93 90 127 0 19 127 127 0 0 0 70
0 0 0 127 127 34 0 120.61 88.1195 16.805 0 94.9937 8.25157 0 105.881
23.1635 66.3962 85.5597 2.01258 1.20755 32.4214 0 127 43.9337 1 54
0 0 0 0 0 0 16 16 0 0 0 0 0 0 127 51 1;
egregore_data 0 0 127 0 0 127 0 0 0 0 0 0 0 0 0 127 38 0 127 0 0 0
0 0 0 0 0 0 0 100 0 0 127 127 78 0 93 90 127 0 19 127 127 0 0 0 70
0 0 0 127 127 34 0 120.65 87.8 16.825 0 94.9688 8.45625 0 105.804 23.0187
66.3812 85.4 2.0625 1.2375 32.5062 0 127 43.9337 1 54 0 0 0 0 0 0 16
16 0 0 0 0 0 0 127 51 1;
egregore_data 0 0 127 0 0 127 0 0 0 0 0 0 0 0 0 127 38 0 127 0 0 0
0 0 0 0 0 0 0 100 0 0 127 127 78 0 93 90 127 0 19 127 127 0 0 0 70
0 0 0 127 127 34 0 120.65 87.8 16.825 0 94.9688 8.45625 0 105.804 23.0187
66.3812 85.4 2.0625 1.2375 32.5062 0 127 43.9337 1 54 0 0 0 0 0 0 16
16 0 0 0 0 0 0 127 51 1;
egregore_data 0 0 127 0 0 127 0 0 0 0 0 0 0 0 0 127 38 0 127 0 0 0
0 0 0 0 0 0 0 100 0 0 127 127 78 0 93 90 127 0 19 127 127 0 0 0 70
0 0 0 127 127 34 0 120.65 87.8 16.825 0 94.9688 8.45625 0 105.804 23.0187
66.3812 85.4 2.0625 1.2375 32.5062 0 127 43.9337 1 54 0 0 0 0 0 0 16
16 0 0 0 0 0 0 127 51 1;
egregore_data 0 0 127 0 0 127 0 0 0 0 0 0 0 0 0 127 38 0 127 0 0 0
0 0 0 0 0 0 0 100 0 0 127 127 78 0 93 90 127 0 19 127 127 0 0 0 70
0 0 0 127 127 34 0 120.65 87.8 16.825 0 94.9688 8.45625 0 105.804 23.0187
66.3812 85.4 2.0625 1.2375 32.5062 0 127 43.9337 1 55 0 0 0 0 0 0 16
16 0 0 0 0 0 0 127 51 1;
egregore_data 0 0 127 0 0 127 0 0 0 0 0 0 0 0 0 127 38 0 127 0 0 0
0 0 0 0 0 0 0 100 0 0 127 127 78 0 93 90 127 0 19 127 127 0 0 0 70
0 0 0 127 127 34 0 120.65 87.8 16.825 0 94.9688 8.45625 0 105.804 23.0187
66.3812 85.4 2.0625 1.2375 32.5062 0 127 43.9337 1 55 0 0 0 0 0 0 16
16 0 0 0 0 0 0 127 51 1;
egregore_data 0 0 127 0 0 127 0 0 0 0 0 0 0 0 0 127 38 0 127 0 0 0
0 0 0 0 0 0 0 100 0 0 127 127 78 0 93 90 127 0 19 127 127 0 0 0 70
0 0 0 127 127 34 0 120.65 87.8 16.825 0 94.9688 8.45625 0 105.804 23.0187
66.3812 85.4 2.0625 1.2375 32.5062 0 127 43.9337 1 56 0 0 0 0 0 0 16
16 0 0 0 0 0 0 127 51 1;
egregore_data 0 0 127 0 0 127 0 0 0 0 0 0 0 0 0 127 38 0 127 0 0 0
0 0 0 0 0 0 0 100 0 0 127 127 78 0 93 90 127 0 19 127 127 0 0 0 70
0 0 0 127 127 34 0 120.65 87.8 16.825 0 94.9688 8.45625 0 105.804 23.0187
66.3812 85.4 2.0625 1.2375 32.5062 0 127 43.9337 1 56 0 0 0 0 0 0 16
16 0 0 0 0 0 0 127 51 1;
egregore_data 0 0 127 0 0 127 0 0 0 0 0 0 0 0 0 127 38 0 127 0 0 0
0 0 0 0 0 0 0 100 0 0 127 127 78 0 93 90 127 0 19 127 127 0 0 0 70
0 0 0 127 127 34 0 120.689 87.4845 16.8447 0 94.9441 8.65839 0 105.727
22.8758 66.3665 85.2422 2.1118 1.26708 32.5901 0 127 43.9337 1 56 0
0 0 0 0 0 16 16 0 0 0 0 0 0 127 51 1;
egregore_data 0 0 127 0 0 127 0 0 0 0 0 0 0 0 0 127 38 0 127 0 0 0
0 0 0 0 0 0 0 100 0 0 127 127 78 0 93 90 127 0 19 127 127 0 0 0 70
0 0 0 127 127 34 0 120.689 87.4845 16.8447 0 94.9441 8.65839 0 105.727
22.8758 66.3665 85.2422 2.1118 1.26708 32.5901 0 127 43.9337 1 56 0
0 0 0 0 0 16 16 0 0 0 0 0 0 127 51 1;
egregore_data 0 0 127 0 0 127 0 0 0 0 0 0 0 0 0 127 38 0 127 0 0 0
0 0 0 0 0 0 0 100 0 0 127 127 78 0 93 90 127 0 19 127 127 0 0 0 70
0 0 0 127 127 34 0 120.689 87.4845 16.8447 0 94.9441 8.65839 0 105.727
22.8758 66.3665 85.2422 2.1118 1.26708 32.5901 0 127 43.9337 1 56 0
0 0 0 0 0 16 16 0 0 0 0 0 0 127 51 1;
egregore_data 0 0 127 0 0 127 0 0 0 0 0 0 0 0 0 127 38 0 127 0 0 0
0 0 0 0 0 0 0 100 0 0 127 127 78 0 93 90 127 0 19 127 127 0 0 0 70
0 0 0 127 127 34 0 120.689 87.4845 16.8447 0 94.9441 8.65839 0 105.727
22.8758 66.3665 85.2422 2.1118 1.26708 32.5901 0 127 43.9337 1 56 0
0 0 0 0 0 16 16 0 0 0 0 0 0 127 51 1;
egregore_data 0 0 127 0 0 127 0 0 0 0 0 0 0 0 0 127 38 0 127 0 0 0
0 0 0 0 0 0 0 100 0 0 127 127 78 0 93 90 127 0 19 127 127 0 0 0 70
0 0 0 127 127 34 0 120.689 87.4845 16.8447 0 94.9441 8.65839 0 105.727
22.8758 66.3665 85.2422 2.1118 1.26708 32.5901 0 127 43.9337 1 56 0
0 0 0 0 0 16 16 0 0 0 0 0 0 127 51 1;
egregore_data 0 0 127 0 0 127 0 0 0 0 0 0 0 0 0 127 38 0 127 0 0 0
0 0 0 0 0 0 0 100 0 0 127 127 78 0 93 90 127 0 19 127 127 0 0 0 70
0 0 0 127 127 34 0 120.689 87.4845 16.8447 0 94.9441 8.65839 0 105.727
22.8758 66.3665 85.2422 2.1118 1.26708 32.5901 0 127 43.9337 1 56 0
0 0 0 0 0 16 16 0 0 0 0 0 0 127 51 1;
egregore_data 0 0 127 0 0 127 0 0 0 0 0 0 0 0 0 127 38 0 127 0 0 0
0 0 0 0 0 0 0 100 0 0 127 127 78 0 93 90 127 0 19 127 127 0 0 0 70
0 0 0 127 127 34 0 120.728 87.1728 16.8642 0 94.9198 8.85802 0 105.652
22.7346 66.3519 85.0864 2.16049 1.2963 32.6728 0 127 43.9337 1 56 0
0 0 0 0 0 16 16 0 0 0 0 0 0 127 51 1;
egregore_data 0 0 127 0 0 127 0 0 0 0 0 0 0 0 0 127 38 0 127 0 0 0
0 0 0 0 0 0 0 100 0 0 127 127 78 0 93 90 127 0 19 127 127 0 0 0 70
0 0 0 127 127 34 0 120.767 86.865 16.8834 0 94.8957 9.05521 0 105.577
22.5951 66.3374 84.9325 2.20859 1.32515 32.7546 0 127 43.9337 1 56
0 0 0 0 0 0 16 16 0 0 0 0 0 0 127 51 1;
egregore_data 0 0 127 0 0 127 0 0 0 0 0 0 0 0 0 127 38 0 127 0 0 0
0 0 0 0 0 0 0 100 0 0 127 127 78 0 93 90 127 0 19 127 127 0 0 0 70
0 0 0 127 127 34 0 120.767 86.865 16.8834 0 94.8957 9.05521 0 105.577
22.5951 66.3374 84.9325 2.20859 1.32515 32.7546 0 127 43.9337 1 56
0 0 0 0 0 0 16 16 0 0 0 0 0 0 127 51 1;
egregore_data 0 0 127 0 0 127 0 0 0 0 0 0 0 0 0 127 38 0 127 0 0 0
0 0 0 0 0 0 0 100 0 0 127 127 78 0 93 90 127 0 19 127 127 0 0 0 70
0 0 0 127 127 34 0 120.767 86.865 16.8834 0 94.8957 9.05521 0 105.577
22.5951 66.3374 84.9325 2.20859 1.32515 32.7546 0 127 43.9337 1 56
0 0 0 0 0 0 16 16 0 0 0 0 0 0 127 51 1;
egregore_data 0 0 127 0 0 127 0 0 0 0 0 0 0 0 0 127 38 0 127 0 0 0
0 0 0 0 0 0 0 100 0 0 127 127 78 0 93 90 127 0 19 127 127 0 0 0 70
0 0 0 127 127 34 0 120.805 86.561 16.9024 0 94.8719 9.25 0 105.503
22.4573 66.3232 84.7805 2.2561 1.35366 32.8354 0 127 43.9337 1 56 0
0 0 0 0 0 16 16 0 0 0 0 0 0 127 51 1;
egregore_data 0 0 127 0 0 127 0 0 0 0 0 0 0 0 0 127 38 0 127 0 0 0
0 0 0 0 0 0 0 100 0 0 127 127 78 0 93 90 127 0 19 127 127 0 0 0 70
0 0 0 127 127 34 0 120.805 86.561 16.9024 0 94.8719 9.25 0 105.503
22.4573 66.3232 84.7805 2.2561 1.35366 32.8354 0 127 43.9337 1 56 0
0 0 0 0 0 16 16 0 0 0 0 0 0 127 51 1;
egregore_data 0 0 127 0 0 127 0 0 0 0 0 0 0 0 0 127 38 0 127 0 0 0
0 0 0 0 0 0 0 100 0 0 127 127 78 0 93 90 127 0 19 127 127 0 0 0 70
0 0 0 127 127 34 0 120.88 85.9639 16.9398 0 94.8253 9.63253 0 105.359
22.1867 66.2952 84.4819 2.3494 1.40964 32.994 0 127 43.9337 1 56 0
0 0 0 0 0 16 16 0 0 0 0 0 0 127 51 1;
egregore_data 0 0 127 0 0 127 0 0 0 0 0 0 0 0 0 127 38 0 127 0 0 0
0 0 0 0 0 0 0 100 0 0 127 127 78 0 93 90 127 0 19 127 127 0 0 0 70
0 0 0 127 127 34 0 120.88 85.9639 16.9398 0 94.8253 9.63253 0 105.359
22.1867 66.2952 84.4819 2.3494 1.40964 32.994 0 127 43.9337 1 56 0
0 0 0 0 0 16 16 0 0 0 0 0 0 127 51 1;
egregore_data 0 0 127 0 0 127 0 0 0 0 0 0 0 0 0 127 38 0 127 0 0 0
0 0 0 0 0 0 0 100 0 0 127 127 78 0 93 90 127 0 19 127 127 0 0 0 70
0 0 0 127 127 34 0 120.88 85.9639 16.9398 0 94.8253 9.63253 0 105.359
22.1867 66.2952 84.4819 2.3494 1.40964 32.994 0 127 43.9337 1 56 0
0 0 0 0 0 16 16 0 0 0 0 0 0 127 51 1;
egregore_data 0 0 127 0 0 127 0 0 0 0 0 0 0 0 0 127 38 0 127 0 0 0
0 0 0 0 0 0 0 100 0 0 127 127 78 0 93 90 127 0 19 127 127 0 0 0 70
0 0 0 127 127 34 0 120.88 85.9639 16.9398 0 94.8253 9.63253 0 105.359
22.1867 66.2952 84.4819 2.3494 1.40964 32.994 0 127 43.9337 1 56 0
0 0 0 0 0 16 16 0 0 0 0 0 0 127 51 1;
egregore_data 0 0 127 0 0 127 0 0 0 0 0 0 0 0 0 127 38 0 127 0 0 0
0 0 0 0 0 0 0 100 0 0 127 127 78 0 93 90 127 0 19 127 127 0 0 0 70
0 0 0 127 127 34 0 120.88 85.9639 16.9398 0 94.8253 9.63253 0 105.359
22.1867 66.2952 84.4819 2.3494 1.40964 32.994 0 127 43.9337 1 56 0
0 0 0 0 0 16 16 0 0 0 0 0 0 127 51 1;
egregore_data 0 0 127 0 0 127 0 0 0 0 0 0 0 0 0 127 38 0 127 0 0 0
0 0 0 0 0 0 0 100 0 0 127 127 78 0 93 90 127 0 19 127 127 0 0 0 70
0 0 0 127 127 34 0 120.916 85.6707 16.9581 0 94.8024 9.82036 0 105.288
22.0539 66.2814 84.3353 2.39521 1.43713 33.0719 0 127 43.9337 1 56
0 0 0 0 0 0 16 16 0 0 0 0 0 0 127 51 1;
egregore_data 0 0 127 0 0 127 0 0 0 0 0 0 0 0 0 127 38 0 127 0 0 0
0 0 0 0 0 0 0 100 0 0 127 127 78 0 93 90 127 0 19 127 127 0 0 0 70
0 0 0 127 127 34 0 120.916 85.6707 16.9581 0 94.8024 9.82036 0 105.288
22.0539 66.2814 84.3353 2.39521 1.43713 33.0719 0 127 43.9337 1 56
0 0 0 0 0 0 16 16 0 0 0 0 0 0 127 51 1;
egregore_data 0 0 127 0 0 127 0 0 0 0 0 0 0 0 0 127 38 0 127 0 0 0
0 0 0 0 0 0 0 100 0 0 127 127 78 0 93 90 127 0 19 127 127 0 0 0 70
0 0 0 127 127 34 0 120.952 85.381 16.9762 0 94.7798 10.006 0 105.218
21.9226 66.2679 84.1905 2.44048 1.46429 33.1488 0 127 43.9337 1 56
0 0 0 0 0 0 16 16 0 0 0 0 0 0 127 51 1;
egregore_data 0 0 127 0 0 127 0 0 0 0 0 0 0 0 0 127 38 0 127 0 0 0
0 0 0 0 0 0 0 100 0 0 127 127 78 0 93 90 127 0 19 127 127 0 0 0 70
0 0 0 127 127 34 0 120.952 85.381 16.9762 0 94.7798 10.006 0 105.218
21.9226 66.2679 84.1905 2.44048 1.46429 33.1488 0 127 43.9337 1 56
0 0 0 0 0 0 16 16 0 0 0 0 0 0 127 51 1;
egregore_data 0 0 127 0 0 127 0 0 0 0 0 0 0 0 0 127 38 0 127 0 0 0
0 0 0 0 0 0 0 100 0 0 127 127 78 0 93 90 127 0 19 127 127 0 0 0 70
0 0 0 127 127 34 0 120.952 85.381 16.9762 0 94.7798 10.006 0 105.218
21.9226 66.2679 84.1905 2.44048 1.46429 33.1488 0 127 43.9337 1 56
0 0 0 0 0 0 16 16 0 0 0 0 0 0 127 51 1;
egregore_data 0 0 127 0 0 127 0 0 0 0 0 0 0 0 0 127 38 0 127 0 0 0
0 0 0 0 0 0 0 100 0 0 127 127 78 0 93 90 127 0 19 127 127 0 0 0 70
0 0 0 127 127 34 0 120.952 85.381 16.9762 0 94.7798 10.006 0 105.218
21.9226 66.2679 84.1905 2.44048 1.46429 33.1488 0 127 43.9337 1 58
0 0 0 0 0 0 16 16 0 0 0 0 0 0 127 51 1;
egregore_data 0 0 127 0 0 127 0 0 0 0 0 0 0 0 0 127 38 0 127 0 0 0
0 0 0 0 0 0 0 100 0 0 127 127 78 0 93 90 127 0 19 127 127 0 0 0 70
0 0 0 127 127 34 0 120.952 85.381 16.9762 0 94.7798 10.006 0 105.218
21.9226 66.2679 84.1905 2.44048 1.46429 33.1488 0 127 43.9337 1 58
0 0 0 0 0 0 16 16 0 0 0 0 0 0 127 51 1;
egregore_data 0 0 127 0 0 127 0 0 0 0 0 0 0 0 0 127 38 0 127 0 0 0
0 0 0 0 0 0 0 100 0 0 127 127 78 0 93 90 127 0 19 127 127 0 0 0 70
0 0 0 127 127 34 0 120.952 85.381 16.9762 0 94.7798 10.006 0 105.218
21.9226 66.2679 84.1905 2.44048 1.46429 33.1488 0 127 43.9337 1 58
0 0 0 0 0 0 16 16 0 0 0 0 0 0 127 51 1;
egregore_data 0 0 127 0 0 127 0 0 0 0 0 0 0 0 0 127 38 0 127 0 0 0
0 0 0 0 0 0 0 100 0 0 127 127 78 0 93 90 127 0 19 127 127 0 0 0 70
0 0 0 127 127 34 0 120.952 85.381 16.9762 0 94.7798 10.006 0 105.218
21.9226 66.2679 84.1905 2.44048 1.46429 33.1488 0 127 43.9337 1 59
0 0 0 0 0 0 16 16 0 0 0 0 0 0 127 51 1;
egregore_data 0 0 127 0 0 127 0 0 0 0 0 0 0 0 0 127 38 0 127 0 0 0
0 0 0 0 0 0 0 100 0 0 127 127 78 0 93 90 127 0 19 127 127 0 0 0 70
0 0 0 127 127 34 0 120.952 85.381 16.9762 0 94.7798 10.006 0 105.218
21.9226 66.2679 84.1905 2.44048 1.46429 33.1488 0 127 43.9337 1 59
0 0 0 0 0 0 16 16 0 0 0 0 0 0 127 51 1;
egregore_data 0 0 127 0 0 127 0 0 0 0 0 0 0 0 0 127 38 0 127 0 0 0
0 0 0 0 0 0 0 100 0 0 127 127 78 0 93 90 127 0 19 127 127 0 0 0 70
0 0 0 127 127 34 0 120.952 85.381 16.9762 0 94.7798 10.006 0 105.218
21.9226 66.2679 84.1905 2.44048 1.46429 33.1488 0 127 43.9337 1 59
0 0 0 0 0 0 16 16 0 0 0 0 0 0 127 51 1;
egregore_data 0 0 127 0 0 127 0 0 0 0 0 0 0 0 0 127 38 0 127 0 0 0
0 0 0 0 0 0 0 100 0 0 127 127 78 0 93 90 127 0 19 127 127 0 0 0 70
0 0 0 127 127 34 0 120.952 85.381 16.9762 0 94.7798 10.006 0 105.218
21.9226 66.2679 84.1905 2.44048 1.46429 33.1488 0 127 43.9337 1 59
0 0 0 0 0 0 16 16 0 0 0 0 0 0 127 51 1;
egregore_data 0 0 127 0 0 127 0 0 0 0 0 0 0 0 0 127 38 0 127 0 0 0
0 0 0 0 0 0 0 100 0 0 127 127 78 0 93 90 127 0 19 127 127 0 0 0 70
0 0 0 127 127 34 0 120.988 85.0947 16.9941 0 94.7574 10.1893 0 105.148
21.7929 66.2544 84.0473 2.48521 1.49112 33.2249 0 127 43.9337 1 59
0 0 0 0 0 0 16 16 0 0 0 0 0 0 127 51 1;
egregore_data 0 0 127 0 0 127 0 0 0 0 0 0 0 0 0 127 38 0 127 0 0 0
0 0 0 0 0 0 0 100 0 0 127 127 78 0 93 90 127 0 19 127 127 0 0 0 70
0 0 0 127 127 34 0 120.988 85.0947 16.9941 0 94.7574 10.1893 0 105.148
21.7929 66.2544 84.0473 2.48521 1.49112 33.2249 0 127 43.9337 1 60
0 0 0 0 0 0 16 16 0 0 0 0 0 0 127 51 1;
egregore_data 0 0 127 0 0 127 0 0 0 0 0 0 0 0 0 127 38 0 127 0 0 0
0 0 0 0 0 0 0 100 0 0 127 127 78 0 93 90 127 0 19 127 127 0 0 0 70
0 0 0 127 127 34 0 121.024 84.8118 17.0118 0 94.7353 10.3706 0 105.08
21.6647 66.2412 83.9059 2.52941 1.51765 33.3 0 127 43.9337 1 60 0 0
0 0 0 0 16 16 0 0 0 0 0 0 127 51 1;
egregore_data 0 0 127 0 0 127 0 0 0 0 0 0 0 0 0 127 38 0 127 0 0 0
0 0 0 0 0 0 0 100 0 0 127 127 78 0 93 90 127 0 19 127 127 0 0 0 70
0 0 0 127 127 34 0 121.024 84.8118 17.0118 0 94.7353 10.3706 0 105.08
21.6647 66.2412 83.9059 2.52941 1.51765 33.3 0 127 43.9337 1 60 0 0
0 0 0 0 16 16 0 0 0 0 0 0 127 51 1;
egregore_data 0 0 127 0 0 127 0 0 0 0 0 0 0 0 0 127 38 0 127 0 0 0
0 0 0 0 0 0 0 100 0 0 127 127 78 0 93 90 127 0 19 127 127 0 0 0 70
0 0 0 127 127 34 0 121.024 84.8118 17.0118 0 94.7353 10.3706 0 105.08
21.6647 66.2412 83.9059 2.52941 1.51765 33.3 0 127 43.9337 1 60 0 0
0 0 0 0 16 16 0 0 0 0 0 0 127 51 1;
egregore_data 0 0 127 0 0 127 0 0 0 0 0 0 0 0 0 127 38 0 127 0 0 0
0 0 0 0 0 0 0 100 0 0 127 127 78 0 93 90 127 0 19 127 127 0 0 0 70
0 0 0 127 127 34 0 121.093 84.2558 17.0465 0 94.6919 10.7267 0 104.945
21.4128 66.2151 83.6279 2.61628 1.56977 33.4477 0 127 43.9337 1 61
0 0 0 0 0 0 16 16 0 0 0 0 0 0 127 51 1;
egregore_data 0 0 127 0 0 127 0 0 0 0 0 0 0 0 0 127 38 0 127 0 0 0
0 0 0 0 0 0 0 100 0 0 127 127 78 0 93 90 127 0 19 127 127 0 0 0 70
0 0 0 127 127 34 0 121.093 84.2558 17.0465 0 94.6919 10.7267 0 104.945
21.4128 66.2151 83.6279 2.61628 1.56977 33.4477 0 127 43.9337 1 61
0 0 0 0 0 0 16 16 0 0 0 0 0 0 127 51 1;
egregore_data 0 0 127 0 0 127 0 0 0 0 0 0 0 0 0 127 38 0 127 0 0 0
0 0 0 0 0 0 0 100 0 0 127 127 78 0 93 90 127 0 19 127 127 0 0 0 70
0 0 0 127 127 34 0 121.093 84.2558 17.0465 0 94.6919 10.7267 0 104.945
21.4128 66.2151 83.6279 2.61628 1.56977 33.4477 0 127 43.9337 1 61
0 0 0 0 0 0 16 16 0 0 0 0 0 0 127 51 1;
egregore_data 0 0 127 0 0 127 0 0 0 0 0 0 0 0 0 127 38 0 127 0 0 0
0 0 0 0 0 0 0 100 0 0 127 127 78 0 93 90 127 0 19 127 127 0 0 0 70
0 0 0 127 127 34 0 121.127 83.9827 17.0636 0 94.6705 10.9017 0 104.879
21.289 66.2023 83.4913 2.65896 1.59538 33.5202 0 127 43.9337 1 61 0
0 0 0 0 0 16 16 0 0 0 0 0 0 127 51 1;
egregore_data 0 0 127 0 0 127 0 0 0 0 0 0 0 0 0 127 38 0 127 0 0 0
0 0 0 0 0 0 0 100 0 0 127 127 78 0 93 90 127 0 19 127 127 0 0 0 70
0 0 0 127 127 34 0 121.127 83.9827 17.0636 0 94.6705 10.9017 0 104.879
21.289 66.2023 83.4913 2.65896 1.59538 33.5202 0 127 43.9337 1 61 0
0 0 0 0 0 16 16 0 0 0 0 0 0 127 51 1;
egregore_data 0 0 127 0 0 127 0 0 0 0 0 0 0 0 0 127 38 0 127 0 0 0
0 0 0 0 0 0 0 100 0 0 127 127 78 0 93 90 127 0 19 127 127 0 0 0 70
0 0 0 127 127 34 0 121.127 83.9827 17.0636 0 94.6705 10.9017 0 104.879
21.289 66.2023 83.4913 2.65896 1.59538 33.5202 0 127 43.9337 1 61 0
0 0 0 0 0 16 16 0 0 0 0 0 0 127 51 1;
egregore_data 0 0 127 0 0 127 0 0 0 0 0 0 0 0 0 127 38 0 127 0 0 0
0 0 0 0 0 0 0 100 0 0 127 127 78 0 93 90 127 0 19 127 127 0 0 0 70
0 0 0 127 127 34 0 121.127 83.9827 17.0636 0 94.6705 10.9017 0 104.879
21.289 66.2023 83.4913 2.65896 1.59538 33.5202 0 127 43.9337 1 61 0
0 0 0 0 0 16 16 0 0 0 0 0 0 127 51 1;
egregore_data 0 0 127 0 0 127 0 0 0 0 0 0 0 0 0 127 38 0 127 0 0 0
0 0 0 0 0 0 0 100 0 0 127 127 78 0 93 90 127 0 19 127 127 0 0 0 70
0 0 0 127 127 34 0 121.127 83.9827 17.0636 0 94.6705 10.9017 0 104.879
21.289 66.2023 83.4913 2.65896 1.59538 33.5202 0 127 43.9337 1 61 0
0 0 0 0 0 16 16 0 0 0 0 0 0 127 51 1;
egregore_data 0 0 127 0 0 127 0 0 0 0 0 0 0 0 0 127 38 0 127 0 0 0
0 0 0 0 0 0 0 100 0 0 127 127 78 0 93 90 127 0 19 127 127 0 0 0 70
0 0 0 127 127 34 0 121.127 83.9827 17.0636 0 94.6705 10.9017 0 104.879
21.289 66.2023 83.4913 2.65896 1.59538 33.5202 0 127 43.9337 1 61 0
0 0 0 0 0 16 16 0 0 0 0 0 0 127 51 1;
egregore_data 0 0 127 0 0 127 0 0 0 0 0 0 0 0 0 127 38 0 127 0 0 0
0 0 0 0 0 0 0 100 0 0 127 127 78 0 93 90 127 0 19 127 127 0 0 0 70
0 0 0 127 127 34 0 121.127 83.9827 17.0636 0 94.6705 10.9017 0 104.879
21.289 66.2023 83.4913 2.65896 1.59538 33.5202 0 127 43.9337 1 62 0
0 0 0 0 0 16 16 0 0 0 0 0 0 127 51 1;
egregore_data 0 0 127 0 0 127 0 0 0 0 0 0 0 0 0 127 38 0 127 0 0 0
0 0 0 0 0 0 0 100 0 0 127 127 78 0 93 90 127 0 19 127 127 0 0 0 70
0 0 0 127 127 34 0 121.127 83.9827 17.0636 0 94.6705 10.9017 0 104.879
21.289 66.2023 83.4913 2.65896 1.59538 33.5202 0 127 43.9337 1 62 0
0 0 0 0 0 16 16 0 0 0 0 0 0 127 51 1;
egregore_data 0 0 127 0 0 127 0 0 0 0 0 0 0 0 0 127 38 0 127 0 0 0
0 0 0 0 0 0 0 100 0 0 127 127 78 0 93 90 127 0 19 127 127 0 0 0 70
0 0 0 127 127 34 0 121.161 83.7126 17.0805 0 94.6494 11.0747 0 104.814
21.1667 66.1897 83.3563 2.70115 1.62069 33.592 0 127 43.9337 1 62 0
0 0 0 0 0 16 16 0 0 0 0 0 0 127 51 1;
egregore_data 0 0 127 0 0 127 0 0 0 0 0 0 0 0 0 127 38 0 127 0 0 0
0 0 0 0 0 0 0 100 0 0 127 127 78 0 93 90 127 0 19 127 127 0 0 0 70
0 0 0 127 127 34 0 121.161 83.7126 17.0805 0 94.6494 11.0747 0 104.814
21.1667 66.1897 83.3563 2.70115 1.62069 33.592 0 127 43.9337 1 62 0
0 0 0 0 0 16 16 0 0 0 0 0 0 127 51 1;
egregore_data 0 0 127 0 0 127 0 0 0 0 0 0 0 0 0 127 38 0 127 0 0 0
0 0 0 0 0 0 0 100 0 0 127 127 78 0 93 90 127 0 19 127 127 0 0 0 70
0 0 0 127 127 34 0 121.161 83.7126 17.0805 0 94.6494 11.0747 0 104.814
21.1667 66.1897 83.3563 2.70115 1.62069 33.592 0 127 43.9337 1 62 0
0 0 0 0 0 16 16 0 0 0 0 0 0 127 51 1;
egregore_data 0 0 127 0 0 127 0 0 0 0 0 0 0 0 0 127 38 0 127 0 0 0
0 0 0 0 0 0 0 100 0 0 127 127 78 0 93 90 127 0 19 127 127 0 0 0 70
0 0 0 127 127 34 0 121.161 83.7126 17.0805 0 94.6494 11.0747 0 104.814
21.1667 66.1897 83.3563 2.70115 1.62069 33.592 0 127 43.9337 1 62 0
0 0 0 0 0 16 16 0 0 0 0 0 0 127 51 1;
egregore_data 0 0 127 0 0 127 0 0 0 0 0 0 0 0 0 127 38 0 127 0 0 0
0 0 0 0 0 0 0 100 0 0 127 127 78 0 93 90 127 0 19 127 127 0 0 0 70
0 0 0 127 127 34 0 121.161 83.7126 17.0805 0 94.6494 11.0747 0 104.814
21.1667 66.1897 83.3563 2.70115 1.62069 33.592 0 127 43.9337 1 62 0
0 0 0 0 0 16 16 0 0 0 0 0 0 127 51 1;
egregore_data 0 0 127 0 0 127 0 0 0 0 0 0 0 0 0 127 38 0 127 0 0 0
0 0 0 0 0 0 0 100 0 0 127 127 78 0 93 90 127 0 19 127 127 0 0 0 70
0 0 0 127 127 34 0 121.161 83.7126 17.0805 0 94.6494 11.0747 0 104.814
21.1667 66.1897 83.3563 2.70115 1.62069 33.592 0 127 43.9337 1 62 0
0 0 0 0 0 16 16 0 0 0 0 0 0 127 51 1;
END;
