HTTP/1.1 200 OK
Date: Thu, 28 May 2015 12:25:14 GMT
Server: Apache
Last-Modified: Wed, 27 May 2015 19:24:42 GMT
Accept-Ranges: bytes
Content-Length: 31282
Vary: Accept-Encoding
Connection: close
Content-Type: text/plain

chdh_egregore_live_data;
egregore_data 0 0 127 0 0 127 0 0 0 0 0 0 0 0 0 127 38 0 127 0 0 0
0 0 0 0 0 0 0 100 0 0 127 127 78 0 93 90 127 0 19 127 127 0 0 0 70
0 0 0 127 127 34 0 75.0311 44.0881 40.3472 43.4301 36.2487 33.171 8.20725
38.3005 40.1399 29.0674 47.4974 0 14.0207 14.3627 0 127 84.56 1 0 0
0 0 0 0 0 16 16 0 0 0 0 0 0 127 51 0;
egregore_data 0 0 127 0 0 127 0 0 0 0 0 0 0 0 0 127 38 0 127 0 0 0
0 0 0 0 0 0 0 100 0 0 127 127 78 0 93 90 127 0 19 127 127 0 0 0 70
0 0 0 127 127 34 0 75.0311 44.0881 40.3472 43.4301 36.2487 33.171 8.20725
38.3005 40.1399 29.0674 47.4974 0 14.0207 14.3627 0 127 84.56 1 0 0
0 0 0 0 0 16 16 0 0 0 0 0 0 127 51 0;
egregore_data 0 0 127 0 0 127 0 0 0 0 0 0 0 0 0 127 38 0 127 0 0 0
0 0 0 0 0 0 0 100 0 0 127 127 78 0 93 90 127 0 19 127 127 0 0 0 70
0 0 0 127 127 34 0 75.0311 44.0881 40.3472 43.4301 36.2487 33.171 8.20725
38.3005 40.1399 29.0674 47.4974 0 14.0207 14.3627 0 127 84.56 1 0 0
0 0 0 0 0 16 16 0 0 0 0 0 0 127 51 0;
egregore_data 0 0 127 0 0 127 0 0 0 0 0 0 0 0 0 127 38 0 127 0 0 0
0 0 0 0 0 0 0 100 0 0 127 127 78 0 93 90 127 0 19 127 127 0 0 0 70
0 0 0 127 127 34 0 75.0311 44.0881 40.3472 43.4301 36.2487 33.171 8.20725
38.3005 40.1399 29.0674 47.4974 0 14.0207 14.3627 0 127 84.56 1 0 0
0 0 0 0 0 16 16 0 0 0 0 0 0 127 51 0;
egregore_data 0 0 127 0 0 127 0 0 0 0 0 0 0 0 0 127 38 0 127 0 0 0
0 0 0 0 0 0 0 100 0 0 127 127 78 0 93 90 127 0 19 127 127 0 0 0 70
0 0 0 127 127 34 0 75.0311 44.0881 40.3472 43.4301 36.2487 33.171 8.20725
38.3005 40.1399 29.0674 47.4974 0 14.0207 14.3627 0 127 84.56 1 0 0
0 0 0 0 0 16 16 0 0 0 0 0 0 127 51 0;
egregore_data 0 0 127 0 0 127 0 0 0 0 0 0 0 0 0 127 38 0 127 0 0 0
0 0 0 0 0 0 0 100 0 0 127 127 78 0 93 90 127 0 19 127 127 0 0 0 70
0 0 0 127 127 34 0 75.0311 44.0881 40.3472 43.4301 36.2487 33.171 8.20725
38.3005 40.1399 29.0674 47.4974 0 14.0207 14.3627 0 127 84.56 1 0 0
0 0 0 0 0 16 16 0 0 0 0 0 0 127 51 0;
egregore_data 0 0 127 0 0 127 0 0 0 0 0 0 0 0 0 127 38 0 127 0 0 0
0 0 0 0 0 0 0 100 0 0 127 127 78 0 93 90 127 0 19 127 127 0 0 0 70
0 0 0 127 127 34 0 75.0311 44.0881 40.3472 43.4301 36.2487 33.171 8.20725
38.3005 40.1399 29.0674 47.4974 0 14.0207 14.3627 0 127 84.56 1 0 0
0 0 0 0 0 16 16 0 0 0 0 0 0 127 51 0;
egregore_data 0 0 127 0 0 127 0 0 0 0 0 0 0 0 0 127 38 0 127 0 0 0
0 0 0 0 0 0 0 100 0 0 127 127 78 0 93 90 127 0 19 127 127 0 0 0 70
0 0 0 127 127 34 0 75.0311 44.0881 40.3472 43.4301 36.2487 33.171 8.20725
38.3005 40.1399 29.0674 47.4974 0 14.0207 14.3627 0 127 84.56 1 0 0
0 0 0 0 0 16 16 0 0 0 0 0 0 127 51 0;
egregore_data 0 0 127 0 0 127 0 0 0 0 0 0 0 0 0 127 38 0 127 0 0 0
0 0 0 0 0 0 0 100 0 0 127 127 78 0 93 90 127 0 19 127 127 0 0 0 70
0 0 0 127 127 34 0 75.0311 44.0881 40.3472 43.4301 36.2487 33.171 8.20725
38.3005 40.1399 29.0674 47.4974 0 14.0207 14.3627 0 127 84.56 1 0 0
0 0 0 0 0 16 16 0 0 0 0 0 0 127 51 0;
egregore_data 0 0 127 0 0 127 0 0 0 0 0 0 0 0 0 127 38 0 127 0 0 0
0 0 0 0 0 0 0 100 0 0 127 127 78 0 93 90 127 0 19 127 127 0 0 0 70
0 0 0 127 127 34 0 75.0311 44.0881 40.3472 43.4301 36.2487 33.171 8.20725
38.3005 40.1399 29.0674 47.4974 0 14.0207 14.3627 0 127 84.56 1 0 0
0 0 0 0 0 16 16 0 0 0 0 0 0 127 51 0;
egregore_data 0 0 127 0 0 127 0 0 0 0 0 0 0 0 0 127 38 0 127 0 0 0
0 0 0 0 0 0 0 100 0 0 127 127 78 0 93 90 127 0 19 127 127 0 0 0 70
0 0 0 127 127 34 0 75.0311 44.0881 40.3472 43.4301 36.2487 33.171 8.20725
38.3005 40.1399 29.0674 47.4974 0 14.0207 14.3627 0 127 84.56 1 0 0
0 0 0 0 0 16 16 0 0 0 0 0 0 127 51 0;
egregore_data 0 0 127 0 0 127 0 0 0 0 0 0 0 0 0 127 38 0 127 0 0 0
0 0 0 0 0 0 0 100 0 0 127 127 78 0 93 90 127 0 19 127 127 0 0 0 70
0 0 0 127 127 34 0 75.0311 44.0881 40.3472 43.4301 36.2487 33.171 8.20725
38.3005 40.1399 29.0674 47.4974 0 14.0207 14.3627 0 127 84.56 1 0 0
0 0 0 0 0 16 16 0 0 0 0 0 0 127 51 0;
egregore_data 0 0 127 0 0 127 0 0 0 0 0 0 0 0 0 127 38 0 127 0 0 0
0 0 0 0 0 0 0 100 0 0 127 127 78 0 93 90 127 0 19 127 127 0 0 0 70
0 0 0 127 127 34 0 75.0311 44.0881 40.3472 43.4301 36.2487 33.171 8.20725
38.3005 40.1399 29.0674 47.4974 0 14.0207 14.3627 0 127 84.56 1 0 0
0 0 0 0 0 16 16 0 0 0 0 0 0 127 51 0;
egregore_data 0 0 127 0 0 127 0 0 0 0 0 0 0 0 0 127 38 0 127 0 0 0
0 0 0 0 0 0 0 100 0 0 127 127 78 0 93 90 127 0 19 127 127 0 0 0 70
0 0 0 127 127 34 0 75.0311 44.0881 40.3472 43.4301 36.2487 33.171 8.20725
38.3005 40.1399 29.0674 47.4974 0 14.0207 14.3627 0 127 84.56 1 0 0
0 0 0 0 0 16 16 0 0 0 0 0 0 127 51 0;
egregore_data 0 0 127 0 0 127 0 0 0 0 0 0 0 0 0 127 38 0 127 0 0 0
0 0 0 0 0 0 0 100 0 0 127 127 78 0 93 90 127 0 19 127 127 0 0 0 70
0 0 0 127 127 34 0 75.0311 44.0881 40.3472 43.4301 36.2487 33.171 8.20725
38.3005 40.1399 29.0674 47.4974 0 14.0207 14.3627 0 127 84.56 1 0 0
0 0 0 0 0 16 16 0 0 0 0 0 0 127 51 0;
egregore_data 0 0 127 0 0 127 0 0 0 0 0 0 0 0 0 127 38 0 127 0 0 0
0 0 0 0 0 0 0 100 0 0 127 127 78 0 93 90 127 0 19 127 127 0 0 0 70
0 0 0 127 127 34 0 75.0311 44.0881 40.3472 43.4301 36.2487 33.171 8.20725
38.3005 40.1399 29.0674 47.4974 0 14.0207 14.3627 0 127 84.56 1 0 0
0 0 0 0 0 16 16 0 0 0 0 0 0 127 51 0;
egregore_data 0 0 127 0 0 127 0 0 0 0 0 0 0 0 0 127 38 0 127 0 0 0
0 0 0 0 0 0 0 100 0 0 127 127 78 0 93 90 127 0 19 127 127 0 0 0 70
0 0 0 127 127 34 0 75.0311 44.0881 40.3472 43.4301 36.2487 33.171 8.20725
38.3005 40.1399 29.0674 47.4974 0 14.0207 14.3627 0 127 84.56 1 0 0
0 0 0 0 0 16 16 0 0 0 0 0 0 127 51 0;
egregore_data 0 0 127 0 0 127 0 0 0 0 0 0 0 0 0 127 38 0 127 0 0 0
0 0 0 0 0 0 0 100 0 0 127 127 78 0 93 90 127 0 19 127 127 0 0 0 70
0 0 0 127 127 34 0 75.0311 44.0881 40.3472 43.4301 36.2487 33.171 8.20725
38.3005 40.1399 29.0674 47.4974 0 14.0207 14.3627 0 127 84.56 1 0 0
0 0 0 0 0 16 16 0 0 0 0 0 0 127 51 0;
egregore_data 0 0 127 0 0 127 0 0 0 0 0 0 0 0 0 127 38 0 127 0 0 0
0 0 0 0 0 0 0 100 0 0 127 127 78 0 93 90 127 0 19 127 127 0 0 0 70
0 0 0 127 127 34 0 75.0311 44.0881 40.3472 43.4301 36.2487 33.171 8.20725
38.3005 40.1399 29.0674 47.4974 0 14.0207 14.3627 0 127 84.56 1 0 0
0 0 0 0 0 16 16 0 0 0 0 0 0 127 51 0;
egregore_data 0 0 127 0 0 127 0 0 0 0 0 0 0 0 0 127 38 0 127 0 0 0
0 0 0 0 0 0 0 100 0 0 127 127 78 0 93 90 127 0 19 127 127 0 0 0 70
0 0 0 127 127 34 0 75.0311 44.0881 40.3472 43.4301 36.2487 33.171 8.20725
38.3005 40.1399 29.0674 47.4974 0 14.0207 14.3627 0 127 84.56 1 0 0
0 0 0 0 0 16 16 0 0 0 0 0 0 127 51 0;
egregore_data 0 0 127 0 0 127 0 0 0 0 0 0 0 0 0 127 38 0 127 0 0 0
0 0 0 0 0 0 0 100 0 0 127 127 78 0 93 90 127 0 19 127 127 0 0 0 70
0 0 0 127 127 34 0 75.0311 44.0881 40.3472 43.4301 36.2487 33.171 8.20725
38.3005 40.1399 29.0674 47.4974 0 14.0207 14.3627 0 127 84.56 1 0 0
0 0 0 0 0 16 16 0 0 0 0 0 0 127 51 0;
egregore_data 0 0 127 0 0 127 0 0 0 0 0 0 0 0 0 127 38 0 127 0 0 0
0 0 0 0 0 0 0 100 0 0 127 127 78 0 93 90 127 0 19 127 127 0 0 0 70
0 0 0 127 127 34 0 75.0311 44.0881 40.3472 43.4301 36.2487 33.171 8.20725
38.3005 40.1399 29.0674 47.4974 0 14.0207 14.3627 0 127 84.56 1 0 0
0 0 0 0 0 16 16 0 0 0 0 0 0 127 51 0;
egregore_data 0 0 127 0 0 127 0 0 0 0 0 0 0 0 0 127 38 0 127 0 0 0
0 0 0 0 0 0 0 100 0 0 127 127 78 0 93 90 127 0 19 127 127 0 0 0 70
0 0 0 127 127 34 0 75.0311 44.0881 40.3472 43.4301 36.2487 33.171 8.20725
38.3005 40.1399 29.0674 47.4974 0 14.0207 14.3627 0 127 84.56 1 0 0
0 0 0 0 0 16 16 0 0 0 0 0 0 127 51 0;
egregore_data 0 0 127 0 0 127 0 0 0 0 0 0 0 0 0 127 38 0 127 0 0 0
0 0 0 0 0 0 0 100 0 0 127 127 78 0 93 90 127 0 19 127 127 0 0 0 70
0 0 0 127 127 34 0 75.0311 44.0881 40.3472 43.4301 36.2487 33.171 8.20725
38.3005 40.1399 29.0674 47.4974 0 14.0207 14.3627 0 127 84.56 1 0 0
0 0 0 0 0 16 16 0 0 0 0 0 0 127 51 0;
egregore_data 0 0 127 0 0 127 0 0 0 0 0 0 0 0 0 127 38 0 127 0 0 0
0 0 0 0 0 0 0 100 0 0 127 127 78 0 93 90 127 0 19 127 127 0 0 0 70
0 0 0 127 127 34 0 75.0311 44.0881 40.3472 43.4301 36.2487 33.171 8.20725
38.3005 40.1399 29.0674 47.4974 0 14.0207 14.3627 0 127 84.56 1 0 0
0 0 0 0 0 16 16 0 0 0 0 0 0 127 51 0;
egregore_data 0 0 127 0 0 127 0 0 0 0 0 0 0 0 0 127 38 0 127 0 0 0
0 0 0 0 0 0 0 100 0 0 127 127 78 0 93 90 127 0 19 127 127 0 0 0 70
0 0 0 127 127 34 0 75.0311 44.0881 40.3472 43.4301 36.2487 33.171 8.20725
38.3005 40.1399 29.0674 47.4974 0 14.0207 14.3627 0 127 84.56 1 0 0
0 0 0 0 0 16 16 0 0 0 0 0 0 127 51 0;
egregore_data 0 0 127 0 0 127 0 0 0 0 0 0 0 0 0 127 38 0 127 0 0 0
0 0 0 0 0 0 0 100 0 0 127 127 78 0 93 90 127 0 19 127 127 0 0 0 70
0 0 0 127 127 34 0 75.0311 44.0881 40.3472 43.4301 36.2487 33.171 8.20725
38.3005 40.1399 29.0674 47.4974 0 14.0207 14.3627 0 127 84.56 1 0 0
0 0 0 0 0 16 16 0 0 0 0 0 0 127 51 0;
egregore_data 0 0 127 0 0 127 0 0 0 0 0 0 0 0 0 127 38 0 127 0 0 0
0 0 0 0 0 0 0 100 0 0 127 127 78 0 93 90 127 0 19 127 127 0 0 0 70
0 0 0 127 127 34 0 75.0311 44.0881 40.3472 43.4301 36.2487 33.171 8.20725
38.3005 40.1399 29.0674 47.4974 0 14.0207 14.3627 0 127 84.56 1 0 0
0 0 0 0 0 16 16 0 0 0 0 0 0 127 51 0;
egregore_data 0 0 127 0 0 127 0 0 0 0 0 0 0 0 0 127 38 0 127 0 0 0
0 0 0 0 0 0 0 100 0 0 127 127 78 0 93 90 127 0 19 127 127 0 0 0 70
0 0 0 127 127 34 0 75.0311 44.0881 40.3472 43.4301 36.2487 33.171 8.20725
38.3005 40.1399 29.0674 47.4974 0 14.0207 14.3627 0 127 84.56 1 0 0
0 0 0 0 0 16 16 0 0 0 0 0 0 127 51 0;
egregore_data 0 0 127 0 0 127 0 0 0 0 0 0 0 0 0 127 38 0 127 0 0 0
0 0 0 0 0 0 0 100 0 0 127 127 78 0 93 90 127 0 19 127 127 0 0 0 70
0 0 0 127 127 34 0 75.0311 44.0881 40.3472 43.4301 36.2487 33.171 8.20725
38.3005 40.1399 29.0674 47.4974 0 14.0207 14.3627 0 127 84.56 1 0 0
0 0 0 0 0 16 16 0 0 0 0 0 0 127 51 0;
egregore_data 0 0 127 0 0 127 0 0 0 0 0 0 0 0 0 127 38 0 127 0 0 0
0 0 0 0 0 0 0 100 0 0 127 127 78 0 93 90 127 0 19 127 127 0 0 0 70
0 0 0 127 127 34 0 75.0311 44.0881 40.3472 43.4301 36.2487 33.171 8.20725
38.3005 40.1399 29.0674 47.4974 0 14.0207 14.3627 0 127 84.56 1 0 0
0 0 0 0 0 16 16 0 0 0 0 0 0 127 51 0;
egregore_data 0 0 127 0 0 127 0 0 0 0 0 0 0 0 0 127 38 0 127 0 0 0
0 0 0 0 0 0 0 100 0 0 127 127 78 0 93 90 127 0 19 127 127 0 0 0 70
0 0 0 127 127 34 0 74.9124 43.8608 40.2216 43.8608 36.6082 33.5 8.28866
38.6804 39.933 29.3557 47.5619 0 14.1598 14.5052 0 127 84.56 1 0 0
0 0 0 0 0 16 16 0 0 0 0 0 0 127 51 0;
egregore_data 0 0 127 0 0 127 0 0 0 0 0 0 0 0 0 127 38 0 127 0 0 0
0 0 0 0 0 0 0 100 0 0 127 127 78 0 93 90 127 0 19 127 127 0 0 0 70
0 0 0 127 127 34 0 74.9124 43.8608 40.2216 43.8608 36.6082 33.5 8.28866
38.6804 39.933 29.3557 47.5619 0 14.1598 14.5052 0 127 84.56 1 0 0
0 0 0 0 0 16 16 0 0 0 0 0 0 127 51 0;
egregore_data 0 0 127 0 0 127 0 0 0 0 0 0 0 0 0 127 38 0 127 0 0 0
0 0 0 0 0 0 0 100 0 0 127 127 78 0 93 90 127 0 19 127 127 0 0 0 70
0 0 0 127 127 34 0 74.9124 43.8608 40.2216 43.8608 36.6082 33.5 8.28866
38.6804 39.933 29.3557 47.5619 0 14.1598 14.5052 0 127 84.56 1 0 0
0 0 0 0 0 16 16 0 0 0 0 0 0 127 51 0;
egregore_data 0 0 127 0 0 127 0 0 0 0 0 0 0 0 0 127 38 0 127 0 0 0
0 0 0 0 0 0 0 100 0 0 127 127 78 0 93 90 127 0 19 127 127 0 0 0 70
0 0 0 127 127 34 0 74.7949 43.6359 40.0974 44.2872 36.9641 33.8256
8.36923 39.0564 39.7282 29.641 47.6256 0 14.2974 14.6462 0 127 84.56
1 0 0 0 0 0 0 0 16 16 0 0 0 0 0 0 127 51 0;
egregore_data 0 0 127 0 0 127 0 0 0 0 0 0 0 0 0 127 38 0 127 0 0 0
0 0 0 0 0 0 0 100 0 0 127 127 78 0 93 90 127 0 19 127 127 0 0 0 70
0 0 0 127 127 34 0 74.7949 43.6359 40.0974 44.2872 36.9641 33.8256
8.36923 39.0564 39.7282 29.641 47.6256 0 14.2974 14.6462 0 127 84.56
1 0 0 0 0 0 0 0 16 16 0 0 0 0 0 0 127 51 0;
egregore_data 0 0 127 0 0 127 0 0 0 0 0 0 0 0 0 127 38 0 127 0 0 0
0 0 0 0 0 0 0 100 0 0 127 127 78 0 93 90 127 0 19 127 127 0 0 0 70
0 0 0 127 127 34 0 74.7949 43.6359 40.0974 44.2872 36.9641 33.8256
8.36923 39.0564 39.7282 29.641 47.6256 0 14.2974 14.6462 0 127 84.56
1 0 0 0 0 0 0 0 16 16 0 0 0 0 0 0 127 51 0;
egregore_data 0 0 127 0 0 127 0 0 0 0 0 0 0 0 0 127 38 0 127 0 0 0
0 0 0 0 0 0 0 100 0 0 127 127 78 0 93 90 127 0 19 127 127 0 0 0 70
0 0 0 127 127 34 0 74.7949 43.6359 40.0974 44.2872 36.9641 33.8256
8.36923 39.0564 39.7282 29.641 47.6256 0 14.2974 14.6462 0 127 84.56
1 0 0 0 0 0 0 0 16 16 0 0 0 0 0 0 127 51 0;
egregore_data 0 0 127 0 0 127 0 0 0 0 0 0 0 0 0 127 38 0 127 0 0 0
0 0 0 0 0 0 0 100 0 0 127 127 78 0 93 90 127 0 19 127 127 0 0 0 70
0 0 0 127 127 34 0 74.7949 43.6359 40.0974 44.2872 36.9641 33.8256
8.36923 39.0564 39.7282 29.641 47.6256 0 14.2974 14.6462 0 127 84.56
1 0 0 0 0 0 0 0 16 16 0 0 0 0 0 0 127 51 0;
egregore_data 0 0 127 0 0 127 0 0 0 0 0 0 0 0 0 127 38 0 127 0 0 0
0 0 0 0 0 0 0 100 0 0 127 127 78 0 93 90 127 0 19 127 127 0 0 0 70
0 0 0 127 127 34 0 74.7949 43.6359 40.0974 44.2872 36.9641 33.8256
8.36923 39.0564 39.7282 29.641 47.6256 0 14.2974 14.6462 0 127 84.56
1 0 0 0 0 0 0 0 16 16 0 0 0 0 0 0 127 51 0;
egregore_data 0 0 127 0 0 127 0 0 0 0 0 0 0 0 0 127 38 0 127 0 0 0
0 0 0 0 0 0 0 100 0 0 127 127 78 0 93 90 127 0 19 127 127 0 0 0 70
0 0 0 127 127 34 0 74.7949 43.6359 40.0974 44.2872 36.9641 33.8256
8.36923 39.0564 39.7282 29.641 47.6256 0 14.2974 14.6462 0 127 84.56
1 0 0 0 0 0 0 0 16 16 0 0 0 0 0 0 127 51 0;
egregore_data 0 0 127 0 0 127 0 0 0 0 0 0 0 0 0 127 38 0 127 0 0 0
0 0 0 0 0 0 0 100 0 0 127 127 78 0 93 90 127 0 19 127 127 0 0 0 70
0 0 0 127 127 34 0 74.7949 43.6359 40.0974 44.2872 36.9641 33.8256
8.36923 39.0564 39.7282 29.641 47.6256 0 14.2974 14.6462 0 127 84.56
1 0 0 0 0 0 0 0 16 16 0 0 0 0 0 0 127 51 0;
egregore_data 0 0 127 0 0 127 0 0 0 0 0 0 0 0 0 127 38 0 127 0 0 0
0 0 0 0 0 0 0 100 0 0 127 127 78 0 93 90 127 0 19 127 127 0 0 0 70
0 0 0 127 127 34 0 74.7949 43.6359 40.0974 44.2872 36.9641 33.8256
8.36923 39.0564 39.7282 29.641 47.6256 0 14.2974 14.6462 0 127 84.56
1 0 0 0 0 0 0 0 16 16 0 0 0 0 0 0 127 51 0;
egregore_data 0 0 127 0 0 127 0 0 0 0 0 0 0 0 0 127 38 0 127 0 0 0
0 0 0 0 0 0 0 100 0 0 127 127 78 0 93 90 127 0 19 127 127 0 0 0 70
0 0 0 127 127 34 0 74.7949 43.6359 40.0974 44.2872 36.9641 33.8256
8.36923 39.0564 39.7282 29.641 47.6256 0 14.2974 14.6462 0 127 84.56
1 0 0 0 0 0 0 0 16 16 0 0 0 0 0 0 127 51 0;
egregore_data 0 0 127 0 0 127 0 0 0 0 0 0 0 0 0 127 38 0 127 0 0 0
0 0 0 0 0 0 0 100 0 0 127 127 78 0 93 90 127 0 19 127 127 0 0 0 70
0 0 0 127 127 34 0 74.7949 43.6359 40.0974 44.2872 36.9641 33.8256
8.36923 39.0564 39.7282 29.641 47.6256 0 14.2974 14.6462 0 127 84.56
1 0 0 0 0 0 0 0 16 16 0 0 0 0 0 0 127 51 0;
egregore_data 0 0 127 0 0 127 0 0 0 0 0 0 0 0 0 127 38 0 127 0 0 0
0 0 0 0 0 0 0 100 0 0 127 127 78 0 93 90 127 0 19 127 127 0 0 0 70
0 0 0 127 127 34 0 74.7949 43.6359 40.0974 44.2872 36.9641 33.8256
8.36923 39.0564 39.7282 29.641 47.6256 0 14.2974 14.6462 0 127 84.56
1 0 0 0 0 0 0 0 16 16 0 0 0 0 0 0 127 51 0;
egregore_data 0 0 127 0 0 127 0 0 0 0 0 0 0 0 0 127 38 0 127 0 0 0
0 0 0 0 0 0 0 100 0 0 127 127 78 0 93 90 127 0 19 127 127 0 0 0 70
0 0 0 127 127 34 0 74.7949 43.6359 40.0974 44.2872 36.9641 33.8256
8.36923 39.0564 39.7282 29.641 47.6256 0 14.2974 14.6462 0 127 84.56
1 0 0 0 0 0 0 0 16 16 0 0 0 0 0 0 127 51 0;
egregore_data 0 0 127 0 0 127 0 0 0 0 0 0 0 0 0 127 38 0 127 0 0 0
0 0 0 0 0 0 0 100 0 0 127 127 78 0 93 90 127 0 19 127 127 0 0 0 70
0 0 0 127 127 34 0 74.7949 43.6359 40.0974 44.2872 36.9641 33.8256
8.36923 39.0564 39.7282 29.641 47.6256 0 14.2974 14.6462 0 127 84.56
1 0 0 0 0 0 0 0 16 16 0 0 0 0 0 0 127 51 0;
egregore_data 0 0 127 0 0 127 0 0 0 0 0 0 0 0 0 127 38 0 127 0 0 0
0 0 0 0 0 0 0 100 0 0 127 127 78 0 93 90 127 0 19 127 127 0 0 0 70
0 0 0 127 127 34 0 74.7949 43.6359 40.0974 44.2872 36.9641 33.8256
8.36923 39.0564 39.7282 29.641 47.6256 0 14.2974 14.6462 0 127 84.56
1 0 0 0 0 0 0 0 16 16 0 0 0 0 0 0 127 51 0;
egregore_data 0 0 127 0 0 127 0 0 0 0 0 0 0 0 0 127 38 0 127 0 0 0
0 0 0 0 0 0 0 100 0 0 127 127 78 0 93 90 127 0 19 127 127 0 0 0 70
0 0 0 127 127 34 0 74.7949 43.6359 40.0974 44.2872 36.9641 33.8256
8.36923 39.0564 39.7282 29.641 47.6256 0 14.2974 14.6462 0 127 84.56
1 0 0 0 0 0 0 0 16 16 0 0 0 0 0 0 127 51 0;
egregore_data 0 0 127 0 0 127 0 0 0 0 0 0 0 0 0 127 38 0 127 0 0 0
0 0 0 0 0 0 0 100 0 0 127 127 78 0 93 90 127 0 19 127 127 0 0 0 70
0 0 0 127 127 34 0 74.7949 43.6359 40.0974 44.2872 36.9641 33.8256
8.36923 39.0564 39.7282 29.641 47.6256 0 14.2974 14.6462 0 127 84.56
1 0 0 0 0 0 0 0 16 16 0 0 0 0 0 0 127 51 0;
egregore_data 0 0 127 0 0 127 0 0 0 0 0 0 0 0 0 127 38 0 127 0 0 0
0 0 0 0 0 0 0 100 0 0 127 127 78 0 93 90 127 0 19 127 127 0 0 0 70
0 0 0 127 127 34 0 74.7949 43.6359 40.0974 44.2872 36.9641 33.8256
8.36923 39.0564 39.7282 29.641 47.6256 0 14.2974 14.6462 0 127 84.56
1 0 0 0 0 0 0 0 16 16 0 0 0 0 0 0 127 51 0;
egregore_data 0 0 127 0 0 127 0 0 0 0 0 0 0 0 0 127 38 0 127 0 0 0
0 0 0 0 0 0 0 100 0 0 127 127 78 0 93 90 127 0 19 127 127 0 0 0 70
0 0 0 127 127 34 0 74.7949 43.6359 40.0974 44.2872 36.9641 33.8256
8.36923 39.0564 39.7282 29.641 47.6256 0 14.2974 14.6462 0 127 84.56
1 0 0 0 0 0 0 0 16 16 0 0 0 0 0 0 127 51 0;
egregore_data 0 0 127 0 0 127 0 0 0 0 0 0 0 0 0 127 38 0 127 0 0 0
0 0 0 0 0 0 0 100 0 0 127 127 78 0 93 90 127 0 19 127 127 0 0 0 70
0 0 0 127 127 34 0 74.7949 43.6359 40.0974 44.2872 36.9641 33.8256
8.36923 39.0564 39.7282 29.641 47.6256 0 14.2974 14.6462 0 127 84.56
1 0 0 0 0 0 0 0 16 16 0 0 0 0 0 0 127 51 0;
egregore_data 0 0 127 0 0 127 0 0 0 0 0 0 0 0 0 127 38 0 127 0 0 0
0 0 0 0 0 0 0 100 0 0 127 127 78 0 93 90 127 0 19 127 127 0 0 0 70
0 0 0 127 127 34 0 74.7949 43.6359 40.0974 44.2872 36.9641 33.8256
8.36923 39.0564 39.7282 29.641 47.6256 0 14.2974 14.6462 0 127 84.56
1 0 0 0 0 0 0 0 16 16 0 0 0 0 0 0 127 51 0;
egregore_data 0 0 127 0 0 127 0 0 0 0 0 0 0 0 0 127 38 0 127 0 0 0
0 0 0 0 0 0 0 100 0 0 127 127 78 0 93 90 127 0 19 127 127 0 0 0 70
0 0 0 127 127 34 0 74.7949 43.6359 40.0974 44.2872 36.9641 33.8256
8.36923 39.0564 39.7282 29.641 47.6256 0 14.2974 14.6462 0 127 84.56
1 0 0 0 0 0 0 0 16 16 0 0 0 0 0 0 127 51 0;
egregore_data 0 0 127 0 0 127 0 0 0 0 0 0 0 0 0 127 38 0 127 0 0 0
0 0 0 0 0 0 0 100 0 0 127 127 78 0 93 90 127 0 19 127 127 0 0 0 70
0 0 0 127 127 34 0 74.7949 43.6359 40.0974 44.2872 36.9641 33.8256
8.36923 39.0564 39.7282 29.641 47.6256 0 14.2974 14.6462 0 127 84.56
1 0 0 0 0 0 0 0 16 16 0 0 0 0 0 0 127 51 0;
egregore_data 0 0 127 0 0 127 0 0 0 0 0 0 0 0 0 127 38 0 127 0 0 0
0 0 0 0 0 0 0 100 0 0 127 127 78 0 93 90 127 0 19 127 127 0 0 0 70
0 0 0 127 127 34 0 74.7949 43.6359 40.0974 44.2872 36.9641 33.8256
8.36923 39.0564 39.7282 29.641 47.6256 0 14.2974 14.6462 0 127 84.56
1 0 0 0 0 0 0 0 16 16 0 0 0 0 0 0 127 51 0;
egregore_data 0 0 127 0 0 127 0 0 0 0 0 0 0 0 0 127 38 0 127 0 0 0
0 0 0 0 0 0 0 100 0 0 127 127 78 0 93 90 127 0 19 127 127 0 0 0 70
0 0 0 127 127 34 0 74.7949 43.6359 40.0974 44.2872 36.9641 33.8256
8.36923 39.0564 39.7282 29.641 47.6256 0 14.2974 14.6462 0 127 84.56
1 0 0 0 0 0 0 0 16 16 0 0 0 0 0 0 127 51 0;
egregore_data 0 0 127 0 0 127 0 0 0 0 0 0 0 0 0 127 38 0 127 0 0 0
0 0 0 0 0 0 0 100 0 0 127 127 78 0 93 90 127 0 19 127 127 0 0 0 70
0 0 0 127 127 34 0 74.5635 43.1929 39.8528 45.1269 37.665 34.467 8.52792
39.797 39.3249 30.203 47.7513 0 14.5685 14.9239 0 127 84.56 1 0 0 0
0 0 0 0 16 16 0 0 0 0 0 0 127 51 0;
egregore_data 0 0 127 0 0 127 0 0 0 0 0 0 0 0 0 127 38 0 127 0 0 0
0 0 0 0 0 0 0 100 0 0 127 127 78 0 93 90 127 0 19 127 127 0 0 0 70
0 0 0 127 127 34 0 74.5635 43.1929 39.8528 45.1269 37.665 34.467 8.52792
39.797 39.3249 30.203 47.7513 0 14.5685 14.9239 0 127 84.56 1 0 0 0
0 0 0 0 16 16 0 0 0 0 0 0 127 51 0;
egregore_data 0 0 127 0 0 127 0 0 0 0 0 0 0 0 0 127 38 0 127 0 0 0
0 0 0 0 0 0 0 100 0 0 127 127 78 0 93 90 127 0 19 127 127 0 0 0 70
0 0 0 127 127 34 0 74.5635 43.1929 39.8528 45.1269 37.665 34.467 8.52792
39.797 39.3249 30.203 47.7513 0 14.5685 14.9239 0 127 84.56 1 0 0 0
0 0 0 0 16 16 0 0 0 0 0 0 127 51 0;
egregore_data 0 0 127 0 0 127 0 0 0 0 0 0 0 0 0 127 38 0 127 0 0 0
0 0 0 0 0 0 0 100 0 0 127 127 78 0 93 90 127 0 19 127 127 0 0 0 70
0 0 0 127 127 34 0 74.5635 43.1929 39.8528 45.1269 37.665 34.467 8.52792
39.797 39.3249 30.203 47.7513 0 14.5685 14.9239 0 127 84.56 1 0 0 0
0 0 0 0 16 16 0 0 0 0 0 0 127 51 0;
egregore_data 0 0 127 0 0 127 0 0 0 0 0 0 0 0 0 127 38 0 127 0 0 0
0 0 0 0 0 0 0 100 0 0 127 127 78 0 93 90 127 0 19 127 127 0 0 0 70
0 0 0 127 127 34 0 74.5635 43.1929 39.8528 45.1269 37.665 34.467 8.52792
39.797 39.3249 30.203 47.7513 0 14.5685 14.9239 0 127 84.56 1 0 0 0
0 0 0 0 16 16 0 0 0 0 0 0 127 51 0;
egregore_data 0 0 127 0 0 127 0 0 0 0 0 0 0 0 0 127 38 0 127 0 0 0
0 0 0 0 0 0 0 100 0 0 127 127 78 0 93 90 127 0 19 127 127 0 0 0 70
0 0 0 127 127 34 0 74.5635 43.1929 39.8528 45.1269 37.665 34.467 8.52792
39.797 39.3249 30.203 47.7513 0 14.5685 14.9239 0 127 84.56 1 0 0 0
0 0 0 0 16 16 0 0 0 0 0 0 127 51 0;
egregore_data 0 0 127 0 0 127 0 0 0 0 0 0 0 0 0 127 38 0 127 0 0 0
0 0 0 0 0 0 0 100 0 0 127 127 78 0 93 90 127 0 19 127 127 0 0 0 70
0 0 0 127 127 34 0 74.5635 43.1929 39.8528 45.1269 37.665 34.467 8.52792
39.797 39.3249 30.203 47.7513 0 14.5685 14.9239 0 127 84.56 1 0 0 0
0 0 0 0 16 16 0 0 0 0 0 0 127 51 0;
egregore_data 0 0 127 0 0 127 0 0 0 0 0 0 0 0 0 127 38 0 127 0 0 0
0 0 0 0 0 0 0 100 0 0 127 127 78 0 93 90 127 0 19 127 127 0 0 0 70
0 0 0 127 127 34 0 74.5635 43.1929 39.8528 45.1269 37.665 34.467 8.52792
39.797 39.3249 30.203 47.7513 0 14.5685 14.9239 0 127 84.56 1 0 0 0
0 0 0 0 16 16 0 0 0 0 0 0 127 51 0;
egregore_data 0 0 127 0 0 127 0 0 0 0 0 0 0 0 0 127 38 0 127 0 0 0
0 0 0 0 0 0 0 100 0 0 127 127 78 0 93 90 127 0 19 127 127 0 0 0 70
0 0 0 127 127 34 0 74.5635 43.1929 39.8528 45.1269 37.665 34.467 8.52792
39.797 39.3249 30.203 47.7513 0 14.5685 14.9239 0 127 84.56 1 0 0 0
0 0 0 0 16 16 0 0 0 0 0 0 127 51 0;
egregore_data 0 0 127 0 0 127 0 0 0 0 0 0 0 0 0 127 38 0 127 0 0 0
0 0 0 0 0 0 0 100 0 0 127 127 78 0 93 90 127 0 19 127 127 0 0 0 70
0 0 0 127 127 34 0 74.5635 43.1929 39.8528 45.1269 37.665 34.467 8.52792
39.797 39.3249 30.203 47.7513 0 14.5685 14.9239 0 127 84.56 1 0 0 0
0 0 0 0 16 16 0 0 0 0 0 0 127 51 0;
egregore_data 0 0 127 0 0 127 0 0 0 0 0 0 0 0 0 127 38 0 127 0 0 0
0 0 0 0 0 0 0 100 0 0 127 127 78 0 93 90 127 0 19 127 127 0 0 0 70
0 0 0 127 127 34 0 74.5635 43.1929 39.8528 45.1269 37.665 34.467 8.52792
39.797 39.3249 30.203 47.7513 0 14.5685 14.9239 0 127 84.56 1 0 0 0
0 0 0 0 16 16 0 0 0 0 0 0 127 51 0;
egregore_data 0 0 127 0 0 127 0 0 0 0 0 0 0 0 0 127 38 0 127 0 0 0
0 0 0 0 0 0 0 100 0 0 127 127 78 0 93 90 127 0 19 127 127 0 0 0 70
0 0 0 127 127 34 0 74.5635 43.1929 39.8528 45.1269 37.665 34.467 8.52792
39.797 39.3249 30.203 47.7513 0 14.5685 14.9239 0 127 84.56 1 0 0 0
0 0 0 0 16 16 0 0 0 0 0 0 127 51 0;
egregore_data 0 0 127 0 0 127 0 0 0 0 0 0 0 0 0 127 38 0 127 0 0 0
0 0 0 0 0 0 0 100 0 0 127 127 78 0 93 90 127 0 19 127 127 0 0 0 70
0 0 0 127 127 34 0 74.5635 43.1929 39.8528 45.1269 37.665 34.467 8.52792
39.797 39.3249 30.203 47.7513 0 14.5685 14.9239 0 127 84.56 1 0 0 0
0 0 0 0 16 16 0 0 0 0 0 0 127 51 0;
egregore_data 0 0 127 0 0 127 0 0 0 0 0 0 0 0 0 127 38 0 127 0 0 0
0 0 0 0 0 0 0 100 0 0 127 127 78 0 93 90 127 0 19 127 127 0 0 0 70
0 0 0 127 127 34 0 74.4495 42.9748 39.7323 45.5404 38.0101 34.7828
8.60606 40.1616 39.1263 30.4798 47.8131 0 14.702 15.0606 0 127 84.56
1 0 0 0 0 0 0 0 16 16 0 0 0 0 0 0 127 51 0;
egregore_data 0 0 127 0 0 127 0 0 0 0 0 0 0 0 0 127 38 0 127 0 0 0
0 0 0 0 0 0 0 100 0 0 127 127 78 0 93 90 127 0 19 127 127 0 0 0 70
0 0 0 127 127 34 0 74.4495 42.9748 39.7323 45.5404 38.0101 34.7828
8.60606 40.1616 39.1263 30.4798 47.8131 0 14.702 15.0606 0 127 84.56
1 0 0 0 0 0 0 0 16 16 0 0 0 0 0 0 127 51 0;
egregore_data 0 0 127 0 0 127 0 0 0 0 0 0 0 0 0 127 38 0 127 0 0 0
0 0 0 0 0 0 0 100 0 0 127 127 78 0 93 90 127 0 19 127 127 0 0 0 70
0 0 0 127 127 34 0 74.4495 42.9748 39.7323 45.5404 38.0101 34.7828
8.60606 40.1616 39.1263 30.4798 47.8131 0 14.702 15.0606 0 127 84.56
1 0 0 0 0 0 0 0 16 16 0 0 0 0 0 0 127 51 0;
egregore_data 0 0 127 0 0 127 0 0 0 0 0 0 0 0 0 127 38 0 127 0 0 0
0 0 0 0 0 0 0 100 0 0 127 127 78 0 93 90 127 0 19 127 127 0 0 0 70
0 0 0 127 127 34 0 74.4495 42.9748 39.7323 45.5404 38.0101 34.7828
8.60606 40.1616 39.1263 30.4798 47.8131 0 14.702 15.0606 0 127 84.56
1 0 0 0 0 0 0 0 16 16 0 0 0 0 0 0 127 51 0;
egregore_data 0 0 127 0 0 127 0 0 0 0 0 0 0 0 0 127 38 0 127 0 0 0
0 0 0 0 0 0 0 100 0 0 127 127 78 0 93 90 127 0 19 127 127 0 0 0 70
0 0 0 127 127 34 0 74.4495 42.9748 39.7323 45.5404 38.0101 34.7828
8.60606 40.1616 39.1263 30.4798 47.8131 0 14.702 15.0606 0 127 84.56
1 0 0 0 0 0 0 0 16 16 0 0 0 0 0 0 127 51 0;
egregore_data 0 0 127 0 0 127 0 0 0 0 0 0 0 0 0 127 38 0 127 0 0 0
0 0 0 0 0 0 0 100 0 0 127 127 78 0 93 90 127 0 19 127 127 0 0 0 70
0 0 0 127 127 34 0 74.4495 42.9748 39.7323 45.5404 38.0101 34.7828
8.60606 40.1616 39.1263 30.4798 47.8131 0 14.702 15.0606 0 127 84.56
1 0 0 0 0 0 0 0 16 16 0 0 0 0 0 0 127 51 0;
egregore_data 0 0 127 0 0 127 0 0 0 0 0 0 0 0 0 127 38 0 127 0 0 0
0 0 0 0 0 0 0 100 0 0 127 127 78 0 93 90 127 0 19 127 127 0 0 0 70
0 0 0 127 127 34 0 74.4495 42.9748 39.7323 45.5404 38.0101 34.7828
8.60606 40.1616 39.1263 30.4798 47.8131 0 14.702 15.0606 0 127 84.56
1 0 0 0 0 0 0 0 16 16 0 0 0 0 0 0 127 51 0;
egregore_data 0 0 127 0 0 127 0 0 0 0 0 0 0 0 0 127 38 0 127 0 0 0
0 0 0 0 0 0 0 100 0 0 127 127 78 0 93 90 127 0 19 127 127 0 0 0 70
0 0 0 127 127 34 0 74.4495 42.9748 39.7323 45.5404 38.0101 34.7828
8.60606 40.1616 39.1263 30.4798 47.8131 0 14.702 15.0606 0 127 84.56
1 0 0 0 0 0 0 0 16 16 0 0 0 0 0 0 127 51 0;
egregore_data 0 0 127 0 0 127 0 0 0 0 0 0 0 0 0 127 38 0 127 0 0 0
0 0 0 0 0 0 0 100 0 0 127 127 78 0 93 90 127 0 19 127 127 0 0 0 70
0 0 0 127 127 34 0 74.4495 42.9748 39.7323 45.5404 38.0101 34.7828
8.60606 40.1616 39.1263 30.4798 47.8131 0 14.702 15.0606 0 127 84.56
1 0 0 0 0 0 0 0 16 16 0 0 0 0 0 0 127 51 0;
egregore_data 0 0 127 0 0 127 0 0 0 0 0 0 0 0 0 127 38 0 127 0 0 0
0 0 0 0 0 0 0 100 0 0 127 127 78 0 93 90 127 0 19 127 127 0 0 0 70
0 0 0 127 127 34 0 74.4495 42.9748 39.7323 45.5404 38.0101 34.7828
8.60606 40.1616 39.1263 30.4798 47.8131 0 14.702 15.0606 0 127 84.56
1 0 0 0 0 0 0 0 16 16 0 0 0 0 0 0 127 51 0;
egregore_data 0 0 127 0 0 127 0 0 0 0 0 0 0 0 0 127 38 0 127 0 0 0
0 0 0 0 0 0 0 100 0 0 127 127 78 0 93 90 127 0 19 127 127 0 0 0 70
0 0 0 127 127 34 0 74.3367 42.7588 39.6131 45.9497 38.3518 35.0955
8.68342 40.5226 38.9296 30.7538 47.8744 0 14.8342 15.196 0 127 83.1833
1 0 0 0 0 0 0 0 16 16 0 0 0 0 0 0 127 51 0;
egregore_data 0 0 127 0 0 127 0 0 0 0 0 0 0 0 0 127 38 0 127 0 0 0
0 0 0 0 0 0 0 100 0 0 127 127 78 0 93 90 127 0 19 127 127 0 0 0 70
0 0 0 127 127 34 0 74.3367 42.7588 39.6131 45.9497 38.3518 35.0955
8.68342 40.5226 38.9296 30.7538 47.8744 0 14.8342 15.196 0 127 81.8066
1 0 0 0 0 0 0 0 16 16 0 0 0 0 0 0 127 51 0;
egregore_data 0 0 127 0 0 127 0 0 0 0 0 0 0 0 0 127 38 0 127 0 0 0
0 0 0 0 0 0 0 100 0 0 127 127 78 0 93 90 127 0 19 127 127 0 0 0 70
0 0 0 127 127 34 0 74.3367 42.7588 39.6131 45.9497 38.3518 35.0955
8.68342 40.5226 38.9296 30.7538 47.8744 0 14.8342 15.196 0 127 81.8066
1 0 0 0 0 0 0 0 16 16 0 0 0 0 0 0 127 51 0;
egregore_data 0 0 127 0 0 127 0 0 0 0 0 0 0 0 0 127 38 0 127 0 0 0
0 0 0 0 0 0 0 100 0 0 127 127 78 0 93 90 127 0 19 127 127 0 0 0 70
0 0 0 127 127 34 0 74.3367 42.7588 39.6131 45.9497 38.3518 35.0955
8.68342 40.5226 38.9296 30.7538 47.8744 0 14.8342 15.196 0 127 81.8066
1 0 0 0 0 0 0 0 16 16 0 0 0 0 0 0 127 51 0;
egregore_data 0 0 127 0 0 127 0 0 0 0 0 0 0 0 0 127 38 0 127 0 0 0
0 0 0 0 0 0 0 100 0 0 127 127 78 0 93 90 127 0 19 127 127 0 0 0 70
0 0 0 127 127 34 0 74.3367 42.7588 39.6131 45.9497 38.3518 35.0955
8.68342 40.5226 38.9296 30.7538 47.8744 0 14.8342 15.196 0 127 81.8066
1 0 0 0 0 0 0 0 16 16 0 0 0 0 0 0 127 51 0;
egregore_data 0 0 127 0 0 127 0 0 0 0 0 0 0 0 0 127 38 0 127 0 0 0
0 0 0 0 0 0 0 100 0 0 127 127 78 0 93 90 127 0 19 127 127 0 0 0 70
0 0 0 127 127 34 0 74.3367 42.7588 39.6131 45.9497 38.3518 35.0955
8.68342 40.5226 38.9296 30.7538 47.8744 0 14.8342 15.196 0 127 81.8066
1 0 0 0 0 0 0 0 16 16 0 0 0 0 0 0 127 51 0;
egregore_data 0 0 127 0 0 127 0 0 0 0 0 0 0 0 0 127 38 0 127 0 0 0
0 0 0 0 0 0 0 100 0 0 127 127 78 0 93 90 127 0 19 127 127 0 0 0 70
0 0 0 127 127 34 0 74.3367 42.7588 39.6131 45.9497 38.3518 35.0955
8.68342 40.5226 38.9296 30.7538 47.8744 0 14.8342 15.196 0 127 81.8066
1 0 0 0 0 0 0 0 16 16 0 0 0 0 0 0 127 51 0;
egregore_data 0 0 127 0 0 127 0 0 0 0 0 0 0 0 0 127 38 0 127 0 0 0
0 0 0 0 0 0 0 100 0 0 127 127 78 0 93 90 127 0 19 127 127 0 0 0 70
0 0 0 127 127 34 0 74.3367 42.7588 39.6131 45.9497 38.3518 35.0955
8.68342 40.5226 38.9296 30.7538 47.8744 0 14.8342 15.196 0 127 81.8066
1 0 0 0 0 0 0 0 16 16 0 0 0 0 0 0 127 51 0;
egregore_data 0 0 127 0 0 127 0 0 0 0 0 0 0 0 0 127 38 0 127 0 0 0
0 0 0 0 0 0 0 100 0 0 127 127 78 0 93 90 127 0 19 127 127 0 0 0 70
0 0 0 127 127 34 0 74.3367 42.7588 39.6131 45.9497 38.3518 35.0955
8.68342 40.5226 38.9296 30.7538 47.8744 0 14.8342 15.196 0 127 81.8066
1 0 0 0 0 0 0 0 16 16 0 0 0 0 0 0 127 51 0;
egregore_data 0 0 127 0 0 127 0 0 0 0 0 0 0 0 0 127 38 0 127 0 0 0
0 0 0 0 0 0 0 100 0 0 127 127 78 0 93 90 127 0 19 127 127 0 0 0 70
0 0 0 127 127 34 0 74.3367 42.7588 39.6131 45.9497 38.3518 35.0955
8.68342 40.5226 38.9296 30.7538 47.8744 0 14.8342 15.196 0 127 81.8066
1 0 0 0 0 0 0 0 16 16 0 0 0 0 0 0 127 51 0;
egregore_data 0 0 127 0 0 127 0 0 0 0 0 0 0 0 0 127 38 0 127 0 0 0
0 0 0 0 0 0 0 100 0 0 127 127 78 0 93 90 127 0 19 127 127 0 0 0 70
0 0 0 127 127 34 0 74.225 42.545 39.495 46.355 38.69 35.405 8.76 40.88
38.735 31.025 47.935 0 14.965 15.33 0 127 81.8066 1 0 0 0 0 0 0 0 16
16 0 0 0 0 0 0 127 51 0;
egregore_data 0 0 127 0 0 127 0 0 0 0 0 0 0 0 0 127 38 0 127 0 0 0
0 0 0 0 0 0 0 100 0 0 127 127 78 0 93 90 127 0 19 127 127 0 0 0 70
0 0 0 127 127 34 0 74.225 42.545 39.495 46.355 38.69 35.405 8.76 40.88
38.735 31.025 47.935 0 14.965 15.33 0 127 81.8066 1 0 0 0 0 0 0 0 16
16 0 0 0 0 0 0 127 51 0;
egregore_data 0 0 127 0 0 127 0 0 0 0 0 0 0 0 0 127 38 0 127 0 0 0
0 0 0 0 0 0 0 100 0 0 127 127 78 0 93 90 127 0 19 127 127 0 0 0 70
0 0 0 127 127 34 0 74.225 42.545 39.495 46.355 38.69 35.405 8.76 40.88
38.735 31.025 47.935 0 14.965 15.33 0 127 81.8066 1 0 0 0 0 0 0 0 16
16 0 0 0 0 0 0 127 51 0;
egregore_data 0 0 127 0 0 127 0 0 0 0 0 0 0 0 0 127 38 0 127 0 0 0
0 0 0 0 0 0 0 100 0 0 127 127 78 0 93 90 127 0 19 127 127 0 0 0 70
0 0 0 127 127 34 0 74.225 42.545 39.495 46.355 38.69 35.405 8.76 40.88
38.735 31.025 47.935 0 14.965 15.33 0 127 81.8066 1 0 0 0 0 0 0 0 16
16 0 0 0 0 0 0 127 51 0;
egregore_data 0 0 127 0 0 127 0 0 0 0 0 0 0 0 0 127 38 0 127 0 0 0
0 0 0 0 0 0 0 100 0 0 127 127 78 0 93 90 127 0 19 127 127 0 0 0 70
0 0 0 127 127 34 0 74.225 42.545 39.495 46.355 38.69 35.405 8.76 40.88
38.735 31.025 47.935 0 14.965 15.33 0 127 81.8066 1 0 0 0 0 0 0 0 16
16 0 0 0 0 0 0 127 51 0;
egregore_data 0 0 127 0 0 127 0 0 0 0 0 0 0 0 0 127 38 0 127 0 0 0
0 0 0 0 0 0 0 100 0 0 127 127 78 0 93 90 127 0 19 127 127 0 0 0 70
0 0 0 127 127 34 0 74.225 42.545 39.495 46.355 38.69 35.405 8.76 40.88
38.735 31.025 47.935 0 14.965 15.33 0 127 81.8066 1 0 0 0 0 0 0 0 16
16 0 0 0 0 0 0 127 51 0;
egregore_data 0 0 127 0 0 127 0 0 0 0 0 0 0 0 0 127 38 0 127 0 0 0
0 0 0 0 0 0 0 100 0 0 127 127 78 0 93 90 127 0 19 127 127 0 0 0 70
0 0 0 127 127 34 0 74.225 42.545 39.495 46.355 38.69 35.405 8.76 40.88
38.735 31.025 47.935 0 14.965 15.33 0 127 81.8066 1 0 0 0 0 0 0 0 16
16 0 0 0 0 0 0 127 51 0;
egregore_data 0 0 127 0 0 127 0 0 0 0 0 0 0 0 0 127 38 0 127 0 0 0
0 0 0 0 0 0 0 100 0 0 127 127 78 0 93 90 127 0 19 127 127 0 0 0 70
0 0 0 127 127 34 0 74.225 42.545 39.495 46.355 38.69 35.405 8.76 40.88
38.735 31.025 47.935 0 14.965 15.33 0 127 81.8066 1 0 0 0 0 0 0 0 16
16 0 0 0 0 0 0 127 51 0;
END;
