HTTP/1.1 200 OK
Date: Thu, 28 May 2015 12:24:50 GMT
Server: Apache
Last-Modified: Wed, 27 May 2015 19:16:52 GMT
Accept-Ranges: bytes
Content-Length: 23712
Vary: Accept-Encoding
Connection: close
Content-Type: text/plain

chdh_egregore_live_data;
egregore_data 0 0 127 0 0 127 0 0 0 0 0 0 0 0 0 127 38 0 127 0 0 0
0 0 0 0 0 0 0 100 0 0 127 127 78 1 106 56 54 0 0 91 17 38 0 0 70 48
0 0 0 127 34 1 53 99 83 0 0 0 0 32 0 0 21 0 40 0 0 127 88 0 0 0 0 0
0 0 0 16 16 0 0 0 0 0 0 127 51 0;
egregore_data 0 0 127 0 0 127 0 0 0 0 0 0 0 0 0 127 38 0 127 0 0 0
0 0 0 0 0 0 0 100 0 0 127 127 78 1 105 57 54 0 0 92 17 39 0 0 70 46
0 0 0 127 34 1 53 99 83 0 0 0 0 32 0 0 21 0 40 0 0 127 88 0 0 0 0 0
0 0 0 16 16 0 0 0 0 0 0 127 51 0;
egregore_data 0 0 127 0 0 127 0 0 0 0 0 0 0 0 0 127 38 0 127 0 0 0
0 0 0 0 0 0 0 100 0 0 127 127 78 1 105 58 53 0 0 94 17 40 0 0 70 45
0 0 0 127 34 1 53 99 83 0 0 0 0 32 0 0 21 0 40 0 0 127 88 0 0 0 0 0
0 0 0 16 16 0 0 0 0 0 0 127 51 0;
egregore_data 0 0 127 0 0 127 0 0 0 0 0 0 0 0 0 127 38 0 127 0 0 0
0 0 0 0 0 0 0 100 0 0 127 127 78 1 104 60 53 0 0 95 17 41 0 0 70 43
0 0 0 127 34 1 53 99 83 0 0 0 0 32 0 0 21 0 40 0 0 127 88 0 0 0 0 0
0 0 0 16 16 0 0 0 0 0 0 127 51 0;
egregore_data 0 0 127 0 0 127 0 0 0 0 0 0 0 0 0 127 38 0 127 0 0 0
0 0 0 0 0 0 0 100 0 0 127 127 78 1 104 61 53 0 0 96 17 41 0 0 70 41
0 0 0 127 34 1 53 99 83 0 0 0 0 32 0 0 21 0 40 0 0 127 88 0 0 0 0 0
0 0 0 16 16 0 0 0 0 0 0 127 51 0;
egregore_data 0 0 127 0 0 127 0 0 0 0 0 0 0 0 0 127 38 0 127 0 0 0
0 0 0 0 0 0 0 100 0 0 127 127 78 1 104 62 53 0 0 97 17 42 0 0 70 40
0 0 0 127 34 1 53 99 83 0 0 0 0 32 0 0 21 0 40 0 0 127 88 0 0 0 0 0
0 0 0 16 16 0 0 0 0 0 0 127 51 0;
egregore_data 0 0 127 0 0 127 0 0 0 0 0 0 0 0 0 127 38 0 127 0 0 0
0 0 0 0 0 0 0 100 0 0 127 127 78 1 104 62 53 0 0 97 17 42 0 0 70 40
0 0 0 127 34 1 53 99 83 0 0 0 0 32 0 0 21 0 40 0 0 127 88 0 0 0 0 0
0 0 0 16 16 0 0 0 0 0 0 127 51 0;
egregore_data 0 0 127 0 0 127 0 0 0 0 0 0 0 0 0 127 38 0 127 0 0 0
0 0 0 0 0 0 0 100 0 0 127 127 78 1 104 62 53 0 0 97 17 42 0 0 70 40
0 0 0 127 34 1 53 99 83 0 0 0 0 32 0 0 21 0 40 0 0 127 88 0 0 0 0 0
0 0 0 16 16 0 0 0 0 0 0 127 51 0;
egregore_data 0 0 127 0 0 127 0 0 0 0 0 0 0 0 0 127 38 0 127 0 0 0
0 0 0 0 0 0 0 100 0 0 127 127 78 1 104 62 53 0 0 97 17 42 0 0 70 40
0 0 0 127 34 1 53 99 83 0 0 0 0 32 0 0 21 0 40 0 0 127 88 0 0 0 0 0
0 0 0 16 16 0 0 0 0 0 0 127 51 0;
egregore_data 0 0 127 0 0 127 0 0 0 0 0 0 0 0 0 127 38 0 127 0 0 0
0 0 0 0 0 0 0 100 0 0 127 127 78 1 104 62 53 0 0 97 17 42 0 0 70 40
0 0 0 127 34 1 53 99 83 0 0 0 0 32 0 0 21 0 40 0 0 127 88 0 0 0 0 0
0 0 0 16 16 0 0 0 0 0 0 127 51 0;
egregore_data 0 0 127 0 0 127 0 0 0 0 0 0 0 0 0 127 38 0 127 0 0 0
0 0 0 0 0 0 0 100 0 0 127 127 78 1 104 62 53 0 0 97 17 42 0 0 70 40
0 0 0 127 34 1 53 99 83 0 0 0 0 32 0 0 21 0 40 0 0 127 88 0 0 0 0 0
0 0 0 16 16 0 0 0 0 0 0 127 51 0;
egregore_data 0 0 127 0 0 127 0 0 0 0 0 0 0 0 0 127 38 0 127 0 0 0
0 0 0 0 0 0 0 100 0 0 127 127 78 1 104 62 53 0 0 97 17 42 0 0 70 40
0 0 0 127 34 1 53 99 83 0 0 0 0 32 0 0 21 0 40 0 0 127 88 0 0 0 0 0
0 0 0 16 16 0 0 0 0 0 0 127 51 0;
egregore_data 0 0 127 0 0 127 0 0 0 0 0 0 0 0 0 127 38 0 127 0 0 0
0 0 0 0 0 0 0 100 0 0 127 127 78 1 104 62 53 0 0 97 17 42 0 0 70 40
0 0 0 127 34 1 53 99 83 0 0 0 0 32 0 0 21 0 40 0 0 127 88 0 0 0 0 0
0 0 0 16 16 0 0 0 0 0 0 127 51 0;
egregore_data 0 0 127 0 0 127 0 0 0 0 0 0 0 0 0 127 38 0 127 0 0 0
0 0 0 0 0 0 0 100 0 0 127 127 78 1 104 62 53 0 0 97 17 42 0 0 70 40
0 0 0 127 34 1 53 99 83 0 0 0 0 32 0 0 21 0 40 0 0 127 88 0 0 0 0 0
0 0 0 16 16 0 0 0 0 0 0 127 51 0;
egregore_data 0 0 127 0 0 127 0 0 0 0 0 0 0 0 0 127 38 0 127 0 0 0
0 0 0 0 0 0 0 100 0 0 127 127 78 1 103 62 53 0 0 98 17 42 0 0 70 39
0 0 0 127 34 1 53 99 83 0 0 0 0 32 0 0 21 0 40 0 0 127 88 0 0 0 0 0
0 0 0 16 16 0 0 0 0 0 0 127 51 0;
egregore_data 0 0 127 0 0 127 0 0 0 0 0 0 0 0 0 127 38 0 127 0 0 0
0 0 0 0 0 0 0 100 0 0 127 127 78 1 103 63 53 0 0 99 17 43 0 0 70 38
0 0 0 127 34 1 53 99 83 0 0 0 0 32 0 0 21 0 40 0 0 127 88 0 0 0 0 0
0 0 0 16 16 0 0 0 0 0 0 127 51 0;
egregore_data 0 0 127 0 0 127 0 0 0 0 0 0 0 0 0 127 38 0 127 0 0 0
0 0 0 0 0 0 0 100 0 0 127 127 78 1 103 64 53 0 0 99 17 43 0 0 70 37
0 0 0 127 34 1 53 99 83 0 0 0 0 32 0 0 21 0 40 0 0 127 88 0 0 0 0 0
0 0 0 16 16 0 0 0 0 0 0 127 51 0;
egregore_data 0 0 127 0 0 127 0 0 0 0 0 0 0 0 0 127 38 0 127 0 0 0
0 0 0 0 0 0 0 100 0 0 127 127 78 1 103 64 53 0 0 100 17 44 0 0 70 36
0 0 0 127 34 1 53 99 83 0 0 0 0 32 0 0 21 0 40 0 0 127 88 0 0 0 0 0
0 0 0 16 16 0 0 0 0 0 0 127 51 0;
egregore_data 0 0 127 0 0 127 0 0 0 0 0 0 0 0 0 127 38 0 127 0 0 0
0 0 0 0 0 0 0 100 0 0 127 127 78 1 103 65 53 0 0 100 17 44 0 0 70 36
0 0 0 127 34 1 53 99 83 0 0 0 0 32 0 0 21 0 40 0 0 127 88 0 0 0 0 0
0 0 0 16 16 0 0 0 0 0 0 127 51 0;
egregore_data 0 0 127 0 0 127 0 0 0 0 0 0 0 0 0 127 38 0 127 0 0 0
0 0 0 0 0 0 0 100 0 0 127 127 78 1 102 65 53 0 0 101 17 44 0 0 70 35
0 0 0 127 34 1 53 99 83 0 0 0 0 32 0 0 21 0 40 0 0 127 88 0 0 0 0 0
0 0 0 16 16 0 0 0 0 0 0 127 51 0;
egregore_data 0 0 127 0 0 127 0 0 0 0 0 0 0 0 0 127 38 0 127 0 0 0
0 0 0 0 0 0 0 100 0 0 127 127 78 1 102 66 52 0 0 101 17 45 0 0 70 34
0 0 0 127 34 1 53 99 83 0 0 0 0 32 0 0 21 0 40 0 0 127 88 0 0 0 0 0
0 0 0 16 16 0 0 0 0 0 0 127 51 0;
egregore_data 0 0 127 0 0 127 0 0 0 0 0 0 0 0 0 127 38 0 127 0 0 0
0 0 0 0 0 0 0 100 0 0 127 127 78 1 102 67 52 0 0 102 17 45 0 0 70 33
0 0 0 127 34 1 53 99 83 0 0 0 0 32 0 0 21 0 40 0 0 127 88 0 0 0 0 0
0 0 0 16 16 0 0 0 0 0 0 127 51 0;
egregore_data 0 0 127 0 0 127 0 0 0 0 0 0 0 0 0 127 38 0 127 0 0 0
0 0 0 0 0 0 0 100 0 0 127 127 78 1 101 68 52 0 0 104 16 46 0 0 70 31
0 0 0 127 34 1 53 99 83 0 0 0 0 32 0 0 21 0 40 0 0 127 88 0 0 0 0 0
0 0 0 16 16 0 0 0 0 0 0 127 51 0;
egregore_data 0 0 127 0 0 127 0 0 0 0 0 0 0 0 0 127 38 0 127 0 0 0
0 0 0 0 0 0 0 100 0 0 127 127 78 1 101 68 52 0 0 104 16 46 0 0 70 30
0 0 0 127 34 1 53 99 83 0 0 0 0 32 0 0 21 0 40 0 0 127 88 0 0 0 0 0
0 0 0 16 16 0 0 0 0 0 0 127 51 0;
egregore_data 0 0 127 0 0 127 0 0 0 0 0 0 0 0 0 127 38 0 127 0 0 0
0 0 0 0 0 0 0 100 0 0 127 127 78 1 101 69 52 0 0 105 16 47 0 0 70 30
0 0 0 127 34 1 53 99 83 0 0 0 0 32 0 0 21 0 40 0 0 127 88 0 0 0 0 0
0 0 0 16 16 0 0 0 0 0 0 127 51 0;
egregore_data 0 0 127 0 0 127 0 0 0 0 0 0 0 0 0 127 38 0 127 0 0 0
0 0 0 0 0 0 0 100 0 0 127 127 78 1 101 69 52 0 0 105 16 47 0 0 70 30
0 0 0 127 34 1 53 99 83 0 0 0 0 32 0 0 21 0 40 0 0 127 88 0 0 0 0 0
0 0 0 16 16 0 0 0 0 0 0 127 51 0;
egregore_data 0 0 127 0 0 127 0 0 0 0 0 0 0 0 0 127 38 0 127 0 0 0
0 0 0 0 0 0 0 100 0 0 127 127 78 1 101 69 52 0 0 105 16 47 0 0 70 30
0 0 0 127 34 1 53 99 83 0 0 0 0 32 0 0 21 0 40 0 0 127 88 0 0 0 0 0
0 0 0 16 16 0 0 0 0 0 0 127 51 0;
egregore_data 0 0 127 0 0 127 0 0 0 0 0 0 0 0 0 127 38 0 127 0 0 0
0 0 0 0 0 0 0 100 0 0 127 127 78 1 101 69 52 0 0 105 16 47 0 0 70 30
0 0 0 127 34 1 53 99 83 0 0 0 0 32 0 0 21 0 40 0 0 127 88 0 0 0 0 0
0 0 0 16 16 0 0 0 0 0 0 127 51 0;
egregore_data 0 0 127 0 0 127 0 0 0 0 0 0 0 0 0 127 38 0 127 0 0 0
0 0 0 0 0 0 0 100 0 0 127 127 78 1 101 69 52 0 0 105 16 47 0 0 70 30
0 0 0 127 34 1 53 99 83 0 0 0 0 32 0 0 21 0 40 0 0 127 88 0 0 0 0 0
0 0 0 16 16 0 0 0 0 0 0 127 51 0;
egregore_data 0 0 127 0 0 127 0 0 0 0 0 0 0 0 0 127 38 0 127 0 0 0
0 0 0 0 0 0 0 100 0 0 127 127 78 1 101 69 52 0 0 105 16 47 0 0 70 30
0 0 0 127 34 1 53 99 83 0 0 0 0 32 0 0 21 0 40 0 0 127 88 0 0 0 0 0
0 0 0 16 16 0 0 0 0 0 0 127 51 0;
egregore_data 0 0 127 0 0 127 0 0 0 0 0 0 0 0 0 127 38 0 127 0 0 0
0 0 0 0 0 0 0 100 0 0 127 127 78 1 101 69 52 0 0 105 16 47 0 0 70 30
0 0 0 127 34 1 53 99 83 0 0 0 0 32 0 0 21 0 40 0 0 127 88 0 0 0 0 0
0 0 0 16 16 0 0 0 0 0 0 127 51 0;
egregore_data 0 0 127 0 0 127 0 0 0 0 0 0 0 0 0 127 38 0 127 0 0 0
0 0 0 0 0 0 0 100 0 0 127 127 78 1 101 69 52 0 0 105 16 47 0 0 70 30
0 0 0 127 34 1 53 99 83 0 0 0 0 32 0 0 21 0 40 0 0 127 88 0 0 0 0 0
0 0 0 16 16 0 0 0 0 0 0 127 51 0;
egregore_data 0 0 127 0 0 127 0 0 0 0 0 0 0 0 0 127 38 0 127 0 0 0
0 0 0 0 0 0 0 100 0 0 127 127 78 1 101 70 52 0 0 106 16 47 0 0 70 29
0 0 0 127 34 1 53 99 83 0 0 0 0 32 0 0 21 0 40 0 0 127 88 0 0 0 0 0
0 0 0 16 16 0 0 0 0 0 0 127 51 0;
egregore_data 0 0 127 0 0 127 0 0 0 0 0 0 0 0 0 127 38 0 127 0 0 0
0 0 0 0 0 0 0 100 0 0 127 127 78 1 100 70 52 0 0 106 16 48 0 0 70 28
0 0 0 127 34 1 53 99 83 0 0 0 0 32 0 0 21 0 40 0 0 127 88 0 0 0 0 0
0 0 0 16 16 0 0 0 0 0 0 127 51 0;
egregore_data 0 0 127 0 0 127 0 0 0 0 0 0 0 0 0 127 38 0 127 0 0 0
0 0 0 0 0 0 0 100 0 0 127 127 78 1 100 71 52 0 0 107 16 48 0 0 70 27
0 0 0 127 34 1 53 99 83 0 0 0 0 32 0 0 21 0 40 0 0 127 88 0 0 0 0 0
0 0 0 16 16 0 0 0 0 0 0 127 51 0;
egregore_data 0 0 127 0 0 127 0 0 0 0 0 0 0 0 0 127 38 0 127 0 0 0
0 0 0 0 0 0 0 100 0 0 127 127 78 1 100 72 52 0 0 108 16 49 0 0 70 25
0 0 0 127 34 1 53 99 83 0 0 0 0 32 0 0 21 0 40 0 0 127 88 0 0 0 0 0
0 0 0 16 16 0 0 0 0 0 0 127 51 0;
egregore_data 0 0 127 0 0 127 0 0 0 0 0 0 0 0 0 127 38 0 127 0 0 0
0 0 0 0 0 0 0 100 0 0 127 127 78 1 100 73 51 0 0 109 16 49 0 0 70 25
0 0 0 127 34 1 53 99 83 0 0 0 0 32 0 0 21 0 40 0 0 127 88 0 0 0 0 0
0 0 0 16 16 0 0 0 0 0 0 127 51 0;
egregore_data 0 0 127 0 0 127 0 0 0 0 0 0 0 0 0 127 38 0 127 0 0 0
0 0 0 0 0 0 0 100 0 0 127 127 78 1 99 73 51 0 0 109 16 49 0 0 70 24
0 0 0 127 34 1 53 99 83 0 0 0 0 32 0 0 21 0 40 0 0 127 88 0 0 0 0 0
0 0 0 16 16 0 0 0 0 0 0 127 51 0;
egregore_data 0 0 127 0 0 127 0 0 0 0 0 0 0 0 0 127 38 0 127 0 0 0
0 0 0 0 0 0 0 100 0 0 127 127 78 1 99 73 51 0 0 110 16 50 0 0 70 23
0 0 0 127 34 1 53 99 83 0 0 0 0 32 0 0 21 0 40 0 0 127 88 0 0 0 0 0
0 0 0 16 16 0 0 0 0 0 0 127 51 0;
egregore_data 0 0 127 0 0 127 0 0 0 0 0 0 0 0 0 127 38 0 127 0 0 0
0 0 0 0 0 0 0 100 0 0 127 127 78 1 99 74 51 0 0 111 16 50 0 0 70 22
0 0 0 127 34 1 53 99 83 0 0 0 0 32 0 0 21 0 40 0 0 127 88 0 0 0 0 0
0 0 0 16 16 0 0 0 0 0 0 127 51 0;
egregore_data 0 0 127 0 0 127 0 0 0 0 0 0 0 0 0 127 38 0 127 0 0 0
0 0 0 0 0 0 0 100 0 0 127 127 78 1 99 75 51 0 0 111 16 51 0 0 70 21
0 0 0 127 34 1 53 99 83 0 0 0 0 32 0 0 21 0 40 0 0 127 88 0 0 0 0 0
0 0 0 16 16 0 0 0 0 0 0 127 51 0;
egregore_data 0 0 127 0 0 127 0 0 0 0 0 0 0 0 0 127 38 0 127 0 0 0
0 0 0 0 0 0 0 100 0 0 127 127 78 1 98 76 51 0 0 112 16 51 0 0 70 20
0 0 0 127 34 1 53 99 83 0 0 0 0 32 0 0 21 0 40 0 0 127 88 0 0 0 0 0
0 0 0 16 16 0 0 0 0 0 0 127 51 0;
egregore_data 0 0 127 0 0 127 0 0 0 0 0 0 0 0 0 127 38 0 127 0 0 0
0 0 0 0 0 0 0 100 0 0 127 127 78 1 98 76 51 0 0 112 16 52 0 0 70 19
0 0 0 127 34 1 53 99 83 0 0 0 0 32 0 0 21 0 40 0 0 127 88 0 0 0 0 0
0 0 0 16 16 0 0 0 0 0 0 127 51 0;
egregore_data 0 0 127 0 0 127 0 0 0 0 0 0 0 0 0 127 38 0 127 0 0 0
0 0 0 0 0 0 0 100 0 0 127 127 78 1 98 77 51 0 0 113 16 52 0 0 70 19
0 0 0 127 34 1 53 99 83 0 0 0 0 32 0 0 21 0 40 0 0 127 88 0 0 0 0 0
0 0 0 16 16 0 0 0 0 0 0 127 51 0;
egregore_data 0 0 127 0 0 127 0 0 0 0 0 0 0 0 0 127 38 0 127 0 0 0
0 0 0 0 0 0 0 100 0 0 127 127 78 1 98 77 51 0 0 113 16 52 0 0 70 18
0 0 0 127 34 1 53 99 83 0 0 0 0 32 0 0 21 0 40 0 0 127 88 0 0 0 0 0
0 0 0 16 16 0 0 0 0 0 0 127 51 0;
egregore_data 0 0 127 0 0 127 0 0 0 0 0 0 0 0 0 127 38 0 127 0 0 0
0 0 0 0 0 0 0 100 0 0 127 127 78 1 98 78 51 0 0 114 16 53 0 0 70 17
0 0 0 127 34 1 53 99 83 0 0 0 0 32 0 0 21 0 40 0 0 127 88 0 0 0 0 0
0 0 0 16 16 0 0 0 0 0 0 127 51 0;
egregore_data 0 0 127 0 0 127 0 0 0 0 0 0 0 0 0 127 38 0 127 0 0 0
0 0 0 0 0 0 0 100 0 0 127 127 78 1 97 79 51 0 0 115 16 53 0 0 70 16
0 0 0 127 34 1 53 99 83 0 0 0 0 32 0 0 21 0 40 0 0 127 88 0 0 0 0 0
0 0 0 16 16 0 0 0 0 0 0 127 51 0;
egregore_data 0 0 127 0 0 127 0 0 0 0 0 0 0 0 0 127 38 0 127 0 0 0
0 0 0 0 0 0 0 100 0 0 127 127 78 1 97 79 51 0 0 116 16 54 0 0 70 15
0 0 0 127 34 1 53 99 83 0 0 0 0 32 0 0 21 0 40 0 0 127 88 0 0 0 0 0
0 0 0 16 16 0 0 0 0 0 0 127 51 0;
egregore_data 0 0 127 0 0 127 0 0 0 0 0 0 0 0 0 127 38 0 127 0 0 0
0 0 0 0 0 0 0 100 0 0 127 127 78 1 97 80 50 0 0 116 16 54 0 0 70 15
0 0 0 127 34 1 53 99 83 0 0 0 0 32 0 0 21 0 40 0 0 127 88 0 0 0 0 0
0 0 0 16 16 0 0 0 0 0 0 127 51 0;
egregore_data 0 0 127 0 0 127 0 0 0 0 0 0 0 0 0 127 38 0 127 0 0 0
0 0 0 0 0 0 0 100 0 0 127 127 78 1 97 80 50 0 0 117 16 55 0 0 70 13
0 0 0 127 34 1 53 99 83 0 0 0 0 32 0 0 21 0 40 0 0 127 88 0 0 0 0 0
0 0 0 16 16 0 0 0 0 0 0 127 51 0;
egregore_data 0 0 127 0 0 127 0 0 0 0 0 0 0 0 0 127 38 0 127 0 0 0
0 0 0 0 0 0 0 100 0 0 127 127 78 1 96 81 50 0 0 117 16 55 0 0 70 13
0 0 0 127 34 1 53 99 83 0 0 0 0 32 0 0 21 0 40 0 0 127 88 0 0 0 0 0
0 0 0 16 16 0 0 0 0 0 0 127 51 0;
egregore_data 0 0 127 0 0 127 0 0 0 0 0 0 0 0 0 127 38 0 127 0 0 0
0 0 0 0 0 0 0 100 0 0 127 127 78 1 96 81 50 0 0 118 16 55 0 0 70 12
0 0 0 127 34 1 53 99 83 0 0 0 0 32 0 0 21 0 40 0 0 127 88 0 0 0 0 0
0 0 0 16 16 0 0 0 0 0 0 127 51 0;
egregore_data 0 0 127 0 0 127 0 0 0 0 0 0 0 0 0 127 38 0 127 0 0 0
0 0 0 0 0 0 0 100 0 0 127 127 78 1 96 82 50 0 0 118 16 56 0 0 70 11
0 0 0 127 34 1 53 99 83 0 0 0 0 32 0 0 21 0 40 0 0 127 88 0 0 0 0 0
0 0 0 16 16 0 0 0 0 0 0 127 51 0;
egregore_data 0 0 127 0 0 127 0 0 0 0 0 0 0 0 0 127 38 0 127 0 0 0
0 0 0 0 0 0 0 100 0 0 127 127 78 1 96 82 50 0 0 119 16 56 0 0 70 11
0 0 0 127 34 1 53 99 83 0 0 0 0 32 0 0 21 0 40 0 0 127 88 0 0 0 0 0
0 0 0 16 16 0 0 0 0 0 0 127 51 0;
egregore_data 0 0 127 0 0 127 0 0 0 0 0 0 0 0 0 127 38 0 127 0 0 0
0 0 0 0 0 0 0 100 0 0 127 127 78 1 96 83 50 0 0 119 16 56 0 0 70 10
0 0 0 127 34 1 53 99 83 0 0 0 0 32 0 0 21 0 40 0 0 127 88 0 0 0 0 0
0 0 0 16 16 0 0 0 0 0 0 127 51 0;
egregore_data 0 0 127 0 0 127 0 0 0 0 0 0 0 0 0 127 38 0 127 0 0 0
0 0 0 0 0 0 0 100 0 0 127 127 78 1 96 83 50 0 0 120 16 56 0 0 70 10
0 0 0 127 34 1 53 99 83 0 0 0 0 32 0 0 21 0 40 0 0 127 88 0 0 0 0 0
0 0 0 16 16 0 0 0 0 0 0 127 51 0;
egregore_data 0 0 127 0 0 127 0 0 0 0 0 0 0 0 0 127 38 0 127 0 0 0
0 0 0 0 0 0 0 100 0 0 127 127 78 1 96 83 50 0 0 120 16 56 0 0 70 10
0 0 0 127 34 1 53 99 83 0 0 0 0 32 0 0 21 0 40 0 0 127 88 0 0 0 0 0
0 0 0 16 16 0 0 0 0 0 0 127 51 0;
egregore_data 0 0 127 0 0 127 0 0 0 0 0 0 0 0 0 127 38 0 127 0 0 0
0 0 0 0 0 0 0 100 0 0 127 127 78 1 95 84 50 0 0 121 16 57 0 0 70 8
0 0 0 127 34 1 53 99 83 0 0 0 0 32 0 0 21 0 40 0 0 127 88 0 0 0 0 0
0 0 0 16 16 0 0 0 0 0 0 127 51 0;
egregore_data 0 0 127 0 0 127 0 0 0 0 0 0 0 0 0 127 38 0 127 0 0 0
0 0 0 0 0 0 0 100 0 0 127 127 78 1 95 85 50 0 0 122 16 58 0 0 70 7
0 0 0 127 34 1 53 99 83 0 0 0 0 32 0 0 21 0 40 0 0 127 88 0 0 0 0 0
0 0 0 16 16 0 0 0 0 0 0 127 51 0;
egregore_data 0 0 127 0 0 127 0 0 0 0 0 0 0 0 0 127 38 0 127 0 0 0
0 0 0 0 0 0 0 100 0 0 127 127 78 1 95 86 50 0 0 122 16 58 0 0 70 6
0 0 0 127 34 1 53 99 83 0 0 0 0 32 0 0 21 0 40 0 0 127 88 0 0 0 0 0
0 0 0 16 16 0 0 0 0 0 0 127 51 0;
egregore_data 0 0 127 0 0 127 0 0 0 0 0 0 0 0 0 127 38 0 127 0 0 0
0 0 0 0 0 0 0 100 0 0 127 127 78 1 95 86 50 0 0 123 16 58 0 0 70 6
0 0 0 127 34 1 53 99 83 0 0 0 0 32 0 0 21 0 40 0 0 127 88 0 0 0 0 0
0 0 0 16 16 0 0 0 0 0 0 127 51 0;
egregore_data 0 0 127 0 0 127 0 0 0 0 0 0 0 0 0 127 38 0 127 0 0 0
0 0 0 0 0 0 0 100 0 0 127 127 78 1 94 86 50 0 0 123 16 59 0 0 70 5
0 0 0 127 34 1 53 99 83 0 0 0 0 32 0 0 21 0 40 0 0 127 88 0 0 0 0 0
0 0 0 16 16 0 0 0 0 0 0 127 51 0;
egregore_data 0 0 127 0 0 127 0 0 0 0 0 0 0 0 0 127 38 0 127 0 0 0
0 0 0 0 0 0 0 100 0 0 127 127 78 1 94 87 49 0 0 124 16 59 0 0 70 4
0 0 0 127 34 1 53 99 83 0 0 0 0 32 0 0 21 0 40 0 0 127 88 0 0 0 0 0
0 0 0 16 16 0 0 0 0 0 0 127 51 0;
egregore_data 0 0 127 0 0 127 0 0 0 0 0 0 0 0 0 127 38 0 127 0 0 0
0 0 0 0 0 0 0 100 0 0 127 127 78 1 94 87 49 0 0 124 16 59 0 0 70 4
0 0 0 127 34 1 53 99 83 0 0 0 0 32 0 0 21 0 40 0 0 127 88 0 0 0 0 0
0 0 0 16 16 0 0 0 0 0 0 127 51 0;
egregore_data 0 0 127 0 0 127 0 0 0 0 0 0 0 0 0 127 38 0 127 0 0 0
0 0 0 0 0 0 0 100 0 0 127 127 78 1 94 87 49 0 0 124 16 59 0 0 70 4
0 0 0 127 34 1 53 99 83 0 0 0 0 32 0 0 21 0 40 0 0 127 88 0 0 0 0 0
0 0 0 16 16 0 0 0 0 0 0 127 51 0;
egregore_data 0 0 127 0 0 127 0 0 0 0 0 0 0 0 0 127 38 0 127 0 0 0
0 0 0 0 0 0 0 100 0 0 127 127 78 1 94 87 49 0 0 124 16 59 0 0 70 4
0 0 0 127 34 1 53 99 83 0 0 0 0 32 0 0 21 0 40 0 0 127 88 0 0 0 0 0
0 0 0 16 16 0 0 0 0 0 0 127 51 0;
egregore_data 0 0 127 0 0 127 0 0 0 0 0 0 0 0 0 127 38 0 127 0 0 0
0 0 0 0 0 0 0 100 0 0 127 127 78 1 94 87 49 0 0 124 16 59 0 0 70 4
0 0 0 127 34 1 53 99 83 0 0 0 0 32 0 0 21 0 40 0 0 127 88 0 0 0 0 0
0 0 0 16 16 0 0 0 0 0 0 127 51 0;
egregore_data 0 0 127 0 0 127 0 0 0 0 0 0 0 0 0 127 38 0 127 0 0 0
0 0 0 0 0 0 0 100 0 0 127 127 78 1 94 87 49 0 0 124 16 59 0 0 70 4
0 0 0 127 34 1 53 99 83 0 0 0 0 32 0 0 21 0 40 0 0 127 88 0 0 0 0 0
0 0 0 16 16 0 0 0 0 0 0 127 51 0;
egregore_data 0 0 127 0 0 127 0 0 0 0 0 0 0 0 0 127 38 0 127 0 0 0
0 0 0 0 0 0 0 100 0 0 127 127 78 1 94 87 49 0 0 124 16 59 0 0 70 4
0 0 0 127 34 1 53 99 83 0 0 0 0 32 0 0 21 0 40 0 0 127 88 0 0 0 0 0
0 0 0 16 16 0 0 0 0 0 0 127 51 0;
egregore_data 0 0 127 0 0 127 0 0 0 0 0 0 0 0 0 127 38 0 127 0 0 0
0 0 0 0 0 0 0 100 0 0 127 127 78 1 94 87 49 0 0 124 16 59 0 0 70 4
0 0 0 127 34 1 53 99 83 0 0 0 0 32 0 0 21 0 40 0 0 127 88 0 0 0 0 0
0 0 0 16 16 0 0 0 0 0 0 127 51 0;
egregore_data 0 0 127 0 0 127 0 0 0 0 0 0 0 0 0 127 38 0 127 0 0 0
0 0 0 0 0 0 0 100 0 0 127 127 78 1 94 87 49 0 0 124 16 59 0 0 70 4
0 0 0 127 34 1 53 99 83 0 0 0 0 32 0 0 21 0 40 0 0 127 88 0 0 0 0 0
0 0 0 16 16 0 0 0 0 0 0 127 51 0;
egregore_data 0 0 127 0 0 127 0 0 0 0 0 0 0 0 0 127 38 0 127 0 0 0
0 0 0 0 0 0 0 100 0 0 127 127 78 1 94 87 49 0 0 124 16 59 0 0 70 4
0 0 0 127 34 1 53 99 83 0 0 0 0 32 0 0 21 0 40 0 0 127 88 0 0 0 0 0
0 0 0 16 16 0 0 0 0 0 0 127 51 0;
egregore_data 0 0 127 0 0 127 0 0 0 0 0 0 0 0 0 127 38 0 127 0 0 0
0 0 0 0 0 0 0 100 0 0 127 127 78 1 94 87 49 0 0 124 16 59 0 0 70 4
0 0 0 127 34 1 53 99 83 0 0 0 0 32 0 0 21 0 40 0 0 127 88 0 0 0 0 0
0 0 0 16 16 0 0 0 0 0 0 127 51 0;
egregore_data 0 0 127 0 0 127 0 0 0 0 0 0 0 0 0 127 38 0 127 0 0 0
0 0 0 0 0 0 0 100 0 0 127 127 78 1 94 87 49 0 0 124 16 59 0 0 70 4
0 0 0 127 34 1 53 99 83 0 0 0 0 32 0 0 21 0 40 0 0 127 88 0 0 0 0 0
0 0 0 16 16 0 0 0 0 0 0 127 51 0;
egregore_data 0 0 127 0 0 127 0 0 0 0 0 0 0 0 0 127 38 0 127 0 0 0
0 0 0 0 0 0 0 100 0 0 127 127 78 1 94 87 49 0 0 124 16 59 0 0 70 4
0 0 0 127 34 1 53 99 83 0 0 0 0 32 0 0 21 0 40 0 0 127 88 0 0 0 0 0
0 0 0 16 16 0 0 0 0 0 0 127 51 0;
egregore_data 0 0 127 0 0 127 0 0 0 0 0 0 0 0 0 127 38 0 127 0 0 0
0 0 0 0 0 0 0 100 0 0 127 127 78 1 94 87 49 0 0 124 16 59 0 0 70 4
0 0 0 127 34 1 53 99 83 0 0 0 0 32 0 0 21 0 40 0 0 127 88 0 0 0 0 0
0 0 0 16 16 0 0 0 0 0 0 127 51 0;
egregore_data 0 0 127 0 0 127 0 0 0 0 0 0 0 0 0 127 38 0 127 0 0 0
0 0 0 0 0 0 0 100 0 0 127 127 78 1 94 87 49 0 0 124 16 59 0 0 70 4
0 0 0 127 34 1 53 99 83 0 0 0 0 32 0 0 21 0 40 0 0 127 88 0 0 0 0 0
0 0 0 16 16 0 0 0 0 0 0 127 51 0;
egregore_data 0 0 127 0 0 127 0 0 0 0 0 0 0 0 0 127 38 0 127 0 0 0
0 0 0 0 0 0 0 100 0 0 127 127 78 1 94 87 49 0 0 124 16 59 0 0 70 4
0 0 0 127 34 1 53 99 83 0 0 0 0 32 0 0 21 0 40 0 0 127 88 0 0 0 0 0
0 0 0 16 16 0 0 0 0 0 0 127 51 0;
egregore_data 0 0 127 0 0 127 0 0 0 0 0 0 0 0 0 127 38 0 127 0 0 0
0 0 0 0 0 0 0 100 0 0 127 127 78 1 94 87 49 0 0 124 16 59 0 0 70 4
0 0 0 127 34 1 53 99 83 0 0 0 0 32 0 0 21 0 40 0 0 127 88 0 0 0 0 0
0 0 0 16 16 0 0 0 0 0 0 127 51 0;
egregore_data 0 0 127 0 0 127 0 0 0 0 0 0 0 0 0 127 38 0 127 0 0 0
0 0 0 0 0 0 0 100 0 0 127 127 78 1 94 87 49 0 0 124 16 59 0 0 70 4
0 0 0 127 34 1 53 99 83 0 0 0 0 32 0 0 21 0 40 0 0 127 88 0 0 0 0 0
0 0 0 16 16 0 0 0 0 0 0 127 51 0;
egregore_data 0 0 127 0 0 127 0 0 0 0 0 0 0 0 0 127 38 0 127 0 0 0
0 0 0 0 0 0 0 100 0 0 127 127 78 1 94 87 49 0 0 124 16 59 0 0 70 4
0 0 0 127 34 1 53 99 83 0 0 0 0 32 0 0 21 0 40 0 0 127 88 0 0 0 0 0
0 0 0 16 16 0 0 0 0 0 0 127 51 0;
egregore_data 0 0 127 0 0 127 0 0 0 0 0 0 0 0 0 127 38 0 127 0 0 0
0 0 0 0 0 0 0 100 0 0 127 127 78 1 94 87 49 0 0 124 16 59 0 0 70 4
0 0 0 127 34 1 53 99 83 0 0 0 0 32 0 0 21 0 40 0 0 127 88 0 0 0 0 0
0 0 0 16 16 0 0 0 0 0 0 127 51 0;
egregore_data 0 0 127 0 0 127 0 0 0 0 0 0 0 0 0 127 38 0 127 0 0 0
0 0 0 0 0 0 0 100 0 0 127 127 78 1 94 87 49 0 0 124 16 59 0 0 70 4
0 0 0 127 34 1 53 99 83 0 0 0 0 32 0 0 21 0 40 0 0 127 88 0 0 0 0 0
0 0 0 16 16 0 0 0 0 0 0 127 51 0;
egregore_data 0 0 127 0 0 127 0 0 0 0 0 0 0 0 0 127 38 0 127 0 0 0
0 0 0 0 0 0 0 100 0 0 127 127 78 1 94 87 49 0 0 124 16 59 0 0 70 4
0 0 0 127 34 1 53 99 83 0 0 0 0 32 0 0 21 0 40 0 0 127 88 0 0 0 0 0
0 0 0 16 16 0 0 0 0 0 0 127 51 0;
egregore_data 0 0 127 0 0 127 0 0 0 0 0 0 0 0 0 127 38 0 127 0 0 0
0 0 0 0 0 0 0 100 0 0 127 127 78 1 94 88 49 0 0 125 16 59 0 0 70 3
0 0 0 127 34 1 53 99 83 0 0 0 0 32 0 0 21 0 40 0 0 127 88 0 0 0 0 0
0 0 0 16 16 0 0 0 0 0 0 127 51 0;
egregore_data 0 0 127 0 0 127 0 0 0 0 0 0 0 0 0 127 38 0 127 0 0 0
0 0 0 0 0 0 0 100 0 0 127 127 78 1 94 89 49 0 0 126 16 60 0 0 70 2
0 0 0 127 34 1 53 99 83 0 0 0 0 32 0 0 21 0 40 0 0 127 88 0 0 0 0 0
0 0 0 16 16 0 0 0 0 0 0 127 51 0;
egregore_data 0 0 127 0 0 127 0 0 0 0 0 0 0 0 0 127 38 0 127 0 0 0
0 0 0 0 0 0 0 100 0 0 127 127 78 1 93 89 49 0 0 126 16 60 0 0 70 1
0 0 0 127 34 1 53 99 83 0 0 0 0 32 0 0 21 0 40 0 0 127 88 0 0 0 0 0
0 0 0 16 16 0 0 0 0 0 0 127 51 0;
egregore_data 0 0 127 0 0 127 0 0 0 0 0 0 0 0 0 127 38 0 127 0 0 0
0 0 0 0 0 0 0 100 0 0 127 127 78 1 93 90 49 0 0 127 16 61 0 0 70 0
0 0 0 127 34 1 53 99 83 0 0 0 0 32 0 0 21 0 40 0 0 127 88 0 0 0 0 0
0 0 0 16 16 0 0 0 0 0 0 127 51 0;
egregore_data 0 0 127 0 0 127 0 0 0 0 0 0 0 0 0 127 38 0 127 0 0 0
0 0 0 0 0 0 0 100 0 0 127 127 78 1 93 90 49 0 0 127 16 61 0 0 70 0
0 1 0 127 34 1 53 99 83 0 0 0 0 32 0 0 21 0 40 0 0 127 88 0 0 0 0 0
0 0 0 16 16 0 0 0 0 0 0 127 51 0;
egregore_data 0 0 127 0 0 127 0 0 0 0 0 0 0 0 0 127 38 0 127 0 0 0
0 0 0 0 0 0 0 100 0 0 127 127 78 1 93 90 49 0 0 127 16 61 0 0 70 0
0 3 0 127 34 1 53 99 83 0 0 0 0 32 0 0 21 0 40 0 0 127 88 0 0 0 0 0
0 0 0 16 16 0 0 0 0 0 0 127 51 0;
egregore_data 0 0 127 0 0 127 0 0 0 0 0 0 0 0 0 127 38 0 127 0 0 0
0 0 0 0 0 0 0 100 0 0 127 127 78 1 93 90 48 0 1 127 16 61 0 0 70 0
0 3 0 127 34 1 53 99 83 0 0 0 0 32 0 0 21 0 40 0 0 127 88 0 0 0 0 0
0 0 0 16 16 0 0 0 0 0 0 127 51 0;
egregore_data 0 0 127 0 0 127 0 0 0 0 0 0 0 0 0 127 38 0 127 0 0 0
0 0 0 0 0 0 0 100 0 0 127 127 78 1 93 90 48 0 1 127 16 61 0 0 70 0
0 4 0 127 34 1 53 99 83 0 0 0 0 32 0 0 21 0 40 0 0 127 88 0 0 0 0 0
0 0 0 16 16 0 0 0 0 0 0 127 51 0;
egregore_data 0 0 127 0 0 127 0 0 0 0 0 0 0 0 0 127 38 0 127 0 0 0
0 0 0 0 0 0 0 100 0 0 127 127 78 1 93 90 48 0 1 127 15 62 0 0 70 0
0 5 0 127 34 1 53 99 83 0 0 0 0 32 0 0 21 0 40 0 0 127 88 0 0 0 0 0
0 0 0 16 16 0 0 0 0 0 0 127 51 0;
egregore_data 0 0 127 0 0 127 0 0 0 0 0 0 0 0 0 127 38 0 127 0 0 0
0 0 0 0 0 0 0 100 0 0 127 127 78 1 93 90 48 0 1 127 15 62 0 0 70 0
0 7 1 127 34 1 53 99 83 0 0 0 0 32 0 0 21 0 40 0 0 127 88 0 0 0 0 0
0 0 0 16 16 0 0 0 0 0 0 127 51 0;
egregore_data 0 0 127 0 0 127 0 0 0 0 0 0 0 0 0 127 38 0 127 0 0 0
0 0 0 0 0 0 0 100 0 0 127 127 78 1 93 90 48 0 1 127 15 62 0 0 70 0
0 8 1 127 34 1 53 99 83 0 0 0 0 32 0 0 21 0 40 0 0 127 88 0 0 0 0 0
0 0 0 16 16 0 0 0 0 0 0 127 51 0;
egregore_data 0 0 127 0 0 127 0 0 0 0 0 0 0 0 0 127 38 0 127 0 0 0
0 0 0 0 0 0 0 100 0 0 127 127 78 1 93 90 47 0 1 127 15 62 0 0 70 0
0 10 1 127 34 1 53 99 83 0 0 0 0 32 0 0 21 0 40 0 0 127 88 0 0 0 0
0 0 0 0 16 16 0 0 0 0 0 0 127 51 0;
egregore_data 0 0 127 0 0 127 0 0 0 0 0 0 0 0 0 127 38 0 127 0 0 0
0 0 0 0 0 0 0 100 0 0 127 127 78 1 93 90 47 0 1 127 15 62 0 0 70 0
0 10 1 127 34 1 53 99 83 0 0 0 0 32 0 0 21 0 40 0 0 127 88 0 0 0 0
0 0 0 0 16 16 0 0 0 0 0 0 127 51 0;
egregore_data 0 0 127 0 0 127 0 0 0 0 0 0 0 0 0 127 38 0 127 0 0 0
0 0 0 0 0 0 0 100 0 0 127 127 78 1 93 90 47 0 1 127 15 62 0 0 70 0
0 10 1 127 34 1 53 99 83 0 0 0 0 32 0 0 21 0 40 0 0 127 88 0 0 0 0
0 0 0 0 16 16 0 0 0 0 0 0 127 51 0;
egregore_data 0 0 127 0 0 127 0 0 0 0 0 0 0 0 0 127 38 0 127 0 0 0
0 0 0 0 0 0 0 100 0 0 127 127 78 1 93 90 47 0 1 127 15 62 0 0 70 0
0 10 1 127 34 1 53 99 83 0 0 0 0 32 0 0 21 0 40 0 0 127 88 0 0 0 0
0 0 0 0 16 16 0 0 0 0 0 0 127 51 0;
egregore_data 0 0 127 0 0 127 0 0 0 0 0 0 0 0 0 127 38 0 127 0 0 0
0 0 0 0 0 0 0 100 0 0 127 127 78 1 93 90 47 0 1 127 15 62 0 0 70 0
0 10 1 127 34 1 53 99 83 0 0 0 0 32 0 0 21 0 40 0 0 127 88 0 0 0 0
0 0 0 0 16 16 0 0 0 0 0 0 127 51 0;
END;
