HTTP/1.1 200 OK
Date: Thu, 28 May 2015 12:25:18 GMT
Server: Apache
Last-Modified: Wed, 27 May 2015 19:26:02 GMT
Accept-Ranges: bytes
Content-Length: 32088
Vary: Accept-Encoding
Connection: close
Content-Type: text/plain

chdh_egregore_live_data;
egregore_data 0 0 127 0 0 127 0 0 0 0 0 0 0 0 0 127 38 0 127 0 0 0
0 0 0 0 0 0 0 100 0 0 127 127 78 0 93 90 127 0 19 127 127 0 0 0 70
0 0 0 127 127 34 0 69.9686 37.6314 37.5725 74.451 77.3662 48.3098 37.3529
55.7804 29.2196 67.7333 42.7831 0 20.4196 28.7176 0.8 127 81.8066 1
0 0 0 0 0 0 0 16 16 0 0 0 0 0 0 127 51 0;
egregore_data 0 0 127 0 0 127 0 0 0 0 0 0 0 0 0 127 38 0 127 0 0 0
0 0 0 0 0 0 0 100 0 0 127 127 78 0 93 90 127 0 19 127 127 0 0 0 70
0 0 0 127 127 34 0 69.9686 37.6314 37.5725 74.451 77.3662 48.3098 37.3529
55.7804 29.2196 67.7333 42.7831 0 20.4196 28.7176 0.8 127 81.8066 1
0 0 0 0 0 0 0 16 16 0 0 0 0 0 0 127 51 0;
egregore_data 0 0 127 0 0 127 0 0 0 0 0 0 0 0 0 127 38 0 127 0 0 0
0 0 0 0 0 0 0 100 0 0 127 127 78 0 93 90 127 0 19 127 127 0 0 0 70
0 0 0 127 127 34 0 69.9686 37.6314 37.5725 74.451 77.3662 48.3098 37.3529
55.7804 29.2196 67.7333 42.7831 0 20.4196 28.7176 0.8 127 81.8066 1
0 0 0 0 0 0 0 16 16 0 0 0 0 0 0 127 51 0;
egregore_data 0 0 127 0 0 127 0 0 0 0 0 0 0 0 0 127 38 0 127 0 0 0
0 0 0 0 0 0 0 100 0 0 127 127 78 0 93 90 127 0 19 127 127 0 0 0 70
0 0 0 127 127 34 0 69.9686 37.6314 37.5725 74.451 77.3662 48.3098 37.3529
55.7804 29.2196 67.7333 42.7831 0 20.4196 28.7176 0.8 127 81.8066 1
0 0 0 0 0 0 0 16 16 0 0 0 0 0 0 127 51 0;
egregore_data 0 0 127 0 0 127 0 0 0 0 0 0 0 0 0 127 38 0 127 0 0 0
0 0 0 0 0 0 0 100 0 0 127 127 78 0 93 90 127 0 19 127 127 0 0 0 70
0 0 0 127 127 34 0 69.9686 37.6314 37.5725 74.451 77.3662 48.3098 37.3529
55.7804 29.2196 67.7333 42.7831 0 20.4196 28.7176 0.8 127 81.8066 1
0 0 0 0 0 0 0 16 16 0 0 0 0 0 0 127 51 0;
egregore_data 0 0 127 0 0 127 0 0 0 0 0 0 0 0 0 127 38 0 127 0 0 0
0 0 0 0 0 0 0 100 0 0 127 127 78 0 93 90 127 0 19 127 127 0 0 0 70
0 0 0 127 127 34 0 69.9686 37.6314 37.5725 74.451 77.3662 48.3098 37.3529
55.7804 29.2196 67.7333 42.7831 0 20.4196 28.7176 0.8 127 81.8066 1
0 0 0 0 0 0 0 16 16 0 0 0 0 0 0 127 51 0;
egregore_data 0 0 127 0 0 127 0 0 0 0 0 0 0 0 0 127 38 0 127 0 0 0
0 0 0 0 0 0 0 100 0 0 127 127 78 0 93 90 127 0 19 127 127 0 0 0 70
0 0 0 127 127 34 0 69.9686 37.6314 37.5725 74.451 77.3662 48.3098 37.3529
55.7804 29.2196 67.7333 42.7831 0 20.4196 28.7176 0.8 127 81.8066 1
0 0 0 0 0 0 0 16 16 0 0 0 0 0 0 127 51 0;
egregore_data 0 0 127 0 0 127 0 0 0 0 0 0 0 0 0 127 38 0 127 0 0 0
0 0 0 0 0 0 0 100 0 0 127 127 78 0 93 90 127 0 19 127 127 0 0 0 70
0 0 0 127 127 34 0 69.9686 37.6314 37.5725 74.451 77.3662 48.3098 37.3529
55.7804 29.2196 67.7333 42.7831 0 20.4196 28.7176 0.8 127 81.8066 1
0 0 0 0 0 0 0 16 16 0 0 0 0 0 0 127 51 0;
egregore_data 0 0 127 0 0 127 0 0 0 0 0 0 0 0 0 127 38 0 127 0 0 0
0 0 0 0 0 0 0 100 0 0 127 127 78 0 93 90 127 0 19 127 127 0 0 0 70
0 0 0 127 127 34 0 69.9686 37.6314 37.5725 74.451 77.3662 48.3098 37.3529
55.7804 29.2196 67.7333 42.7831 0 20.4196 28.7176 0.8 127 81.8066 1
0 0 0 0 0 0 0 16 16 0 0 0 0 0 0 127 51 0;
egregore_data 0 0 127 0 0 127 0 0 0 0 0 0 0 0 0 127 38 0 127 0 0 0
0 0 0 0 0 0 0 100 0 0 127 127 78 0 93 90 127 0 19 127 127 0 0 0 70
0 0 0 127 127 34 0 69.9686 37.6314 37.5725 74.451 77.3662 48.3098 37.3529
55.7804 29.2196 67.7333 42.7831 0 20.4196 28.7176 0.8 127 81.8066 1
0 0 0 0 0 0 0 16 16 0 0 0 0 0 0 127 51 0;
egregore_data 0 0 127 0 0 127 0 0 0 0 0 0 0 0 0 127 38 0 127 0 0 0
0 0 0 0 0 0 0 100 0 0 127 127 78 0 93 90 127 0 19 127 127 0 0 0 70
0 0 0 127 127 34 0 69.9686 37.6314 37.5725 74.451 77.3662 48.3098 37.3529
55.7804 29.2196 67.7333 42.7831 0 20.4196 28.7176 0.8 127 81.8066 1
0 0 0 0 0 0 0 16 16 0 0 0 0 0 0 127 51 0;
egregore_data 0 0 127 0 0 127 0 0 0 0 0 0 0 0 0 127 38 0 127 0 0 0
0 0 0 0 0 0 0 100 0 0 127 127 78 0 93 90 127 0 19 127 127 0 0 0 70
0 0 0 127 127 34 0 70.043 37.8242 37.6914 74.3789 77.5439 48.1211 37.7031
55.5625 29.3164 67.9648 42.6261 0 20.3398 28.7578 0.8125 127 81.8066
1 0 0 0 0 0 0 0 16 16 0 0 0 0 0 0 127 51 0;
egregore_data 0 0 127 0 0 127 0 0 0 0 0 0 0 0 0 127 38 0 127 0 0 0
0 0 0 0 0 0 0 100 0 0 127 127 78 0 93 90 127 0 19 127 127 0 0 0 70
0 0 0 127 127 34 0 70.043 37.8242 37.6914 74.3789 77.5439 48.1211 37.7031
55.5625 29.3164 67.9648 42.6261 0 20.3398 28.7578 0.8125 127 81.8066
1 0 0 0 0 0 0 0 16 16 0 0 0 0 0 0 127 51 0;
egregore_data 0 0 127 0 0 127 0 0 0 0 0 0 0 0 0 127 38 0 127 0 0 0
0 0 0 0 0 0 0 100 0 0 127 127 78 0 93 90 127 0 19 127 127 0 0 0 70
0 0 0 127 127 34 0 70.043 37.8242 37.6914 74.3789 77.5439 48.1211 37.7031
55.5625 29.3164 67.9648 42.6261 0 20.3398 28.7578 0.8125 127 81.8066
1 0 0 0 0 0 0 0 16 16 0 0 0 0 0 0 127 51 0;
egregore_data 0 0 127 0 0 127 0 0 0 0 0 0 0 0 0 127 38 0 127 0 0 0
0 0 0 0 0 0 0 100 0 0 127 127 78 0 93 90 127 0 19 127 127 0 0 0 70
0 0 0 127 127 34 0 70.043 37.8242 37.6914 74.3789 77.5439 48.1211 37.7031
55.5625 29.3164 67.9648 42.6261 0 20.3398 28.7578 0.8125 127 81.8066
1 0 0 0 0 0 0 0 16 16 0 0 0 0 0 0 127 51 0;
egregore_data 0 0 127 0 0 127 0 0 0 0 0 0 0 0 0 127 38 0 127 0 0 0
0 0 0 0 0 0 0 100 0 0 127 127 78 0 93 90 127 0 19 127 127 0 0 0 70
0 0 0 127 127 34 0 70.043 37.8242 37.6914 74.3789 77.5439 48.1211 37.7031
55.5625 29.3164 67.9648 42.6261 0 20.3398 28.7578 0.8125 127 81.8066
1 0 0 0 0 0 0 0 16 16 0 0 0 0 0 0 127 51 0;
egregore_data 0 0 127 0 0 127 0 0 0 0 0 0 0 0 0 127 38 0 127 0 0 0
0 0 0 0 0 0 0 100 0 0 127 127 78 0 93 90 127 0 19 127 127 0 0 0 70
0 0 0 127 127 34 0 70.1167 38.0156 37.8093 74.3074 77.7203 47.9339
38.0506 55.3463 29.4125 68.1945 42.4704 0 20.2607 28.7977 0.824903
127 81.8066 1 0 0 0 0 0 0 0 16 16 0 0 0 0 0 0 127 51 0;
egregore_data 0 0 127 0 0 127 0 0 0 0 0 0 0 0 0 127 38 0 127 0 0 0
0 0 0 0 0 0 0 100 0 0 127 127 78 0 93 90 127 0 19 127 127 0 0 0 70
0 0 0 127 127 34 0 70.1167 38.0156 37.8093 74.3074 77.7203 47.9339
38.0506 55.3463 29.4125 68.1945 42.4704 0 20.2607 28.7977 0.824903
127 81.8066 1 0 0 0 0 0 0 0 16 16 0 0 0 0 0 0 127 51 0;
egregore_data 0 0 127 0 0 127 0 0 0 0 0 0 0 0 0 127 38 0 127 0 0 0
0 0 0 0 0 0 0 100 0 0 127 127 78 0 93 90 127 0 19 127 127 0 0 0 70
0 0 0 127 127 34 0 70.1167 38.0156 37.8093 74.3074 77.7203 47.9339
38.0506 55.3463 29.4125 68.1945 42.4704 0 20.2607 28.7977 0.824903
127 81.8066 1 0 0 0 0 0 0 0 16 16 0 0 0 0 0 0 127 51 0;
egregore_data 0 0 127 0 0 127 0 0 0 0 0 0 0 0 0 127 38 0 127 0 0 0
0 0 0 0 0 0 0 100 0 0 127 127 78 0 93 90 127 0 19 127 127 0 0 0 70
0 0 0 127 127 34 0 69.9843 37.7882 37.6902 74.8902 78.3298 48.3098
38.349 55.7804 29.1647 68.7294 42.4819 0 20.4196 29.0235 0.831373 127
81.8066 1 0 0 0 0 0 0 0 16 16 0 0 0 0 0 0 127 51 0;
egregore_data 0 0 127 0 0 127 0 0 0 0 0 0 0 0 0 127 38 0 127 0 0 0
0 0 0 0 0 0 0 100 0 0 127 127 78 0 93 90 127 0 19 127 127 0 0 0 70
0 0 0 127 127 34 0 69.9843 37.7882 37.6902 74.8902 78.3298 48.3098
38.349 55.7804 29.1647 68.7294 42.4819 0 20.4196 29.0235 0.831373 127
81.8066 1 0 0 0 0 0 0 0 16 16 0 0 0 0 0 0 127 51 0;
egregore_data 0 0 127 0 0 127 0 0 0 0 0 0 0 0 0 127 38 0 127 0 0 0
0 0 0 0 0 0 0 100 0 0 127 127 78 0 93 90 127 0 19 127 127 0 0 0 70
0 0 0 127 127 34 0 69.9843 37.7882 37.6902 74.8902 78.3298 48.3098
38.349 55.7804 29.1647 68.7294 42.4819 0 20.4196 29.0235 0.831373 127
81.8066 1 0 0 0 0 0 0 0 16 16 0 0 0 0 0 0 127 51 0;
egregore_data 0 0 127 0 0 127 0 0 0 0 0 0 0 0 0 127 38 0 127 0 0 0
0 0 0 0 0 0 0 100 0 0 127 127 78 0 93 90 127 0 19 127 127 0 0 0 70
0 0 0 127 127 34 0 70.0586 37.9805 37.8086 74.8164 78.5038 48.1211
38.6953 55.5625 29.2617 68.957 42.3261 0 20.3398 29.0625 0.84375 127
81.8066 1 0 0 0 0 0 0 0 16 16 0 0 0 0 0 0 127 51 0;
egregore_data 0 0 127 0 0 127 0 0 0 0 0 0 0 0 0 127 38 0 127 0 0 0
0 0 0 0 0 0 0 100 0 0 127 127 78 0 93 90 127 0 19 127 127 0 0 0 70
0 0 0 127 127 34 0 70.0586 37.9805 37.8086 74.8164 78.5038 48.1211
38.6953 55.5625 29.2617 68.957 42.3261 0 20.3398 29.0625 0.84375 127
81.8066 1 0 0 0 0 0 0 0 16 16 0 0 0 0 0 0 127 51 0;
egregore_data 0 0 127 0 0 127 0 0 0 0 0 0 0 0 0 127 38 0 127 0 0 0
0 0 0 0 0 0 0 100 0 0 127 127 78 0 93 90 127 0 19 127 127 0 0 0 70
0 0 0 127 127 34 0 69.9922 37.8667 37.749 75.1098 78.8117 48.3098 38.8471
55.7804 29.1373 69.2274 42.3313 0 20.4196 29.1765 0.847059 127 81.8066
1 0 0 0 0 0 0 0 16 16 0 0 0 0 0 0 127 51 0;
egregore_data 0 0 127 0 0 127 0 0 0 0 0 0 0 0 0 127 38 0 127 0 0 0
0 0 0 0 0 0 0 100 0 0 127 127 78 0 93 90 127 0 19 127 127 0 0 0 70
0 0 0 127 127 34 0 69.9922 37.8667 37.749 75.1098 78.8117 48.3098 38.8471
55.7804 29.1373 69.2274 42.3313 0 20.4196 29.1765 0.847059 127 81.8066
1 0 0 0 0 0 0 0 16 16 0 0 0 0 0 0 127 51 0;
egregore_data 0 0 127 0 0 127 0 0 0 0 0 0 0 0 0 127 38 0 127 0 0 0
0 0 0 0 0 0 0 100 0 0 127 127 78 0 93 90 127 0 19 127 127 0 0 0 70
0 0 0 127 127 34 0 69.9922 37.8667 37.749 75.1098 78.8117 48.3098 38.8471
55.7804 29.1373 69.2274 42.3313 0 20.4196 29.1765 0.847059 127 81.8066
1 0 0 0 0 0 0 0 16 16 0 0 0 0 0 0 127 51 0;
egregore_data 0 0 127 0 0 127 0 0 0 0 0 0 0 0 0 127 38 0 127 0 0 0
0 0 0 0 0 0 0 100 0 0 127 127 78 0 93 90 127 0 19 127 127 0 0 0 70
0 0 0 127 127 34 0 70.0664 38.0586 37.8672 75.0352 78.9838 48.1211
39.1914 55.5625 29.2344 69.4531 42.1761 0 20.3398 29.2148 0.859375
127 81.8066 1 0 0 0 0 0 0 0 16 16 0 0 0 0 0 0 127 51 0;
egregore_data 0 0 127 0 0 127 0 0 0 0 0 0 0 0 0 127 38 0 127 0 0 0
0 0 0 0 0 0 0 100 0 0 127 127 78 0 93 90 127 0 19 127 127 0 0 0 70
0 0 0 127 127 34 0 70.0664 38.0586 37.8672 75.0352 78.9838 48.1211
39.1914 55.5625 29.2344 69.4531 42.1761 0 20.3398 29.2148 0.859375
127 81.8066 1 0 0 0 0 0 0 0 16 16 0 0 0 0 0 0 127 51 0;
egregore_data 0 0 127 0 0 127 0 0 0 0 0 0 0 0 0 127 38 0 127 0 0 0
0 0 0 0 0 0 0 100 0 0 127 127 78 0 93 90 127 0 19 127 127 0 0 0 70
0 0 0 127 127 34 0 70.0664 38.0586 37.8672 75.0352 78.9838 48.1211
39.1914 55.5625 29.2344 69.4531 42.1761 0 20.3398 29.2148 0.859375
127 81.8066 1 0 0 0 0 0 0 0 16 16 0 0 0 0 0 0 127 51 0;
egregore_data 0 0 127 0 0 127 0 0 0 0 0 0 0 0 0 127 38 0 127 0 0 0
0 0 0 0 0 0 0 100 0 0 127 127 78 0 93 90 127 0 19 127 127 0 0 0 70
0 0 0 127 127 34 0 70 37.9451 37.8078 75.3294 79.2935 48.3098 39.3451
55.7804 29.1098 69.7255 42.1807 0 20.4196 29.3294 0.862745 127 81.8066
1 0 0 0 0 0 0 0 16 16 0 0 0 0 0 0 127 51 0;
egregore_data 0 0 127 0 0 127 0 0 0 0 0 0 0 0 0 127 38 0 127 0 0 0
0 0 0 0 0 0 0 100 0 0 127 127 78 0 93 90 127 0 19 127 127 0 0 0 70
0 0 0 127 127 34 0 70 37.9451 37.8078 75.3294 79.2935 48.3098 39.3451
55.7804 29.1098 69.7255 42.1807 0 20.4196 29.3294 0.862745 127 81.8066
1 0 0 0 0 0 0 0 16 16 0 0 0 0 0 0 127 51 0;
egregore_data 0 0 127 0 0 127 0 0 0 0 0 0 0 0 0 127 38 0 127 0 0 0
0 0 0 0 0 0 0 100 0 0 127 127 78 0 93 90 127 0 19 127 127 0 0 0 70
0 0 0 127 127 34 0 70 37.9451 37.8078 75.3294 79.2935 48.3098 39.3451
55.7804 29.1098 69.7255 42.1807 0 20.4196 29.3294 0.862745 127 81.8066
1 0 0 0 0 0 0 0 16 16 0 0 0 0 0 0 127 51 0;
egregore_data 0 0 127 0 0 127 0 0 0 0 0 0 0 0 0 127 38 0 127 0 0 0
0 0 0 0 0 0 0 100 0 0 127 127 78 0 93 90 127 0 19 127 127 0 0 0 70
0 0 0 127 127 34 0 70 37.9451 37.8078 75.3294 79.2935 48.3098 39.3451
55.7804 29.1098 69.7255 42.1807 0 20.4196 29.3294 0.862745 127 81.8066
1 0 0 0 0 0 0 0 16 16 0 0 0 0 0 0 127 51 0;
egregore_data 0 0 127 0 0 127 0 0 0 0 0 0 0 0 0 127 38 0 127 0 0 0
0 0 0 0 0 0 0 100 0 0 127 127 78 0 93 90 127 0 19 127 127 0 0 0 70
0 0 0 127 127 34 0 70 37.9451 37.8078 75.3294 79.2935 48.3098 39.3451
55.7804 29.1098 69.7255 42.1807 0 20.4196 29.3294 0.862745 127 81.8066
1 0 0 0 0 0 0 0 16 16 0 0 0 0 0 0 127 51 0;
egregore_data 0 0 127 0 0 127 0 0 0 0 0 0 0 0 0 127 38 0 127 0 0 0
0 0 0 0 0 0 0 100 0 0 127 127 78 0 93 90 127 0 19 127 127 0 0 0 70
0 0 0 127 127 34 0 70 37.9451 37.8078 75.3294 79.2935 48.3098 39.3451
55.7804 29.1098 69.7255 42.1807 0 20.4196 29.3294 0.862745 127 81.8066
1 0 0 0 0 0 0 0 16 16 0 0 0 0 0 0 127 51 0;
egregore_data 0 0 127 0 0 127 0 0 0 0 0 0 0 0 0 127 38 0 127 0 0 0
0 0 0 0 0 0 0 100 0 0 127 127 78 0 93 90 127 0 19 127 127 0 0 0 70
0 0 0 127 127 34 0 69.9331 37.8307 37.748 75.626 79.6057 48.5 39.5
56 28.9843 70 42.1854 0 20.5 29.4449 0.866142 127 81.8066 1 0 0 0 0
0 0 0 16 16 0 0 0 0 0 0 127 51 0;
egregore_data 0 0 127 0 0 127 0 0 0 0 0 0 0 0 0 127 38 0 127 0 0 0
0 0 0 0 0 0 0 100 0 0 127 127 78 0 93 90 127 0 19 127 127 0 0 0 70
0 0 0 127 127 34 0 69.9331 37.8307 37.748 75.626 79.6057 48.5 39.5
56 28.9843 70 42.1854 0 20.5 29.4449 0.866142 127 81.8066 1 0 0 0 0
0 0 0 16 16 0 0 0 0 0 0 127 51 0;
egregore_data 0 0 127 0 0 127 0 0 0 0 0 0 0 0 0 127 38 0 127 0 0 0
0 0 0 0 0 0 0 100 0 0 127 127 78 0 93 90 127 0 19 127 127 0 0 0 70
0 0 0 127 127 34 0 69.9331 37.8307 37.748 75.626 79.6057 48.5 39.5
56 28.9843 70 42.1854 0 20.5 29.4449 0.866142 127 81.8066 1 0 0 0 0
0 0 0 16 16 0 0 0 0 0 0 127 51 0;
egregore_data 0 0 127 0 0 127 0 0 0 0 0 0 0 0 0 127 38 0 127 0 0 0
0 0 0 0 0 0 0 100 0 0 127 127 78 0 93 90 127 0 19 127 127 0 0 0 70
0 0 0 127 127 34 0 69.9331 37.8307 37.748 75.626 79.6057 48.5 39.5
56 28.9843 70 42.1854 0 20.5 29.4449 0.866142 127 81.8066 1 0 0 0 0
0 0 0 16 16 0 0 0 0 0 0 127 51 0;
egregore_data 0 0 127 0 0 127 0 0 0 0 0 0 0 0 0 127 38 0 127 0 0 0
0 0 0 0 0 0 0 100 0 0 127 127 78 0 93 90 127 0 19 127 127 0 0 0 70
0 0 0 127 127 34 0 69.8656 37.7154 37.6877 75.9249 79.9204 48.6917
39.6561 56.2213 28.8577 70.2767 42.1901 0 20.581 29.5613 0.869565 127
81.8066 1 0 0 0 0 0 0 0 16 16 0 0 0 0 0 0 127 51 0;
egregore_data 0 0 127 0 0 127 0 0 0 0 0 0 0 0 0 127 38 0 127 0 0 0
0 0 0 0 0 0 0 100 0 0 127 127 78 0 93 90 127 0 19 127 127 0 0 0 70
0 0 0 127 127 34 0 69.7976 37.5992 37.627 76.2262 80.2375 48.8849 39.8135
56.4444 28.7302 70.5556 42.1948 0 20.6627 29.6786 0.873016 127 81.8066
1 0 0 0 0 0 0 0 16 16 0 0 0 0 0 0 127 51 0;
egregore_data 0 0 127 0 0 127 0 0 0 0 0 0 0 0 0 127 38 0 127 0 0 0
0 0 0 0 0 0 0 100 0 0 127 127 78 0 93 90 127 0 19 127 127 0 0 0 70
0 0 0 127 127 34 0 69.7976 37.5992 37.627 76.2262 80.2375 48.8849 39.8135
56.4444 28.7302 70.5556 42.1948 0 20.6627 29.6786 0.873016 127 81.8066
1 0 0 0 0 0 0 0 16 16 0 0 0 0 0 0 127 51 0;
egregore_data 0 0 127 0 0 127 0 0 0 0 0 0 0 0 0 127 38 0 127 0 0 0
0 0 0 0 0 0 0 100 0 0 127 127 78 0 93 90 127 0 19 127 127 0 0 0 70
0 0 0 127 127 34 0 69.66 37.364 37.504 76.836 80.8794 49.276 40.132
56.896 28.472 71.12 42.2044 0 20.828 29.916 0.88 127 81.8066 1 0 0
0 0 0 0 0 16 16 0 0 0 0 0 0 127 51 0;
egregore_data 0 0 127 0 0 127 0 0 0 0 0 0 0 0 0 127 38 0 127 0 0 0
0 0 0 0 0 0 0 100 0 0 127 127 78 0 93 90 127 0 19 127 127 0 0 0 70
0 0 0 127 127 34 0 69.5904 37.245 37.4418 77.1446 81.2042 49.4739 40.2932
57.1245 28.3414 71.4056 42.2092 0 20.9116 30.0361 0.883534 127 81.8066
1 0 0 0 0 0 0 0 16 16 0 0 0 0 0 0 127 51 0;
egregore_data 0 0 127 0 0 127 0 0 0 0 0 0 0 0 0 127 38 0 127 0 0 0
0 0 0 0 0 0 0 100 0 0 127 127 78 0 93 90 127 0 19 127 127 0 0 0 70
0 0 0 127 127 34 0 69.5904 37.245 37.4418 77.1446 81.2042 49.4739 40.2932
57.1245 28.3414 71.4056 42.2092 0 20.9116 30.0361 0.883534 127 81.8066
1 0 0 0 0 0 0 0 16 16 0 0 0 0 0 0 127 51 0;
egregore_data 0 0 127 0 0 127 0 0 0 0 0 0 0 0 0 127 38 0 127 0 0 0
0 0 0 0 0 0 0 100 0 0 127 127 78 0 93 90 127 0 19 127 127 0 0 0 70
0 0 0 127 127 34 0 69.5904 37.245 37.4418 77.1446 81.2042 49.4739 40.2932
57.1245 28.3414 71.4056 42.2092 0 20.9116 30.0361 0.883534 127 81.8066
1 0 0 0 0 0 0 0 16 16 0 0 0 0 0 0 127 51 0;
egregore_data 0 0 127 0 0 127 0 0 0 0 0 0 0 0 0 127 38 0 127 0 0 0
0 0 0 0 0 0 0 100 0 0 127 127 78 0 93 90 127 0 19 127 127 0 0 0 70
0 0 0 127 127 34 0 69.5904 37.245 37.4418 77.1446 81.2042 49.4739 40.2932
57.1245 28.3414 71.4056 42.2092 0 20.9116 30.0361 0.883534 127 81.8066
1 0 0 0 0 0 0 0 16 16 0 0 0 0 0 0 127 51 0;
egregore_data 0 0 127 0 0 127 0 0 0 0 0 0 0 0 0 127 38 0 127 0 0 0
0 0 0 0 0 0 0 100 0 0 127 127 78 0 93 90 127 0 19 127 127 0 0 0 70
0 0 0 127 127 34 0 69.5904 37.245 37.4418 77.1446 81.2042 49.4739 40.2932
57.1245 28.3414 71.4056 42.2092 0 20.9116 30.0361 0.883534 127 81.8066
1 0 0 0 0 0 0 0 16 16 0 0 0 0 0 0 127 51 0;
egregore_data 0 0 127 0 0 127 0 0 0 0 0 0 0 0 0 127 38 0 127 0 0 0
0 0 0 0 0 0 0 100 0 0 127 127 78 0 93 90 127 0 19 127 127 0 0 0 70
0 0 0 127 127 34 0 69.5904 37.245 37.4418 77.1446 81.2042 49.4739 40.2932
57.1245 28.3414 71.4056 42.2092 0 20.9116 30.0361 0.883534 127 81.8066
1 0 0 0 0 0 0 0 16 16 0 0 0 0 0 0 127 51 0;
egregore_data 0 0 127 0 0 127 0 0 0 0 0 0 0 0 0 127 38 0 127 0 0 0
0 0 0 0 0 0 0 100 0 0 127 127 78 0 93 90 127 0 19 127 127 0 0 0 70
0 0 0 127 127 34 0 69.5904 37.245 37.4418 77.1446 81.2042 49.4739 40.2932
57.1245 28.3414 71.4056 42.2092 0 20.9116 30.0361 0.883534 127 81.8066
1 0 0 0 0 0 0 0 16 16 0 0 0 0 0 0 127 51 0;
egregore_data 0 0 127 0 0 127 0 0 0 0 0 0 0 0 0 127 38 0 127 0 0 0
0 0 0 0 0 0 0 100 0 0 127 127 78 0 93 90 127 0 19 127 127 0 0 0 70
0 0 0 127 127 34 0 69.5904 37.245 37.4418 77.1446 81.2042 49.4739 40.2932
57.1245 28.3414 71.4056 42.2092 0 20.9116 30.0361 0.883534 127 81.8066
1 0 0 0 0 0 0 0 16 16 0 0 0 0 0 0 127 51 0;
egregore_data 0 0 127 0 0 127 0 0 0 0 0 0 0 0 0 127 38 0 127 0 0 0
0 0 0 0 0 0 0 100 0 0 127 127 78 0 93 90 127 0 19 127 127 0 0 0 70
0 0 0 127 127 34 0 69.5904 37.245 37.4418 77.1446 81.2042 49.4739 40.2932
57.1245 28.3414 71.4056 42.2092 0 20.9116 30.0361 0.883534 127 81.8066
1 0 0 0 0 0 0 0 16 16 0 0 0 0 0 0 127 51 0;
egregore_data 0 0 127 0 0 127 0 0 0 0 0 0 0 0 0 127 38 0 127 0 0 0
0 0 0 0 0 0 0 100 0 0 127 127 78 0 93 90 127 0 19 127 127 0 0 0 70
0 0 0 127 127 34 0 69.5202 37.125 37.379 77.4556 81.5317 49.6734 40.4556
57.3548 28.2097 71.6935 42.2141 0 20.996 30.1573 0.887097 127 81.8066
1 0 0 0 0 0 0 0 16 16 0 0 0 0 0 0 127 51 0;
egregore_data 0 0 127 0 0 127 0 0 0 0 0 0 0 0 0 127 38 0 127 0 0 0
0 0 0 0 0 0 0 100 0 0 127 127 78 0 93 90 127 0 19 127 127 0 0 0 70
0 0 0 127 127 34 0 69.4494 37.0041 37.3158 77.7692 81.8617 49.8745
40.6194 57.587 28.0769 71.9838 42.219 0 21.081 30.2794 0.890688 127
81.8066 1 0 0 0 0 0 0 0 16 16 0 0 0 0 0 0 127 51 0;
egregore_data 0 0 127 0 0 127 0 0 0 0 0 0 0 0 0 127 38 0 127 0 0 0
0 0 0 0 0 0 0 100 0 0 127 127 78 0 93 90 127 0 19 127 127 0 0 0 70
0 0 0 127 127 34 0 69.4494 37.0041 37.3158 77.7692 81.8617 49.8745
40.6194 57.587 28.0769 71.9838 42.219 0 21.081 30.2794 0.890688 127
81.8066 1 0 0 0 0 0 0 0 16 16 0 0 0 0 0 0 127 51 0;
egregore_data 0 0 127 0 0 127 0 0 0 0 0 0 0 0 0 127 38 0 127 0 0 0
0 0 0 0 0 0 0 100 0 0 127 127 78 0 93 90 127 0 19 127 127 0 0 0 70
0 0 0 127 127 34 0 69.4494 37.0041 37.3158 77.7692 81.8617 49.8745
40.6194 57.587 28.0769 71.9838 42.219 0 21.081 30.2794 0.890688 127
81.8066 1 0 0 0 0 0 0 0 16 16 0 0 0 0 0 0 127 51 0;
egregore_data 0 0 127 0 0 127 0 0 0 0 0 0 0 0 0 127 38 0 127 0 0 0
0 0 0 0 0 0 0 100 0 0 127 127 78 0 93 90 127 0 19 127 127 0 0 0 70
0 0 0 127 127 34 0 69.4494 37.0041 37.3158 77.7692 81.8617 49.8745
40.6194 57.587 28.0769 71.9838 42.219 0 21.081 30.2794 0.890688 127
81.8066 1 0 0 0 0 0 0 0 16 16 0 0 0 0 0 0 127 51 0;
egregore_data 0 0 127 0 0 127 0 0 0 0 0 0 0 0 0 127 38 0 127 0 0 0
0 0 0 0 0 0 0 100 0 0 127 127 78 0 93 90 127 0 19 127 127 0 0 0 70
0 0 0 127 127 34 0 69.4494 37.0041 37.3158 77.7692 81.8617 49.8745
40.6194 57.587 28.0769 71.9838 42.219 0 21.081 30.2794 0.890688 127
81.8066 1 0 0 0 0 0 0 0 16 16 0 0 0 0 0 0 127 51 0;
egregore_data 0 0 127 0 0 127 0 0 0 0 0 0 0 0 0 127 38 0 127 0 0 0
0 0 0 0 0 0 0 100 0 0 127 127 78 0 93 90 127 0 19 127 127 0 0 0 70
0 0 0 127 127 34 0 69.4494 37.0041 37.3158 77.7692 81.8617 49.8745
40.6194 57.587 28.0769 71.9838 42.219 0 21.081 30.2794 0.890688 127
81.8066 1 0 0 0 0 0 0 0 16 16 0 0 0 0 0 0 127 51 0;
egregore_data 0 0 127 0 0 127 0 0 0 0 0 0 0 0 0 127 38 0 127 0 0 0
0 0 0 0 0 0 0 100 0 0 127 127 78 0 93 90 127 0 19 127 127 0 0 0 70
0 0 0 127 127 34 0 69.4494 37.0041 37.3158 77.7692 81.8617 49.8745
40.6194 57.587 28.0769 71.9838 42.219 0 21.081 30.2794 0.890688 127
81.8066 1 0 0 0 0 0 0 0 16 16 0 0 0 0 0 0 127 51 0;
egregore_data 0 0 127 0 0 127 0 0 0 0 0 0 0 0 0 127 38 0 127 0 0 0
0 0 0 0 0 0 0 100 0 0 127 127 78 0 93 90 127 0 19 127 127 0 0 0 70
0 0 0 127 127 34 0 69.4494 37.0041 37.3158 77.7692 81.8617 49.8745
40.6194 57.587 28.0769 71.9838 42.219 0 21.081 30.2794 0.890688 127
81.8066 1 0 0 0 0 0 0 0 16 16 0 0 0 0 0 0 127 51 0;
egregore_data 0 0 127 0 0 127 0 0 0 0 0 0 0 0 0 127 38 0 127 0 0 0
0 0 0 0 0 0 0 100 0 0 127 127 78 0 93 90 127 0 19 127 127 0 0 0 70
0 0 0 127 127 34 0 69.4494 37.0041 37.3158 77.7692 81.8617 49.8745
40.6194 57.587 28.0769 71.9838 42.219 0 21.081 30.2794 0.890688 127
81.8066 1 0 0 0 0 0 0 0 16 16 0 0 0 0 0 0 127 51 0;
egregore_data 0 0 127 0 0 127 0 0 0 0 0 0 0 0 0 127 38 0 127 0 0 0
0 0 0 0 0 0 0 100 0 0 127 127 78 0 93 90 127 0 19 127 127 0 0 0 70
0 0 0 127 127 34 0 69.4494 37.0041 37.3158 77.7692 81.8617 49.8745
40.6194 57.587 28.0769 71.9838 42.219 0 21.081 30.2794 0.890688 127
81.8066 1 0 0 0 0 0 0 0 16 16 0 0 0 0 0 0 127 51 0;
egregore_data 0 0 127 0 0 127 0 0 0 0 0 0 0 0 0 127 38 0 127 0 0 0
0 0 0 0 0 0 0 100 0 0 127 127 78 0 93 90 127 0 19 127 127 0 0 0 70
0 0 0 127 127 34 0 69.378 36.8821 37.252 78.0854 82.1945 50.0772 40.7846
57.8211 27.9431 72.2764 42.2239 0 21.1667 30.4024 0.894309 127 81.8066
1 0 0 0 0 0 0 0 16 16 0 0 0 0 0 0 127 51 0;
egregore_data 0 0 127 0 0 127 0 0 0 0 0 0 0 0 0 127 38 0 127 0 0 0
0 0 0 0 0 0 0 100 0 0 127 127 78 0 93 90 127 0 19 127 127 0 0 0 70
0 0 0 127 127 34 0 69.4575 37.085 37.3765 77.996 82.3592 49.8745 41.1336
57.587 28.0486 72.498 42.0635 0 21.081 30.4372 0.906883 127 81.8066
1 0 0 0 0 0 0 0 16 16 0 0 0 0 0 0 127 51 0;
egregore_data 0 0 127 0 0 127 0 0 0 0 0 0 0 0 0 127 38 0 127 0 0 0
0 0 0 0 0 0 0 100 0 0 127 127 78 0 93 90 127 0 19 127 127 0 0 0 70
0 0 0 127 127 34 0 69.4737 37.247 37.498 78.4494 83.3541 49.8745 42.1619
57.587 27.9919 73.5263 41.7526 0 21.081 30.753 0.939271 127 81.8066
1 0 0 0 0 0 0 0 16 16 0 0 0 0 0 0 127 51 0;
egregore_data 0 0 127 0 0 127 0 0 0 0 0 0 0 0 0 127 38 0 127 0 0 0
0 0 0 0 0 0 0 100 0 0 127 127 78 0 93 90 127 0 19 127 127 0 0 0 70
0 0 0 127 127 34 0 69.4024 37.126 37.435 78.7683 83.6929 50.0772 42.3333
57.8211 27.8577 73.8252 41.7557 0 21.1667 30.878 0.943089 127 81.8066
1 0 0 0 0 0 0 0 16 16 0 0 0 0 0 0 127 51 0;
egregore_data 0 0 127 0 0 127 0 0 0 0 0 0 0 0 0 127 38 0 127 0 0 0
0 0 0 0 0 0 0 100 0 0 127 127 78 0 93 90 127 0 19 127 127 0 0 0 70
0 0 0 127 127 34 0 69.3306 37.0041 37.3714 79.0898 84.0345 50.2816
42.5061 58.0571 27.7225 74.1265 41.7588 0 21.2531 31.0041 0.946939
127 81.8066 1 0 0 0 0 0 0 0 16 16 0 0 0 0 0 0 127 51 0;
egregore_data 0 0 127 0 0 127 0 0 0 0 0 0 0 0 0 127 38 0 127 0 0 0
0 0 0 0 0 0 0 100 0 0 127 127 78 0 93 90 127 0 19 127 127 0 0 0 70
0 0 0 127 127 34 0 69.3388 37.0857 37.4327 79.3184 84.536 50.2816 43.0245
58.0571 27.6939 74.6449 41.602 0 21.2531 31.1633 0.963265 127 81.8066
1 0 0 0 0 0 0 0 16 16 0 0 0 0 0 0 127 51 0;
egregore_data 0 0 127 0 0 127 0 0 0 0 0 0 0 0 0 127 38 0 127 0 0 0
0 0 0 0 0 0 0 100 0 0 127 127 78 0 93 90 127 0 19 127 127 0 0 0 70
0 0 0 127 127 34 0 69.3388 37.0857 37.4327 79.3184 84.536 50.2816 43.0245
58.0571 27.6939 74.6449 41.602 0 21.2531 31.1633 0.963265 127 81.8066
1 0 0 0 0 0 0 0 16 16 0 0 0 0 0 0 127 51 0;
egregore_data 0 0 127 0 0 127 0 0 0 0 0 0 0 0 0 127 38 0 127 0 0 0
0 0 0 0 0 0 0 100 0 0 127 127 78 0 93 90 127 0 19 127 127 0 0 0 70
0 0 0 127 127 34 0 69.3388 37.0857 37.4327 79.3184 84.536 50.2816 43.0245
58.0571 27.6939 74.6449 41.602 0 21.2531 31.1633 0.963265 127 81.8066
1 0 0 0 0 0 0 0 16 16 0 0 0 0 0 0 127 51 0;
egregore_data 0 0 127 0 0 127 0 0 0 0 0 0 0 0 0 127 38 0 127 0 0 0
0 0 0 0 0 0 0 100 0 0 127 127 78 0 93 90 127 0 19 127 127 0 0 0 70
0 0 0 127 127 34 0 69.2664 36.9631 37.3689 79.6434 84.8825 50.4877
43.2008 58.2951 27.5574 74.9508 41.6045 0 21.3402 31.291 0.967213 127
81.8066 1 0 0 0 0 0 0 0 16 16 0 0 0 0 0 0 127 51 0;
egregore_data 0 0 127 0 0 127 0 0 0 0 0 0 0 0 0 127 38 0 127 0 0 0
0 0 0 0 0 0 0 100 0 0 127 127 78 0 93 90 127 0 19 127 127 0 0 0 70
0 0 0 127 127 34 0 69.2664 36.9631 37.3689 79.6434 84.8825 50.4877
43.2008 58.2951 27.5574 74.9508 41.6045 0 21.3402 31.291 0.967213 127
81.8066 1 0 0 0 0 0 0 0 16 16 0 0 0 0 0 0 127 51 0;
egregore_data 0 0 127 0 0 127 0 0 0 0 0 0 0 0 0 127 38 0 127 0 0 0
0 0 0 0 0 0 0 100 0 0 127 127 78 0 93 90 127 0 19 127 127 0 0 0 70
0 0 0 127 127 34 0 69.2664 36.9631 37.3689 79.6434 84.8825 50.4877
43.2008 58.2951 27.5574 74.9508 41.6045 0 21.3402 31.291 0.967213 127
81.8066 1 0 0 0 0 0 0 0 16 16 0 0 0 0 0 0 127 51 0;
egregore_data 0 0 127 0 0 127 0 0 0 0 0 0 0 0 0 127 38 0 127 0 0 0
0 0 0 0 0 0 0 100 0 0 127 127 78 0 93 90 127 0 19 127 127 0 0 0 70
0 0 0 127 127 34 0 69.2664 36.9631 37.3689 79.6434 84.8825 50.4877
43.2008 58.2951 27.5574 74.9508 41.6045 0 21.3402 31.291 0.967213 127
81.8066 1 0 0 0 0 0 0 0 16 16 0 0 0 0 0 0 127 51 0;
egregore_data 0 0 127 0 0 127 0 0 0 0 0 0 0 0 0 127 38 0 127 0 0 0
0 0 0 0 0 0 0 100 0 0 127 127 78 0 93 90 127 0 19 127 127 0 0 0 70
0 0 0 127 127 34 0 69.2664 36.9631 37.3689 79.6434 84.8825 50.4877
43.2008 58.2951 27.5574 74.9508 41.6045 0 21.3402 31.291 0.967213 127
81.8066 1 0 0 0 0 0 0 0 16 16 0 0 0 0 0 0 127 51 0;
egregore_data 0 0 127 0 0 127 0 0 0 0 0 0 0 0 0 127 38 0 127 0 0 0
0 0 0 0 0 0 0 100 0 0 127 127 78 0 93 90 127 0 19 127 127 0 0 0 70
0 0 0 127 127 34 0 69.3469 37.1673 37.4939 79.5469 85.0376 50.2816
43.5429 58.0571 27.6653 75.1633 41.4453 0 21.2531 31.3224 0.979592
127 81.8066 1 0 0 0 0 0 0 0 16 16 0 0 0 0 0 0 127 51 0;
egregore_data 0 0 127 0 0 127 0 0 0 0 0 0 0 0 0 127 38 0 127 0 0 0
0 0 0 0 0 0 0 100 0 0 127 127 78 0 93 90 127 0 19 127 127 0 0 0 70
0 0 0 127 127 34 0 69.2016 36.9218 37.3663 80.2016 85.7374 50.6955
43.9012 58.535 27.3909 75.7819 41.449 0 21.428 31.5802 0.987654 127
81.8066 1 0 0 0 0 0 0 0 16 16 0 0 0 0 0 0 127 51 0;
egregore_data 0 0 127 0 0 127 0 0 0 0 0 0 0 0 0 127 38 0 127 0 0 0
0 0 0 0 0 0 0 100 0 0 127 127 78 0 93 90 127 0 19 127 127 0 0 0 70
0 0 0 127 127 34 0 69.2016 36.9218 37.3663 80.2016 85.7374 50.6955
43.9012 58.535 27.3909 75.7819 41.449 0 21.428 31.5802 0.987654 127
81.8066 1 0 0 0 0 0 0 0 16 16 0 0 0 0 0 0 127 51 0;
egregore_data 0 0 127 0 0 127 0 0 0 0 0 0 0 0 0 127 38 0 127 0 0 0
0 0 0 0 0 0 0 100 0 0 127 127 78 0 93 90 127 0 19 127 127 0 0 0 70
0 0 0 127 127 34 0 69.1281 36.7975 37.3017 80.5331 86.0917 50.905 44.0826
58.7769 27.2521 76.095 41.4508 0 21.5165 31.7107 0.991736 127 81.8066
1 0 0 0 0 0 0 0 16 16 0 0 0 0 0 0 127 51 0;
egregore_data 0 0 127 0 0 127 0 0 0 0 0 0 0 0 0 127 38 0 127 0 0 0
0 0 0 0 0 0 0 100 0 0 127 127 78 0 93 90 127 0 19 127 127 0 0 0 70
0 0 0 127 127 34 0 69.0539 36.6722 37.2365 80.8672 86.449 51.1162 44.2656
59.0208 27.112 76.4108 41.4527 0 21.6058 31.8423 0.995851 127 81.8066
1 0 0 0 0 0 0 0 16 16 0 0 0 0 0 0 127 51 0;
egregore_data 0 0 127 0 0 127 0 0 0 0 0 0 0 0 0 127 38 0 127 0 0 0
0 0 0 0 0 0 0 100 0 0 127 127 78 0 93 90 127 0 19 127 127 0 0 0 70
0 0 0 127 127 34 0 69.0539 36.6722 37.2365 80.8672 86.449 51.1162 44.2656
59.0208 27.112 76.4108 41.4527 0 21.6058 31.8423 0.995851 127 81.8066
1 0 0 0 0 0 0 0 16 16 0 0 0 0 0 0 127 51 0;
egregore_data 0 0 127 0 0 127 0 0 0 0 0 0 0 0 0 127 38 0 127 0 0 0
0 0 0 0 0 0 0 100 0 0 127 127 78 0 93 90 127 0 19 127 127 0 0 0 70
0 0 0 127 127 34 0 69.0622 36.7552 37.2988 81.0996 86.9588 51.1162
44.7925 59.0208 27.083 76.9378 41.2934 0 21.6058 32.0042 1.01245 127
81.8066 1 0 0 0 0 0 0 0 16 16 0 0 0 0 0 0 127 51 0;
egregore_data 0 0 127 0 0 127 0 0 0 0 0 0 0 0 0 127 38 0 127 0 0 0
0 0 0 0 0 0 0 100 0 0 127 127 78 0 93 90 127 0 19 127 127 0 0 0 70
0 0 0 127 127 34 0 69.0622 36.7552 37.2988 81.0996 86.9588 51.1162
44.7925 59.0208 27.083 76.9378 41.2934 0 21.6058 32.0042 1.01245 127
81.8066 1 0 0 0 0 0 0 0 16 16 0 0 0 0 0 0 127 51 0;
egregore_data 0 0 127 0 0 127 0 0 0 0 0 0 0 0 0 127 38 0 127 0 0 0
0 0 0 0 0 0 0 100 0 0 127 127 78 0 93 90 127 0 19 127 127 0 0 0 70
0 0 0 127 127 34 0 68.9875 36.6292 37.2333 81.4375 87.3211 51.3292
44.9792 59.2667 26.9417 77.2583 41.2946 0 21.6958 32.1375 1.01667 127
81.8066 1 0 0 0 0 0 0 0 16 16 0 0 0 0 0 0 127 51 0;
egregore_data 0 0 127 0 0 127 0 0 0 0 0 0 0 0 0 127 38 0 127 0 0 0
0 0 0 0 0 0 0 100 0 0 127 127 78 0 93 90 127 0 19 127 127 0 0 0 70
0 0 0 127 127 34 0 69.0705 36.8382 37.361 81.332 87.4686 51.1162 45.3195
59.0208 27.0539 77.4647 41.134 0 21.6058 32.166 1.02905 127 81.8066
1 0 0 0 0 0 0 0 16 16 0 0 0 0 0 0 127 51 0;
egregore_data 0 0 127 0 0 127 0 0 0 0 0 0 0 0 0 127 38 0 127 0 0 0
0 0 0 0 0 0 0 100 0 0 127 127 78 0 93 90 127 0 19 127 127 0 0 0 70
0 0 0 127 127 34 0 68.9958 36.7125 37.2958 81.6708 87.8331 51.3292
45.5083 59.2667 26.9125 77.7875 41.1346 0 21.6958 32.3 1.03333 127
81.8066 1 0 0 0 0 0 0 0 16 16 0 0 0 0 0 0 127 51 0;
egregore_data 0 0 127 0 0 127 0 0 0 0 0 0 0 0 0 127 38 0 127 0 0 0
0 0 0 0 0 0 0 100 0 0 127 127 78 0 93 90 127 0 19 127 127 0 0 0 70
0 0 0 127 127 34 0 68.8445 36.458 37.1639 82.3571 88.5712 51.7605 45.8908
59.7647 26.6261 78.4412 41.1357 0 21.8782 32.5714 1.04202 127 81.8066
1 0 0 0 0 0 0 0 16 16 0 0 0 0 0 0 127 51 0;
egregore_data 0 0 127 0 0 127 0 0 0 0 0 0 0 0 0 127 38 0 127 0 0 0
0 0 0 0 0 0 0 100 0 0 127 127 78 0 93 90 127 0 19 127 127 0 0 0 70
0 0 0 127 127 34 0 68.7679 36.3291 37.097 82.7046 88.9449 51.9789 46.0844
60.0169 26.481 78.7721 41.1363 0 21.9705 32.7089 1.04641 127 81.8066
1 0 0 0 0 0 0 0 16 16 0 0 0 0 0 0 127 51 0;
egregore_data 0 0 127 0 0 127 0 0 0 0 0 0 0 0 0 127 38 0 127 0 0 0
0 0 0 0 0 0 0 100 0 0 127 127 78 0 93 90 127 0 19 127 127 0 0 0 70
0 0 0 127 127 34 0 68.9372 36.7531 37.3556 82.4812 89.2288 51.5439
46.7615 59.5146 26.7113 79.1757 40.8138 0 21.7866 32.7615 1.07113 127
81.8066 1 0 0 0 0 0 0 0 16 16 0 0 0 0 0 0 127 51 0;
egregore_data 0 0 127 0 0 127 0 0 0 0 0 0 0 0 0 127 38 0 127 0 0 0
0 0 0 0 0 0 0 100 0 0 127 127 78 0 93 90 127 0 19 127 127 0 0 0 70
0 0 0 127 127 34 0 68.9372 36.7531 37.3556 82.4812 89.2288 51.5439
46.7615 59.5146 26.7113 79.1757 40.8138 0 21.7866 32.7615 1.07113 127
81.8066 1 0 0 0 0 0 0 0 16 16 0 0 0 0 0 0 127 51 0;
egregore_data 0 0 127 0 0 127 0 0 0 0 0 0 0 0 0 127 38 0 127 0 0 0
0 0 0 0 0 0 0 100 0 0 127 127 78 0 93 90 127 0 19 127 127 0 0 0 70
0 0 0 127 127 34 0 68.9372 36.7531 37.3556 82.4812 89.2288 51.5439
46.7615 59.5146 26.7113 79.1757 40.8138 0 21.7866 32.7615 1.07113 127
81.8066 1 0 0 0 0 0 0 0 16 16 0 0 0 0 0 0 127 51 0;
egregore_data 0 0 127 0 0 127 0 0 0 0 0 0 0 0 0 127 38 0 127 0 0 0
0 0 0 0 0 0 0 100 0 0 127 127 78 0 93 90 127 0 19 127 127 0 0 0 70
0 0 0 127 127 34 0 68.9372 36.7531 37.3556 82.4812 89.2288 51.5439
46.7615 59.5146 26.7113 79.1757 40.8138 0 21.7866 32.7615 1.07113 127
81.8066 1 0 0 0 0 0 0 0 16 16 0 0 0 0 0 0 127 51 0;
egregore_data 0 0 127 0 0 127 0 0 0 0 0 0 0 0 0 127 38 0 127 0 0 0
0 0 0 0 0 0 0 100 0 0 127 127 78 0 93 90 127 0 19 127 127 0 0 0 70
0 0 0 127 127 34 0 69.0208 36.9625 37.4833 82.3708 89.369 51.3292 47.0958
59.2667 26.825 79.375 40.6546 0 21.6958 32.7875 1.08333 127 81.8066
1 0 0 0 0 0 0 0 16 16 0 0 0 0 0 0 127 51 0;
egregore_data 0 0 127 0 0 127 0 0 0 0 0 0 0 0 0 127 38 0 127 0 0 0
0 0 0 0 0 0 0 100 0 0 127 127 78 0 93 90 127 0 19 127 127 0 0 0 70
0 0 0 127 127 34 0 68.9456 36.8368 37.4184 82.7155 89.7429 51.5439
47.2929 59.5146 26.682 79.7071 40.6532 0 21.7866 32.9247 1.08787 127
81.8066 1 0 0 0 0 0 0 0 16 16 0 0 0 0 0 0 127 51 0;
egregore_data 0 0 127 0 0 127 0 0 0 0 0 0 0 0 0 127 38 0 127 0 0 0
0 0 0 0 0 0 0 100 0 0 127 127 78 0 93 90 127 0 19 127 127 0 0 0 70
0 0 0 127 127 34 0 68.9456 36.8368 37.4184 82.7155 89.7429 51.5439
47.2929 59.5146 26.682 79.7071 40.6532 0 21.7866 32.9247 1.08787 127
81.8066 1 0 0 0 0 0 0 0 16 16 0 0 0 0 0 0 127 51 0;
egregore_data 0 0 127 0 0 127 0 0 0 0 0 0 0 0 0 127 38 0 127 0 0 0
0 0 0 0 0 0 0 100 0 0 127 127 78 0 93 90 127 0 19 127 127 0 0 0 70
0 0 0 127 127 34 0 68.9456 36.8368 37.4184 82.7155 89.7429 51.5439
47.2929 59.5146 26.682 79.7071 40.6532 0 21.7866 32.9247 1.08787 127
81.8066 1 0 0 0 0 0 0 0 16 16 0 0 0 0 0 0 127 51 0;
egregore_data 0 0 127 0 0 127 0 0 0 0 0 0 0 0 0 127 38 0 127 0 0 0
0 0 0 0 0 0 0 100 0 0 127 127 78 0 93 90 127 0 19 127 127 0 0 0 70
0 0 0 127 127 34 0 68.9456 36.8368 37.4184 82.7155 89.7429 51.5439
47.2929 59.5146 26.682 79.7071 40.6532 0 21.7866 32.9247 1.08787 127
81.8066 1 0 0 0 0 0 0 0 16 16 0 0 0 0 0 0 127 51 0;
egregore_data 0 0 127 0 0 127 0 0 0 0 0 0 0 0 0 127 38 0 127 0 0 0
0 0 0 0 0 0 0 100 0 0 127 127 78 0 93 90 127 0 19 127 127 0 0 0 70
0 0 0 127 127 34 0 68.9456 36.8368 37.4184 82.7155 89.7429 51.5439
47.2929 59.5146 26.682 79.7071 40.6532 0 21.7866 32.9247 1.08787 127
81.8066 1 0 0 0 0 0 0 0 16 16 0 0 0 0 0 0 127 51 0;
END;
