HTTP/1.1 200 OK
Date: Thu, 28 May 2015 12:31:06 GMT
Server: Apache
Last-Modified: Wed, 27 May 2015 19:05:22 GMT
Accept-Ranges: bytes
Content-Length: 25262
Vary: Accept-Encoding
Connection: close
Content-Type: text/plain

chdh_egregore_live_data;
egregore_data 92 79 0 52 47 0 64 0 0 0 0 0 0 0 0 127 38 1 59.9016 7.40551
0 0 0 0 0 0 0 6 0 127 0 0 35.1378 127 78 1 0 0 127 0 0 30 127 0 0 0
70 0 0 0 0 127 34 0 53 99 83 0 0 0 0 32 0 0 21 0 40 0 0 127 88 0 0
0 0 0 0 0 0 16 16 0 0 0 0 0 0 127 51 0;
egregore_data 92 79 0 52 47 0 64 0 0 0 0 0 0 0 0 127 38 1 59.9016 7.40551
0 0 0 0 0 0 0 6 0 127 0 0 35.1378 127 78 1 0 0 127 0 0 30 127 0 0 0
70 0 0 0 0 127 34 0 53 99 83 0 0 0 0 32 0 0 21 0 40 0 0 127 88 0 0
0 0 0 0 0 0 16 16 0 0 0 0 0 0 127 51 0;
egregore_data 92 79 0 52 47 0 64 0 0 0 0 0 0 0 0 127 38 1 59.9016 7.40551
0 0 0 0 0 0 0 6 0 127 0 0 35.1378 127 78 1 0 0 127 0 0 30 127 0 0 0
70 0 0 0 0 127 34 0 53 99 83 0 0 0 0 32 0 0 21 0 40 0 0 127 88 0 0
0 0 0 0 0 0 16 16 0 0 0 0 0 0 127 51 0;
egregore_data 92 79 0 52 47 0 64 0 0 0 0 0 0 0 0 127 38 1 59.9016 7.40551
0 0 0 0 0 0 0 6 0 127 0 0 35.1378 127 78 1 0 0 127 0 0 30 127 0 0 0
70 0 0 0 0 127 34 0 53 99 83 0 0 0 0 32 0 0 21 0 40 0 0 127 88 0 0
0 0 0 0 0 0 16 16 0 0 0 0 0 0 127 51 0;
egregore_data 92 79 0 52 47 0 64 0 0 0 0 0 0 0 0 127 38 1 59.9016 7.40551
0 0 0 0 0 0 0 6 0 127 0 0 35.1378 127 78 1 0 0 127 0 0 30 127 0 0 0
70 0 0 0 0 127 34 0 53 99 83 0 0 0 0 32 0 0 21 0 40 0 0 127 88 0 0
0 0 0 0 0 0 16 16 0 0 0 0 0 0 127 51 0;
egregore_data 92 79 0 52 47 0 64 0 0 0 0 0 0 0 0 127 38 1 59.9016 7.40551
0 0 0 0 0 0 0 6 0 127 0 0 35.1378 127 78 1 0 0 127 0 0 30 127 0 0 0
70 0 0 0 0 127 34 0 53 99 83 0 0 0 0 32 0 0 21 0 40 0 0 127 88 0 0
0 0 0 0 0 0 16 16 0 0 0 0 0 0 127 51 0;
egregore_data 92 79 0 52 47 0 64 0 0 0 0 0 0 0 0 127 38 1 59.9016 7.40551
0 0 0 0 0 0 0 6 0 127 0 0 35.1378 127 78 1 0 0 127 0 0 30 127 0 0 0
70 0 0 0 0 127 34 0 53 99 83 0 0 0 0 32 0 0 21 0 40 0 0 127 88 0 0
0 0 0 0 0 0 16 16 0 0 0 0 0 0 127 51 0;
egregore_data 92 79 0 52 47 0 64 0 0 0 0 0 0 0 0 127 38 1 59.3996 7.77362
0 0 0 0 0 0 0 6 0 127 0 0 35.8405 127 78 1 0 0 127 0 0 30 127 0 0 0
70 0 0 0 0 127 34 0 53 99 83 0 0 0 0 32 0 0 21 0 40 0 0 127 88 0 0
0 0 0 0 0 0 16 16 0 0 0 0 0 0 127 51 0;
egregore_data 92 79 0 52 48 0 64 0 0 0 0 0 0 0 0 127 38 1 59.3996 7.77362
0 0 0 0 0 0 0 6 0 127 0 0 35.8405 127 78 1 0 0 127 0 0 30 127 0 0 0
70 0 0 0 0 127 34 0 53 99 83 0 0 0 0 32 0 0 21 0 40 0 0 127 88 0 0
0 0 0 0 0 0 16 16 0 0 0 0 0 0 127 51 0;
egregore_data 92 79 0 52 48 0 64 0 0 0 0 0 0 0 0 127 38 1 59.3996 7.77362
0 0 0 0 0 0 0 6 0 127 0 0 35.8405 127 78 1 0 0 127 0 0 30 127 0 0 0
70 0 0 0 0 127 34 0 53 99 83 0 0 0 0 32 0 0 21 0 40 0 0 127 88 0 0
0 0 0 0 0 0 16 16 0 0 0 0 0 0 127 51 0;
egregore_data 92 79 0 52 49 0 64 0 0 0 0 0 0 0 0 127 38 1 59.3996 7.77362
0 0 0 0 0 0 0 6 0 127 0 0 35.8405 127 78 1 0 0 127 0 0 30 127 0 0 0
70 0 0 0 0 127 34 0 53 99 83 0 0 0 0 32 0 0 21 0 40 0 0 127 88 0 0
0 0 0 0 0 0 16 16 0 0 0 0 0 0 127 51 0;
egregore_data 92 79 0 52 49 0 64 0 0 0 0 0 0 0 0 127 38 1 59.3996 7.77362
0 0 0 0 0 0 0 6 0 127 0 0 35.8405 127 78 1 0 0 127 0 0 30 127 0 0 0
70 0 0 0 0 127 34 0 53 99 83 0 0 0 0 32 0 0 21 0 40 0 0 127 88 0 0
0 0 0 0 0 0 16 16 0 0 0 0 0 0 127 51 0;
egregore_data 92 79 0 52 49 0 64 0 0 0 0 0 0 0 0 127 38 1 59.3996 7.77362
0 0 0 0 0 0 0 6 0 127 0 0 35.8405 127 78 1 0 0 127 0 0 30 127 0 0 0
70 0 0 0 0 127 34 0 53 99 83 0 0 0 0 32 0 0 21 0 40 0 0 127 88 0 0
0 0 0 0 0 0 16 16 0 0 0 0 0 0 127 51 0;
egregore_data 92 79 0 52 49 0 64 0 0 0 0 0 0 0 0 127 38 1 59.3996 7.77362
0 0 0 0 0 0 0 6 0 127 0 0 35.8405 127 78 1 0 0 127 0 0 30 127 0 0 0
70 0 0 0 0 127 34 0 53 99 83 0 0 0 0 32 0 0 21 0 40 0 0 127 88 0 0
0 0 0 0 0 0 16 16 0 0 0 0 0 0 127 51 0;
egregore_data 92 79 0 52 49 0 64 0 0 0 0 0 0 0 0 127 38 1 59.3996 7.77362
0 0 0 0 0 0 0 6 0 127 0 0 35.8405 127 78 1 0 0 127 0 0 30 127 0 0 0
70 0 0 0 0 127 34 0 53 99 83 0 0 0 0 32 0 0 21 0 40 0 0 127 88 0 0
0 0 0 0 0 0 16 16 0 0 0 0 0 0 127 51 0;
egregore_data 92 79 0 52 49 0 64 0 0 0 0 0 0 0 0 127 38 1 59.3996 7.77362
0 0 0 0 0 0 0 6 0 127 0 0 35.8405 127 78 1 0 0 127 0 0 30 127 0 0 0
70 0 0 0 0 127 34 0 53 99 83 0 0 0 0 32 0 0 21 0 40 0 0 127 88 0 0
0 0 0 0 0 0 16 16 0 0 0 0 0 0 127 51 0;
egregore_data 92 79 0 52 49 0 64 0 0 0 0 0 0 0 0 127 38 1 59.3996 7.77362
0 0 0 0 0 0 0 6 0 127 0 0 35.8405 127 78 1 0 0 127 0 0 30 127 0 0 0
70 0 0 0 0 127 34 0 53 99 83 0 0 0 0 32 0 0 21 0 40 0 0 127 88 0 0
0 0 0 0 0 0 16 16 0 0 0 0 0 0 127 51 0;
egregore_data 92 79 0 52 49 0 64 0 0 0 0 0 0 0 0 127 38 1 59.3996 7.77362
0 0 0 0 0 0 0 6 0 127 0 0 35.8405 127 78 1 0 0 127 0 0 30 127 0 0 0
70 0 0 0 0 127 34 0 53 99 83 0 0 0 0 32 0 0 21 0 40 0 0 127 88 0 0
0 0 0 0 0 0 16 16 0 0 0 0 0 0 127 51 0;
egregore_data 92 79 0 52 49 0 64 0 0 0 0 0 0 0 0 127 38 1 59.1486 7.95768
0 0 0 0 0 0 0 6 0 127 0 0 36.1919 127 78 1 0 0 127 0 0 30 127 0 0 0
70 0 0 0 0 127 34 0 53 99 83 0 0 0 0 32 0 0 21 0 40 0 0 127 88 0 0
0 0 0 0 0 0 16 16 0 0 0 0 0 0 127 51 0;
egregore_data 92 79 0 52 49 0 64 0 0 0 0 0 0 0 0 127 38 1 59.1486 7.95768
0 0 0 0 0 0 0 6 0 127 0 0 36.1919 127 78 1 0 0 127 0 0 30 127 0 0 0
70 0 0 0 0 127 34 0 53 99 83 0 0 0 0 32 0 0 21 0 40 0 0 127 88 0 0
0 0 0 0 0 0 16 16 0 0 0 0 0 0 127 51 0;
egregore_data 92 79 0 52 49 0 64 0 0 0 0 0 0 0 0 127 38 1 59.1486 7.95768
0 0 0 0 0 0 0 6 0 127 0 0 36.1919 127 78 1 0 0 127 0 0 30 127 0 0 0
70 0 0 0 0 127 34 0 53 99 83 0 0 0 0 32 0 0 21 0 40 0 0 127 88 0 0
0 0 0 0 0 0 16 16 0 0 0 0 0 0 127 51 0;
egregore_data 92 79 0 52 49 0 64 0 0 0 0 0 0 0 0 127 38 1 59.1486 7.95768
0 0 0 0 0 0 0 6 0 127 0 0 36.1919 127 78 1 0 0 127 0 0 30 127 0 0 0
70 0 0 0 0 127 34 0 53 99 83 0 0 0 0 32 0 0 21 0 40 0 0 127 88 0 0
0 0 0 0 0 0 16 16 0 0 0 0 0 0 127 51 0;
egregore_data 92 79 0 52 49 0 64 0 0 0 0 0 0 0 0 127 38 1 59.1486 7.95768
0 0 0 0 0 0 0 6 0 127 0 0 36.1919 127 78 1 0 0 127 0 0 30 127 0 0 0
70 0 0 0 0 127 34 0 53 99 83 0 0 0 0 32 0 0 21 0 40 0 0 127 88 0 0
0 0 0 0 0 0 16 16 0 0 0 0 0 0 127 51 0;
egregore_data 92 79 0 52 49 0 61 0 0 0 0 0 0 0 0 127 38 1 59.1486 7.95768
0 0 0 0 0 0 0 6 0 127 0 0 36.1919 127 78 1 0 0 127 0 0 30 127 0 0 0
70 0 0 0 0 127 34 0 53 99 83 0 0 0 0 32 0 0 21 0 40 0 0 127 88 0 0
0 0 0 0 0 0 16 16 0 0 0 0 0 0 127 51 0;
egregore_data 92 79 0 52 49 0 61 0 0 0 0 0 0 0 0 127 38 1 59.1486 7.95768
0 0 0 0 0 0 0 6 0 127 0 0 36.1919 127 78 1 0 0 127 0 0 30 127 0 0 0
70 0 0 0 0 127 34 0 53 99 83 0 0 0 0 32 0 0 21 0 40 0 0 127 88 0 0
0 0 0 0 0 0 16 16 0 0 0 0 0 0 127 51 0;
egregore_data 92 79 0 52 49 0 61 0 0 0 0 0 0 0 0 127 38 1 59.1486 7.95768
0 0 0 0 0 0 0 6 0 127 0 0 36.1919 127 78 1 0 0 127 0 0 30 127 0 0 0
70 0 0 0 0 127 34 0 53 99 83 0 0 0 0 32 0 0 21 0 40 0 0 127 88 0 0
0 0 0 0 0 0 16 16 0 0 0 0 0 0 127 51 0;
egregore_data 92 79 0 52 49 0 61 0 0 0 0 0 0 0 0 127 38 1 59.1486 7.95768
0 0 0 0 0 0 0 6 0 127 0 0 36.1919 127 78 1 0 0 127 0 0 30 127 0 0 0
70 0 0 0 0 127 34 0 53 99 83 0 0 0 0 32 0 0 21 0 40 0 0 127 88 0 0
0 0 0 0 0 0 16 16 0 0 0 0 0 0 127 51 0;
egregore_data 92 79 0 52 49 0 61 0 0 0 0 0 0 0 0 127 38 1 59.1486 7.95768
0 0 0 0 0 0 0 6 0 127 0 0 36.1919 127 78 1 0 0 127 0 0 30 127 0 0 0
70 0 0 0 0 127 34 0 53 99 83 0 0 0 0 32 0 0 21 0 40 0 0 127 88 0 0
0 0 0 0 0 0 16 16 0 0 0 0 0 0 127 51 0;
egregore_data 92 79 0 52 49 0 61 0 0 0 0 0 0 0 0 127 38 1 58.8976 8.14173
0 0 0 0 0 0 0 6 0 127 0 0 36.5433 127 78 1 0 0 127 0 0 30 127 0 0 0
70 0 0 0 0 127 34 0 53 99 83 0 0 0 0 32 0 0 21 0 40 0 0 127 88 0 0
0 0 0 0 0 0 16 16 0 0 0 0 0 0 127 51 0;
egregore_data 92 79 0 52 49 0 61 0 0 0 0 0 0 0 0 127 38 1 58.8976 8.14173
0 0 0 0 0 0 0 6 0 127 0 0 36.5433 127 78 1 0 0 127 0 0 30 127 0 0 0
70 0 0 0 0 127 34 0 53 99 83 0 0 0 0 32 0 0 21 0 40 0 0 127 88 0 0
0 0 0 0 0 0 16 16 0 0 0 0 0 0 127 51 0;
egregore_data 92 79 0 52 49 0 61 0 0 0 0 0 0 0 0 127 38 1 58.8976 8.14173
0 0 0 0 0 0 0 6 0 127 0 0 36.5433 127 78 1 0 0 127 0 0 30 127 0 0 0
70 0 0 0 0 127 34 0 53 99 83 0 0 0 0 32 0 0 21 0 40 0 0 127 88 0 0
0 0 0 0 0 0 16 16 0 0 0 0 0 0 127 51 0;
egregore_data 92 79 0 52 49 0 61 0 0 0 0 0 0 0 0 127 38 1 58.8976 8.14173
0 0 0 0 0 0 0 6 0 127 0 0 36.5433 127 78 1 0 0 127 0 0 30 127 0 0 0
70 0 0 0 0 127 34 0 53 99 83 0 0 0 0 32 0 0 21 0 40 0 0 127 88 0 0
0 0 0 0 0 0 16 16 0 0 0 0 0 0 127 51 0;
egregore_data 92 79 0 52 49 0 61 0 0 0 0 0 0 0 0 127 38 1 58.8976 8.14173
0 0 0 0 0 0 0 6 0 127 0 0 36.5433 127 78 1 0 0 127 0 0 30 127 0 0 0
70 0 0 0 0 127 34 0 53 99 83 0 0 0 0 32 0 0 21 0 40 0 0 127 88 0 0
0 0 0 0 0 0 16 16 0 0 0 0 0 0 127 51 0;
egregore_data 92 79 0 52 49 0 61 0 0 0 0 0 0 0 0 127 38 1 58.8976 8.14173
0 0 0 0 0 0 0 6 0 127 0 0 36.5433 127 78 1 0 0 127 0 0 30 127 0 0 0
70 0 0 0 0 127 34 0 53 99 83 0 0 0 0 32 0 0 21 0 40 0 0 127 88 0 0
0 0 0 0 0 0 16 16 0 0 0 0 0 0 127 51 0;
egregore_data 92 79 0 52 49 0 61 0 0 0 0 0 0 0 0 127 38 1 58.8976 8.14173
0 0 0 0 0 0 0 6 0 127 0 0 36.5433 127 78 1 0 0 127 0 0 30 127 0 0 0
70 0 0 0 0 127 34 0 53 99 83 0 0 0 0 32 0 0 21 0 40 0 0 127 88 0 0
0 0 0 0 0 0 16 16 0 0 0 0 0 0 127 51 0;
egregore_data 92 79 0 52 49 0 61 0 0 0 0 0 0 0 0 127 38 1 58.8976 8.14173
0 0 0 0 0 0 0 6 0 127 0 0 36.5433 127 78 1 0 0 127 0 0 30 127 0 0 0
70 0 0 0 0 127 34 0 53 99 83 0 0 0 0 32 0 0 21 0 40 0 0 127 88 0 0
0 0 0 0 0 0 16 16 0 0 0 0 0 0 127 51 0;
egregore_data 92 79 0 52 49 0 61 0 0 0 0 0 0 0 0 127 38 1 58.8976 8.14173
0 0 0 0 0 0 0 6 0 127 0 0 36.5433 127 78 1 0 0 127 0 0 30 127 0 0 0
70 0 0 0 0 127 34 0 53 99 83 0 0 0 0 32 0 0 21 0 40 0 0 127 88 0 0
0 0 0 0 0 0 16 16 0 0 0 0 0 0 127 51 0;
egregore_data 92 79 0 52 49 0 61 0 0 0 0 0 0 0 0 127 38 1 58.8976 8.14173
0 0 0 0 0 0 0 6 0 127 0 0 36.5433 127 78 1 0 0 127 0 0 30 127 0 0 0
70 0 0 0 0 127 34 0 53 99 83 0 0 0 0 32 0 0 21 0 40 0 0 127 88 0 0
0 0 0 0 0 0 16 16 0 0 0 0 0 0 127 51 0;
egregore_data 92 79 0 52 49 0 61 0 0 0 0 0 0 0 0 127 38 1 58.8976 8.14173
0 0 0 0 0 0 0 6 0 127 0 0 36.5433 127 78 1 0 0 127 0 0 30 127 0 0 0
70 0 0 0 0 127 34 0 53 99 83 0 0 0 0 32 0 0 21 0 40 0 0 127 88 0 0
0 0 0 0 0 0 16 16 0 0 0 0 0 0 127 51 0;
egregore_data 92 79 0 52 49 0 61 0 0 0 0 0 0 0 0 127 38 1 58.6467 8.32579
0 0 0 0 0 0 0 6 0 127 0 0 36.8947 127 78 1 0 0 127 0 0 30 127 0 0 0
70 0 0 0 0 127 34 0 53 99 83 0 0 0 0 32 0 0 21 0 40 0 0 127 88 0 0
0 0 0 0 0 0 16 16 0 0 0 0 0 0 127 51 0;
egregore_data 92 79 0 52 49 0 61 0 0 0 0 0 0 0 0 127 38 1 58.3957 8.50984
0 0 0 0 0 0 0 6 0 127 0 0 37.2461 127 78 1 0 0 127 0 0 30 127 0 0 0
70 0 0 0 0 127 34 0 53 99 83 0 0 0 0 32 0 0 21 0 40 0 0 127 88 0 0
0 0 0 0 0 0 16 16 0 0 0 0 0 0 127 51 0;
egregore_data 92 79 0 52 49 0 61 0 0 0 0 0 0 0 0 127 38 1 58.3957 8.50984
0 0 0 0 0 0 0 6 0 127 0 0 37.2461 127 78 1 0 0 127 0 0 30 127 0 0 0
70 0 0 0 0 127 34 0 53 99 83 0 0 0 0 32 0 0 21 0 40 0 0 127 88 0 0
0 0 0 0 0 0 16 16 0 0 0 0 0 0 127 51 0;
egregore_data 92 79 0 52 49 0 61 0 0 0 0 0 0 0 0 127 38 1 57.8937 8.87795
0 0 0 0 0 0 0 6 0 127 0 0 37.9488 127 78 1 0 0 127 0 0 30 127 0 0 0
70 0 0 0 0 127 34 0 53 99 83 0 0 0 0 32 0 0 21 0 40 0 0 127 88 0 0
0 0 0 0 0 0 16 16 0 0 0 0 0 0 127 51 0;
egregore_data 92 79 0 52 49 0 61 0 0 0 0 0 0 0 0 127 38 1 57.8937 8.87795
0 0 0 0 0 0 0 6 0 127 0 0 37.9488 127 78 1 0 0 127 0 0 30 127 0 0 0
70 0 0 0 0 127 34 0 53 99 83 0 0 0 0 32 0 0 21 0 40 0 0 127 88 0 0
0 0 0 0 0 0 16 16 0 0 0 0 0 0 127 51 0;
egregore_data 92 79 0 52 49 0 60 0 0 0 0 0 0 0 0 127 38 1 57.6427 9.06201
0 0 0 0 0 0 0 6 0 127 0 0 38.3002 127 78 1 0 0 127 0 0 30 127 0 0 0
70 0 0 0 0 127 34 0 53 99 83 0 0 0 0 32 0 0 21 0 40 0 0 127 88 0 0
0 0 0 0 0 0 16 16 0 0 0 0 0 0 127 51 0;
egregore_data 92 79 0 52 48 0 60 0 0 0 0 0 0 0 0 127 38 1 57.6427 9.06201
0 0 0 0 0 0 0 6 0 127 0 0 38.3002 127 78 1 0 0 127 0 0 30 127 0 0 0
70 0 0 0 0 127 34 0 53 99 83 0 0 0 0 32 0 0 21 0 40 0 0 127 88 0 0
0 0 0 0 0 0 16 16 0 0 0 0 0 0 127 51 0;
egregore_data 92 79 0 51 48 0 60 0 0 0 0 0 0 0 0 127 38 1 57.6427 9.06201
0 0 0 0 0 0 0 6 0 127 0 0 38.3002 127 78 1 0 0 127 0 0 30 127 0 0 0
70 0 0 0 0 127 34 0 53 99 83 0 0 0 0 32 0 0 21 0 40 0 0 127 88 0 0
0 0 0 0 0 0 16 16 0 0 0 0 0 0 127 51 0;
egregore_data 92 79 0 51 48 0 60 0 0 0 0 0 0 0 0 127 38 1 57.6427 9.06201
0 0 0 0 0 0 0 6 0 127 0 0 38.3002 127 78 1 0 0 127 0 0 30 127 0 0 0
70 0 0 0 0 127 34 0 53 99 83 0 0 0 0 32 0 0 21 0 40 0 0 127 88 0 0
0 0 0 0 0 0 16 16 0 0 0 0 0 0 127 51 0;
egregore_data 92 79 0 51 48 0 60 0 0 0 0 0 0 0 0 127 38 1 57.3917 9.24606
0 0 0 0 0 0 0 6 0 127 0 0 38.6516 127 78 1 0 0 127 0 0 30 127 0 0 0
70 0 0 0 0 127 34 0 53 99 83 0 0 0 0 32 0 0 21 0 40 0 0 127 88 0 0
0 0 0 0 0 0 16 16 0 0 0 0 0 0 127 51 0;
egregore_data 92 79 0 51 47 0 60 0 0 0 0 0 0 0 0 127 38 1 57.3917 9.24606
0 0 0 0 0 0 0 6 0 127 0 0 38.6516 127 78 1 0 0 127 0 0 30 127 0 0 0
70 0 0 0 0 127 34 0 53 99 83 0 0 0 0 32 0 0 21 0 40 0 0 127 88 0 0
0 0 0 0 0 0 16 16 0 0 0 0 0 0 127 51 0;
egregore_data 92 79 0 51 47 0 60 0 0 0 0 0 0 0 0 127 38 1 57.3917 9.24606
0 0 0 0 0 0 0 6 0 127 0 0 38.6516 127 78 1 0 0 127 0 0 30 127 0 0 0
70 0 0 0 0 127 34 0 53 99 83 0 0 0 0 32 0 0 21 0 40 0 0 127 88 0 0
0 0 0 0 0 0 16 16 0 0 0 0 0 0 127 51 0;
egregore_data 92 79 0 51 47 0 59 0 0 0 0 0 0 0 0 127 38 1 57.1408 9.43012
0 0 0 0 0 0 0 6 0 127 0 0 39.003 127 78 1 0 0 127 0 0 30 127 0 0 0
70 0 0 0 0 127 34 0 53 99 83 0 0 0 0 32 0 0 21 0 40 0 0 127 88 0 0
0 0 0 0 0 0 16 16 0 0 0 0 0 0 127 51 0;
egregore_data 92 79 0 51 47 0 59 0 0 0 0 0 0 0 0 127 38 1 57.1408 9.43012
0 0 0 0 0 0 0 6 0 127 0 0 39.003 127 78 1 0 0 127 0 0 30 127 0 0 0
70 0 0 0 0 127 34 0 53 99 83 0 0 0 0 32 0 0 21 0 40 0 0 127 88 0 0
0 0 0 0 0 0 16 16 0 0 0 0 0 0 127 51 0;
egregore_data 92 79 0 49 46 0 59 0 0 0 0 0 0 0 0 127 38 1 56.8898 9.61417
0 0 0 0 0 0 0 6 0 127 0 0 39.3543 127 78 1 0 0 127 0 0 30 127 0 0 0
70 0 0 0 0 127 34 0 53 99 83 0 0 0 0 32 0 0 21 0 40 0 0 127 88 0 0
0 0 0 0 0 0 16 16 0 0 0 0 0 0 127 51 0;
egregore_data 92 79 0 49 46 0 59 0 0 0 0 0 0 0 0 127 38 1 56.6388 9.79823
0 0 0 0 0 0 0 6 0 127 0 0 39.7057 127 78 1 0 0 127 0 0 30 127 0 0 0
70 0 0 0 0 127 34 0 53 99 83 0 0 0 0 32 0 0 21 0 40 0 0 127 88 0 0
0 0 0 0 0 0 16 16 0 0 0 0 0 0 127 51 0;
egregore_data 92 79 0 49 46 0 59 0 0 0 0 0 0 0 0 127 38 1 56.6388 9.79823
0 0 0 0 0 0 0 6 0 127 0 0 39.7057 127 78 1 0 0 127 0 0 30 127 0 0 0
70 0 0 0 0 127 34 0 53 99 83 0 0 0 0 32 0 0 21 0 40 0 0 127 88 0 0
0 0 0 0 0 0 16 16 0 0 0 0 0 0 127 51 0;
egregore_data 92 79 0 49 46 0 59 0 0 0 0 0 0 0 0 127 38 1 56.6388 9.79823
0 0 0 0 0 0 0 6 0 127 0 0 39.7057 127 78 1 0 0 127 0 0 30 127 0 0 0
70 0 0 0 0 127 34 0 53 99 83 0 0 0 0 32 0 0 21 0 40 0 0 127 88 0 0
0 0 0 0 0 0 16 16 0 0 0 0 0 0 127 51 0;
egregore_data 92 79 0 49 46 0 59 0 0 0 0 0 0 0 0 127 38 1 56.1368 10.1663
0 0 0 0 0 0 0 6 0 127 0 0 40.4085 127 78 1 0 0 127 0 0 30 127 0 0 0
70 0 0 0 0 127 34 0 53 99 83 0 0 0 0 32 0 0 21 0 40 0 0 127 88 0 0
0 0 0 0 0 0 16 16 0 0 0 0 0 0 127 51 0;
egregore_data 92 79 0 49 46 0 58 0 0 0 0 0 0 0 0 127 38 1 56.1368 10.1663
0 0 0 0 0 0 0 6 0 127 0 0 40.4085 127 78 1 0 0 127 0 0 30 127 0 0 0
70 0 0 0 0 127 34 0 53 99 83 0 0 0 0 32 0 0 21 0 40 0 0 127 88 0 0
0 0 0 0 0 0 16 16 0 0 0 0 0 0 127 51 0;
egregore_data 92 79 0 49 46 0 58 0 0 0 0 0 0 0 0 127 38 1 55.8858 10.3504
0 0 0 0 0 0 0 6 0 127 0 0 40.7598 127 78 1 0 0 127 0 0 30 127 0 0 0
70 0 0 0 0 127 34 0 53 99 83 0 0 0 0 32 0 0 21 0 40 0 0 127 88 0 0
0 0 0 0 0 0 16 16 0 0 0 0 0 0 127 51 0;
egregore_data 92 79 0 49 46 0 58 0 0 0 0 0 0 0 0 127 38 1 55.6348 10.5344
0 0 0 0 0 0 0 6 0 127 0 0 41.1112 127 78 1 0 0 127 0 0 30 127 0 0 0
70 0 0 0 0 127 34 0 53 99 83 0 0 0 0 32 0 0 21 0 40 0 0 127 88 0 0
0 0 0 0 0 0 16 16 0 0 0 0 0 0 127 51 0;
egregore_data 92 79 0 49 46 0 58 0 0 0 0 0 0 0 0 127 38 1 55.3839 10.7185
0 0 0 0 0 0 0 6 0 127 0 0 41.4626 127 78 1 0 0 127 0 0 30 127 0 0 0
70 0 0 0 0 127 34 0 53 99 83 0 0 0 0 32 0 0 21 0 40 0 0 127 88 0 0
0 0 0 0 0 0 16 16 0 0 0 0 0 0 127 51 0;
egregore_data 92 79 0 49 46 0 58 0 0 0 0 0 0 0 0 127 38 1 55.1329 10.9026
0 0 0 0 0 0 0 6 0 127 0 0 41.814 127 78 1 0 0 127 0 0 30 127 0 0 0
70 0 0 0 0 127 34 0 53 99 83 0 0 0 0 32 0 0 21 0 40 0 0 127 88 0 0
0 0 0 0 0 0 16 16 0 0 0 0 0 0 127 51 0;
egregore_data 92 79 0 49 46 0 58 0 0 0 0 0 0 0 0 127 38 1 54.5669 11.4016
0 0 0 0 0 0 0 5.95276 0 126.874 0 0 42.063 127 78 1 0 0 127 0 0 30
127 0 0 0 70 0 0 0 0 127 34 0 53 99 83 0 0 0 0 32 0 0 21 0 40 0 0 127
88 0 0 0 0 0 0 0 0 16 16 0 0 0 0 0 0 127 51 0;
egregore_data 92 79 0 49 46 0 58 0 0 0 0 0 0 0 0 127 38 1 54.5669 11.4016
0 0 0 0 0 0 0 5.95276 0 126.874 0 0 42.063 127 78 1 0 0 127 0 0 30
127 0 0 0 70 0 0 0 0 127 34 0 53 99 83 0 0 0 0 32 0 0 21 0 40 0 0 127
88 0 0 0 0 0 0 0 0 16 16 0 0 0 0 0 0 127 51 0;
egregore_data 92 79 0 49 46 0 58 0 0 0 0 0 0 0 0 127 38 1 51.8061 13.9616
0 0 0 0 0 0 0 5.65157 0 126.071 0 0 42.4646 127 78 1 0 0 127 0 0 30
127 0 0 0 70 0 0 0 0 127 34 0 53 99 83 0 0 0 0 32 0 0 21 0 40 0 0 127
88 0 0 0 0 0 0 0 0 16 16 0 0 0 0 0 0 127 51 0;
egregore_data 92 79 0 48 46 0 58 0 0 0 0 0 0 0 0 127 38 1 50.8858 14.815
0 0 0 0 0 0 0 5.55118 0 125.803 0 0 42.5984 127 78 1 0 0 127 0 0 30
127 0 0 0 70 0 0 0 0 127 34 0 53 99 83 0 0 0 0 32 0 0 21 0 40 0 0 127
88 0 0 0 0 0 0 0 0 16 16 0 0 0 0 0 0 127 51 0;
egregore_data 92 79 0 48 46 0 58 0 0 0 0 0 0 0 0 127 38 1 50.8858 14.815
0 0 0 0 0 0 0 5.55118 0 125.803 0 0 42.5984 127 78 1 0 0 127 0 0 30
127 0 0 0 70 0 0 0 0 127 34 0 53 99 83 0 0 0 0 32 0 0 21 0 40 0 0 127
88 0 0 0 0 0 0 0 0 16 16 0 0 0 0 0 0 127 51 0;
egregore_data 92 79 0 48 46 0 58 0 0 0 0 0 0 0 0 127 38 1 50.8858 14.815
0 0 0 0 0 0 0 5.55118 0 125.803 0 0 42.5984 127 78 1 0 0 127 0 0 30
127 0 0 0 70 0 0 0 0 127 34 0 53 99 83 0 0 0 0 32 0 0 21 0 40 0 0 127
88 0 0 0 0 0 0 0 0 16 16 0 0 0 0 0 0 127 51 0;
egregore_data 92 79 0 48 46 0 56 0 0 0 0 0 0 0 0 127 38 1 49.9655 15.6683
0 0 0 0 0 0 0 5.45079 0 125.535 0 0 42.7323 127 78 1 0 0 127 0 0 30
127 0 0 0 70 0 0 0 0 127 34 0 53 99 83 0 0 0 0 32 0 0 21 0 40 0 0 127
88 0 0 0 0 0 0 0 0 16 16 0 0 0 0 0 0 127 51 0;
egregore_data 92 79 0 48 46 0 56 0 0 0 0 0 0 0 0 127 38 1 49.9655 15.6683
0 0 0 0 0 0 0 5.45079 0 125.535 0 0 42.7323 127 78 1 0 0 127 0 0 30
127 0 0 0 70 0 0 0 0 127 34 0 53 99 83 0 0 0 0 32 0 0 21 0 40 0 0 127
88 0 0 0 0 0 0 0 0 16 16 0 0 0 0 0 0 127 51 0;
egregore_data 92 79 0 48 46 0 56 0 0 0 0 0 0 0 0 127 38 1 49.9655 15.6683
0 0 0 0 0 0 0 5.45079 0 125.535 0 0 42.7323 127 78 1 0 0 127 0 0 30
127 0 0 0 70 0 0 0 0 127 34 0 53 99 83 0 0 0 0 32 0 0 21 0 40 0 0 127
88 0 0 0 0 0 0 0 0 16 16 0 0 0 0 0 0 127 51 0;
egregore_data 92 79 0 48 46 0 56 0 0 0 0 0 0 0 0 127 38 1 49.9655 15.6683
0 0 0 0 0 0 0 5.45079 0 125.535 0 0 42.7323 127 78 1 0 0 127 0 0 30
127 0 0 0 70 0 0 0 0 127 34 0 53 99 83 0 0 0 0 32 0 0 21 0 40 0 0 127
88 0 0 0 0 0 0 0 0 16 16 0 0 0 0 0 0 127 51 0;
egregore_data 92 79 0 48 46 0 55 0 0 0 0 0 0 0 0 127 38 1 49.0453 16.5217
0 0 0 0 0 0 0 5.35039 0 125.268 0 0 42.8661 127 78 1 0 0 127 0 0 30
127 0 0 0 70 0 0 0 0 127 34 0 53 99 83 0 0 0 0 32 0 0 21 0 40 0 0 127
88 0 0 0 0 0 0 0 0 16 16 0 0 0 0 0 0 127 51 0;
egregore_data 92 79 0 48 46 0 55 0 0 0 0 0 0 0 0 127 38 1 49.0453 16.5217
0 0 0 0 0 0 0 5.35039 0 125.268 0 0 42.8661 127 78 1 0 0 127 0 0 30
127 0 0 0 70 0 0 0 0 127 34 0 53 99 83 0 0 0 0 32 0 0 21 0 40 0 0 127
88 0 0 0 0 0 0 0 0 16 16 0 0 0 0 0 0 127 51 0;
egregore_data 92 79 0 48 46 0 55 0 0 0 0 0 0 0 0 127 38 1 49.0453 16.5217
0 0 0 0 0 0 0 5.35039 0 125.268 0 0 42.8661 127 78 1 0 0 127 0 0 30
127 0 0 0 70 0 0 0 0 127 34 0 53 99 83 0 0 0 0 32 0 0 21 0 40 0 0 127
88 0 0 0 0 0 0 0 0 16 16 0 0 0 0 0 0 127 51 0;
egregore_data 92 79 0 47 46 0 54 0 0 0 0 0 0 0 0 127 38 1 49.0453 16.5217
0 0 0 0 0 0 0 5.35039 0 125.268 0 0 42.8661 127 78 1 0 0 127 0 0 30
127 0 0 0 70 0 0 0 0 127 34 0 53 99 83 0 0 0 0 32 0 0 21 0 40 0 0 127
88 0 0 0 0 0 0 0 0 16 16 0 0 0 0 0 0 127 51 0;
egregore_data 92 79 0 47 45 0 54 0 0 0 0 0 0 0 0 127 38 1 49.0453 16.5217
0 0 0 0 0 0 0 5.35039 0 125.268 0 0 42.8661 127 78 1 0 0 127 0 0 30
127 0 0 0 70 0 0 0 0 127 34 0 53 99 83 0 0 0 0 32 0 0 21 0 40 0 0 127
88 0 0 0 0 0 0 0 0 16 16 0 0 0 0 0 0 127 51 0;
egregore_data 92 79 0 47 45 0 53 0 0 0 0 0 0 0 0 127 38 1 49.0453 16.5217
0 0 0 0 0 0 0 5.35039 0 125.268 0 0 42.8661 127 78 1 0 0 127 0 0 30
127 0 0 0 70 0 0 0 0 127 34 0 53 99 83 0 0 0 0 32 0 0 21 0 40 0 0 127
88 0 0 0 0 0 0 0 0 16 16 0 0 0 0 0 0 127 51 0;
egregore_data 92 79 0 47 43 0 53 0 0 0 0 0 0 0 0 127 38 1 48.125 17.375
0 0 0 0 0 0 0 5.25 0 125 0 0 43 127 78 1 0 0 127 0 0 30 127 0 0 0 70
0 0 0 0 127 34 0 53 99 83 0 0 0 0 32 0 0 21 0 40 0 0 127 88 0 0 0 0
0 0 0 0 16 16 0 0 0 0 0 0 127 51 0;
egregore_data 92 79 0 47 43 0 52 0 0 0 0 0 0 0 0 127 38 1 48.125 17.375
0 0 0 0 0 0 0 5.25 0 125 0 0 43 127 78 1 0 0 127 0 0 30 127 0 0 0 70
0 0 0 0 127 34 0 53 99 83 0 0 0 0 32 0 0 21 0 40 0 0 127 88 0 0 0 0
0 0 0 0 16 16 0 0 0 0 0 0 127 51 0;
egregore_data 92 79 0 47 43 0 52 0 0 0 0 0 0 0 0 127 38 1 46.2845 19.0817
0 0 0 0 0 0 0 5.04921 0 124.465 0 0 43.2677 127 78 1 0 0 127 0 0 30
127 0 0 0 70 0 0 0 0 127 34 0 53 99 83 0 0 0 0 32 0 0 21 0 40 0 0 127
88 0 0 0 0 0 0 0 0 16 16 0 0 0 0 0 0 127 51 0;
egregore_data 92 79 0 47 43 0 52 0 0 0 0 0 0 0 0 127 38 1 46.2845 19.0817
0 0 0 0 0 0 0 5.04921 0 124.465 0 0 43.2677 127 78 1 0 0 127 0 0 30
127 0 0 0 70 0 0 0 0 127 34 0 53 99 83 0 0 0 0 32 0 0 21 0 40 0 0 127
88 0 0 0 0 0 0 0 0 16 16 0 0 0 0 0 0 127 51 0;
egregore_data 92 79 0 47 43 0 52 0 0 0 0 0 0 0 0 127 38 1 46.2845 19.0817
0 0 0 0 0 0 0 5.04921 0 124.465 0 0 43.2677 127 78 1 0 0 127 0 0 30
127 0 0 0 70 0 0 0 0 127 34 0 53 99 83 0 0 0 0 32 0 0 21 0 40 0 0 127
88 0 0 0 0 0 0 0 0 16 16 0 0 0 0 0 0 127 51 0;
egregore_data 92 79 0 47 43 0 52 0 0 0 0 0 0 0 0 127 38 1 46.2845 19.0817
0 0 0 0 0 0 0 5.04921 0 124.465 0 0 43.2677 127 78 1 0 0 127 0 0 30
127 0 0 0 70 0 0 0 0 127 34 0 53 99 83 0 0 0 0 32 0 0 21 0 40 0 0 127
88 0 0 0 0 0 0 0 0 16 16 0 0 0 0 0 0 127 51 0;
egregore_data 92 79 0 47 43 0 52 0 0 0 0 0 0 0 0 127 38 1 46.2845 19.0817
0 0 0 0 0 0 0 5.04921 0 124.465 0 0 43.2677 127 78 1 0 0 127 0 0 30
127 0 0 0 70 0 0 0 0 127 34 0 53 99 83 0 0 0 0 32 0 0 21 0 40 0 0 127
88 0 0 0 0 0 0 0 0 16 16 0 0 0 0 0 0 127 51 0;
egregore_data 92 79 0 47 43 0 52 0 0 0 0 0 0 0 0 127 38 1 46.2845 19.0817
0 0 0 0 0 0 0 5.04921 0 124.465 0 0 43.2677 127 78 1 0 0 127 0 0 30
127 0 0 0 70 0 0 0 0 127 34 0 53 99 83 0 0 0 0 32 0 0 21 0 40 0 0 127
88 0 0 0 0 0 0 0 0 16 16 0 0 0 0 0 0 127 51 0;
egregore_data 92 79 0 47 43 0 52 0 0 0 0 0 0 0 0 127 38 1 46.2845 19.0817
0 0 0 0 0 0 0 5.04921 0 124.465 0 0 43.2677 127 78 1 0 0 127 0 0 30
127 0 0 0 70 0 0 0 0 127 34 0 53 99 83 0 0 0 0 32 0 0 21 0 40 0 0 127
88 0 0 0 0 0 0 0 0 16 16 0 0 0 0 0 0 127 51 0;
egregore_data 92 79 0 47 43 0 52 0 0 0 0 0 0 0 0 127 38 1 46.2845 19.0817
0 0 0 0 0 0 0 5.04921 0 124.465 0 0 43.2677 127 78 1 0 0 127 0 0 30
127 0 0 0 70 0 0 0 0 127 34 0 53 99 83 0 0 0 0 32 0 0 21 0 40 0 0 127
88 0 0 0 0 0 0 0 0 16 16 0 0 0 0 0 0 127 51 0;
egregore_data 92 79 0 47 43 0 52 0 0 0 0 0 0 0 0 127 38 1 46.2845 19.0817
0 0 0 0 0 0 0 5.04921 0 124.465 0 0 43.2677 127 78 1 0 0 127 0 0 30
127 0 0 0 70 0 0 0 0 127 34 0 53 99 83 0 0 0 0 32 0 0 21 0 40 0 0 127
88 0 0 0 0 0 0 0 0 16 16 0 0 0 0 0 0 127 51 0;
egregore_data 92 79 0 47 43 0 52 0 0 0 0 0 0 0 0 127 38 1 45.3642 19.935
0 0 0 0 0 0 0 4.94882 0 124.197 0 0 43.4016 127 78 1 0 0 127 0 0 30
127 0 0 0 70 0 0 0 0 127 34 0 53 99 83 0 0 0 0 32 0 0 21 0 40 0 0 127
88 0 0 0 0 0 0 0 0 16 16 0 0 0 0 0 0 127 51 0;
egregore_data 92 79 0 47 43 0 52 0 0 0 0 0 0 0 0 127 38 1 44.4439 20.7884
0 0 0 0 0 0 0 4.84843 0 123.929 0 0 43.5354 127 78 1 0 0 127 0 0 30
127 0 0 0 70 0 0 0 0 127 34 0 53 99 83 0 0 0 0 32 0 0 21 0 40 0 0 127
88 0 0 0 0 0 0 0 0 16 16 0 0 0 0 0 0 127 51 0;
egregore_data 92 79 0 47 43 0 52 0 0 0 0 0 0 0 0 127 38 1 44.4439 20.7884
0 0 0 0 0 0 0 4.84843 0 123.929 0 0 43.5354 127 78 1 0 0 127 0 0 30
127 0 0 0 70 0 0 0 0 127 34 0 53 99 83 0 0 0 0 32 0 0 21 0 40 0 0 127
88 0 0 0 0 0 0 0 0 16 16 0 0 0 0 0 0 127 51 0;
egregore_data 92 79 0 47 43 0 52 0 0 0 0 0 0 0 0 127 38 1 43.5236 21.6417
0 0 0 0 0 0 0 4.74803 0 123.661 0 0 43.6693 127 78 1 0 0 127 0 0 30
127 0 0 0 70 0 0 0 0 127 34 0 53 99 83 0 0 0 0 32 0 0 21 0 40 0 0 127
88 0 0 0 0 0 0 0 0 16 16 0 0 0 0 0 0 127 51 0;
egregore_data 92 79 0 47 43 0 52 0 0 0 0 0 0 0 0 127 38 1 43.5236 21.6417
0 0 0 0 0 0 0 4.74803 0 123.661 0 0 43.6693 127 78 1 0 0 127 0 0 30
127 0 0 0 70 0 0 0 0 127 34 0 53 99 83 0 0 0 0 32 0 0 21 0 40 0 0 127
88 0 0 0 0 0 0 0 0 16 16 0 0 0 0 0 0 127 51 0;
egregore_data 92 79 0 47 43 0 52 0 0 0 0 0 0 0 0 127 38 1 43.5236 21.6417
0 0 0 0 0 0 0 4.74803 0 123.661 0 0 43.6693 127 78 1 0 0 127 0 0 30
127 0 0 0 70 0 0 0 0 127 34 0 53 99 83 0 0 0 0 32 0 0 21 0 40 0 0 127
88 0 0 0 0 0 0 0 0 16 16 0 0 0 0 0 0 127 51 0;
egregore_data 92 79 0 47 43 0 52 0 0 0 0 0 0 0 0 127 38 1 43.5236 21.6417
0 0 0 0 0 0 0 4.74803 0 123.661 0 0 43.6693 127 78 1 0 0 127 0 0 30
127 0 0 0 70 0 0 0 0 127 34 0 53 99 83 0 0 0 0 32 0 0 21 0 40 0 0 127
88 0 0 0 0 0 0 0 0 16 16 0 0 0 0 0 0 127 51 0;
egregore_data 92 79 0 47 43 0 52 0 0 0 0 0 0 0 0 127 38 1 41.6831 23.3484
0 0 0 0 0 0 0 4.54724 0 123.126 0 0 43.937 127 78 1 0 0 127 0 0 30
127 0 0 0 70 0 0 0 0 127 34 0 53 99 83 0 0 0 0 32 0 0 21 0 40 0 0 127
88 0 0 0 0 0 0 0 0 16 16 0 0 0 0 0 0 127 51 0;
egregore_data 92 79 0 47 43 0 52 0 0 0 0 0 0 0 0 127 38 1 40.7628 24.2018
0 0 0 0 0 0 0 4.44685 0 122.858 0 0 44.0709 127 78 1 0 0 127 0 0 30
127 0 0 0 70 0 0 0 0 127 34 0 53 99 83 0 0 0 0 32 0 0 21 0 40 0 0 127
88 0 0 0 0 0 0 0 0 16 16 0 0 0 0 0 0 127 51 0;
egregore_data 92 79 0 47 43 0 52 0 0 0 0 0 0 0 0 127 38 1 40.7628 24.2018
0 0 0 0 0 0 0 4.44685 0 122.858 0 0 44.0709 127 78 1 0 0 127 0 0 30
127 0 0 0 70 0 0 0 0 127 34 0 53 99 83 0 0 0 0 32 0 0 21 0 40 0 0 127
88 0 0 0 0 0 0 0 0 16 16 0 0 0 0 0 0 127 51 0;
END;
