HTTP/1.1 200 OK
Date: Thu, 28 May 2015 12:25:51 GMT
Server: Apache
Last-Modified: Wed, 27 May 2015 19:37:02 GMT
Accept-Ranges: bytes
Content-Length: 29751
Vary: Accept-Encoding
Connection: close
Content-Type: text/plain

chdh_egregore_live_data;
egregore_data 0 0 127 0 0 127 0 0 0 0 0 0 0 0 0 127 38 0 127 0 0 0
0 0 0 0 0 0 0 100 0 0 127 127 78 0 93 90 127 0 19 127 127 0 0 0 70
0 0 0 127 127 34 0 125.258 35.5985 20 0 87.553 39.8636 0 93.502 0 63.0909
57.7273 10 5.77273 44.2576 0 127 43.9337 1 56 27 0 0 0 8 53 16 16 0
0 0 0 0 0 127 51 1;
egregore_data 0 0 127 0 0 127 0 0 0 0 0 0 0 0 0 127 38 0 127 0 0 0
0 0 0 0 0 0 0 100 0 0 127 127 78 0 93 90 127 0 19 127 127 0 0 0 70
0 0 0 127 127 34 0 125.258 35.5985 20 0 87.553 39.8636 0 93.502 0 63.0909
57.7273 10 5.77273 44.2576 0 127 43.9337 1 56 27 0 0 0 8 52 16 16 0
0 0 0 0 0 127 51 1;
egregore_data 0 0 127 0 0 127 0 0 0 0 0 0 0 0 0 127 38 0 127 0 0 0
0 0 0 0 0 0 0 100 0 0 127 127 78 0 93 90 127 0 19 127 127 0 0 0 70
0 0 0 127 127 34 0 125.258 35.5985 20 0 87.553 39.8636 0 93.502 0 63.0909
57.7273 10 5.77273 44.2576 0 127 43.9337 1 56 27 0 0 0 8 52 16 16 0
0 0 0 0 0 127 51 1;
egregore_data 0 0 127 0 0 127 0 0 0 0 0 0 0 0 0 127 38 0 127 0 0 0
0 0 0 0 0 0 0 100 0 0 127 127 78 0 93 90 127 0 19 127 127 0 0 0 70
0 0 0 127 127 34 0 125.258 35.5985 20 0 87.553 39.8636 0 93.502 0 63.0909
57.7273 10 5.77273 44.2576 0 127 43.9337 1 56 27 0 0 0 8 52 16 16 0
0 0 0 0 0 127 51 1;
egregore_data 0 0 127 0 0 127 0 0 0 0 0 0 0 0 0 127 38 0 127 0 0 0
0 0 0 0 0 0 0 100 0 0 127 127 78 0 93 90 127 0 19 127 127 0 0 0 70
0 0 0 127 127 34 0 125.258 35.5985 20 0 87.553 39.8636 0 93.502 0 63.0909
57.7273 10 5.77273 44.2576 0 127 43.9337 1 56 27 0 0 0 8 52 16 16 0
0 0 0 0 0 127 51 1;
egregore_data 0 0 127 0 0 127 0 0 0 0 0 0 0 0 0 127 38 0 127 0 0 0
0 0 0 0 0 0 0 100 0 0 127 127 78 0 93 90 127 0 19 127 127 0 0 0 70
0 0 0 127 127 34 0 125.258 35.5985 20 0 87.553 39.8636 0 93.502 0 63.0909
57.7273 10 5.77273 44.2576 0 127 43.9337 1 56 27 0 0 0 8 52 16 16 0
0 0 0 0 0 127 51 1;
egregore_data 0 0 127 0 0 127 0 0 0 0 0 0 0 0 0 127 38 0 127 0 0 0
0 0 0 0 0 0 0 100 0 0 127 127 78 0 93 90 127 0 19 127 127 0 0 0 70
0 0 0 127 127 34 0 125.258 35.5985 20 0 87.553 39.8636 0 93.502 0 63.0909
57.7273 10 5.77273 44.2576 0 127 43.9337 1 56 27 0 0 0 8 52 16 16 0
0 0 0 0 0 127 51 1;
egregore_data 0 0 127 0 0 127 0 0 0 0 0 0 0 0 0 127 38 0 127 0 0 0
0 0 0 0 0 0 0 100 0 0 127 127 78 0 93 90 127 0 19 127 127 0 0 0 70
0 0 0 127 127 34 0 125.258 35.5985 20 0 87.553 39.8636 0 93.502 0 63.0909
57.7273 10 5.77273 44.2576 0 127 43.9337 1 56 27 0 0 0 8 52 16 16 0
0 0 0 0 0 127 51 1;
egregore_data 0 0 127 0 0 127 0 0 0 0 0 0 0 0 0 127 38 0 127 0 0 0
0 0 0 0 0 0 0 100 0 0 127 127 78 0 93 90 127 0 19 127 127 0 0 0 70
0 0 0 127 127 34 0 125.258 35.5985 20 0 87.553 39.8636 0 93.502 0 63.0909
57.7273 10 5.77273 44.2576 0 127 43.9337 1 56 27 0 0 0 8 52 16 16 0
0 0 0 0 0 127 51 1;
egregore_data 0 0 127 0 0 127 0 0 0 0 0 0 0 0 0 127 38 0 127 0 0 0
0 0 0 0 0 0 0 100 0 0 127 127 78 0 93 90 127 0 19 127 127 0 0 0 70
0 0 0 127 127 34 0 125.258 35.5985 20 0 87.553 39.8636 0 93.502 0 63.0909
57.7273 10 5.77273 44.2576 0 127 43.9337 1 56 27 0 0 0 8 52 16 16 0
0 0 0 0 0 127 51 1;
egregore_data 0 0 127 0 0 127 0 0 0 0 0 0 0 0 0 127 38 0 127 0 0 0
0 0 0 0 0 0 0 100 0 0 127 127 78 0 93 90 127 0 19 127 127 0 0 0 70
0 0 0 127 127 34 0 125.258 35.5985 20 0 87.553 39.8636 0 93.502 0 63.0909
57.7273 10 5.77273 44.2576 0 127 43.9337 1 56 27 0 0 0 9 52 16 16 0
0 0 0 0 0 127 51 1;
egregore_data 0 0 127 0 0 127 0 0 0 0 0 0 0 0 0 127 38 0 127 0 0 0
0 0 0 0 0 0 0 100 0 0 127 127 78 0 93 90 127 0 19 127 127 0 0 0 70
0 0 0 127 127 34 0 125.258 35.5985 20 0 87.553 39.8636 0 93.502 0 63.0909
57.7273 10 5.77273 44.2576 0 127 43.9337 1 56 27 0 0 0 9 52 16 16 0
0 0 0 0 0 127 51 1;
egregore_data 0 0 127 0 0 127 0 0 0 0 0 0 0 0 0 127 38 0 127 0 0 0
0 0 0 0 0 0 0 100 0 0 127 127 78 0 93 90 127 0 19 127 127 0 0 0 70
0 0 0 127 127 34 0 125.258 35.5985 20 0 87.553 39.8636 0 93.502 0 63.0909
57.7273 10 5.77273 44.2576 0 127 43.9337 1 56 27 0 0 0 9 52 16 16 0
0 0 0 0 0 127 51 1;
egregore_data 0 0 127 0 0 127 0 0 0 0 0 0 0 0 0 127 38 0 127 0 0 0
0 0 0 0 0 0 0 100 0 0 127 127 78 0 93 90 127 0 19 127 127 0 0 0 70
0 0 0 127 127 34 0 125.258 35.5985 20 0 87.553 39.8636 0 93.502 0 63.0909
57.7273 10 5.77273 44.2576 0 127 43.9337 1 56 27 0 0 0 9 52 16 16 0
0 0 0 0 0 127 51 1;
egregore_data 0 0 127 0 0 127 0 0 0 0 0 0 0 0 0 127 38 0 127 0 0 0
0 0 0 0 0 0 0 100 0 0 127 127 78 0 93 90 127 0 19 127 127 0 0 0 70
0 0 0 127 127 34 0 125.258 35.5985 20 0 87.553 39.8636 0 93.502 0 63.0909
57.7273 10 5.77273 44.2576 0 127 43.9337 1 56 27 0 0 0 9 52 16 16 0
0 0 0 0 0 127 51 1;
egregore_data 0 0 127 0 0 127 0 0 0 0 0 0 0 0 0 127 38 0 127 0 0 0
0 0 0 0 0 0 0 100 0 0 127 127 78 0 93 90 127 0 19 127 127 0 0 0 70
0 0 0 127 127 34 0 125.258 35.5985 20 0 87.553 39.8636 0 93.502 0 63.0909
57.7273 10 5.77273 44.2576 0 127 43.9337 1 56 27 0 0 0 9 52 16 16 0
0 0 0 0 0 127 51 1;
egregore_data 0 0 127 0 0 127 0 0 0 0 0 0 0 0 0 127 38 0 127 0 0 0
0 0 0 0 0 0 0 100 0 0 127 127 78 0 93 90 127 0 19 127 127 0 0 0 70
0 0 0 127 127 34 0 125.258 35.5985 20 0 87.553 39.8636 0 93.502 0 63.0909
57.7273 10 5.77273 44.2576 0 127 43.9337 1 56 27 0 0 0 9 52 16 16 0
0 0 0 0 0 127 51 1;
egregore_data 0 0 127 0 0 127 0 0 0 0 0 0 0 0 0 127 38 0 127 0 0 0
0 0 0 0 0 0 0 100 0 0 127 127 78 0 93 90 127 0 19 127 127 0 0 0 70
0 0 0 127 127 34 0 125.258 35.5985 20 0 87.553 39.8636 0 93.502 0 63.0909
57.7273 10 5.77273 44.2576 0 127 43.9337 1 56 27 0 0 0 9 52 16 16 0
0 0 0 0 0 127 51 1;
egregore_data 0 0 127 0 0 127 0 0 0 0 0 0 0 0 0 127 38 0 127 0 0 0
0 0 0 0 0 0 0 100 0 0 127 127 78 0 93 90 127 0 19 127 127 0 0 0 70
0 0 0 127 127 34 0 125.258 35.5985 20 0 87.553 39.8636 0 93.502 0 63.0909
57.7273 10 5.77273 44.2576 0 127 43.9337 1 56 27 0 0 0 9 52 16 16 0
0 0 0 0 0 127 51 1;
egregore_data 0 0 127 0 0 127 0 0 0 0 0 0 0 0 0 127 38 0 127 0 0 0
0 0 0 0 0 0 0 100 0 0 127 127 78 0 93 90 127 0 19 127 127 0 0 0 70
0 0 0 127 127 34 0 125.258 35.5985 20 0 87.553 39.8636 0 93.502 0 63.0909
57.7273 10 5.77273 44.2576 0 127 43.9337 1 56 27 0 0 0 9 52 16 16 0
0 0 0 0 0 127 51 1;
egregore_data 0 0 127 0 0 127 0 0 0 0 0 0 0 0 0 127 38 0 127 0 0 0
0 0 0 0 0 0 0 100 0 0 127 127 78 0 93 90 127 0 19 127 127 0 0 0 70
0 0 0 127 127 34 0 125.258 35.5985 20 0 87.553 39.8636 0 93.502 0 63.0909
57.7273 10 5.77273 44.2576 0 127 43.9337 1 56 27 0 0 0 9 52 16 16 0
0 0 0 0 0 127 51 1;
egregore_data 0 0 127 0 0 127 0 0 0 0 0 0 0 0 0 127 38 0 127 0 0 0
0 0 0 0 0 0 0 100 0 0 127 127 78 0 93 90 127 0 19 127 127 0 0 0 70
0 0 0 127 127 34 0 125.258 35.5985 20 0 87.553 39.8636 0 93.502 0 63.0909
57.7273 10 5.77273 44.2576 0 127 43.9337 1 56 27 0 0 0 9 52 16 16 0
0 0 0 0 0 127 51 1;
egregore_data 0 0 127 0 0 127 0 0 0 0 0 0 0 0 0 127 38 0 127 0 0 0
0 0 0 0 0 0 0 100 0 0 127 127 78 0 93 90 127 0 19 127 127 0 0 0 70
0 0 0 127 127 34 0 125.258 35.5985 20 0 87.553 39.8636 0 93.502 0 63.0909
57.7273 10 5.77273 44.2576 0 127 43.9337 1 56 27 0 0 0 9 52 16 16 0
0 0 0 0 0 127 51 1;
egregore_data 0 0 127 0 0 127 0 0 0 0 0 0 0 0 0 127 38 0 127 0 0 0
0 0 0 0 0 0 0 100 0 0 127 127 78 0 93 90 127 0 19 127 127 0 0 0 70
0 0 0 127 127 34 0 125.258 35.5985 20 0 87.553 39.8636 0 93.502 0 63.0909
57.7273 10 5.77273 44.2576 0 127 43.9337 1 56 27 0 0 0 9 52 16 16 0
0 0 0 0 0 127 51 1;
egregore_data 0 0 127 0 0 127 0 0 0 0 0 0 0 0 0 127 38 0 127 0 0 0
0 0 0 0 0 0 0 100 0 0 127 127 78 0 93 90 127 0 19 127 127 0 0 0 70
0 0 0 127 127 34 0 125.258 35.5985 20 0 87.553 39.8636 0 93.502 0 63.0909
57.7273 10 5.77273 44.2576 0 127 43.9337 1 56 27 0 0 0 9 52 16 16 0
0 0 0 0 0 127 51 1;
egregore_data 0 0 127 0 0 127 0 0 0 0 0 0 0 0 0 127 38 0 127 0 0 0
0 0 0 0 0 0 0 100 0 0 127 127 78 0 93 90 127 0 19 127 127 0 0 0 70
0 0 0 127 127 34 0 125.258 35.5985 20 0 87.553 39.8636 0 93.502 0 63.0909
57.7273 10 5.77273 44.2576 0 127 43.9337 1 56 27 0 0 0 9 51 16 16 0
0 0 0 0 0 127 51 1;
egregore_data 0 0 127 0 0 127 0 0 0 0 0 0 0 0 0 127 38 0 127 0 0 0
0 0 0 0 0 0 0 100 0 0 127 127 78 0 93 90 127 0 19 127 127 0 0 0 70
0 0 0 127 127 34 0 125.258 35.5985 20 0 87.553 39.8636 0 93.502 0 63.0909
57.7273 10 5.77273 44.2576 0 127 43.9337 1 56 27 0 0 0 9 51 16 16 0
0 0 0 0 0 127 51 1;
egregore_data 0 0 127 0 0 127 0 0 0 0 0 0 0 0 0 127 38 0 127 0 0 0
0 0 0 0 0 0 0 100 0 0 127 127 78 0 93 90 127 0 19 127 127 0 0 0 70
0 0 0 127 127 34 0 125.258 35.5985 20 0 87.553 39.8636 0 93.502 0 63.0909
57.7273 10 5.77273 44.2576 0 127 43.9337 1 56 27 0 0 0 9 51 16 16 0
0 0 0 0 0 127 51 1;
egregore_data 0 0 127 0 0 127 0 0 0 0 0 0 0 0 0 127 38 0 127 0 0 0
0 0 0 0 0 0 0 100 0 0 127 127 78 0 93 90 127 0 19 127 127 0 0 0 70
0 0 0 127 127 34 0 125.258 35.5985 20 0 87.553 39.8636 0 93.502 0 63.0909
57.7273 10 5.77273 44.2576 0 127 43.9337 1 56 27 0 0 0 9 51 16 16 0
0 0 0 0 0 127 51 1;
egregore_data 0 0 127 0 0 127 0 0 0 0 0 0 0 0 0 127 38 0 127 0 0 0
0 0 0 0 0 0 0 100 0 0 127 127 78 0 93 90 127 0 19 127 127 0 0 0 70
0 0 0 127 127 34 0 125.258 35.5985 20 0 87.553 39.8636 0 93.502 0 63.0909
57.7273 10 5.77273 44.2576 0 127 43.9337 1 56 27 0 0 0 9 51 16 16 0
0 0 0 0 0 127 51 1;
egregore_data 0 0 127 0 0 127 0 0 0 0 0 0 0 0 0 127 38 0 127 0 0 0
0 0 0 0 0 0 0 100 0 0 127 127 78 0 93 90 127 0 19 127 127 0 0 0 70
0 0 0 127 127 34 0 125.258 35.5985 20 0 87.553 39.8636 0 93.502 0 63.0909
57.7273 10 5.77273 44.2576 0 127 43.9337 1 56 27 0 0 0 9 51 16 16 0
0 0 0 0 0 127 51 1;
egregore_data 0 0 127 0 0 127 0 0 0 0 0 0 0 0 0 127 38 0 127 0 0 0
0 0 0 0 0 0 0 100 0 0 127 127 78 0 93 90 127 0 19 127 127 0 0 0 70
0 0 0 127 127 34 0 125.258 35.5985 20 0 87.553 39.8636 0 93.502 0 63.0909
57.7273 10 5.77273 44.2576 0 127 43.9337 1 56 27 0 0 0 9 51 16 16 0
0 0 0 0 0 127 51 1;
egregore_data 0 0 127 0 0 127 0 0 0 0 0 0 0 0 0 127 38 0 127 0 0 0
0 0 0 0 0 0 0 100 0 0 127 127 78 0 93 90 127 0 19 127 127 0 0 0 70
0 0 0 127 127 34 0 125.258 35.5985 20 0 87.553 39.8636 0 93.502 0 63.0909
57.7273 10 5.77273 44.2576 0 127 43.9337 1 56 27 0 0 0 9 51 16 16 0
0 0 0 0 0 127 51 1;
egregore_data 0 0 127 0 0 127 0 0 0 0 0 0 0 0 0 127 38 0 127 0 0 0
0 0 0 0 0 0 0 100 0 0 127 127 78 0 93 90 127 0 19 127 127 0 0 0 70
0 0 0 127 127 34 0 125.258 35.5985 20 0 87.553 39.8636 0 93.502 0 63.0909
57.7273 10 5.77273 44.2576 0 127 43.9337 1 56 27 0 0 0 9 51 16 16 0
0 0 0 0 0 127 51 1;
egregore_data 0 0 127 0 0 127 0 0 0 0 0 0 0 0 0 127 38 0 127 0 0 0
0 0 0 0 0 0 0 100 0 0 127 127 78 0 93 90 127 0 19 127 127 0 0 0 70
0 0 0 127 127 34 0 125.258 35.5985 20 0 87.553 39.8636 0 93.502 0 63.0909
57.7273 10 5.77273 44.2576 0 127 43.9337 1 56 27 0 0 0 9 51 16 16 0
0 0 0 0 0 127 51 1;
egregore_data 0 0 127 0 0 127 0 0 0 0 0 0 0 0 0 127 38 0 127 0 0 0
0 0 0 0 0 0 0 100 0 0 127 127 78 0 93 90 127 0 19 127 127 0 0 0 70
0 0 0 127 127 34 0 125.258 35.5985 20 0 87.553 39.8636 0 93.502 0 63.0909
57.7273 10 5.77273 44.2576 0 127 43.9337 1 56 27 0 0 0 9 51 16 16 0
0 0 0 0 0 127 51 1;
egregore_data 0 0 127 0 0 127 0 0 0 0 0 0 0 0 0 127 38 0 127 0 0 0
0 0 0 0 0 0 0 100 0 0 127 127 78 0 93 90 127 0 19 127 127 0 0 0 70
0 0 0 127 127 34 0 125.258 35.5985 20 0 87.553 39.8636 0 93.502 0 63.0909
57.7273 10 5.77273 44.2576 0 127 43.9337 1 56 27 0 0 0 9 51 16 16 0
0 0 0 0 0 127 51 1;
egregore_data 0 0 127 0 0 127 0 0 0 0 0 0 0 0 0 127 38 0 127 0 0 0
0 0 0 0 0 0 0 100 0 0 127 127 78 0 93 90 127 0 19 127 127 0 0 0 70
0 0 0 127 127 34 0 125.258 35.5985 20 0 87.553 39.8636 0 93.502 0 63.0909
57.7273 10 5.77273 44.2576 0 127 43.9337 1 56 27 0 0 0 9 51 16 16 0
0 0 0 0 0 127 51 1;
egregore_data 0 0 127 0 0 127 0 0 0 0 0 0 0 0 0 127 38 0 127 0 0 0
0 0 0 0 0 0 0 100 0 0 127 127 78 0 93 90 127 0 19 127 127 0 0 0 70
0 0 0 127 127 34 0 125.258 35.5985 20 0 87.553 39.8636 0 93.502 0 63.0909
57.7273 10 5.77273 44.2576 0 127 43.9337 1 56 27 0 0 0 10 51 16 16
0 0 0 0 0 0 127 51 1;
egregore_data 0 0 127 0 0 127 0 0 0 0 0 0 0 0 0 127 38 0 127 0 0 0
0 0 0 0 0 0 0 100 0 0 127 127 78 0 93 90 127 0 19 127 127 0 0 0 70
0 0 0 127 127 34 0 125.258 35.5985 20 0 87.553 39.8636 0 93.502 0 63.0909
57.7273 10 5.77273 44.2576 0 127 43.9337 1 56 27 0 0 0 10 49 16 16
0 0 0 0 0 0 127 51 1;
egregore_data 0 0 127 0 0 127 0 0 0 0 0 0 0 0 0 127 38 0 127 0 0 0
0 0 0 0 0 0 0 100 0 0 127 127 78 0 93 90 127 0 19 127 127 0 0 0 70
0 0 0 127 127 34 0 125.258 35.5985 20 0 87.553 39.8636 0 93.502 0 63.0909
57.7273 10 5.77273 44.2576 0 127 43.9337 1 56 27 0 0 0 10 49 16 16
0 0 0 0 0 0 127 51 1;
egregore_data 0 0 127 0 0 127 0 0 0 0 0 0 0 0 0 127 38 0 127 0 0 0
0 0 0 0 0 0 0 100 0 0 127 127 78 0 93 90 127 0 19 127 127 0 0 0 70
0 0 0 127 127 34 0 124.925 35.3308 20 0 86.8947 39.6466 0 93.502 0
62.9173 57.2932 10 5.72932 43.9248 0 127 43.9337 1 56 27 0 0 0 10 49
16 16 0 0 0 0 0 0 127 51 1;
egregore_data 0 0 127 0 0 127 0 0 0 0 0 0 0 0 0 127 38 0 127 0 0 0
0 0 0 0 0 0 0 100 0 0 127 127 78 0 93 90 127 0 19 127 127 0 0 0 70
0 0 0 127 127 34 0 124.925 35.3308 20 0 86.8947 39.6466 0 93.502 0
62.9173 57.2932 10 5.72932 43.9248 0 127 43.9337 1 56 27 0 0 0 10 49
16 16 0 0 0 0 0 0 127 51 1;
egregore_data 0 0 127 0 0 127 0 0 0 0 0 0 0 0 0 127 38 0 127 0 0 0
0 0 0 0 0 0 0 100 0 0 127 127 78 0 93 90 127 0 19 127 127 0 0 0 70
0 0 0 127 127 34 0 124.925 35.3308 20 0 86.8947 39.6466 0 93.502 0
62.9173 57.2932 10 5.72932 43.9248 0 127 43.9337 1 56 27 0 0 0 10 49
16 16 0 0 0 0 0 0 127 51 1;
egregore_data 0 0 127 0 0 127 0 0 0 0 0 0 0 0 0 127 38 0 127 0 0 0
0 0 0 0 0 0 0 100 0 0 127 127 78 0 93 90 127 0 19 127 127 0 0 0 70
0 0 0 127 127 34 0 124.925 35.3308 20 0 86.8947 39.6466 0 93.502 0
62.9173 57.2932 10 5.72932 43.9248 0 127 43.9337 1 56 27 0 0 0 10 49
16 16 0 0 0 0 0 0 127 51 1;
egregore_data 0 0 127 0 0 127 0 0 0 0 0 0 0 0 0 127 38 0 127 0 0 0
0 0 0 0 0 0 0 100 0 0 127 127 78 0 93 90 127 0 19 127 127 0 0 0 70
0 0 0 127 127 34 0 124.925 35.3308 20 0 86.8947 39.6466 0 93.502 0
62.9173 57.2932 10 5.72932 43.9248 0 127 43.9337 1 56 27 0 0 0 10 49
16 16 0 0 0 0 0 0 127 51 1;
egregore_data 0 0 127 0 0 127 0 0 0 0 0 0 0 0 0 127 38 0 127 0 0 0
0 0 0 0 0 0 0 100 0 0 127 127 78 0 93 90 127 0 19 127 127 0 0 0 70
0 0 0 127 127 34 0 124.925 35.3308 20 0 86.8947 39.6466 0 93.502 0
62.9173 57.2932 10 5.72932 43.9248 0 127 43.9337 1 56 27 0 0 0 10 49
16 16 0 0 0 0 0 0 127 51 1;
egregore_data 0 0 127 0 0 127 0 0 0 0 0 0 0 0 0 127 38 0 127 0 0 0
0 0 0 0 0 0 0 100 0 0 127 127 78 0 93 90 127 0 19 127 127 0 0 0 70
0 0 0 127 127 34 0 124.925 35.3308 20 0 86.8947 39.6466 0 93.502 0
62.9173 57.2932 10 5.72932 43.9248 0 127 43.9337 1 56 27 0 0 0 10 48
16 16 0 0 0 0 0 0 127 51 1;
egregore_data 0 0 127 0 0 127 0 0 0 0 0 0 0 0 0 127 38 0 127 0 0 0
0 0 0 0 0 0 0 100 0 0 127 127 78 0 93 90 127 0 19 127 127 0 0 0 70
0 0 0 127 127 34 0 124.925 35.3308 20 0 86.8947 39.6466 0 93.502 0
62.9173 57.2932 10 5.72932 43.9248 0 127 43.9337 1 56 27 0 0 0 10 48
16 16 0 0 0 0 0 0 127 51 1;
egregore_data 0 0 127 0 0 127 0 0 0 0 0 0 0 0 0 127 38 0 127 0 0 0
0 0 0 0 0 0 0 100 0 0 127 127 78 0 93 90 127 0 19 127 127 0 0 0 70
0 0 0 127 127 34 0 124.925 35.3308 20 0 86.8947 39.6466 0 93.502 0
62.9173 57.2932 10 5.72932 43.9248 0 127 43.9337 1 56 27 0 0 0 10 48
16 16 0 0 0 0 0 0 127 51 1;
egregore_data 0 0 127 0 0 127 0 0 0 0 0 0 0 0 0 127 38 0 127 0 0 0
0 0 0 0 0 0 0 100 0 0 127 127 78 0 93 90 127 0 19 127 127 0 0 0 70
0 0 0 127 127 34 0 124.925 35.3308 20 0 86.8947 39.6466 0 93.502 0
62.9173 57.2932 10 5.72932 43.9248 0 127 43.9337 1 56 27 0 0 0 10 48
16 16 0 0 0 0 0 0 127 51 1;
egregore_data 0 0 127 0 0 127 0 0 0 0 0 0 0 0 0 127 38 0 127 0 0 0
0 0 0 0 0 0 0 100 0 0 127 127 78 0 93 90 127 0 19 127 127 0 0 0 70
0 0 0 127 127 34 0 124.925 35.3308 20 0 86.8947 39.6466 0 93.502 0
62.9173 57.2932 10 5.72932 43.9248 0 127 43.9337 1 56 27 0 0 0 10 48
16 16 0 0 0 0 0 0 127 51 1;
egregore_data 0 0 127 0 0 127 0 0 0 0 0 0 0 0 0 127 38 0 127 0 0 0
0 0 0 0 0 0 0 100 0 0 127 127 78 0 93 90 127 0 19 127 127 0 0 0 70
0 0 0 127 127 34 0 124.925 35.3308 20 0 86.8947 39.6466 0 93.502 0
62.9173 57.2932 10 5.72932 43.9248 0 127 43.9337 1 56 27 0 0 0 10 48
16 16 0 0 0 0 0 0 127 51 1;
egregore_data 0 0 127 0 0 127 0 0 0 0 0 0 0 0 0 127 38 0 127 0 0 0
0 0 0 0 0 0 0 100 0 0 127 127 78 0 93 90 127 0 19 127 127 0 0 0 70
0 0 0 127 127 34 0 124.925 35.3308 20 0 86.8947 39.6466 0 93.502 0
62.9173 57.2932 10 5.72932 43.9248 0 127 43.9337 1 56 27 0 0 0 10 48
16 16 0 0 0 0 0 0 127 51 1;
egregore_data 0 0 127 0 0 127 0 0 0 0 0 0 0 0 0 127 38 0 127 0 0 0
0 0 0 0 0 0 0 100 0 0 127 127 78 0 93 90 127 0 19 127 127 0 0 0 70
0 0 0 127 127 34 0 124.925 35.3308 20 0 86.8947 39.6466 0 93.502 0
62.9173 57.2932 10 5.72932 43.9248 0 127 43.9337 1 56 27 0 0 0 10 47
16 16 0 0 0 0 0 0 127 51 1;
egregore_data 0 0 127 0 0 127 0 0 0 0 0 0 0 0 0 127 38 0 127 0 0 0
0 0 0 0 0 0 0 100 0 0 127 127 78 0 93 90 127 0 19 127 127 0 0 0 70
0 0 0 127 127 34 0 124.925 35.3308 20 0 86.8947 39.6466 0 93.502 0
62.9173 57.2932 10 5.72932 43.9248 0 127 43.9337 1 56 27 0 0 0 10 47
16 16 0 0 0 0 0 0 127 51 1;
egregore_data 0 0 127 0 0 127 0 0 0 0 0 0 0 0 0 127 38 0 127 0 0 0
0 0 0 0 0 0 0 100 0 0 127 127 78 0 93 90 127 0 19 127 127 0 0 0 70
0 0 0 127 127 34 0 124.925 35.3308 20 0 86.8947 39.6466 0 93.502 0
62.9173 57.2932 10 5.72932 43.9248 0 127 43.9337 1 56 27 0 0 0 10 47
16 16 0 0 0 0 0 0 127 51 1;
egregore_data 0 0 127 0 0 127 0 0 0 0 0 0 0 0 0 127 38 0 127 0 0 0
0 0 0 0 0 0 0 100 0 0 127 127 78 0 93 90 127 0 19 127 127 0 0 0 70
0 0 0 127 127 34 0 124.925 35.3308 20 0 86.8947 39.6466 0 93.502 0
62.9173 57.2932 10 5.72932 43.9248 0 127 43.9337 1 56 27 0 0 0 10 47
16 16 0 0 0 0 0 0 127 51 1;
egregore_data 0 0 127 0 0 127 0 0 0 0 0 0 0 0 0 127 38 0 127 0 0 0
0 0 0 0 0 0 0 100 0 0 127 127 78 0 93 90 127 0 19 127 127 0 0 0 70
0 0 0 127 127 34 0 124.925 35.3308 20 0 86.8947 39.6466 0 93.502 0
62.9173 57.2932 10 5.72932 43.9248 0 127 43.9337 1 56 27 0 0 0 10 47
16 16 0 0 0 0 0 0 127 51 1;
egregore_data 0 0 127 0 0 127 0 0 0 0 0 0 0 0 0 127 38 0 127 0 0 0
0 0 0 0 0 0 0 100 0 0 127 127 78 0 93 90 127 0 19 127 127 0 0 0 70
0 0 0 127 127 34 0 124.925 35.3308 20 0 86.8947 39.6466 0 93.502 0
62.9173 57.2932 10 5.72932 43.9248 0 127 43.9337 1 56 27 0 0 0 10 47
16 16 0 0 0 0 0 0 127 51 1;
egregore_data 0 0 127 0 0 127 0 0 0 0 0 0 0 0 0 127 38 0 127 0 0 0
0 0 0 0 0 0 0 100 0 0 127 127 78 0 93 90 127 0 19 127 127 0 0 0 70
0 0 0 127 127 34 0 124.925 35.3308 20 0 86.8947 39.6466 0 93.502 0
62.9173 57.2932 10 5.72932 43.9248 0 127 43.9337 1 56 27 0 0 0 10 47
16 16 0 0 0 0 0 0 127 51 1;
egregore_data 0 0 127 0 0 127 0 0 0 0 0 0 0 0 0 127 38 0 127 0 0 0
0 0 0 0 0 0 0 100 0 0 127 127 78 0 93 90 127 0 19 127 127 0 0 0 70
0 0 0 127 127 34 0 124.925 35.3308 20 0 86.8947 39.6466 0 93.502 0
62.9173 57.2932 10 5.72932 43.9248 0 127 43.9337 1 56 27 0 0 0 10 47
16 16 0 0 0 0 0 0 127 51 1;
egregore_data 0 0 127 0 0 127 0 0 0 0 0 0 0 0 0 127 38 0 127 0 0 0
0 0 0 0 0 0 0 100 0 0 127 127 78 0 93 90 127 0 19 127 127 0 0 0 70
0 0 0 127 127 34 0 124.925 35.3308 20 0 86.8947 39.6466 0 93.502 0
62.9173 57.2932 10 5.72932 43.9248 0 127 43.9337 1 56 27 0 0 0 10 47
16 16 0 0 0 0 0 0 127 51 1;
egregore_data 0 0 127 0 0 127 0 0 0 0 0 0 0 0 0 127 38 0 127 0 0 0
0 0 0 0 0 0 0 100 0 0 127 127 78 0 93 90 127 0 19 127 127 0 0 0 70
0 0 0 127 127 34 0 124.925 35.3308 20 0 86.8947 39.6466 0 93.502 0
62.9173 57.2932 10 5.72932 43.9248 0 127 43.9337 1 56 27 0 0 0 10 47
16 16 0 0 0 0 0 0 127 51 1;
egregore_data 0 0 127 0 0 127 0 0 0 0 0 0 0 0 0 127 38 0 127 0 0 0
0 0 0 0 0 0 0 100 0 0 127 127 78 0 93 90 127 0 19 127 127 0 0 0 70
0 0 0 127 127 34 0 124.925 35.3308 20 0 86.8947 39.6466 0 93.502 0
62.9173 57.2932 10 5.72932 43.9248 0 127 43.9337 1 56 27 0 0 0 10 47
16 16 0 0 0 0 0 0 127 51 1;
egregore_data 0 0 127 0 0 127 0 0 0 0 0 0 0 0 0 127 38 0 127 0 0 0
0 0 0 0 0 0 0 100 0 0 127 127 78 0 93 90 127 0 19 127 127 0 0 0 70
0 0 0 127 127 34 0 124.925 35.3308 20 0 86.8947 39.6466 0 93.502 0
62.9173 57.2932 10 5.72932 43.9248 0 127 43.9337 1 56 27 0 0 0 10 47
16 16 0 0 0 0 0 0 127 51 1;
egregore_data 0 0 127 0 0 127 0 0 0 0 0 0 0 0 0 127 38 0 127 0 0 0
0 0 0 0 0 0 0 100 0 0 127 127 78 0 93 90 127 0 19 127 127 0 0 0 70
0 0 0 127 127 34 0 124.925 35.3308 20 0 86.8947 39.6466 0 93.502 0
62.9173 57.2932 10 5.72932 43.9248 0 127 43.9337 1 56 27 0 0 0 11 47
16 16 0 0 0 0 0 0 127 51 1;
egregore_data 0 0 127 0 0 127 0 0 0 0 0 0 0 0 0 127 38 0 127 0 0 0
0 0 0 0 0 0 0 100 0 0 127 127 78 0 93 90 127 0 19 127 127 0 0 0 70
0 0 0 127 127 34 0 124.925 35.3308 20 0 86.8947 39.6466 0 93.502 0
62.9173 57.2932 10 5.72932 43.9248 0 127 43.9337 1 56 27 0 0 0 11 47
16 16 0 0 0 0 0 0 127 51 1;
egregore_data 0 0 127 0 0 127 0 0 0 0 0 0 0 0 0 127 38 0 127 0 0 0
0 0 0 0 0 0 0 100 0 0 127 127 78 0 93 90 127 0 19 127 127 0 0 0 70
0 0 0 127 127 34 0 124.925 35.3308 20 0 86.8947 39.6466 0 93.502 0
62.9173 57.2932 10 5.72932 43.9248 0 127 43.9337 1 56 27 0 0 0 11 47
16 16 0 0 0 0 0 0 127 51 1;
egregore_data 0 0 127 0 0 127 0 0 0 0 0 0 0 0 0 127 38 0 127 0 0 0
0 0 0 0 0 0 0 100 0 0 127 127 78 0 93 90 127 0 19 127 127 0 0 0 70
0 0 0 127 127 34 0 124.925 35.3308 20 0 86.8947 39.6466 0 93.502 0
62.9173 57.2932 10 5.72932 43.9248 0 127 43.9337 1 56 27 0 0 0 11 47
16 16 0 0 0 0 0 0 127 51 1;
egregore_data 0 0 127 0 0 127 0 0 0 0 0 0 0 0 0 127 38 0 127 0 0 0
0 0 0 0 0 0 0 100 0 0 127 127 78 0 93 90 127 0 19 127 127 0 0 0 70
0 0 0 127 127 34 0 124.925 35.3308 20 0 86.8947 39.6466 0 93.502 0
62.9173 57.2932 10 5.72932 43.9248 0 127 43.9337 1 56 27 0 0 0 11 46
16 16 0 0 0 0 0 0 127 51 1;
egregore_data 0 0 127 0 0 127 0 0 0 0 0 0 0 0 0 127 38 0 127 0 0 0
0 0 0 0 0 0 0 100 0 0 127 127 78 0 93 90 127 0 19 127 127 0 0 0 70
0 0 0 127 127 34 0 124.925 35.3308 20 0 86.8947 39.6466 0 93.502 0
62.9173 57.2932 10 5.72932 43.9248 0 127 43.9337 1 56 27 0 0 0 11 46
16 16 0 0 0 0 0 0 127 51 1;
egregore_data 0 0 127 0 0 127 0 0 0 0 0 0 0 0 0 127 38 0 127 0 0 0
0 0 0 0 0 0 0 100 0 0 127 127 78 0 93 90 127 0 19 127 127 0 0 0 70
0 0 0 127 127 34 0 124.925 35.3308 20 0 86.8947 39.6466 0 93.502 0
62.9173 57.2932 10 5.72932 43.9248 0 127 43.9337 1 56 27 0 0 0 11 46
16 16 0 0 0 0 0 0 127 51 1;
egregore_data 0 0 127 0 0 127 0 0 0 0 0 0 0 0 0 127 38 0 127 0 0 0
0 0 0 0 0 0 0 100 0 0 127 127 78 0 93 90 127 0 19 127 127 0 0 0 70
0 0 0 127 127 34 0 124.925 35.3308 20 0 86.8947 39.6466 0 93.502 0
62.9173 57.2932 10 5.72932 43.9248 0 127 43.9337 1 56 27 0 0 0 11 46
16 16 0 0 0 0 0 0 127 51 1;
egregore_data 0 0 127 0 0 127 0 0 0 0 0 0 0 0 0 127 38 0 127 0 0 0
0 0 0 0 0 0 0 100 0 0 127 127 78 0 93 90 127 0 19 127 127 0 0 0 70
0 0 0 127 127 34 0 124.925 35.3308 20 0 86.8947 39.6466 0 93.502 0
62.9173 57.2932 10 5.72932 43.9248 0 127 43.9337 1 56 27 0 0 0 11 46
16 16 0 0 0 0 0 0 127 51 1;
egregore_data 0 0 127 0 0 127 0 0 0 0 0 0 0 0 0 127 38 0 127 0 0 0
0 0 0 0 0 0 0 100 0 0 127 127 78 0 93 90 127 0 19 127 127 0 0 0 70
0 0 0 127 127 34 0 124.925 35.3308 20 0 86.8947 39.6466 0 93.502 0
62.9173 57.2932 10 5.72932 43.9248 0 127 43.9337 1 56 27 0 0 0 11 46
16 16 0 0 0 0 0 0 127 51 1;
egregore_data 0 0 127 0 0 127 0 0 0 0 0 0 0 0 0 127 38 0 127 0 0 0
0 0 0 0 0 0 0 100 0 0 127 127 78 0 93 90 127 0 19 127 127 0 0 0 70
0 0 0 127 127 34 0 124.925 35.3308 20 0 86.8947 39.6466 0 93.502 0
62.9173 57.2932 10 5.72932 43.9248 0 127 43.9337 1 56 27 0 0 0 11 46
16 16 0 0 0 0 0 0 127 51 1;
egregore_data 0 0 127 0 0 127 0 0 0 0 0 0 0 0 0 127 38 0 127 0 0 0
0 0 0 0 0 0 0 100 0 0 127 127 78 0 93 90 127 0 19 127 127 0 0 0 70
0 0 0 127 127 34 0 124.925 35.3308 20 0 86.8947 39.6466 0 93.502 0
62.9173 57.2932 10 5.72932 43.9248 0 127 43.9337 1 56 27 0 0 0 11 46
16 16 0 0 0 0 0 0 127 51 1;
egregore_data 0 0 127 0 0 127 0 0 0 0 0 0 0 0 0 127 38 0 127 0 0 0
0 0 0 0 0 0 0 100 0 0 127 127 78 0 93 90 127 0 19 127 127 0 0 0 70
0 0 0 127 127 34 0 124.925 35.3308 20 0 86.8947 39.6466 0 93.502 0
62.9173 57.2932 10 5.72932 43.9248 0 127 43.9337 1 56 27 0 0 0 11 46
16 16 0 0 0 0 0 0 127 51 1;
egregore_data 0 0 127 0 0 127 0 0 0 0 0 0 0 0 0 127 38 0 127 0 0 0
0 0 0 0 0 0 0 100 0 0 127 127 78 0 93 90 127 0 19 127 127 0 0 0 70
0 0 0 127 127 34 0 124.925 35.3308 20 0 86.8947 39.6466 0 93.502 0
62.9173 57.2932 10 5.72932 43.9248 0 127 43.9337 1 56 27 0 0 0 11 46
16 16 0 0 0 0 0 0 127 51 1;
egregore_data 0 0 127 0 0 127 0 0 0 0 0 0 0 0 0 127 38 0 127 0 0 0
0 0 0 0 0 0 0 100 0 0 127 127 78 0 93 90 127 0 19 127 127 0 0 0 70
0 0 0 127 127 34 0 124.925 35.3308 20 0 86.8947 39.6466 0 93.502 0
62.9173 57.2932 10 5.72932 43.9248 0 127 43.9337 1 56 27 0 0 0 11 46
16 16 0 0 0 0 0 0 127 51 1;
egregore_data 0 0 127 0 0 127 0 0 0 0 0 0 0 0 0 127 38 0 127 0 0 0
0 0 0 0 0 0 0 100 0 0 127 127 78 0 93 90 127 0 19 127 127 0 0 0 70
0 0 0 127 127 34 0 124.925 35.3308 20 0 86.8947 39.6466 0 93.502 0
62.9173 57.2932 10 5.72932 43.9248 0 127 43.9337 1 56 27 0 0 0 11 46
16 16 0 0 0 0 0 0 127 51 1;
egregore_data 0 0 127 0 0 127 0 0 0 0 0 0 0 0 0 127 38 0 127 0 0 0
0 0 0 0 0 0 0 100 0 0 127 127 78 0 93 90 127 0 19 127 127 0 0 0 70
0 0 0 127 127 34 0 124.925 35.3308 20 0 86.8947 39.6466 0 93.502 0
62.9173 57.2932 10 5.72932 43.9248 0 127 43.9337 1 56 27 0 0 0 11 46
16 16 0 0 0 0 0 0 127 51 1;
egregore_data 0 0 127 0 0 127 0 0 0 0 0 0 0 0 0 127 38 0 127 0 0 0
0 0 0 0 0 0 0 100 0 0 127 127 78 0 93 90 127 0 19 127 127 0 0 0 70
0 0 0 127 127 34 0 124.925 35.3308 20 0 86.8947 39.6466 0 93.502 0
62.9173 57.2932 10 5.72932 43.9248 0 127 43.9337 1 56 27 0 0 0 11 46
16 16 0 0 0 0 0 0 127 51 1;
egregore_data 0 0 127 0 0 127 0 0 0 0 0 0 0 0 0 127 38 0 127 0 0 0
0 0 0 0 0 0 0 100 0 0 127 127 78 0 93 90 127 0 19 127 127 0 0 0 70
0 0 0 127 127 34 0 124.925 35.3308 20 0 86.8947 39.6466 0 93.502 0
62.9173 57.2932 10 5.72932 43.9248 0 127 43.9337 1 56 27 0 0 0 11 46
16 16 0 0 0 0 0 0 127 51 1;
egregore_data 0 0 127 0 0 127 0 0 0 0 0 0 0 0 0 127 38 0 127 0 0 0
0 0 0 0 0 0 0 100 0 0 127 127 78 0 93 90 127 0 19 127 127 0 0 0 70
0 0 0 127 127 34 0 124.925 35.3308 20 0 86.8947 39.6466 0 93.502 0
62.9173 57.2932 10 5.72932 43.9248 0 127 43.9337 1 56 27 0 0 0 11 46
16 16 0 0 0 0 0 0 127 51 1;
egregore_data 0 0 127 0 0 127 0 0 0 0 0 0 0 0 0 127 38 0 127 0 0 0
0 0 0 0 0 0 0 100 0 0 127 127 78 0 93 90 127 0 19 127 127 0 0 0 70
0 0 0 127 127 34 0 124.925 35.3308 20 0 86.8947 39.6466 0 93.502 0
62.9173 57.2932 10 5.72932 43.9248 0 127 43.9337 1 56 27 0 0 0 11 46
16 16 0 0 0 0 0 0 127 51 1;
egregore_data 0 0 127 0 0 127 0 0 0 0 0 0 0 0 0 127 38 0 127 0 0 0
0 0 0 0 0 0 0 100 0 0 127 127 78 0 93 90 127 0 19 127 127 0 0 0 70
0 0 0 127 127 34 0 124.925 35.3308 20 0 86.8947 39.6466 0 93.502 0
62.9173 57.2932 10 5.72932 43.9248 0 127 43.9337 1 56 27 0 0 0 11 46
16 16 0 0 0 0 0 0 127 51 1;
egregore_data 0 0 127 0 0 127 0 0 0 0 0 0 0 0 0 127 38 0 127 0 0 0
0 0 0 0 0 0 0 100 0 0 127 127 78 0 93 90 127 0 19 127 127 0 0 0 70
0 0 0 127 127 34 0 124.925 35.3308 20 0 86.8947 39.6466 0 93.502 0
62.9173 57.2932 10 5.72932 43.9248 0 127 43.9337 1 56 27 0 0 0 11 46
16 16 0 0 0 0 0 0 127 51 1;
egregore_data 0 0 127 0 0 127 0 0 0 0 0 0 0 0 0 127 38 0 127 0 0 0
0 0 0 0 0 0 0 100 0 0 127 127 78 0 93 90 127 0 19 127 127 0 0 0 70
0 0 0 127 127 34 0 124.925 35.3308 20 0 86.8947 39.6466 0 93.502 0
62.9173 57.2932 10 5.72932 43.9248 0 127 43.9337 1 56 27 0 0 0 11 45
16 16 0 0 0 0 0 0 127 51 1;
egregore_data 0 0 127 0 0 127 0 0 0 0 0 0 0 0 0 127 38 0 127 0 0 0
0 0 0 0 0 0 0 100 0 0 127 127 78 0 93 90 127 0 19 127 127 0 0 0 70
0 0 0 127 127 34 0 124.925 35.3308 20 0 86.8947 39.6466 0 93.502 0
62.9173 57.2932 10 5.72932 43.9248 0 127 43.9337 1 56 27 0 0 0 13 45
16 16 0 0 0 0 0 0 127 51 1;
egregore_data 0 0 127 0 0 127 0 0 0 0 0 0 0 0 0 127 38 0 127 0 0 0
0 0 0 0 0 0 0 100 0 0 127 127 78 0 93 90 127 0 19 127 127 0 0 0 70
0 0 0 127 127 34 0 124.925 35.3308 20 0 86.8947 39.6466 0 93.502 0
62.9173 57.2932 10 5.72932 43.9248 0 127 43.9337 1 56 27 0 0 0 13 45
16 16 0 0 0 0 0 0 127 51 1;
egregore_data 0 0 127 0 0 127 0 0 0 0 0 0 0 0 0 127 38 0 127 0 0 0
0 0 0 0 0 0 0 100 0 0 127 127 78 0 93 90 127 0 19 127 127 0 0 0 70
0 0 0 127 127 34 0 124.925 35.3308 20 0 86.8947 39.6466 0 93.502 0
62.9173 57.2932 10 5.72932 43.9248 0 127 43.9337 1 56 27 0 0 0 13 45
16 16 0 0 0 0 0 0 127 51 1;
egregore_data 0 0 127 0 0 127 0 0 0 0 0 0 0 0 0 127 38 0 127 0 0 0
0 0 0 0 0 0 0 100 0 0 127 127 78 0 93 90 127 0 19 127 127 0 0 0 70
0 0 0 127 127 34 0 124.925 35.3308 20 0 86.8947 39.6466 0 93.502 0
62.9173 57.2932 10 5.72932 43.9248 0 127 43.9337 1 56 27 0 0 0 13 45
16 16 0 0 0 0 0 0 127 51 1;
egregore_data 0 0 127 0 0 127 0 0 0 0 0 0 0 0 0 127 38 0 127 0 0 0
0 0 0 0 0 0 0 100 0 0 127 127 78 0 93 90 127 0 19 127 127 0 0 0 70
0 0 0 127 127 34 0 124.925 35.3308 20 0 86.8947 39.6466 0 93.502 0
62.9173 57.2932 10 5.72932 43.9248 0 127 43.9337 1 56 27 0 0 0 13 45
16 16 0 0 0 0 0 0 127 51 1;
egregore_data 0 0 127 0 0 127 0 0 0 0 0 0 0 0 0 127 38 0 127 0 0 0
0 0 0 0 0 0 0 100 0 0 127 127 78 0 93 90 127 0 19 127 127 0 0 0 70
0 0 0 127 127 34 0 124.925 35.3308 20 0 86.8947 39.6466 0 93.502 0
62.9173 57.2932 10 5.72932 43.9248 0 127 43.9337 1 56 27 0 0 0 14 45
16 16 0 0 0 0 0 0 127 51 1;
egregore_data 0 0 127 0 0 127 0 0 0 0 0 0 0 0 0 127 38 0 127 0 0 0
0 0 0 0 0 0 0 100 0 0 127 127 78 0 93 90 127 0 19 127 127 0 0 0 70
0 0 0 127 127 34 0 124.925 35.3308 20 0 86.8947 39.6466 0 93.502 0
62.9173 57.2932 10 5.72932 43.9248 0 127 43.9337 1 56 27 0 0 0 14 45
16 16 0 0 0 0 0 0 127 51 1;
egregore_data 0 0 127 0 0 127 0 0 0 0 0 0 0 0 0 127 38 0 127 0 0 0
0 0 0 0 0 0 0 100 0 0 127 127 78 0 93 90 127 0 19 127 127 0 0 0 70
0 0 0 127 127 34 0 124.925 35.3308 20 0 86.8947 39.6466 0 93.502 0
62.9173 57.2932 10 5.72932 43.9248 0 127 43.9337 1 56 27 0 0 0 14 45
16 16 0 0 0 0 0 0 127 51 1;
egregore_data 0 0 127 0 0 127 0 0 0 0 0 0 0 0 0 127 38 0 127 0 0 0
0 0 0 0 0 0 0 100 0 0 127 127 78 0 93 90 127 0 19 127 127 0 0 0 70
0 0 0 127 127 34 0 124.925 35.3308 20 0 86.8947 39.6466 0 93.502 0
62.9173 57.2932 10 5.72932 43.9248 0 127 43.9337 1 56 27 0 0 0 14 45
16 16 0 0 0 0 0 0 127 51 1;
egregore_data 0 0 127 0 0 127 0 0 0 0 0 0 0 0 0 127 38 0 127 0 0 0
0 0 0 0 0 0 0 100 0 0 127 127 78 0 93 90 127 0 19 127 127 0 0 0 70
0 0 0 127 127 34 0 124.925 35.3308 20 0 86.8947 39.6466 0 93.502 0
62.9173 57.2932 10 5.72932 43.9248 0 127 43.9337 1 56 27 0 0 0 14 45
16 16 0 0 0 0 0 0 127 51 1;
END;
