HTTP/1.1 200 OK
Date: Thu, 28 May 2015 12:31:08 GMT
Server: Apache
Last-Modified: Wed, 27 May 2015 19:06:02 GMT
Accept-Ranges: bytes
Content-Length: 24686
Vary: Accept-Encoding
Connection: close
Content-Type: text/plain

chdh_egregore_live_data;
egregore_data 66 48 0 0 0 60 3 0 0 0 0 0 0 0 0 127 38 1 0 61.4567 0
0 0 0 0 0 0 0 3.62206 111 0 0 50.4528 127 78 1 0 0 127 0 0 30 127 0
0 0 70 0 0 0 0 127 34 0 53 99 83 0 0 0 0 32 0 0 21 0 40 0 0 127 88
0 0 0 0 0 0 0 0 16 16 0 0 0 0 0 0 127 51 0;
egregore_data 66 48 0 0 0 60 3 0 0 0 0 0 0 0 0 127 38 1 0 61.4567 0
0 0 0 0 0 0 0 3.62206 111 0 0 50.4528 127 78 1 0 0 127 0 0 30 127 0
0 0 70 0 0 0 0 127 34 0 53 99 83 0 0 0 0 32 0 0 21 0 40 0 0 127 88
0 0 0 0 0 0 0 0 16 16 0 0 0 0 0 0 127 51 0;
egregore_data 66 48 0 0 0 60 3 0 0 0 0 0 0 0 0 127 38 1 0 61.4567 0
0 0 0 0 0 0 0 3.62206 111 0 0 50.4528 127 78 1 0 0 127 0 0 30 127 0
0 0 70 0 0 0 0 127 34 0 53 99 83 0 0 0 0 32 0 0 21 0 40 0 0 127 88
0 0 0 0 0 0 0 0 16 16 0 0 0 0 0 0 127 51 0;
egregore_data 66 48 0 0 0 60 3 0 0 0 0 0 0 0 0 127 38 1 0 61.4567 0
0 0 0 0 0 0 0 3.62206 111 0 0 50.4528 127 78 1 0 0 127 0 0 30 127 0
0 0 70 0 0 0 0 127 34 0 53 99 83 0 0 0 0 32 0 0 21 0 40 0 0 127 88
0 0 0 0 0 0 0 0 16 16 0 0 0 0 0 0 127 51 0;
egregore_data 66 48 0 0 0 60 3 0 0 0 0 0 0 0 0 127 38 1 0 61.4567 0
0 0 0 0 0 0 0 3.62206 111 0 0 50.4528 127 78 1 0 0 127 0 0 30 127 0
0 0 70 0 0 0 0 127 34 0 53 99 83 0 0 0 0 32 0 0 21 0 40 0 0 127 88
0 0 0 0 0 0 0 0 16 16 0 0 0 0 0 0 127 51 0;
egregore_data 66 48 0 0 0 60 3 0 0 0 0 0 0 0 0 127 38 1 0 61.4567 0
0 0 0 0 0 0 0 3.62206 111 0 0 50.4528 127 78 1 0 0 127 0 0 30 127 0
0 0 70 0 0 0 0 127 34 0 53 99 83 0 0 0 0 32 0 0 21 0 40 0 0 127 88
0 0 0 0 0 0 0 0 16 16 0 0 0 0 0 0 127 51 0;
egregore_data 66 48 0 0 0 60 2 0 0 0 0 0 0 0 0 127 38 1 0 61.4567 0
0 0 0 0 0 0 0 3.62206 111 0 0 50.4528 127 78 1 0 0 127 0 0 30 127 0
0 0 70 0 0 0 0 127 34 0 53 99 83 0 0 0 0 32 0 0 21 0 40 0 0 127 88
0 0 0 0 0 0 0 0 16 16 0 0 0 0 0 0 127 51 0;
egregore_data 66 48 0 0 0 60 2 0 0 0 0 0 0 0 0 127 38 1 0 61.2559 0
0 0 0 0 0 0 0 4.96063 111 0 0 50.6201 127 78 1 0 0 127 0 0 30 127 0
0 0 70 0 0 0 0 127 34 0 53 99 83 0 0 0 0 32 0 0 21 0 40 0 0 127 88
0 0 0 0 0 0 0 0 16 16 0 0 0 0 0 0 127 51 0;
egregore_data 66 48 0 0 0 60 2 0 0 0 0 0 0 0 0 127 38 1 0 61.2559 0
0 0 0 0 0 0 0 4.96063 111 0 0 50.6201 127 78 1 0 0 127 0 0 30 127 0
0 0 70 0 0 0 0 127 34 0 53 99 83 0 0 0 0 32 0 0 21 0 40 0 0 127 88
0 0 0 0 0 0 0 0 16 16 0 0 0 0 0 0 127 51 0;
egregore_data 66 48 0 0 0 60 2 0 0 0 0 0 0 0 0 127 38 1 0 61.2559 0
0 0 0 0 0 0 0 4.96063 111 0 0 50.6201 127 78 1 0 0 127 0 0 30 127 0
0 0 70 0 0 0 0 127 34 0 53 99 83 0 0 0 0 32 0 0 21 0 40 0 0 127 88
0 0 0 0 0 0 0 0 16 16 0 0 0 0 0 0 127 51 0;
egregore_data 66 48 0 0 0 61 2 0 0 0 0 0 0 0 0 127 38 1 0 61.2559 0
0 0 0 0 0 0 0 4.96063 111 0 0 50.6201 127 78 1 0 0 127 0 0 30 127 0
0 0 70 0 0 0 0 127 34 0 53 99 83 0 0 0 0 32 0 0 21 0 40 0 0 127 88
0 0 0 0 0 0 0 0 16 16 0 0 0 0 0 0 127 51 0;
egregore_data 66 48 0 0 0 61 2 0 0 0 0 0 0 0 0 127 38 1 0 61.2559 0
0 0 0 0 0 0 0 4.96063 111 0 0 50.6201 127 78 1 0 0 127 0 0 30 127 0
0 0 70 0 0 0 0 127 34 0 53 99 83 0 0 0 0 32 0 0 21 0 40 0 0 127 88
0 0 0 0 0 0 0 0 16 16 0 0 0 0 0 0 127 51 0;
egregore_data 66 48 0 0 0 61 2 0 0 0 0 0 0 0 0 127 38 1 0 61.2559 0
0 0 0 0 0 0 0 4.96063 111 0 0 50.6201 127 78 1 0 0 127 0 0 30 127 0
0 0 70 0 0 0 0 127 34 0 53 99 83 0 0 0 0 32 0 0 21 0 40 0 0 127 88
0 0 0 0 0 0 0 0 16 16 0 0 0 0 0 0 127 51 0;
egregore_data 66 48 0 0 0 61 2 0 0 0 0 0 0 0 0 127 38 1 0 61.2559 0
0 0 0 0 0 0 0 4.96063 111 0 0 50.6201 127 78 1 0 0 127 0 0 30 127 0
0 0 70 0 0 0 0 127 34 0 53 99 83 0 0 0 0 32 0 0 21 0 40 0 0 127 88
0 0 0 0 0 0 0 0 16 16 0 0 0 0 0 0 127 51 0;
egregore_data 66 48 0 0 0 61 2 0 0 0 0 0 0 0 0 127 38 1 0 61.2559 0
0 0 0 0 0 0 0 4.96063 111 0 0 50.6201 127 78 1 0 0 127 0 0 30 127 0
0 0 70 0 0 0 0 127 34 0 53 99 83 0 0 0 0 32 0 0 21 0 40 0 0 127 88
0 0 0 0 0 0 0 0 16 16 0 0 0 0 0 0 127 51 0;
egregore_data 66 48 0 0 0 61 2 0 0 0 0 0 0 0 0 127 38 1 0 61.2559 0
0 0 0 0 0 0 0 4.96063 111 0 0 50.6201 127 78 1 0 0 127 0 0 30 127 0
0 0 70 0 0 0 0 127 34 0 53 99 83 0 0 0 0 32 0 0 21 0 40 0 0 127 88
0 0 0 0 0 0 0 0 16 16 0 0 0 0 0 0 127 51 0;
egregore_data 66 48 0 0 0 61 2 0 0 0 0 0 0 0 0 127 38 1 0 61.2559 0
0 0 0 0 0 0 0 4.96063 111 0 0 50.6201 127 78 1 0 0 127 0 0 30 127 0
0 0 70 0 0 0 0 127 34 0 53 99 83 0 0 0 0 32 0 0 21 0 40 0 0 127 88
0 0 0 0 0 0 0 0 16 16 0 0 0 0 0 0 127 51 0;
egregore_data 66 48 0 0 0 61 2 0 0 0 0 0 0 0 0 127 38 1 0 61.2559 0
0 0 0 0 0 0 0 4.96063 111 0 0 50.6201 127 78 1 0 0 127 0 0 30 127 0
0 0 70 0 0 0 0 127 34 0 53 99 83 0 0 0 0 32 0 0 21 0 40 0 0 127 88
0 0 0 0 0 0 0 0 16 16 0 0 0 0 0 0 127 51 0;
egregore_data 66 48 0 0 0 61 2 0 0 0 0 0 0 0 0 127 38 1 0 61.2559 0
0 0 0 0 0 0 0 4.96063 111 0 0 50.6201 127 78 1 0 0 127 0 0 30 127 0
0 0 70 0 0 0 0 127 34 0 53 99 83 0 0 0 0 32 0 0 21 0 40 0 0 127 88
0 0 0 0 0 0 0 0 16 16 0 0 0 0 0 0 127 51 0;
egregore_data 66 48 0 0 0 61 2 0 0 0 0 0 0 0 0 127 38 1 0 61.2559 0
0 0 0 0 0 0 0 4.96063 111 0 0 50.6201 127 78 1 0 0 127 0 0 30 127 0
0 0 70 0 0 0 0 127 34 0 53 99 83 0 0 0 0 32 0 0 21 0 40 0 0 127 88
0 0 0 0 0 0 0 0 16 16 0 0 0 0 0 0 127 51 0;
egregore_data 66 48 0 0 0 61 2 0 0 0 0 0 0 0 0 127 38 1 0 61.2559 0
0 0 0 0 0 0 0 4.96063 111 0 0 50.6201 127 78 1 0 0 127 0 0 30 127 0
0 0 70 0 0 0 0 127 34 0 53 99 83 0 0 0 0 32 0 0 21 0 40 0 0 127 88
0 0 0 0 0 0 0 0 16 16 0 0 0 0 0 0 127 51 0;
egregore_data 66 48 0 0 0 61 2 0 0 0 0 0 0 0 0 127 38 1 0 61.2559 0
0 0 0 0 0 0 0 4.96063 111 0 0 50.6201 127 78 1 0 0 127 0 0 30 127 0
0 0 70 0 0 0 0 127 34 0 53 99 83 0 0 0 0 32 0 0 21 0 40 0 0 127 88
0 0 0 0 0 0 0 0 16 16 0 0 0 0 0 0 127 51 0;
egregore_data 66 48 0 0 0 61 2 0 0 0 0 0 0 0 0 127 38 1 0 61.2559 0
0 0 0 0 0 0 0 4.96063 111 0 0 50.6201 127 78 1 0 0 127 0 0 30 127 0
0 0 70 0 0 0 0 127 34 0 53 99 83 0 0 0 0 32 0 0 21 0 40 0 0 127 88
0 0 0 0 0 0 0 0 16 16 0 0 0 0 0 0 127 51 0;
egregore_data 66 48 0 0 0 61 2 0 0 0 0 0 0 0 0 127 38 1 0 61.2559 0
0 0 0 0 0 0 0 4.96063 111 0 0 50.6201 127 78 1 0 0 127 0 0 30 127 0
0 0 70 0 0 0 0 127 34 0 53 99 83 0 0 0 0 32 0 0 21 0 40 0 0 127 88
0 0 0 0 0 0 0 0 16 16 0 0 0 0 0 0 127 51 0;
egregore_data 66 48 0 0 0 61 2 0 0 0 0 0 0 0 0 127 38 1 0 61.2559 0
0 0 0 0 0 0 0 4.96063 111 0 0 50.6201 127 78 1 0 0 127 0 0 30 127 0
0 0 70 0 0 0 0 127 34 0 53 99 83 0 0 0 0 32 0 0 21 0 40 0 0 127 88
0 0 0 0 0 0 0 0 16 16 0 0 0 0 0 0 127 51 0;
egregore_data 66 48 0 0 0 61 2 0 0 0 0 0 0 0 0 127 38 1 0 61.2559 0
0 0 0 0 0 0 0 4.96063 111 0 0 50.6201 127 78 1 0 0 127 0 0 30 127 0
0 0 70 0 0 0 0 127 34 0 53 99 83 0 0 0 0 32 0 0 21 0 40 0 0 127 88
0 0 0 0 0 0 0 0 16 16 0 0 0 0 0 0 127 51 0;
egregore_data 66 48 0 0 0 61 2 0 0 0 0 0 0 0 0 127 38 1 0 61.2559 0
0 0 0 0 0 0 0 4.96063 111 0 0 50.6201 127 78 1 0 0 127 0 0 30 127 0
0 0 70 0 0 0 0 127 34 0 53 99 83 0 0 0 0 32 0 0 21 0 40 0 0 127 88
0 0 0 0 0 0 0 0 16 16 0 0 0 0 0 0 127 51 0;
egregore_data 66 48 0 0 0 61 2 0 0 0 0 0 0 0 0 127 38 1 0 61.2559 0
0 0 0 0 0 0 0 4.96063 111 0 0 50.6201 127 78 1 0 0 127 0 0 30 127 0
0 0 70 0 0 0 0 127 34 0 53 99 83 0 0 0 0 32 0 0 21 0 40 0 0 127 88
0 0 0 0 0 0 0 0 16 16 0 0 0 0 0 0 127 51 0;
egregore_data 66 48 0 0 0 61 2 0 0 0 0 0 0 0 0 127 38 1 0 61.2559 0
0 0 0 0 0 0 0 4.96063 111 0 0 50.6201 127 78 1 0 0 127 0 0 30 127 0
0 0 70 0 0 0 0 127 34 0 53 99 83 0 0 0 0 32 0 0 21 0 40 0 0 127 88
0 0 0 0 0 0 0 0 16 16 0 0 0 0 0 0 127 51 0;
egregore_data 66 48 0 0 0 61 2 0 0 0 0 0 0 0 0 127 38 1 0 60.8543 0
0 0 0 0 0 0 0 7.63781 111 0 0 50.9547 127 78 1 0 0 127 0 0 30 127 0
0 0 70 0 0 0 0 127 34 0 53 99 83 0 0 0 0 32 0 0 21 0 40 0 0 127 88
0 0 0 0 0 0 0 0 16 16 0 0 0 0 0 0 127 51 0;
egregore_data 66 48 0 0 0 61 2 0 0 0 0 0 0 0 0 127 38 1 0 60.8543 0
0 0 0 0 0 0 0 7.63781 111 0 0 50.9547 127 78 1 0 0 127 0 0 30 127 0
0 0 70 0 0 0 0 127 34 0 53 99 83 0 0 0 0 32 0 0 21 0 40 0 0 127 88
0 0 0 0 0 0 0 0 16 16 0 0 0 0 0 0 127 51 0;
egregore_data 66 48 0 0 0 61 2 0 0 0 0 0 0 0 0 127 38 1 0 60.8543 0
0 0 0 0 0 0 0 7.63781 111 0 0 50.9547 127 78 1 0 0 127 0 0 30 127 0
0 0 70 0 0 0 0 127 34 0 53 99 83 0 0 0 0 32 0 0 21 0 40 0 0 127 88
0 0 0 0 0 0 0 0 16 16 0 0 0 0 0 0 127 51 0;
egregore_data 66 48 0 0 0 61 2 0 0 0 0 0 0 0 0 127 38 1 0 60.8543 0
0 0 0 0 0 0 0 7.63781 111 0 0 50.9547 127 78 1 0 0 127 0 0 30 127 0
0 0 70 0 0 0 0 127 34 0 53 99 83 0 0 0 0 32 0 0 21 0 40 0 0 127 88
0 0 0 0 0 0 0 0 16 16 0 0 0 0 0 0 127 51 0;
egregore_data 66 48 0 0 0 61 2 0 0 0 0 0 0 0 0 127 38 1 0 60.8543 0
0 0 0 0 0 0 0 7.63781 111 0 0 50.9547 127 78 1 0 0 127 0 0 30 127 0
0 0 70 0 0 0 0 127 34 0 53 99 83 0 0 0 0 32 0 0 21 0 40 0 0 127 88
0 0 0 0 0 0 0 0 16 16 0 0 0 0 0 0 127 51 0;
egregore_data 66 48 0 0 0 61 2 0 0 0 0 0 0 0 0 127 38 1 0 60.8543 0
0 0 0 0 0 0 0 7.63781 111 0 0 50.9547 127 78 1 0 0 127 0 0 30 127 0
0 0 70 0 0 0 0 127 34 0 53 99 83 0 0 0 0 32 0 0 21 0 40 0 0 127 88
0 0 0 0 0 0 0 0 16 16 0 0 0 0 0 0 127 51 0;
egregore_data 66 48 0 0 0 61 2 0 0 0 0 0 0 0 0 127 38 1 0 60.8543 0
0 0 0 0 0 0 0 7.63781 111 0 0 50.9547 127 78 1 0 0 127 0 0 30 127 0
0 0 70 0 0 0 0 127 34 0 53 99 83 0 0 0 0 32 0 0 21 0 40 0 0 127 88
0 0 0 0 0 0 0 0 16 16 0 0 0 0 0 0 127 51 0;
egregore_data 67 48 0 0 0 61 2 0 0 0 0 0 0 0 0 127 38 1 0 60.8543 0
0 0 0 0 0 0 0 7.63781 111 0 0 50.9547 127 78 1 0 0 127 0 0 30 127 0
0 0 70 0 0 0 0 127 34 0 53 99 83 0 0 0 0 32 0 0 21 0 40 0 0 127 88
0 0 0 0 0 0 0 0 16 16 0 0 0 0 0 0 127 51 0;
egregore_data 67 48 0 0 0 61 1 0 0 0 0 0 0 0 0 127 38 1 0 60.8543 0
0 0 0 0 0 0 0 7.63781 111 0 0 50.9547 127 78 1 0 0 127 0 0 30 127 0
0 0 70 0 0 0 0 127 34 0 53 99 83 0 0 0 0 32 0 0 21 0 40 0 0 127 88
0 0 0 0 0 0 0 0 16 16 0 0 0 0 0 0 127 51 0;
egregore_data 67 48 0 0 0 61 0 0 0 0 0 0 0 0 0 127 38 1 0 60.8543 0
0 0 0 0 0 0 0 7.63781 111 0 0 50.9547 127 78 1 0 0 127 0 0 30 127 0
0 0 70 0 0 0 0 127 34 0 53 99 83 0 0 0 0 32 0 0 21 0 40 0 0 127 88
0 0 0 0 0 0 0 0 16 16 0 0 0 0 0 0 127 51 0;
egregore_data 67 48 0 0 0 61 0 0 0 0 0 0 0 0 0 127 38 1 0 60.8543 0
0 0 0 0 0 0 0 7.63781 111 0 0 50.9547 127 78 1 0 0 127 0 0 30 127 0
0 0 70 0 0 0 0 127 34 0 53 99 83 0 0 0 0 32 0 0 21 0 40 0 0 127 88
0 0 0 0 0 0 0 0 16 16 0 0 0 0 0 0 127 51 0;
egregore_data 67 48 0 0 0 61 0 0 0 0 0 0 0 0 0 127 38 1 0 60.8543 0
0 0 0 0 0 0 0 7.63781 111 0 0 50.9547 127 78 1 0 0 127 0 0 30 127 0
0 0 70 0 0 0 0 127 34 0 53 99 83 0 0 0 0 32 0 0 21 0 40 0 0 127 88
0 0 0 0 0 0 0 0 16 16 0 0 0 0 0 0 127 51 0;
egregore_data 67 48 0 0 0 61 0 0 0 0 0 0 0 0 0 127 38 1 0 60.8543 0
0 0 0 0 0 0 0 7.63781 111 0 0 50.9547 127 78 1 0 0 127 0 0 30 127 0
0 0 70 0 0 0 0 127 34 0 53 99 83 0 0 0 0 32 0 0 21 0 40 0 0 127 88
0 0 0 0 0 0 0 0 16 16 0 0 0 0 0 0 127 51 0;
egregore_data 67 47 0 0 0 61 0 0 0 0 0 0 0 0 0 127 38 1 0 60.8543 0
0 0 0 0 0 0 0 7.63781 111 0 0 50.9547 127 78 1 0 0 127 0 0 30 127 0
0 0 70 0 0 0 0 127 34 0 53 99 83 0 0 0 0 32 0 0 21 0 40 0 0 127 88
0 0 0 0 0 0 0 0 16 16 0 0 0 0 0 0 127 51 0;
egregore_data 67 47 0 0 0 61 0 0 0 0 0 0 0 0 0 127 38 1 0 60.8543 0
0 0 0 0 0 0 0 7.63781 111 0 0 50.9547 127 78 1 0 0 127 0 0 30 127 0
0 0 70 0 0 0 0 127 34 0 53 99 83 0 0 0 0 32 0 0 21 0 40 0 0 127 88
0 0 0 0 0 0 0 0 16 16 0 0 0 0 0 0 127 51 0;
egregore_data 67 47 0 0 0 61 0 0 0 0 0 0 0 0 0 127 38 1 0 60.8543 0
0 0 0 0 0 0 0 7.63781 111 0 0 50.9547 127 78 1 0 0 127 0 0 30 127 0
0 0 70 0 0 0 0 127 34 0 53 99 83 0 0 0 0 32 0 0 21 0 40 0 0 127 88
0 0 0 0 0 0 0 0 16 16 0 0 0 0 0 0 127 51 0;
egregore_data 67 47 0 0 0 61 0 0 0 0 0 0 0 0 0 127 38 1 0 60.6535 0
0 0 0 0 0 0 0 8.97638 111 0 0 51.122 127 78 1 0 0 127 0 0 30 127 0
0 0 70 0 0 0 0 127 34 0 53 99 83 0 0 0 0 32 0 0 21 0 40 0 0 127 88
0 0 0 0 0 0 0 0 16 16 0 0 0 0 0 0 127 51 0;
egregore_data 67 47 0 0 0 61 0 0 0 0 0 0 0 0 0 127 38 1 0 60.6535 0
0 0 0 0 0 0 0 8.97638 111 0 0 51.122 127 78 1 0 0 127 0 0 30 127 0
0 0 70 0 0 0 0 127 34 0 53 99 83 0 0 0 0 32 0 0 21 0 40 0 0 127 88
0 0 0 0 0 0 0 0 16 16 0 0 0 0 0 0 127 51 0;
egregore_data 67 47 0 0 0 61 0 0 0 0 0 0 0 0 0 127 38 1 0 60.6535 0
0 0 0 0 0 0 0 8.97638 111 0 0 51.122 127 78 1 0 0 127 0 0 30 127 0
0 0 70 0 0 0 0 127 34 0 53 99 83 0 0 0 0 32 0 0 21 0 40 0 0 127 88
0 0 0 0 0 0 0 0 16 16 0 0 0 0 0 0 127 51 0;
egregore_data 67 47 0 0 0 61 0 0 0 0 0 0 0 0 0 127 38 1 0 60.6535 0
0 0 0 0 0 0 0 8.97638 111 0 0 51.122 127 78 1 0 0 127 0 0 30 127 0
0 0 70 0 0 0 0 127 34 0 53 99 83 0 0 0 0 32 0 0 21 0 40 0 0 127 88
0 0 0 0 0 0 0 0 16 16 0 0 0 0 0 0 127 51 0;
egregore_data 67 47 0 0 0 61 0 0 0 0 0 0 0 0 0 127 38 1 0 60.6535 0
0 0 0 0 0 0 0 8.97638 111 0 0 51.122 127 78 1 0 0 127 0 0 30 127 0
0 0 70 0 0 0 0 127 34 0 53 99 83 0 0 0 0 32 0 0 21 0 40 0 0 127 88
0 0 0 0 0 0 0 0 16 16 0 0 0 0 0 0 127 51 0;
egregore_data 67 47 0 0 0 61 0 0 0 0 0 0 0 0 0 127 38 1 0 60.6535 0
0 0 0 0 0 0 0 8.97638 111 0 0 51.122 127 78 1 0 0 127 0 0 30 127 0
0 0 70 0 0 0 0 127 34 0 53 99 83 0 0 0 0 32 0 0 21 0 40 0 0 127 88
0 0 0 0 0 0 0 0 16 16 0 0 0 0 0 0 127 51 0;
egregore_data 67 47 0 0 0 61 0 0 0 0 0 0 0 0 0 127 38 1 0 60.6535 0
0 0 0 0 0 0 0 8.97638 111 0 0 51.122 127 78 1 0 0 127 0 0 30 127 0
0 0 70 0 0 0 0 127 34 0 53 99 83 0 0 0 0 32 0 0 21 0 40 0 0 127 88
0 0 0 0 0 0 0 0 16 16 0 0 0 0 0 0 127 51 0;
egregore_data 67 47 0 0 0 61 0 0 0 0 0 0 0 0 0 127 38 1 0 60.6535 0
0 0 0 0 0 0 0 8.97638 111 0 0 51.122 127 78 1 0 0 127 0 0 30 127 0
0 0 70 0 0 0 0 127 34 0 53 99 83 0 0 0 0 32 0 0 21 0 40 0 0 127 88
0 0 0 0 0 0 0 0 16 16 0 0 0 0 0 0 127 51 0;
egregore_data 67 47 0 0 0 61 0 0 0 0 0 0 0 0 0 127 38 1 0 60.6535 0
0 0 0 0 0 0 0 8.97638 111 0 0 51.122 127 78 1 0 0 127 0 0 30 127 0
0 0 70 0 0 0 0 127 34 0 53 99 83 0 0 0 0 32 0 0 21 0 40 0 0 127 88
0 0 0 0 0 0 0 0 16 16 0 0 0 0 0 0 127 51 0;
egregore_data 67 47 0 0 0 61 0 0 0 0 0 0 0 0 0 127 38 1 0 60.6535 0
0 0 0 0 0 0 0 8.97638 111 0 0 51.122 127 78 1 0 0 127 0 0 30 127 0
0 0 70 0 0 0 0 127 34 0 53 99 83 0 0 0 0 32 0 0 21 0 40 0 0 127 88
0 0 0 0 0 0 0 0 16 16 0 0 0 0 0 0 127 51 0;
egregore_data 67 47 0 0 0 61 0 0 0 0 0 0 0 0 0 127 38 1 0 60.4528 0
0 0 0 0 0 0 0 10.315 111 0 0 51.2894 127 78 1 0 0 127 0 0 30 127 0
0 0 70 0 0 0 0 127 34 0 53 99 83 0 0 0 0 32 0 0 21 0 40 0 0 127 88
0 0 0 0 0 0 0 0 16 16 0 0 0 0 0 0 127 51 0;
egregore_data 67 47 0 0 0 61 0 0 0 0 0 0 0 0 0 127 38 1 0 60.4528 0
0 0 0 0 0 0 0 10.315 111 0 0 51.2894 127 78 1 0 0 127 0 0 30 127 0
0 0 70 0 0 0 0 127 34 0 53 99 83 0 0 0 0 32 0 0 21 0 40 0 0 127 88
0 0 0 0 0 0 0 0 16 16 0 0 0 0 0 0 127 51 0;
egregore_data 67 47 0 0 0 61 0 0 0 0 0 0 0 0 0 127 38 1 0 60.4528 0
0 0 0 0 0 0 0 10.315 111 0 0 51.2894 127 78 1 0 0 127 0 0 30 127 0
0 0 70 0 0 0 0 127 34 0 53 99 83 0 0 0 0 32 0 0 21 0 40 0 0 127 88
0 0 0 0 0 0 0 0 16 16 0 0 0 0 0 0 127 51 0;
egregore_data 67 47 0 0 0 61 0 0 0 0 0 0 0 0 0 127 38 1 0 60.4528 0
0 0 0 0 0 0 0 10.315 111 0 0 51.2894 127 78 1 0 0 127 0 0 30 127 0
0 0 70 0 0 0 0 127 34 0 53 99 83 0 0 0 0 32 0 0 21 0 40 0 0 127 88
0 0 0 0 0 0 0 0 16 16 0 0 0 0 0 0 127 51 0;
egregore_data 67 47 0 0 0 61 0 0 0 0 0 0 0 0 0 127 38 1 0 60.4528 0
0 0 0 0 0 0 0 10.315 111 0 0 51.2894 127 78 1 0 0 127 0 0 30 127 0
0 0 70 0 0 0 0 127 34 0 53 99 83 0 0 0 0 32 0 0 21 0 40 0 0 127 88
0 0 0 0 0 0 0 0 16 16 0 0 0 0 0 0 127 51 0;
egregore_data 67 47 0 0 0 61 0 0 0 0 0 0 0 0 0 127 38 1 0 60.4528 0
0 0 0 0 0 0 0 10.315 111 0 0 51.2894 127 78 1 0 0 127 0 0 30 127 0
0 0 70 0 0 0 0 127 34 0 53 99 83 0 0 0 0 32 0 0 21 0 40 0 0 127 88
0 0 0 0 0 0 0 0 16 16 0 0 0 0 0 0 127 51 0;
egregore_data 67 47 0 0 0 61 0 0 0 0 0 0 0 0 0 127 38 1 0 60.4528 0
0 0 0 0 0 0 0 10.315 111 0 0 51.2894 127 78 1 0 0 127 0 0 30 127 0
0 0 70 0 0 0 0 127 34 0 53 99 83 0 0 0 0 32 0 0 21 0 40 0 0 127 88
0 0 0 0 0 0 0 0 16 16 0 0 0 0 0 0 127 51 0;
egregore_data 67 46 0 0 0 61 0 0 0 0 0 0 0 0 0 127 38 1 0 60.4528 0
0 0 0 0 0 0 0 10.315 111 0 0 51.2894 127 78 1 0 0 127 0 0 30 127 0
0 0 70 0 0 0 0 127 34 0 53 99 83 0 0 0 0 32 0 0 21 0 40 0 0 127 88
0 0 0 0 0 0 0 0 16 16 0 0 0 0 0 0 127 51 0;
egregore_data 67 46 0 0 0 61 0 0 0 0 0 0 0 0 0 127 38 1 0 60.4528 0
0 0 0 0 0 0 0 10.315 111 0 0 51.2894 127 78 1 0 0 127 0 0 30 127 0
0 0 70 0 0 0 0 127 34 0 53 99 83 0 0 0 0 32 0 0 21 0 40 0 0 127 88
0 0 0 0 0 0 0 0 16 16 0 0 0 0 0 0 127 51 0;
egregore_data 67 46 0 0 0 61 0 0 0 0 0 0 0 0 0 127 38 1 0 60.4528 0
0 0 0 0 0 0 0 10.315 111 0 0 51.2894 127 78 1 0 0 127 0 0 30 127 0
0 0 70 0 0 0 0 127 34 0 53 99 83 0 0 0 0 32 0 0 21 0 40 0 0 127 88
0 0 0 0 0 0 0 0 16 16 0 0 0 0 0 0 127 51 0;
egregore_data 67 46 0 0 0 61 0 0 0 0 0 0 0 0 0 127 38 1 0 60.252 0
0 0 0 0 0 0 0 11.6535 111 0 0 51.4567 127 78 1 0 0 127 0 0 30 127 0
0 0 70 0 0 0 0 127 34 0 53 99 83 0 0 0 0 32 0 0 21 0 40 0 0 127 88
0 0 0 0 0 0 0 0 16 16 0 0 0 0 0 0 127 51 0;
egregore_data 66 46 0 0 0 61 0 0 0 0 0 0 0 0 0 127 38 1 0 60.252 0
0 0 0 0 0 0 0 11.6535 111 0 0 51.4567 127 78 1 0 0 127 0 0 30 127 0
0 0 70 0 0 0 0 127 34 0 53 99 83 0 0 0 0 32 0 0 21 0 40 0 0 127 88
0 0 0 0 0 0 0 0 16 16 0 0 0 0 0 0 127 51 0;
egregore_data 66 46 0 0 0 61 0 0 0 0 0 0 0 0 0 127 38 1 0 60.252 0
0 0 0 0 0 0 0 11.6535 111 0 0 51.4567 127 78 1 0 0 127 0 0 30 127 0
0 0 70 0 0 0 0 127 34 0 53 99 83 0 0 0 0 32 0 0 21 0 40 0 0 127 88
0 0 0 0 0 0 0 0 16 16 0 0 0 0 0 0 127 51 0;
egregore_data 66 46 0 0 0 61 0 0 0 0 0 0 0 0 0 127 38 1 0 60.252 0
0 0 0 0 0 0 0 11.6535 111 0 0 51.4567 127 78 1 0 0 127 0 0 30 127 0
0 0 70 0 0 0 0 127 34 0 53 99 83 0 0 0 0 32 0 0 21 0 40 0 0 127 88
0 0 0 0 0 0 0 0 16 16 0 0 0 0 0 0 127 51 0;
egregore_data 66 46 0 0 0 61 0 0 0 0 0 0 0 0 0 127 38 1 0 60.252 0
0 0 0 0 0 0 0 11.6535 111 0 0 51.4567 127 78 1 0 0 127 0 0 30 127 0
0 0 70 0 0 0 0 127 34 0 53 99 83 0 0 0 0 32 0 0 21 0 40 0 0 127 88
0 0 0 0 0 0 0 0 16 16 0 0 0 0 0 0 127 51 0;
egregore_data 66 46 0 0 0 61 0 0 0 0 0 0 0 0 0 127 38 1 0 60.252 0
0 0 0 0 0 0 0 11.6535 111 0 0 51.4567 127 78 1 0 0 127 0 0 30 127 0
0 0 70 0 0 0 0 127 34 0 53 99 83 0 0 0 0 32 0 0 21 0 40 0 0 127 88
0 0 0 0 0 0 0 0 16 16 0 0 0 0 0 0 127 51 0;
egregore_data 66 46 0 0 0 62 0 0 0 0 0 0 0 0 0 127 38 1 0 60.252 0
0 0 0 0 0 0 0 11.6535 111 0 0 51.4567 127 78 1 0 0 127 0 0 30 127 0
0 0 70 0 0 0 0 127 34 0 53 99 83 0 0 0 0 32 0 0 21 0 40 0 0 127 88
0 0 0 0 0 0 0 0 16 16 0 0 0 0 0 0 127 51 0;
egregore_data 66 46 0 0 0 62 0 0 0 0 0 0 0 0 0 127 38 1 0 60.0512 0
0 0 0 0 0 0 0 12.9921 111 0 0 51.624 127 78 1 0 0 127 0 0 30 127 0
0 0 70 0 0 0 0 127 34 0 53 99 83 0 0 0 0 32 0 0 21 0 40 0 0 127 88
0 0 0 0 0 0 0 0 16 16 0 0 0 0 0 0 127 51 0;
egregore_data 66 46 0 0 0 62 0 0 0 0 0 0 0 0 0 127 38 1 0 60.0512 0
0 0 0 0 0 0 0 12.9921 111 0 0 51.624 127 78 1 0 0 127 0 0 30 127 0
0 0 70 0 0 0 0 127 34 0 53 99 83 0 0 0 0 32 0 0 21 0 40 0 0 127 88
0 0 0 0 0 0 0 0 16 16 0 0 0 0 0 0 127 51 0;
egregore_data 66 46 0 0 0 62 0 0 0 0 0 0 0 0 0 127 38 1 0 60.0512 0
0 0 0 0 0 0 0 12.9921 111 0 0 51.624 127 78 1 0 0 127 0 0 30 127 0
0 0 70 0 0 0 0 127 34 0 53 99 83 0 0 0 0 32 0 0 21 0 40 0 0 127 88
0 0 0 0 0 0 0 0 16 16 0 0 0 0 0 0 127 51 0;
egregore_data 66 45 0 0 0 62 0 0 0 0 0 0 0 0 0 127 38 1 0 60.0512 0
0 0 0 0 0 0 0 12.9921 111 0 0 51.624 127 78 1 0 0 127 0 0 30 127 0
0 0 70 0 0 0 0 127 34 0 53 99 83 0 0 0 0 32 0 0 21 0 40 0 0 127 88
0 0 0 0 0 0 0 0 16 16 0 0 0 0 0 0 127 51 0;
egregore_data 65 43 0 0 0 62 0 0 0 0 0 0 0 0 0 127 38 1 0 60.0512 0
0 0 0 0 0 0 0 12.9921 111 0 0 51.624 127 78 1 0 0 127 0 0 30 127 0
0 0 70 0 0 0 0 127 34 0 53 99 83 0 0 0 0 32 0 0 21 0 40 0 0 127 88
0 0 0 0 0 0 0 0 16 16 0 0 0 0 0 0 127 51 0;
egregore_data 65 43 0 0 0 62 0 0 0 0 0 0 0 0 0 127 38 1 0 60.0512 0
0 0 0 0 0 0 0 12.9921 111 0 0 51.624 127 78 1 0 0 127 0 0 30 127 0
0 0 70 0 0 0 0 127 34 0 53 99 83 0 0 0 0 32 0 0 21 0 40 0 0 127 88
0 0 0 0 0 0 0 0 16 16 0 0 0 0 0 0 127 51 0;
egregore_data 65 43 0 0 0 62 0 0 0 0 0 0 0 0 0 127 38 1 0 60.0512 0
0 0 0 0 0 0 0 12.9921 111 0 0 51.624 127 78 1 0 0 127 0 0 30 127 0
0 0 70 0 0 0 0 127 34 0 53 99 83 0 0 0 0 32 0 0 21 0 40 0 0 127 88
0 0 0 0 0 0 0 0 16 16 0 0 0 0 0 0 127 51 0;
egregore_data 64 43 0 0 0 62 0 0 0 0 0 0 0 0 0 127 38 1 0 60.0512 0
0 0 0 0 0 0 0 12.9921 111 0 0 51.624 127 78 1 0 0 127 0 0 30 127 0
0 0 70 0 0 0 0 127 34 0 53 99 83 0 0 0 0 32 0 0 21 0 40 0 0 127 88
0 0 0 0 0 0 0 0 16 16 0 0 0 0 0 0 127 51 0;
egregore_data 64 43 0 0 0 62 0 0 0 0 0 0 0 0 0 127 38 1 0 60.0512 0
0 0 0 0 0 0 0 12.9921 111 0 0 51.624 127 78 1 0 0 127 0 0 30 127 0
0 0 70 0 0 0 0 127 34 0 53 99 83 0 0 0 0 32 0 0 21 0 40 0 0 127 88
0 0 0 0 0 0 0 0 16 16 0 0 0 0 0 0 127 51 0;
egregore_data 64 42 0 0 0 62 0 0 0 0 0 0 0 0 0 127 38 1 0 59.6496 0
0 0 0 0 0 0 0 15.6693 111 0 0 51.9587 127 78 1 0 0 127 0 0 30 127 0
0 0 70 0 0 0 0 127 34 0 53 99 83 0 0 0 0 32 0 0 21 0 40 0 0 127 88
0 0 0 0 0 0 0 0 16 16 0 0 0 0 0 0 127 51 0;
egregore_data 64 42 0 0 0 62 0 0 0 0 0 0 0 0 0 127 38 1 0 59.6496 0
0 0 0 0 0 0 0 15.6693 111 0 0 51.9587 127 78 1 0 0 127 0 0 30 127 0
0 0 70 0 0 0 0 127 34 0 53 99 83 0 0 0 0 32 0 0 21 0 40 0 0 127 88
0 0 0 0 0 0 0 0 16 16 0 0 0 0 0 0 127 51 0;
egregore_data 64 42 0 0 0 62 0 0 0 0 0 0 0 0 0 127 38 1 0 59.6496 0
0 0 0 0 0 0 0 15.6693 111 0 0 51.9587 127 78 1 0 0 127 0 0 30 127 0
0 0 70 0 0 0 0 127 34 0 53 99 83 0 0 0 0 32 0 0 21 0 40 0 0 127 88
0 0 0 0 0 0 0 0 16 16 0 0 0 0 0 0 127 51 0;
egregore_data 64 42 0 0 0 65 0 0 0 0 0 0 0 0 0 127 38 1 0 59.6496 0
0 0 0 0 0 0 0 15.6693 111 0 0 51.9587 127 78 1 0 0 127 0 0 30 127 0
0 0 70 0 0 0 0 127 34 0 53 99 83 0 0 0 0 32 0 0 21 0 40 0 0 127 88
0 0 0 0 0 0 0 0 16 16 0 0 0 0 0 0 127 51 0;
egregore_data 64 42 0 0 0 65 0 0 0 0 0 0 0 0 0 127 38 1 0 59.6496 0
0 0 0 0 0 0 0 15.6693 111 0 0 51.9587 127 78 1 0 0 127 0 0 30 127 0
0 0 70 0 0 0 0 127 34 0 53 99 83 0 0 0 0 32 0 0 21 0 40 0 0 127 88
0 0 0 0 0 0 0 0 16 16 0 0 0 0 0 0 127 51 0;
egregore_data 64 42 0 0 0 65 0 0 0 0 0 0 0 0 0 127 38 1 0 59.6496 0
0 0 0 0 0 0 0 15.6693 111 0 0 51.9587 127 78 1 0 0 127 0 0 30 127 0
0 0 70 0 0 0 0 127 34 0 53 99 83 0 0 0 0 32 0 0 21 0 40 0 0 127 88
0 0 0 0 0 0 0 0 16 16 0 0 0 0 0 0 127 51 0;
egregore_data 64 42 0 0 0 65 0 0 0 0 0 0 0 0 0 127 38 1 0 59.6496 0
0 0 0 0 0 0 0 15.6693 111 0 0 51.9587 127 78 1 0 0 127 0 0 30 127 0
0 0 70 0 0 0 0 127 34 0 53 99 83 0 0 0 0 32 0 0 21 0 40 0 0 127 88
0 0 0 0 0 0 0 0 16 16 0 0 0 0 0 0 127 51 0;
egregore_data 64 42 0 0 0 65 0 0 0 0 0 0 0 0 0 127 38 1 0 59.6496 0
0 0 0 0 0 0 0 15.6693 111 0 0 51.9587 127 78 1 0 0 127 0 0 30 127 0
0 0 70 0 0 0 0 127 34 0 53 99 83 0 0 0 0 32 0 0 21 0 40 0 0 127 88
0 0 0 0 0 0 0 0 16 16 0 0 0 0 0 0 127 51 0;
egregore_data 64 42 0 0 0 67 0 0 0 0 0 0 0 0 0 127 38 1 0 59.6496 0
0 0 0 0 0 0 0 15.6693 111 0 0 51.9587 127 78 1 0 0 127 0 0 30 127 0
0 0 70 0 0 0 0 127 34 0 53 99 83 0 0 0 0 32 0 0 21 0 40 0 0 127 88
0 0 0 0 0 0 0 0 16 16 0 0 0 0 0 0 127 51 0;
egregore_data 64 42 0 0 0 67 0 0 0 0 0 0 0 0 0 127 38 1 0 59.6496 0
0 0 0 0 0 0 0 15.6693 111 0 0 51.9587 127 78 1 0 0 127 0 0 30 127 0
0 0 70 0 0 0 0 127 34 0 53 99 83 0 0 0 0 32 0 0 21 0 40 0 0 127 88
0 0 0 0 0 0 0 0 16 16 0 0 0 0 0 0 127 51 0;
egregore_data 64 42 0 0 0 68 0 0 0 0 0 0 0 0 0 127 38 1 0 59.6496 0
0 0 0 0 0 0 0 15.6693 111 0 0 51.9587 127 78 1 0 0 127 0 0 30 127 0
0 0 70 0 0 0 0 127 34 0 53 99 83 0 0 0 0 32 0 0 21 0 40 0 0 127 88
0 0 0 0 0 0 0 0 16 16 0 0 0 0 0 0 127 51 0;
egregore_data 64 42 0 0 0 70 0 0 0 0 0 0 0 0 0 127 38 1 0 59.4488 0
0 0 0 0 0 0 0 17.0079 111 0 0 52.126 127 78 1 0 0 127 0 0 30 127 0
0 0 70 0 0 0 0 127 34 0 53 99 83 0 0 0 0 32 0 0 21 0 40 0 0 127 88
0 0 0 0 0 0 0 0 16 16 0 0 0 0 0 0 127 51 0;
egregore_data 62 42 0 0 0 70 0 0 0 0 0 0 0 0 0 127 38 1 0 59.4488 0
0 0 0 0 0 0 0 17.0079 111 0 0 52.126 127 78 1 0 0 127 0 0 30 127 0
0 0 70 0 0 0 0 127 34 0 53 99 83 0 0 0 0 32 0 0 21 0 40 0 0 127 88
0 0 0 0 0 0 0 0 16 16 0 0 0 0 0 0 127 51 0;
egregore_data 62 42 0 0 0 70 0 0 0 0 0 0 0 0 0 127 38 1 0 59.4488 0
0 0 0 0 0 0 0 17.0079 111 0 0 52.126 127 78 1 0 0 127 0 0 30 127 0
0 0 70 0 0 0 0 127 34 0 53 99 83 0 0 0 0 32 0 0 21 0 40 0 0 127 88
0 0 0 0 0 0 0 0 16 16 0 0 0 0 0 0 127 51 0;
egregore_data 62 42 0 0 0 71 0 0 0 0 0 0 0 0 0 127 38 1 0 59.4488 0
0 0 0 0 0 0 0 17.0079 111 0 0 52.126 127 78 1 0 0 127 0 0 30 127 0
0 0 70 0 0 0 0 127 34 0 53 99 83 0 0 0 0 32 0 0 21 0 40 0 0 127 88
0 0 0 0 0 0 0 0 16 16 0 0 0 0 0 0 127 51 0;
egregore_data 62 42 0 0 0 71 0 0 0 0 0 0 0 0 0 127 38 1 0 59.4488 0
0 0 0 0 0 0 0 17.0079 111 0 0 52.126 127 78 1 0 0 127 0 0 30 127 0
0 0 70 0 0 0 0 127 34 0 53 99 83 0 0 0 0 32 0 0 21 0 40 0 0 127 88
0 0 0 0 0 0 0 0 16 16 0 0 0 0 0 0 127 51 0;
egregore_data 62 42 0 0 0 71 0 0 0 0 0 0 0 0 0 127 38 1 0 59.4488 0
0 0 0 0 0 0 0 17.0079 111 0 0 52.126 127 78 1 0 0 127 0 0 30 127 0
0 0 70 0 0 0 0 127 34 0 53 99 83 0 0 0 0 32 0 0 21 0 40 0 0 127 88
0 0 0 0 0 0 0 0 16 16 0 0 0 0 0 0 127 51 0;
egregore_data 62 42 0 0 0 71 0 0 0 0 0 0 0 0 0 127 38 1 0 59.4488 0
0 0 0 0 0 0 0 17.0079 111 0 0 52.126 127 78 1 0 0 127 0 0 30 127 0
0 0 70 0 0 0 0 127 34 0 53 99 83 0 0 0 0 32 0 0 21 0 40 0 0 127 88
0 0 0 0 0 0 0 0 16 16 0 0 0 0 0 0 127 51 0;
egregore_data 62 42 0 0 0 71 0 0 0 0 0 0 0 0 0 127 38 1 0 59.4488 0
0 0 0 0 0 0 0 17.0079 111 0 0 52.126 127 78 1 0 0 127 0 0 30 127 0
0 0 70 0 0 0 0 127 34 0 53 99 83 0 0 0 0 32 0 0 21 0 40 0 0 127 88
0 0 0 0 0 0 0 0 16 16 0 0 0 0 0 0 127 51 0;
END;
