HTTP/1.1 200 OK
Date: Thu, 28 May 2015 12:25:13 GMT
Server: Apache
Last-Modified: Wed, 27 May 2015 19:24:22 GMT
Accept-Ranges: bytes
Content-Length: 31306
Vary: Accept-Encoding
Connection: close
Content-Type: text/plain

chdh_egregore_live_data;
egregore_data 0 0 127 0 0 127 0 0 0 0 0 0 0 0 0 127 38 0 127 0 0 0
0 0 0 0 0 0 0 100 0 0 127 127 78 0 93 90 127 0 19 127 127 0 0 0 70
0 0 0 127 127 34 0 79.6087 52.8509 45.1863 26.8199 22.3851 20.4845
5.06832 23.6522 48.118 17.9503 45.0124 0 8.65839 8.86957 0 127 84.56
1 0 0 0 0 0 0 0 16 16 0 0 0 0 0 0 127 51 0;
egregore_data 0 0 127 0 0 127 0 0 0 0 0 0 0 0 0 127 38 0 127 0 0 0
0 0 0 0 0 0 0 100 0 0 127 127 78 0 93 90 127 0 19 127 127 0 0 0 70
0 0 0 127 127 34 0 79.4383 52.5247 45.0062 27.4383 22.9012 20.9568
5.18519 24.1975 47.821 18.3642 45.1049 0 8.85802 9.07407 0 127 84.56
1 0 0 0 0 0 0 0 16 16 0 0 0 0 0 0 127 51 0;
egregore_data 0 0 127 0 0 127 0 0 0 0 0 0 0 0 0 127 38 0 127 0 0 0
0 0 0 0 0 0 0 100 0 0 127 127 78 0 93 90 127 0 19 127 127 0 0 0 70
0 0 0 127 127 34 0 79.4383 52.5247 45.0062 27.4383 22.9012 20.9568
5.18519 24.1975 47.821 18.3642 45.1049 0 8.85802 9.07407 0 127 84.56
1 0 0 0 0 0 0 0 16 16 0 0 0 0 0 0 127 51 0;
egregore_data 0 0 127 0 0 127 0 0 0 0 0 0 0 0 0 127 38 0 127 0 0 0
0 0 0 0 0 0 0 100 0 0 127 127 78 0 93 90 127 0 19 127 127 0 0 0 70
0 0 0 127 127 34 0 79.4383 52.5247 45.0062 27.4383 22.9012 20.9568
5.18519 24.1975 47.821 18.3642 45.1049 0 8.85802 9.07407 0 127 84.56
1 0 0 0 0 0 0 0 16 16 0 0 0 0 0 0 127 51 0;
egregore_data 0 0 127 0 0 127 0 0 0 0 0 0 0 0 0 127 38 0 127 0 0 0
0 0 0 0 0 0 0 100 0 0 127 127 78 0 93 90 127 0 19 127 127 0 0 0 70
0 0 0 127 127 34 0 79.4383 52.5247 45.0062 27.4383 22.9012 20.9568
5.18519 24.1975 47.821 18.3642 45.1049 0 8.85802 9.07407 0 127 84.56
1 0 0 0 0 0 0 0 16 16 0 0 0 0 0 0 127 51 0;
egregore_data 0 0 127 0 0 127 0 0 0 0 0 0 0 0 0 127 38 0 127 0 0 0
0 0 0 0 0 0 0 100 0 0 127 127 78 0 93 90 127 0 19 127 127 0 0 0 70
0 0 0 127 127 34 0 79.2699 52.2025 44.8282 28.0491 23.411 21.4233 5.30061
24.7362 47.5276 18.773 45.1963 0 9.05521 9.27607 0 127 84.56 1 0 0
0 0 0 0 0 16 16 0 0 0 0 0 0 127 51 0;
egregore_data 0 0 127 0 0 127 0 0 0 0 0 0 0 0 0 127 38 0 127 0 0 0
0 0 0 0 0 0 0 100 0 0 127 127 78 0 93 90 127 0 19 127 127 0 0 0 70
0 0 0 127 127 34 0 79.2699 52.2025 44.8282 28.0491 23.411 21.4233 5.30061
24.7362 47.5276 18.773 45.1963 0 9.05521 9.27607 0 127 84.56 1 0 0
0 0 0 0 0 16 16 0 0 0 0 0 0 127 51 0;
egregore_data 0 0 127 0 0 127 0 0 0 0 0 0 0 0 0 127 38 0 127 0 0 0
0 0 0 0 0 0 0 100 0 0 127 127 78 0 93 90 127 0 19 127 127 0 0 0 70
0 0 0 127 127 34 0 79.2699 52.2025 44.8282 28.0491 23.411 21.4233 5.30061
24.7362 47.5276 18.773 45.1963 0 9.05521 9.27607 0 127 84.56 1 0 0
0 0 0 0 0 16 16 0 0 0 0 0 0 127 51 0;
egregore_data 0 0 127 0 0 127 0 0 0 0 0 0 0 0 0 127 38 0 127 0 0 0
0 0 0 0 0 0 0 100 0 0 127 127 78 0 93 90 127 0 19 127 127 0 0 0 70
0 0 0 127 127 34 0 79.2699 52.2025 44.8282 28.0491 23.411 21.4233 5.30061
24.7362 47.5276 18.773 45.1963 0 9.05521 9.27607 0 127 84.56 1 0 0
0 0 0 0 0 16 16 0 0 0 0 0 0 127 51 0;
egregore_data 0 0 127 0 0 127 0 0 0 0 0 0 0 0 0 127 38 0 127 0 0 0
0 0 0 0 0 0 0 100 0 0 127 127 78 0 93 90 127 0 19 127 127 0 0 0 70
0 0 0 127 127 34 0 79.2699 52.2025 44.8282 28.0491 23.411 21.4233 5.30061
24.7362 47.5276 18.773 45.1963 0 9.05521 9.27607 0 127 84.56 1 0 0
0 0 0 0 0 16 16 0 0 0 0 0 0 127 51 0;
egregore_data 0 0 127 0 0 127 0 0 0 0 0 0 0 0 0 127 38 0 127 0 0 0
0 0 0 0 0 0 0 100 0 0 127 127 78 0 93 90 127 0 19 127 127 0 0 0 70
0 0 0 127 127 34 0 79.2699 52.2025 44.8282 28.0491 23.411 21.4233 5.30061
24.7362 47.5276 18.773 45.1963 0 9.05521 9.27607 0 127 84.56 1 0 0
0 0 0 0 0 16 16 0 0 0 0 0 0 127 51 0;
egregore_data 0 0 127 0 0 127 0 0 0 0 0 0 0 0 0 127 38 0 127 0 0 0
0 0 0 0 0 0 0 100 0 0 127 127 78 0 93 90 127 0 19 127 127 0 0 0 70
0 0 0 127 127 34 0 79.1037 51.8841 44.6524 28.6524 23.9146 21.8841
5.41463 25.2683 47.2378 19.1768 45.2866 0 9.25 9.47561 0 127 84.56
1 0 0 0 0 0 0 0 16 16 0 0 0 0 0 0 127 51 0;
egregore_data 0 0 127 0 0 127 0 0 0 0 0 0 0 0 0 127 38 0 127 0 0 0
0 0 0 0 0 0 0 100 0 0 127 127 78 0 93 90 127 0 19 127 127 0 0 0 70
0 0 0 127 127 34 0 79.1037 51.8841 44.6524 28.6524 23.9146 21.8841
5.41463 25.2683 47.2378 19.1768 45.2866 0 9.25 9.47561 0 127 84.56
1 0 0 0 0 0 0 0 16 16 0 0 0 0 0 0 127 51 0;
egregore_data 0 0 127 0 0 127 0 0 0 0 0 0 0 0 0 127 38 0 127 0 0 0
0 0 0 0 0 0 0 100 0 0 127 127 78 0 93 90 127 0 19 127 127 0 0 0 70
0 0 0 127 127 34 0 79.1037 51.8841 44.6524 28.6524 23.9146 21.8841
5.41463 25.2683 47.2378 19.1768 45.2866 0 9.25 9.47561 0 127 84.56
1 0 0 0 0 0 0 0 16 16 0 0 0 0 0 0 127 51 0;
egregore_data 0 0 127 0 0 127 0 0 0 0 0 0 0 0 0 127 38 0 127 0 0 0
0 0 0 0 0 0 0 100 0 0 127 127 78 0 93 90 127 0 19 127 127 0 0 0 70
0 0 0 127 127 34 0 79.1037 51.8841 44.6524 28.6524 23.9146 21.8841
5.41463 25.2683 47.2378 19.1768 45.2866 0 9.25 9.47561 0 127 84.56
1 0 0 0 0 0 0 0 16 16 0 0 0 0 0 0 127 51 0;
egregore_data 0 0 127 0 0 127 0 0 0 0 0 0 0 0 0 127 38 0 127 0 0 0
0 0 0 0 0 0 0 100 0 0 127 127 78 0 93 90 127 0 19 127 127 0 0 0 70
0 0 0 127 127 34 0 79.1037 51.8841 44.6524 28.6524 23.9146 21.8841
5.41463 25.2683 47.2378 19.1768 45.2866 0 9.25 9.47561 0 127 84.56
1 0 0 0 0 0 0 0 16 16 0 0 0 0 0 0 127 51 0;
egregore_data 0 0 127 0 0 127 0 0 0 0 0 0 0 0 0 127 38 0 127 0 0 0
0 0 0 0 0 0 0 100 0 0 127 127 78 0 93 90 127 0 19 127 127 0 0 0 70
0 0 0 127 127 34 0 79.1037 51.8841 44.6524 28.6524 23.9146 21.8841
5.41463 25.2683 47.2378 19.1768 45.2866 0 9.25 9.47561 0 127 84.56
1 0 0 0 0 0 0 0 16 16 0 0 0 0 0 0 127 51 0;
egregore_data 0 0 127 0 0 127 0 0 0 0 0 0 0 0 0 127 38 0 127 0 0 0
0 0 0 0 0 0 0 100 0 0 127 127 78 0 93 90 127 0 19 127 127 0 0 0 70
0 0 0 127 127 34 0 79.1037 51.8841 44.6524 28.6524 23.9146 21.8841
5.41463 25.2683 47.2378 19.1768 45.2866 0 9.25 9.47561 0 127 84.56
1 0 0 0 0 0 0 0 16 16 0 0 0 0 0 0 127 51 0;
egregore_data 0 0 127 0 0 127 0 0 0 0 0 0 0 0 0 127 38 0 127 0 0 0
0 0 0 0 0 0 0 100 0 0 127 127 78 0 93 90 127 0 19 127 127 0 0 0 70
0 0 0 127 127 34 0 78.7771 51.259 44.3072 29.8373 24.9036 22.7892 5.63855
26.3133 46.6687 19.9699 45.4639 0 9.63253 9.86747 0 127 84.56 1 0 0
0 0 0 0 0 16 16 0 0 0 0 0 0 127 51 0;
egregore_data 0 0 127 0 0 127 0 0 0 0 0 0 0 0 0 127 38 0 127 0 0 0
0 0 0 0 0 0 0 100 0 0 127 127 78 0 93 90 127 0 19 127 127 0 0 0 70
0 0 0 127 127 34 0 78.7771 51.259 44.3072 29.8373 24.9036 22.7892 5.63855
26.3133 46.6687 19.9699 45.4639 0 9.63253 9.86747 0 127 84.56 1 0 0
0 0 0 0 0 16 16 0 0 0 0 0 0 127 51 0;
egregore_data 0 0 127 0 0 127 0 0 0 0 0 0 0 0 0 127 38 0 127 0 0 0
0 0 0 0 0 0 0 100 0 0 127 127 78 0 93 90 127 0 19 127 127 0 0 0 70
0 0 0 127 127 34 0 78.7771 51.259 44.3072 29.8373 24.9036 22.7892 5.63855
26.3133 46.6687 19.9699 45.4639 0 9.63253 9.86747 0 127 84.56 1 0 0
0 0 0 0 0 16 16 0 0 0 0 0 0 127 51 0;
egregore_data 0 0 127 0 0 127 0 0 0 0 0 0 0 0 0 127 38 0 127 0 0 0
0 0 0 0 0 0 0 100 0 0 127 127 78 0 93 90 127 0 19 127 127 0 0 0 70
0 0 0 127 127 34 0 78.7771 51.259 44.3072 29.8373 24.9036 22.7892 5.63855
26.3133 46.6687 19.9699 45.4639 0 9.63253 9.86747 0 127 84.56 1 0 0
0 0 0 0 0 16 16 0 0 0 0 0 0 127 51 0;
egregore_data 0 0 127 0 0 127 0 0 0 0 0 0 0 0 0 127 38 0 127 0 0 0
0 0 0 0 0 0 0 100 0 0 127 127 78 0 93 90 127 0 19 127 127 0 0 0 70
0 0 0 127 127 34 0 78.7771 51.259 44.3072 29.8373 24.9036 22.7892 5.63855
26.3133 46.6687 19.9699 45.4639 0 9.63253 9.86747 0 127 84.56 1 0 0
0 0 0 0 0 16 16 0 0 0 0 0 0 127 51 0;
egregore_data 0 0 127 0 0 127 0 0 0 0 0 0 0 0 0 127 38 0 127 0 0 0
0 0 0 0 0 0 0 100 0 0 127 127 78 0 93 90 127 0 19 127 127 0 0 0 70
0 0 0 127 127 34 0 78.7771 51.259 44.3072 29.8373 24.9036 22.7892 5.63855
26.3133 46.6687 19.9699 45.4639 0 9.63253 9.86747 0 127 84.56 1 0 0
0 0 0 0 0 16 16 0 0 0 0 0 0 127 51 0;
egregore_data 0 0 127 0 0 127 0 0 0 0 0 0 0 0 0 127 38 0 127 0 0 0
0 0 0 0 0 0 0 100 0 0 127 127 78 0 93 90 127 0 19 127 127 0 0 0 70
0 0 0 127 127 34 0 78.7771 51.259 44.3072 29.8373 24.9036 22.7892 5.63855
26.3133 46.6687 19.9699 45.4639 0 9.63253 9.86747 0 127 84.56 1 0 0
0 0 0 0 0 16 16 0 0 0 0 0 0 127 51 0;
egregore_data 0 0 127 0 0 127 0 0 0 0 0 0 0 0 0 127 38 0 127 0 0 0
0 0 0 0 0 0 0 100 0 0 127 127 78 0 93 90 127 0 19 127 127 0 0 0 70
0 0 0 127 127 34 0 78.7771 51.259 44.3072 29.8373 24.9036 22.7892 5.63855
26.3133 46.6687 19.9699 45.4639 0 9.63253 9.86747 0 127 84.56 1 0 0
0 0 0 0 0 16 16 0 0 0 0 0 0 127 51 0;
egregore_data 0 0 127 0 0 127 0 0 0 0 0 0 0 0 0 127 38 0 127 0 0 0
0 0 0 0 0 0 0 100 0 0 127 127 78 0 93 90 127 0 19 127 127 0 0 0 70
0 0 0 127 127 34 0 78.7771 51.259 44.3072 29.8373 24.9036 22.7892 5.63855
26.3133 46.6687 19.9699 45.4639 0 9.63253 9.86747 0 127 84.56 1 0 0
0 0 0 0 0 16 16 0 0 0 0 0 0 127 51 0;
egregore_data 0 0 127 0 0 127 0 0 0 0 0 0 0 0 0 127 38 0 127 0 0 0
0 0 0 0 0 0 0 100 0 0 127 127 78 0 93 90 127 0 19 127 127 0 0 0 70
0 0 0 127 127 34 0 78.7771 51.259 44.3072 29.8373 24.9036 22.7892 5.63855
26.3133 46.6687 19.9699 45.4639 0 9.63253 9.86747 0 127 84.56 1 0 0
0 0 0 0 0 16 16 0 0 0 0 0 0 127 51 0;
egregore_data 0 0 127 0 0 127 0 0 0 0 0 0 0 0 0 127 38 0 127 0 0 0
0 0 0 0 0 0 0 100 0 0 127 127 78 0 93 90 127 0 19 127 127 0 0 0 70
0 0 0 127 127 34 0 78.7771 51.259 44.3072 29.8373 24.9036 22.7892 5.63855
26.3133 46.6687 19.9699 45.4639 0 9.63253 9.86747 0 127 84.56 1 0 0
0 0 0 0 0 16 16 0 0 0 0 0 0 127 51 0;
egregore_data 0 0 127 0 0 127 0 0 0 0 0 0 0 0 0 127 38 0 127 0 0 0
0 0 0 0 0 0 0 100 0 0 127 127 78 0 93 90 127 0 19 127 127 0 0 0 70
0 0 0 127 127 34 0 78.6168 50.9521 44.1377 30.4192 25.3892 23.2335
5.7485 26.8263 46.3892 20.3593 45.5509 0 9.82036 10.0599 0 127 84.56
1 0 0 0 0 0 0 0 16 16 0 0 0 0 0 0 127 51 0;
egregore_data 0 0 127 0 0 127 0 0 0 0 0 0 0 0 0 127 38 0 127 0 0 0
0 0 0 0 0 0 0 100 0 0 127 127 78 0 93 90 127 0 19 127 127 0 0 0 70
0 0 0 127 127 34 0 78.6168 50.9521 44.1377 30.4192 25.3892 23.2335
5.7485 26.8263 46.3892 20.3593 45.5509 0 9.82036 10.0599 0 127 84.56
1 0 0 0 0 0 0 0 16 16 0 0 0 0 0 0 127 51 0;
egregore_data 0 0 127 0 0 127 0 0 0 0 0 0 0 0 0 127 38 0 127 0 0 0
0 0 0 0 0 0 0 100 0 0 127 127 78 0 93 90 127 0 19 127 127 0 0 0 70
0 0 0 127 127 34 0 78.6168 50.9521 44.1377 30.4192 25.3892 23.2335
5.7485 26.8263 46.3892 20.3593 45.5509 0 9.82036 10.0599 0 127 84.56
1 0 0 0 0 0 0 0 16 16 0 0 0 0 0 0 127 51 0;
egregore_data 0 0 127 0 0 127 0 0 0 0 0 0 0 0 0 127 38 0 127 0 0 0
0 0 0 0 0 0 0 100 0 0 127 127 78 0 93 90 127 0 19 127 127 0 0 0 70
0 0 0 127 127 34 0 78.6168 50.9521 44.1377 30.4192 25.3892 23.2335
5.7485 26.8263 46.3892 20.3593 45.5509 0 9.82036 10.0599 0 127 84.56
1 0 0 0 0 0 0 0 16 16 0 0 0 0 0 0 127 51 0;
egregore_data 0 0 127 0 0 127 0 0 0 0 0 0 0 0 0 127 38 0 127 0 0 0
0 0 0 0 0 0 0 100 0 0 127 127 78 0 93 90 127 0 19 127 127 0 0 0 70
0 0 0 127 127 34 0 78.6168 50.9521 44.1377 30.4192 25.3892 23.2335
5.7485 26.8263 46.3892 20.3593 45.5509 0 9.82036 10.0599 0 127 84.56
1 0 0 0 0 0 0 0 16 16 0 0 0 0 0 0 127 51 0;
egregore_data 0 0 127 0 0 127 0 0 0 0 0 0 0 0 0 127 38 0 127 0 0 0
0 0 0 0 0 0 0 100 0 0 127 127 78 0 93 90 127 0 19 127 127 0 0 0 70
0 0 0 127 127 34 0 78.6168 50.9521 44.1377 30.4192 25.3892 23.2335
5.7485 26.8263 46.3892 20.3593 45.5509 0 9.82036 10.0599 0 127 84.56
1 0 0 0 0 0 0 0 16 16 0 0 0 0 0 0 127 51 0;
egregore_data 0 0 127 0 0 127 0 0 0 0 0 0 0 0 0 127 38 0 127 0 0 0
0 0 0 0 0 0 0 100 0 0 127 127 78 0 93 90 127 0 19 127 127 0 0 0 70
0 0 0 127 127 34 0 78.4583 50.6488 43.9702 30.994 25.869 23.6726 5.85714
27.3333 46.1131 20.744 45.6369 0 10.006 10.25 0 127 84.56 1 0 0 0 0
0 0 0 16 16 0 0 0 0 0 0 127 51 0;
egregore_data 0 0 127 0 0 127 0 0 0 0 0 0 0 0 0 127 38 0 127 0 0 0
0 0 0 0 0 0 0 100 0 0 127 127 78 0 93 90 127 0 19 127 127 0 0 0 70
0 0 0 127 127 34 0 78.4583 50.6488 43.9702 30.994 25.869 23.6726 5.85714
27.3333 46.1131 20.744 45.6369 0 10.006 10.25 0 127 84.56 1 0 0 0 0
0 0 0 16 16 0 0 0 0 0 0 127 51 0;
egregore_data 0 0 127 0 0 127 0 0 0 0 0 0 0 0 0 127 38 0 127 0 0 0
0 0 0 0 0 0 0 100 0 0 127 127 78 0 93 90 127 0 19 127 127 0 0 0 70
0 0 0 127 127 34 0 78.4583 50.6488 43.9702 30.994 25.869 23.6726 5.85714
27.3333 46.1131 20.744 45.6369 0 10.006 10.25 0 127 84.56 1 0 0 0 0
0 0 0 16 16 0 0 0 0 0 0 127 51 0;
egregore_data 0 0 127 0 0 127 0 0 0 0 0 0 0 0 0 127 38 0 127 0 0 0
0 0 0 0 0 0 0 100 0 0 127 127 78 0 93 90 127 0 19 127 127 0 0 0 70
0 0 0 127 127 34 0 78.4583 50.6488 43.9702 30.994 25.869 23.6726 5.85714
27.3333 46.1131 20.744 45.6369 0 10.006 10.25 0 127 84.56 1 0 0 0 0
0 0 0 16 16 0 0 0 0 0 0 127 51 0;
egregore_data 0 0 127 0 0 127 0 0 0 0 0 0 0 0 0 127 38 0 127 0 0 0
0 0 0 0 0 0 0 100 0 0 127 127 78 0 93 90 127 0 19 127 127 0 0 0 70
0 0 0 127 127 34 0 78.4583 50.6488 43.9702 30.994 25.869 23.6726 5.85714
27.3333 46.1131 20.744 45.6369 0 10.006 10.25 0 127 84.56 1 0 0 0 0
0 0 0 16 16 0 0 0 0 0 0 127 51 0;
egregore_data 0 0 127 0 0 127 0 0 0 0 0 0 0 0 0 127 38 0 127 0 0 0
0 0 0 0 0 0 0 100 0 0 127 127 78 0 93 90 127 0 19 127 127 0 0 0 70
0 0 0 127 127 34 0 78.4583 50.6488 43.9702 30.994 25.869 23.6726 5.85714
27.3333 46.1131 20.744 45.6369 0 10.006 10.25 0 127 84.56 1 0 0 0 0
0 0 0 16 16 0 0 0 0 0 0 127 51 0;
egregore_data 0 0 127 0 0 127 0 0 0 0 0 0 0 0 0 127 38 0 127 0 0 0
0 0 0 0 0 0 0 100 0 0 127 127 78 0 93 90 127 0 19 127 127 0 0 0 70
0 0 0 127 127 34 0 78.4583 50.6488 43.9702 30.994 25.869 23.6726 5.85714
27.3333 46.1131 20.744 45.6369 0 10.006 10.25 0 127 84.56 1 0 0 0 0
0 0 0 16 16 0 0 0 0 0 0 127 51 0;
egregore_data 0 0 127 0 0 127 0 0 0 0 0 0 0 0 0 127 38 0 127 0 0 0
0 0 0 0 0 0 0 100 0 0 127 127 78 0 93 90 127 0 19 127 127 0 0 0 70
0 0 0 127 127 34 0 78.4583 50.6488 43.9702 30.994 25.869 23.6726 5.85714
27.3333 46.1131 20.744 45.6369 0 10.006 10.25 0 127 84.56 1 0 0 0 0
0 0 0 16 16 0 0 0 0 0 0 127 51 0;
egregore_data 0 0 127 0 0 127 0 0 0 0 0 0 0 0 0 127 38 0 127 0 0 0
0 0 0 0 0 0 0 100 0 0 127 127 78 0 93 90 127 0 19 127 127 0 0 0 70
0 0 0 127 127 34 0 78.3018 50.3491 43.8047 31.5621 26.3432 24.1065
5.9645 27.8343 45.8402 21.1243 45.7219 0 10.1893 10.4379 0 127 84.56
1 0 0 0 0 0 0 0 16 16 0 0 0 0 0 0 127 51 0;
egregore_data 0 0 127 0 0 127 0 0 0 0 0 0 0 0 0 127 38 0 127 0 0 0
0 0 0 0 0 0 0 100 0 0 127 127 78 0 93 90 127 0 19 127 127 0 0 0 70
0 0 0 127 127 34 0 78.3018 50.3491 43.8047 31.5621 26.3432 24.1065
5.9645 27.8343 45.8402 21.1243 45.7219 0 10.1893 10.4379 0 127 84.56
1 0 0 0 0 0 0 0 16 16 0 0 0 0 0 0 127 51 0;
egregore_data 0 0 127 0 0 127 0 0 0 0 0 0 0 0 0 127 38 0 127 0 0 0
0 0 0 0 0 0 0 100 0 0 127 127 78 0 93 90 127 0 19 127 127 0 0 0 70
0 0 0 127 127 34 0 78.3018 50.3491 43.8047 31.5621 26.3432 24.1065
5.9645 27.8343 45.8402 21.1243 45.7219 0 10.1893 10.4379 0 127 84.56
1 0 0 0 0 0 0 0 16 16 0 0 0 0 0 0 127 51 0;
egregore_data 0 0 127 0 0 127 0 0 0 0 0 0 0 0 0 127 38 0 127 0 0 0
0 0 0 0 0 0 0 100 0 0 127 127 78 0 93 90 127 0 19 127 127 0 0 0 70
0 0 0 127 127 34 0 78.3018 50.3491 43.8047 31.5621 26.3432 24.1065
5.9645 27.8343 45.8402 21.1243 45.7219 0 10.1893 10.4379 0 127 84.56
1 0 0 0 0 0 0 0 16 16 0 0 0 0 0 0 127 51 0;
egregore_data 0 0 127 0 0 127 0 0 0 0 0 0 0 0 0 127 38 0 127 0 0 0
0 0 0 0 0 0 0 100 0 0 127 127 78 0 93 90 127 0 19 127 127 0 0 0 70
0 0 0 127 127 34 0 78.3018 50.3491 43.8047 31.5621 26.3432 24.1065
5.9645 27.8343 45.8402 21.1243 45.7219 0 10.1893 10.4379 0 127 84.56
1 0 0 0 0 0 0 0 16 16 0 0 0 0 0 0 127 51 0;
egregore_data 0 0 127 0 0 127 0 0 0 0 0 0 0 0 0 127 38 0 127 0 0 0
0 0 0 0 0 0 0 100 0 0 127 127 78 0 93 90 127 0 19 127 127 0 0 0 70
0 0 0 127 127 34 0 78.3018 50.3491 43.8047 31.5621 26.3432 24.1065
5.9645 27.8343 45.8402 21.1243 45.7219 0 10.1893 10.4379 0 127 84.56
1 0 0 0 0 0 0 0 16 16 0 0 0 0 0 0 127 51 0;
egregore_data 0 0 127 0 0 127 0 0 0 0 0 0 0 0 0 127 38 0 127 0 0 0
0 0 0 0 0 0 0 100 0 0 127 127 78 0 93 90 127 0 19 127 127 0 0 0 70
0 0 0 127 127 34 0 78.3018 50.3491 43.8047 31.5621 26.3432 24.1065
5.9645 27.8343 45.8402 21.1243 45.7219 0 10.1893 10.4379 0 127 84.56
1 0 0 0 0 0 0 0 16 16 0 0 0 0 0 0 127 51 0;
egregore_data 0 0 127 0 0 127 0 0 0 0 0 0 0 0 0 127 38 0 127 0 0 0
0 0 0 0 0 0 0 100 0 0 127 127 78 0 93 90 127 0 19 127 127 0 0 0 70
0 0 0 127 127 34 0 78.3018 50.3491 43.8047 31.5621 26.3432 24.1065
5.9645 27.8343 45.8402 21.1243 45.7219 0 10.1893 10.4379 0 127 84.56
1 0 0 0 0 0 0 0 16 16 0 0 0 0 0 0 127 51 0;
egregore_data 0 0 127 0 0 127 0 0 0 0 0 0 0 0 0 127 38 0 127 0 0 0
0 0 0 0 0 0 0 100 0 0 127 127 78 0 93 90 127 0 19 127 127 0 0 0 70
0 0 0 127 127 34 0 78.3018 50.3491 43.8047 31.5621 26.3432 24.1065
5.9645 27.8343 45.8402 21.1243 45.7219 0 10.1893 10.4379 0 127 84.56
1 0 0 0 0 0 0 0 16 16 0 0 0 0 0 0 127 51 0;
egregore_data 0 0 127 0 0 127 0 0 0 0 0 0 0 0 0 127 38 0 127 0 0 0
0 0 0 0 0 0 0 100 0 0 127 127 78 0 93 90 127 0 19 127 127 0 0 0 70
0 0 0 127 127 34 0 78.3018 50.3491 43.8047 31.5621 26.3432 24.1065
5.9645 27.8343 45.8402 21.1243 45.7219 0 10.1893 10.4379 0 127 84.56
1 0 0 0 0 0 0 0 16 16 0 0 0 0 0 0 127 51 0;
egregore_data 0 0 127 0 0 127 0 0 0 0 0 0 0 0 0 127 38 0 127 0 0 0
0 0 0 0 0 0 0 100 0 0 127 127 78 0 93 90 127 0 19 127 127 0 0 0 70
0 0 0 127 127 34 0 78.3018 50.3491 43.8047 31.5621 26.3432 24.1065
5.9645 27.8343 45.8402 21.1243 45.7219 0 10.1893 10.4379 0 127 84.56
1 0 0 0 0 0 0 0 16 16 0 0 0 0 0 0 127 51 0;
egregore_data 0 0 127 0 0 127 0 0 0 0 0 0 0 0 0 127 38 0 127 0 0 0
0 0 0 0 0 0 0 100 0 0 127 127 78 0 93 90 127 0 19 127 127 0 0 0 70
0 0 0 127 127 34 0 78.3018 50.3491 43.8047 31.5621 26.3432 24.1065
5.9645 27.8343 45.8402 21.1243 45.7219 0 10.1893 10.4379 0 127 84.56
1 0 0 0 0 0 0 0 16 16 0 0 0 0 0 0 127 51 0;
egregore_data 0 0 127 0 0 127 0 0 0 0 0 0 0 0 0 127 38 0 127 0 0 0
0 0 0 0 0 0 0 100 0 0 127 127 78 0 93 90 127 0 19 127 127 0 0 0 70
0 0 0 127 127 34 0 78.3018 50.3491 43.8047 31.5621 26.3432 24.1065
5.9645 27.8343 45.8402 21.1243 45.7219 0 10.1893 10.4379 0 127 84.56
1 0 0 0 0 0 0 0 16 16 0 0 0 0 0 0 127 51 0;
egregore_data 0 0 127 0 0 127 0 0 0 0 0 0 0 0 0 127 38 0 127 0 0 0
0 0 0 0 0 0 0 100 0 0 127 127 78 0 93 90 127 0 19 127 127 0 0 0 70
0 0 0 127 127 34 0 78.1471 50.0529 43.6412 32.1235 26.8118 24.5353
6.07059 28.3294 45.5706 21.5 45.8059 0 10.3706 10.6235 0 127 84.56
1 0 0 0 0 0 0 0 16 16 0 0 0 0 0 0 127 51 0;
egregore_data 0 0 127 0 0 127 0 0 0 0 0 0 0 0 0 127 38 0 127 0 0 0
0 0 0 0 0 0 0 100 0 0 127 127 78 0 93 90 127 0 19 127 127 0 0 0 70
0 0 0 127 127 34 0 78.1471 50.0529 43.6412 32.1235 26.8118 24.5353
6.07059 28.3294 45.5706 21.5 45.8059 0 10.3706 10.6235 0 127 84.56
1 0 0 0 0 0 0 0 16 16 0 0 0 0 0 0 127 51 0;
egregore_data 0 0 127 0 0 127 0 0 0 0 0 0 0 0 0 127 38 0 127 0 0 0
0 0 0 0 0 0 0 100 0 0 127 127 78 0 93 90 127 0 19 127 127 0 0 0 70
0 0 0 127 127 34 0 78.1471 50.0529 43.6412 32.1235 26.8118 24.5353
6.07059 28.3294 45.5706 21.5 45.8059 0 10.3706 10.6235 0 127 84.56
1 0 0 0 0 0 0 0 16 16 0 0 0 0 0 0 127 51 0;
egregore_data 0 0 127 0 0 127 0 0 0 0 0 0 0 0 0 127 38 0 127 0 0 0
0 0 0 0 0 0 0 100 0 0 127 127 78 0 93 90 127 0 19 127 127 0 0 0 70
0 0 0 127 127 34 0 78.1471 50.0529 43.6412 32.1235 26.8118 24.5353
6.07059 28.3294 45.5706 21.5 45.8059 0 10.3706 10.6235 0 127 84.56
1 0 0 0 0 0 0 0 16 16 0 0 0 0 0 0 127 51 0;
egregore_data 0 0 127 0 0 127 0 0 0 0 0 0 0 0 0 127 38 0 127 0 0 0
0 0 0 0 0 0 0 100 0 0 127 127 78 0 93 90 127 0 19 127 127 0 0 0 70
0 0 0 127 127 34 0 78.1471 50.0529 43.6412 32.1235 26.8118 24.5353
6.07059 28.3294 45.5706 21.5 45.8059 0 10.3706 10.6235 0 127 84.56
1 0 0 0 0 0 0 0 16 16 0 0 0 0 0 0 127 51 0;
egregore_data 0 0 127 0 0 127 0 0 0 0 0 0 0 0 0 127 38 0 127 0 0 0
0 0 0 0 0 0 0 100 0 0 127 127 78 0 93 90 127 0 19 127 127 0 0 0 70
0 0 0 127 127 34 0 78.1471 50.0529 43.6412 32.1235 26.8118 24.5353
6.07059 28.3294 45.5706 21.5 45.8059 0 10.3706 10.6235 0 127 84.56
1 0 0 0 0 0 0 0 16 16 0 0 0 0 0 0 127 51 0;
egregore_data 0 0 127 0 0 127 0 0 0 0 0 0 0 0 0 127 38 0 127 0 0 0
0 0 0 0 0 0 0 100 0 0 127 127 78 0 93 90 127 0 19 127 127 0 0 0 70
0 0 0 127 127 34 0 78.1471 50.0529 43.6412 32.1235 26.8118 24.5353
6.07059 28.3294 45.5706 21.5 45.8059 0 10.3706 10.6235 0 127 84.56
1 0 0 0 0 0 0 0 16 16 0 0 0 0 0 0 127 51 0;
egregore_data 0 0 127 0 0 127 0 0 0 0 0 0 0 0 0 127 38 0 127 0 0 0
0 0 0 0 0 0 0 100 0 0 127 127 78 0 93 90 127 0 19 127 127 0 0 0 70
0 0 0 127 127 34 0 78.1471 50.0529 43.6412 32.1235 26.8118 24.5353
6.07059 28.3294 45.5706 21.5 45.8059 0 10.3706 10.6235 0 127 84.56
1 0 0 0 0 0 0 0 16 16 0 0 0 0 0 0 127 51 0;
egregore_data 0 0 127 0 0 127 0 0 0 0 0 0 0 0 0 127 38 0 127 0 0 0
0 0 0 0 0 0 0 100 0 0 127 127 78 0 93 90 127 0 19 127 127 0 0 0 70
0 0 0 127 127 34 0 78.1471 50.0529 43.6412 32.1235 26.8118 24.5353
6.07059 28.3294 45.5706 21.5 45.8059 0 10.3706 10.6235 0 127 84.56
1 0 0 0 0 0 0 0 16 16 0 0 0 0 0 0 127 51 0;
egregore_data 0 0 127 0 0 127 0 0 0 0 0 0 0 0 0 127 38 0 127 0 0 0
0 0 0 0 0 0 0 100 0 0 127 127 78 0 93 90 127 0 19 127 127 0 0 0 70
0 0 0 127 127 34 0 78.1471 50.0529 43.6412 32.1235 26.8118 24.5353
6.07059 28.3294 45.5706 21.5 45.8059 0 10.3706 10.6235 0 127 84.56
1 0 0 0 0 0 0 0 16 16 0 0 0 0 0 0 127 51 0;
egregore_data 0 0 127 0 0 127 0 0 0 0 0 0 0 0 0 127 38 0 127 0 0 0
0 0 0 0 0 0 0 100 0 0 127 127 78 0 93 90 127 0 19 127 127 0 0 0 70
0 0 0 127 127 34 0 78.1471 50.0529 43.6412 32.1235 26.8118 24.5353
6.07059 28.3294 45.5706 21.5 45.8059 0 10.3706 10.6235 0 127 84.56
1 0 0 0 0 0 0 0 16 16 0 0 0 0 0 0 127 51 0;
egregore_data 0 0 127 0 0 127 0 0 0 0 0 0 0 0 0 127 38 0 127 0 0 0
0 0 0 0 0 0 0 100 0 0 127 127 78 0 93 90 127 0 19 127 127 0 0 0 70
0 0 0 127 127 34 0 78.1471 50.0529 43.6412 32.1235 26.8118 24.5353
6.07059 28.3294 45.5706 21.5 45.8059 0 10.3706 10.6235 0 127 84.56
1 0 0 0 0 0 0 0 16 16 0 0 0 0 0 0 127 51 0;
egregore_data 0 0 127 0 0 127 0 0 0 0 0 0 0 0 0 127 38 0 127 0 0 0
0 0 0 0 0 0 0 100 0 0 127 127 78 0 93 90 127 0 19 127 127 0 0 0 70
0 0 0 127 127 34 0 78.1471 50.0529 43.6412 32.1235 26.8118 24.5353
6.07059 28.3294 45.5706 21.5 45.8059 0 10.3706 10.6235 0 127 84.56
1 0 0 0 0 0 0 0 16 16 0 0 0 0 0 0 127 51 0;
egregore_data 0 0 127 0 0 127 0 0 0 0 0 0 0 0 0 127 38 0 127 0 0 0
0 0 0 0 0 0 0 100 0 0 127 127 78 0 93 90 127 0 19 127 127 0 0 0 70
0 0 0 127 127 34 0 78.1471 50.0529 43.6412 32.1235 26.8118 24.5353
6.07059 28.3294 45.5706 21.5 45.8059 0 10.3706 10.6235 0 127 84.56
1 0 0 0 0 0 0 0 16 16 0 0 0 0 0 0 127 51 0;
egregore_data 0 0 127 0 0 127 0 0 0 0 0 0 0 0 0 127 38 0 127 0 0 0
0 0 0 0 0 0 0 100 0 0 127 127 78 0 93 90 127 0 19 127 127 0 0 0 70
0 0 0 127 127 34 0 78.1471 50.0529 43.6412 32.1235 26.8118 24.5353
6.07059 28.3294 45.5706 21.5 45.8059 0 10.3706 10.6235 0 127 84.56
1 0 0 0 0 0 0 0 16 16 0 0 0 0 0 0 127 51 0;
egregore_data 0 0 127 0 0 127 0 0 0 0 0 0 0 0 0 127 38 0 127 0 0 0
0 0 0 0 0 0 0 100 0 0 127 127 78 0 93 90 127 0 19 127 127 0 0 0 70
0 0 0 127 127 34 0 78.1471 50.0529 43.6412 32.1235 26.8118 24.5353
6.07059 28.3294 45.5706 21.5 45.8059 0 10.3706 10.6235 0 127 84.56
1 0 0 0 0 0 0 0 16 16 0 0 0 0 0 0 127 51 0;
egregore_data 0 0 127 0 0 127 0 0 0 0 0 0 0 0 0 127 38 0 127 0 0 0
0 0 0 0 0 0 0 100 0 0 127 127 78 0 93 90 127 0 19 127 127 0 0 0 70
0 0 0 127 127 34 0 78.1471 50.0529 43.6412 32.1235 26.8118 24.5353
6.07059 28.3294 45.5706 21.5 45.8059 0 10.3706 10.6235 0 127 84.56
1 0 0 0 0 0 0 0 16 16 0 0 0 0 0 0 127 51 0;
egregore_data 0 0 127 0 0 127 0 0 0 0 0 0 0 0 0 127 38 0 127 0 0 0
0 0 0 0 0 0 0 100 0 0 127 127 78 0 93 90 127 0 19 127 127 0 0 0 70
0 0 0 127 127 34 0 78.1471 50.0529 43.6412 32.1235 26.8118 24.5353
6.07059 28.3294 45.5706 21.5 45.8059 0 10.3706 10.6235 0 127 84.56
1 0 0 0 0 0 0 0 16 16 0 0 0 0 0 0 127 51 0;
egregore_data 0 0 127 0 0 127 0 0 0 0 0 0 0 0 0 127 38 0 127 0 0 0
0 0 0 0 0 0 0 100 0 0 127 127 78 0 93 90 127 0 19 127 127 0 0 0 70
0 0 0 127 127 34 0 78.1471 50.0529 43.6412 32.1235 26.8118 24.5353
6.07059 28.3294 45.5706 21.5 45.8059 0 10.3706 10.6235 0 127 84.56
1 0 0 0 0 0 0 0 16 16 0 0 0 0 0 0 127 51 0;
egregore_data 0 0 127 0 0 127 0 0 0 0 0 0 0 0 0 127 38 0 127 0 0 0
0 0 0 0 0 0 0 100 0 0 127 127 78 0 93 90 127 0 19 127 127 0 0 0 70
0 0 0 127 127 34 0 78.1471 50.0529 43.6412 32.1235 26.8118 24.5353
6.07059 28.3294 45.5706 21.5 45.8059 0 10.3706 10.6235 0 127 84.56
1 0 0 0 0 0 0 0 16 16 0 0 0 0 0 0 127 51 0;
egregore_data 0 0 127 0 0 127 0 0 0 0 0 0 0 0 0 127 38 0 127 0 0 0
0 0 0 0 0 0 0 100 0 0 127 127 78 0 93 90 127 0 19 127 127 0 0 0 70
0 0 0 127 127 34 0 78.1471 50.0529 43.6412 32.1235 26.8118 24.5353
6.07059 28.3294 45.5706 21.5 45.8059 0 10.3706 10.6235 0 127 84.56
1 0 0 0 0 0 0 0 16 16 0 0 0 0 0 0 127 51 0;
egregore_data 0 0 127 0 0 127 0 0 0 0 0 0 0 0 0 127 38 0 127 0 0 0
0 0 0 0 0 0 0 100 0 0 127 127 78 0 93 90 127 0 19 127 127 0 0 0 70
0 0 0 127 127 34 0 78.1471 50.0529 43.6412 32.1235 26.8118 24.5353
6.07059 28.3294 45.5706 21.5 45.8059 0 10.3706 10.6235 0 127 84.56
1 0 0 0 0 0 0 0 16 16 0 0 0 0 0 0 127 51 0;
egregore_data 0 0 127 0 0 127 0 0 0 0 0 0 0 0 0 127 38 0 127 0 0 0
0 0 0 0 0 0 0 100 0 0 127 127 78 0 93 90 127 0 19 127 127 0 0 0 70
0 0 0 127 127 34 0 78.1471 50.0529 43.6412 32.1235 26.8118 24.5353
6.07059 28.3294 45.5706 21.5 45.8059 0 10.3706 10.6235 0 127 84.56
1 0 0 0 0 0 0 0 16 16 0 0 0 0 0 0 127 51 0;
egregore_data 0 0 127 0 0 127 0 0 0 0 0 0 0 0 0 127 38 0 127 0 0 0
0 0 0 0 0 0 0 100 0 0 127 127 78 0 93 90 127 0 19 127 127 0 0 0 70
0 0 0 127 127 34 0 78.1471 50.0529 43.6412 32.1235 26.8118 24.5353
6.07059 28.3294 45.5706 21.5 45.8059 0 10.3706 10.6235 0 127 84.56
1 0 0 0 0 0 0 0 16 16 0 0 0 0 0 0 127 51 0;
egregore_data 0 0 127 0 0 127 0 0 0 0 0 0 0 0 0 127 38 0 127 0 0 0
0 0 0 0 0 0 0 100 0 0 127 127 78 0 93 90 127 0 19 127 127 0 0 0 70
0 0 0 127 127 34 0 78.1471 50.0529 43.6412 32.1235 26.8118 24.5353
6.07059 28.3294 45.5706 21.5 45.8059 0 10.3706 10.6235 0 127 84.56
1 0 0 0 0 0 0 0 16 16 0 0 0 0 0 0 127 51 0;
egregore_data 0 0 127 0 0 127 0 0 0 0 0 0 0 0 0 127 38 0 127 0 0 0
0 0 0 0 0 0 0 100 0 0 127 127 78 0 93 90 127 0 19 127 127 0 0 0 70
0 0 0 127 127 34 0 77.843 49.4709 43.3198 33.2267 27.7326 25.3779 6.27907
29.3023 45.0407 22.2384 45.9709 0 10.7267 10.9884 0 127 84.56 1 0 0
0 0 0 0 0 16 16 0 0 0 0 0 0 127 51 0;
egregore_data 0 0 127 0 0 127 0 0 0 0 0 0 0 0 0 127 38 0 127 0 0 0
0 0 0 0 0 0 0 100 0 0 127 127 78 0 93 90 127 0 19 127 127 0 0 0 70
0 0 0 127 127 34 0 77.6936 49.185 43.1618 33.7688 28.185 25.7919 6.3815
29.7803 44.7803 22.6012 46.052 0 10.9017 11.1676 0 127 84.56 1 0 0
0 0 0 0 0 16 16 0 0 0 0 0 0 127 51 0;
egregore_data 0 0 127 0 0 127 0 0 0 0 0 0 0 0 0 127 38 0 127 0 0 0
0 0 0 0 0 0 0 100 0 0 127 127 78 0 93 90 127 0 19 127 127 0 0 0 70
0 0 0 127 127 34 0 77.546 48.9023 43.0057 34.3046 28.6322 26.2011 6.48276
30.2529 44.523 22.9598 46.1322 0 11.0747 11.3448 0 127 84.56 1 0 0
0 0 0 0 0 16 16 0 0 0 0 0 0 127 51 0;
egregore_data 0 0 127 0 0 127 0 0 0 0 0 0 0 0 0 127 38 0 127 0 0 0
0 0 0 0 0 0 0 100 0 0 127 127 78 0 93 90 127 0 19 127 127 0 0 0 70
0 0 0 127 127 34 0 77.546 48.9023 43.0057 34.3046 28.6322 26.2011 6.48276
30.2529 44.523 22.9598 46.1322 0 11.0747 11.3448 0 127 84.56 1 0 0
0 0 0 0 0 16 16 0 0 0 0 0 0 127 51 0;
egregore_data 0 0 127 0 0 127 0 0 0 0 0 0 0 0 0 127 38 0 127 0 0 0
0 0 0 0 0 0 0 100 0 0 127 127 78 0 93 90 127 0 19 127 127 0 0 0 70
0 0 0 127 127 34 0 77.4 48.6229 42.8514 34.8343 29.0743 26.6057 6.58286
30.72 44.2686 23.3143 46.2114 0 11.2457 11.52 0 127 84.56 1 0 0 0 0
0 0 0 16 16 0 0 0 0 0 0 127 51 0;
egregore_data 0 0 127 0 0 127 0 0 0 0 0 0 0 0 0 127 38 0 127 0 0 0
0 0 0 0 0 0 0 100 0 0 127 127 78 0 93 90 127 0 19 127 127 0 0 0 70
0 0 0 127 127 34 0 77.4 48.6229 42.8514 34.8343 29.0743 26.6057 6.58286
30.72 44.2686 23.3143 46.2114 0 11.2457 11.52 0 127 84.56 1 0 0 0 0
0 0 0 16 16 0 0 0 0 0 0 127 51 0;
egregore_data 0 0 127 0 0 127 0 0 0 0 0 0 0 0 0 127 38 0 127 0 0 0
0 0 0 0 0 0 0 100 0 0 127 127 78 0 93 90 127 0 19 127 127 0 0 0 70
0 0 0 127 127 34 0 77.2557 48.3466 42.6989 35.358 29.5114 27.0057 6.68182
31.1818 44.017 23.6648 46.2898 0 11.4148 11.6932 0 127 84.56 1 0 0
0 0 0 0 0 16 16 0 0 0 0 0 0 127 51 0;
egregore_data 0 0 127 0 0 127 0 0 0 0 0 0 0 0 0 127 38 0 127 0 0 0
0 0 0 0 0 0 0 100 0 0 127 127 78 0 93 90 127 0 19 127 127 0 0 0 70
0 0 0 127 127 34 0 77.2557 48.3466 42.6989 35.358 29.5114 27.0057 6.68182
31.1818 44.017 23.6648 46.2898 0 11.4148 11.6932 0 127 84.56 1 0 0
0 0 0 0 0 16 16 0 0 0 0 0 0 127 51 0;
egregore_data 0 0 127 0 0 127 0 0 0 0 0 0 0 0 0 127 38 0 127 0 0 0
0 0 0 0 0 0 0 100 0 0 127 127 78 0 93 90 127 0 19 127 127 0 0 0 70
0 0 0 127 127 34 0 77.2557 48.3466 42.6989 35.358 29.5114 27.0057 6.68182
31.1818 44.017 23.6648 46.2898 0 11.4148 11.6932 0 127 84.56 1 0 0
0 0 0 0 0 16 16 0 0 0 0 0 0 127 51 0;
egregore_data 0 0 127 0 0 127 0 0 0 0 0 0 0 0 0 127 38 0 127 0 0 0
0 0 0 0 0 0 0 100 0 0 127 127 78 0 93 90 127 0 19 127 127 0 0 0 70
0 0 0 127 127 34 0 77.2557 48.3466 42.6989 35.358 29.5114 27.0057 6.68182
31.1818 44.017 23.6648 46.2898 0 11.4148 11.6932 0 127 84.56 1 0 0
0 0 0 0 0 16 16 0 0 0 0 0 0 127 51 0;
egregore_data 0 0 127 0 0 127 0 0 0 0 0 0 0 0 0 127 38 0 127 0 0 0
0 0 0 0 0 0 0 100 0 0 127 127 78 0 93 90 127 0 19 127 127 0 0 0 70
0 0 0 127 127 34 0 76.9719 47.8034 42.3989 36.3876 30.3708 27.7921
6.8764 32.0899 43.5225 24.3539 46.4438 0 11.7472 12.0337 0 127 84.56
1 0 0 0 0 0 0 0 16 16 0 0 0 0 0 0 127 51 0;
egregore_data 0 0 127 0 0 127 0 0 0 0 0 0 0 0 0 127 38 0 127 0 0 0
0 0 0 0 0 0 0 100 0 0 127 127 78 0 93 90 127 0 19 127 127 0 0 0 70
0 0 0 127 127 34 0 76.9719 47.8034 42.3989 36.3876 30.3708 27.7921
6.8764 32.0899 43.5225 24.3539 46.4438 0 11.7472 12.0337 0 127 84.56
1 0 0 0 0 0 0 0 16 16 0 0 0 0 0 0 127 51 0;
egregore_data 0 0 127 0 0 127 0 0 0 0 0 0 0 0 0 127 38 0 127 0 0 0
0 0 0 0 0 0 0 100 0 0 127 127 78 0 93 90 127 0 19 127 127 0 0 0 70
0 0 0 127 127 34 0 76.8324 47.5363 42.2514 36.8939 30.7933 28.1788
6.97207 32.5363 43.2793 24.6927 46.5196 0 11.9106 12.2011 0 127 84.56
1 0 0 0 0 0 0 0 16 16 0 0 0 0 0 0 127 51 0;
egregore_data 0 0 127 0 0 127 0 0 0 0 0 0 0 0 0 127 38 0 127 0 0 0
0 0 0 0 0 0 0 100 0 0 127 127 78 0 93 90 127 0 19 127 127 0 0 0 70
0 0 0 127 127 34 0 76.8324 47.5363 42.2514 36.8939 30.7933 28.1788
6.97207 32.5363 43.2793 24.6927 46.5196 0 11.9106 12.2011 0 127 84.56
1 0 0 0 0 0 0 0 16 16 0 0 0 0 0 0 127 51 0;
egregore_data 0 0 127 0 0 127 0 0 0 0 0 0 0 0 0 127 38 0 127 0 0 0
0 0 0 0 0 0 0 100 0 0 127 127 78 0 93 90 127 0 19 127 127 0 0 0 70
0 0 0 127 127 34 0 76.8324 47.5363 42.2514 36.8939 30.7933 28.1788
6.97207 32.5363 43.2793 24.6927 46.5196 0 11.9106 12.2011 0 127 84.56
1 0 0 0 0 0 0 0 16 16 0 0 0 0 0 0 127 51 0;
egregore_data 0 0 127 0 0 127 0 0 0 0 0 0 0 0 0 127 38 0 127 0 0 0
0 0 0 0 0 0 0 100 0 0 127 127 78 0 93 90 127 0 19 127 127 0 0 0 70
0 0 0 127 127 34 0 76.8324 47.5363 42.2514 36.8939 30.7933 28.1788
6.97207 32.5363 43.2793 24.6927 46.5196 0 11.9106 12.2011 0 127 84.56
1 0 0 0 0 0 0 0 16 16 0 0 0 0 0 0 127 51 0;
egregore_data 0 0 127 0 0 127 0 0 0 0 0 0 0 0 0 127 38 0 127 0 0 0
0 0 0 0 0 0 0 100 0 0 127 127 78 0 93 90 127 0 19 127 127 0 0 0 70
0 0 0 127 127 34 0 76.8324 47.5363 42.2514 36.8939 30.7933 28.1788
6.97207 32.5363 43.2793 24.6927 46.5196 0 11.9106 12.2011 0 127 84.56
1 0 0 0 0 0 0 0 16 16 0 0 0 0 0 0 127 51 0;
egregore_data 0 0 127 0 0 127 0 0 0 0 0 0 0 0 0 127 38 0 127 0 0 0
0 0 0 0 0 0 0 100 0 0 127 127 78 0 93 90 127 0 19 127 127 0 0 0 70
0 0 0 127 127 34 0 76.8324 47.5363 42.2514 36.8939 30.7933 28.1788
6.97207 32.5363 43.2793 24.6927 46.5196 0 11.9106 12.2011 0 127 84.56
1 0 0 0 0 0 0 0 16 16 0 0 0 0 0 0 127 51 0;
egregore_data 0 0 127 0 0 127 0 0 0 0 0 0 0 0 0 127 38 0 127 0 0 0
0 0 0 0 0 0 0 100 0 0 127 127 78 0 93 90 127 0 19 127 127 0 0 0 70
0 0 0 127 127 34 0 76.8324 47.5363 42.2514 36.8939 30.7933 28.1788
6.97207 32.5363 43.2793 24.6927 46.5196 0 11.9106 12.2011 0 127 84.56
1 0 0 0 0 0 0 0 16 16 0 0 0 0 0 0 127 51 0;
END;
