HTTP/1.1 200 OK
Date: Thu, 28 May 2015 12:31:02 GMT
Server: Apache
Last-Modified: Wed, 27 May 2015 19:03:52 GMT
Accept-Ranges: bytes
Content-Length: 23630
Vary: Accept-Encoding
Connection: close
Content-Type: text/plain

chdh_egregore_live_data;
egregore_data 123 127 0 119 115 0 127 0 0 0 0 0 0 0 0 127 38 1 0 0
0 0 0 0 0 0 0 6 0 127 0 0 0 127 78 0 0 0 127 0 0 30 127 0 0 0 70 0
0 0 0 127 34 0 53 99 83 0 0 0 0 32 0 0 21 0 40 0 0 127 88 0 0 0 0 0
0 0 0 16 16 0 0 0 0 0 0 127 51 0;
egregore_data 123 127 0 119 115 0 127 0 0 0 0 0 0 0 0 127 38 1 0 0
0 0 0 0 0 0 0 6 0 127 0 0 0 127 78 0 0 0 127 0 0 30 127 0 0 0 70 0
0 0 0 127 34 0 53 99 83 0 0 0 0 32 0 0 21 0 40 0 0 127 88 0 0 0 0 0
0 0 0 16 16 0 0 0 0 0 0 127 51 0;
egregore_data 123 127 0 119 115 0 127 0 0 0 0 0 0 0 0 127 38 1 0 0
0 0 0 0 0 0 0 6 0 127 0 0 0 127 78 0 0 0 127 0 0 30 127 0 0 0 70 0
0 0 0 127 34 0 53 99 83 0 0 0 0 32 0 0 21 0 40 0 0 127 88 0 0 0 0 0
0 0 0 16 16 0 0 0 0 0 0 127 51 0;
egregore_data 123 127 0 119 115 0 127 0 0 0 0 0 0 0 0 127 38 1 0 0
0 0 0 0 0 0 0 6 0 127 0 0 0 127 78 0 0 0 127 0 0 30 127 0 0 0 70 0
0 0 0 127 34 0 53 99 83 0 0 0 0 32 0 0 21 0 40 0 0 127 88 0 0 0 0 0
0 0 0 16 16 0 0 0 0 0 0 127 51 0;
egregore_data 123 127 0 119 115 0 127 0 0 0 0 0 0 0 0 127 38 1 0 0
0 0 0 0 0 0 0 6 0 127 0 0 0 127 78 0 0 0 127 0 0 30 127 0 0 0 70 0
0 0 0 127 34 0 53 99 83 0 0 0 0 32 0 0 21 0 40 0 0 127 88 0 0 0 0 0
0 0 0 16 16 0 0 0 0 0 0 127 51 0;
egregore_data 123 127 0 119 115 0 127 0 0 0 0 0 0 0 0 127 38 1 0 0
0 0 0 0 0 0 0 6 0 127 0 0 0 127 78 0 0 0 127 0 0 30 127 0 0 0 70 0
0 0 0 127 34 0 53 99 83 0 0 0 0 32 0 0 21 0 40 0 0 127 88 0 0 0 0 0
0 0 0 16 16 0 0 0 0 0 0 127 51 0;
egregore_data 123 127 0 119 115 0 127 0 0 0 0 0 0 0 0 127 38 1 0 0
0 0 0 0 0 0 0 6 0 127 0 0 0 127 78 0 0 0 127 0 0 30 127 0 0 0 70 0
0 0 0 127 34 0 53 99 83 0 0 0 0 32 0 0 21 0 40 0 0 127 88 0 0 0 0 0
0 0 0 16 16 0 0 0 0 0 0 127 51 0;
egregore_data 123 127 0 119 115 0 127 0 0 0 0 0 0 0 0 127 38 1 0 0
0 0 0 0 0 0 0 6 0 127 0 0 0 127 78 0 0 0 127 0 0 30 127 0 0 0 70 0
0 0 0 127 34 0 53 99 83 0 0 0 0 32 0 0 21 0 40 0 0 127 88 0 0 0 0 0
0 0 0 16 16 0 0 0 0 0 0 127 51 0;
egregore_data 123 127 0 119 115 0 127 0 0 0 0 0 0 0 0 127 38 1 0 0
0 0 0 0 0 0 0 6 0 127 0 0 0 127 78 0 0 0 127 0 0 30 127 0 0 0 70 0
0 0 0 127 34 0 53 99 83 0 0 0 0 32 0 0 21 0 40 0 0 127 88 0 0 0 0 0
0 0 0 16 16 0 0 0 0 0 0 127 51 0;
egregore_data 123 127 0 119 115 0 127 0 0 0 0 0 0 0 0 127 38 1 0 0
0 0 0 0 0 0 0 6 0 127 0 0 0 127 78 0 0 0 127 0 0 30 127 0 0 0 70 0
0 0 0 127 34 0 53 99 83 0 0 0 0 32 0 0 21 0 40 0 0 127 88 0 0 0 0 0
0 0 0 16 16 0 0 0 0 0 0 127 51 0;
egregore_data 123 127 0 119 115 0 127 0 0 0 0 0 0 0 0 127 38 1 0 0
0 0 0 0 0 0 0 6 0 127 0 0 0 127 78 0 0 0 127 0 0 30 127 0 0 0 70 0
0 0 0 127 34 0 53 99 83 0 0 0 0 32 0 0 21 0 40 0 0 127 88 0 0 0 0 0
0 0 0 16 16 0 0 0 0 0 0 127 51 0;
egregore_data 123 127 0 119 115 0 127 0 0 0 0 0 0 0 0 127 38 1 0 0
0 0 0 0 0 0 0 6 0 127 0 0 0 127 78 0 0 0 127 0 0 30 127 0 0 0 70 0
0 0 0 127 34 0 53 99 83 0 0 0 0 32 0 0 21 0 40 0 0 127 88 0 0 0 0 0
0 0 0 16 16 0 0 0 0 0 0 127 51 0;
egregore_data 123 127 0 119 115 0 127 0 0 0 0 0 0 0 0 127 38 1 0 0
0 0 0 0 0 0 0 6 0 127 0 0 0 127 78 0 0 0 127 0 0 30 127 0 0 0 70 0
0 0 0 127 34 0 53 99 83 0 0 0 0 32 0 0 21 0 40 0 0 127 88 0 0 0 0 0
0 0 0 16 16 0 0 0 0 0 0 127 51 0;
egregore_data 123 127 0 119 115 0 127 0 0 0 0 0 0 0 0 127 38 1 0 0
0 0 0 0 0 0 0 6 0 127 0 0 0 127 78 0 0 0 127 0 0 30 127 0 0 0 70 0
0 0 0 127 34 0 53 99 83 0 0 0 0 32 0 0 21 0 40 0 0 127 88 0 0 0 0 0
0 0 0 16 16 0 0 0 0 0 0 127 51 0;
egregore_data 123 127 0 119 115 0 127 0 0 0 0 0 0 0 0 127 38 1 0 0
0 0 0 0 0 0 0 6 0 127 0 0 0 127 78 0 0 0 127 0 0 30 127 0 0 0 70 0
0 0 0 127 34 0 53 99 83 0 0 0 0 32 0 0 21 0 40 0 0 127 88 0 0 0 0 0
0 0 0 16 16 0 0 0 0 0 0 127 51 0;
egregore_data 123 127 0 119 115 0 127 0 0 0 0 0 0 0 0 127 38 1 0 0
0 0 0 0 0 0 0 6 0 127 0 0 0 127 78 0 0 0 127 0 0 30 127 0 0 0 70 0
0 0 0 127 34 0 53 99 83 0 0 0 0 32 0 0 21 0 40 0 0 127 88 0 0 0 0 0
0 0 0 16 16 0 0 0 0 0 0 127 51 0;
egregore_data 123 127 0 119 115 0 127 0 0 0 0 0 0 0 0 127 38 1 0 0
0 0 0 0 0 0 0 6 0 127 0 0 0 127 78 0 0 0 127 0 0 30 127 0 0 0 70 0
0 0 0 127 34 0 53 99 83 0 0 0 0 32 0 0 21 0 40 0 0 127 88 0 0 0 0 0
0 0 0 16 16 0 0 0 0 0 0 127 51 0;
egregore_data 123 127 0 119 115 0 127 0 0 0 0 0 0 0 0 127 38 1 0 0
0 0 0 0 0 0 0 6 0 127 0 0 0 127 78 0 0 0 127 0 0 30 127 0 0 0 70 0
0 0 0 127 34 0 53 99 83 0 0 0 0 32 0 0 21 0 40 0 0 127 88 0 0 0 0 0
0 0 0 16 16 0 0 0 0 0 0 127 51 0;
egregore_data 123 127 0 119 115 0 127 0 0 0 0 0 0 0 0 127 38 1 0 0
0 0 0 0 0 0 0 6 0 127 0 0 0 127 78 0 0 0 127 0 0 30 127 0 0 0 70 0
0 0 0 127 34 0 53 99 83 0 0 0 0 32 0 0 21 0 40 0 0 127 88 0 0 0 0 0
0 0 0 16 16 0 0 0 0 0 0 127 51 0;
egregore_data 123 127 0 119 115 0 127 0 0 0 0 0 0 0 0 127 38 1 0 0
0 0 0 0 0 0 0 6 0 127 0 0 0 127 78 0 0 0 127 0 0 30 127 0 0 0 70 0
0 0 0 127 34 0 53 99 83 0 0 0 0 32 0 0 21 0 40 0 0 127 88 0 0 0 0 0
0 0 0 16 16 0 0 0 0 0 0 127 51 0;
egregore_data 123 127 0 119 115 0 127 0 0 0 0 0 0 0 0 127 38 1 0 0
0 0 0 0 0 0 0 6 0 127 0 0 0 127 78 0 0 0 127 0 0 30 127 0 0 0 70 0
0 0 0 127 34 0 53 99 83 0 0 0 0 32 0 0 21 0 40 0 0 127 88 0 0 0 0 0
0 0 0 16 16 0 0 0 0 0 0 127 51 0;
egregore_data 123 127 0 119 115 0 127 0 0 0 0 0 0 0 0 127 38 1 0 0
0 0 0 0 0 0 0 6 0 127 0 0 0 127 78 0 0 0 127 0 0 30 127 0 0 0 70 0
0 0 0 127 34 0 53 99 83 0 0 0 0 32 0 0 21 0 40 0 0 127 88 0 0 0 0 0
0 0 0 16 16 0 0 0 0 0 0 127 51 0;
egregore_data 123 127 0 119 115 0 127 0 0 0 0 0 0 0 0 127 38 1 0 0
0 0 0 0 0 0 0 6 0 127 0 0 0 127 78 0 0 0 127 0 0 30 127 0 0 0 70 0
0 0 0 127 34 0 53 99 83 0 0 0 0 32 0 0 21 0 40 0 0 127 88 0 0 0 0 0
0 0 0 16 16 0 0 0 0 0 0 127 51 0;
egregore_data 123 127 0 119 115 0 127 0 0 0 0 0 0 0 0 127 38 1 0 0
0 0 0 0 0 0 0 6 0 127 0 0 0 127 78 0 0 0 127 0 0 30 127 0 0 0 70 0
0 0 0 127 34 0 53 99 83 0 0 0 0 32 0 0 21 0 40 0 0 127 88 0 0 0 0 0
0 0 0 16 16 0 0 0 0 0 0 127 51 0;
egregore_data 123 127 0 119 115 0 127 0 0 0 0 0 0 0 0 127 38 1 0 0
0 0 0 0 0 0 0 6 0 127 0 0 0 127 78 0 0 0 127 0 0 30 127 0 0 0 70 0
0 0 0 127 34 0 53 99 83 0 0 0 0 32 0 0 21 0 40 0 0 127 88 0 0 0 0 0
0 0 0 16 16 0 0 0 0 0 0 127 51 0;
egregore_data 123 127 0 119 115 0 127 0 0 0 0 0 0 0 0 127 38 1 0 0
0 0 0 0 0 0 0 6 0 127 0 0 0 127 78 0 0 0 127 0 0 30 127 0 0 0 70 0
0 0 0 127 34 0 53 99 83 0 0 0 0 32 0 0 21 0 40 0 0 127 88 0 0 0 0 0
0 0 0 16 16 0 0 0 0 0 0 127 51 0;
egregore_data 123 127 0 119 115 0 127 0 0 0 0 0 0 0 0 127 38 1 0 0
0 0 0 0 0 0 0 6 0 127 0 0 0 127 78 0 0 0 127 0 0 30 127 0 0 0 70 0
0 0 0 127 34 0 53 99 83 0 0 0 0 32 0 0 21 0 40 0 0 127 88 0 0 0 0 0
0 0 0 16 16 0 0 0 0 0 0 127 51 0;
egregore_data 123 127 0 119 115 0 127 0 0 0 0 0 0 0 0 127 38 1 0 0
0 0 0 0 0 0 0 6 0 127 0 0 0 127 78 0 0 0 127 0 0 30 127 0 0 0 70 0
0 0 0 127 34 0 53 99 83 0 0 0 0 32 0 0 21 0 40 0 0 127 88 0 0 0 0 0
0 0 0 16 16 0 0 0 0 0 0 127 51 0;
egregore_data 123 127 0 119 115 0 127 0 0 0 0 0 0 0 0 127 38 1 0 0
0 0 0 0 0 0 0 6 0 127 0 0 0 127 78 0 0 0 127 0 0 30 127 0 0 0 70 0
0 0 0 127 34 0 53 99 83 0 0 0 0 32 0 0 21 0 40 0 0 127 88 0 0 0 0 0
0 0 0 16 16 0 0 0 0 0 0 127 51 0;
egregore_data 123 127 0 119 116 0 127 0 0 0 0 0 0 0 0 127 38 1 0 0
0 0 0 0 0 0 0 6 0 127 0 0 0 127 78 0 0 0 127 0 0 30 127 0 0 0 70 0
0 0 0 127 34 0 53 99 83 0 0 0 0 32 0 0 21 0 40 0 0 127 88 0 0 0 0 0
0 0 0 16 16 0 0 0 0 0 0 127 51 0;
egregore_data 123 127 0 119 116 0 127 0 0 0 0 0 0 0 0 127 38 1 0 0
0 0 0 0 0 0 0 6 0 127 0 0 0 127 78 0 0 0 127 0 0 30 127 0 0 0 70 0
0 0 0 127 34 0 53 99 83 0 0 0 0 32 0 0 21 0 40 0 0 127 88 0 0 0 0 0
0 0 0 16 16 0 0 0 0 0 0 127 51 0;
egregore_data 123 127 0 119 116 0 127 0 0 0 0 0 0 0 0 127 38 1 0 0
0 0 0 0 0 0 0 6 0 127 0 0 0 127 78 0 0 0 127 0 0 30 127 0 0 0 70 0
0 0 0 127 34 0 53 99 83 0 0 0 0 32 0 0 21 0 40 0 0 127 88 0 0 0 0 0
0 0 0 16 16 0 0 0 0 0 0 127 51 0;
egregore_data 123 127 0 119 116 0 127 0 0 0 0 0 0 0 0 127 38 1 0 0
0 0 0 0 0 0 0 6 0 127 0 0 0 127 78 0 0 0 127 0 0 30 127 0 0 0 70 0
0 0 0 127 34 0 53 99 83 0 0 0 0 32 0 0 21 0 40 0 0 127 88 0 0 0 0 0
0 0 0 16 16 0 0 0 0 0 0 127 51 0;
egregore_data 123 127 0 119 116 0 127 0 0 0 0 0 0 0 0 127 38 1 0 0
0 0 0 0 0 0 0 6 0 127 0 0 0 127 78 0 0 0 127 0 0 30 127 0 0 0 70 0
0 0 0 127 34 0 53 99 83 0 0 0 0 32 0 0 21 0 40 0 0 127 88 0 0 0 0 0
0 0 0 16 16 0 0 0 0 0 0 127 51 0;
egregore_data 123 127 0 119 116 0 127 0 0 0 0 0 0 0 0 127 38 1 0 0
0 0 0 0 0 0 0 6 0 127 0 0 0 127 78 0 0 0 127 0 0 30 127 0 0 0 70 0
0 0 0 127 34 0 53 99 83 0 0 0 0 32 0 0 21 0 40 0 0 127 88 0 0 0 0 0
0 0 0 16 16 0 0 0 0 0 0 127 51 0;
egregore_data 123 127 0 121 117 0 127 0 0 0 0 0 0 0 0 127 38 1 0 0
0 0 0 0 0 0 0 6 0 127 0 0 0 127 78 0 0 0 127 0 0 30 127 0 0 0 70 0
0 0 0 127 34 0 53 99 83 0 0 0 0 32 0 0 21 0 40 0 0 127 88 0 0 0 0 0
0 0 0 16 16 0 0 0 0 0 0 127 51 0;
egregore_data 123 127 0 121 117 0 127 0 0 0 0 0 0 0 0 127 38 1 0 0
0 0 0 0 0 0 0 6 0 127 0 0 0 127 78 0 0 0 127 0 0 30 127 0 0 0 70 0
0 0 0 127 34 0 53 99 83 0 0 0 0 32 0 0 21 0 40 0 0 127 88 0 0 0 0 0
0 0 0 16 16 0 0 0 0 0 0 127 51 0;
egregore_data 123 127 0 121 117 0 127 0 0 0 0 0 0 0 0 127 38 1 0 0
0 0 0 0 0 0 0 6 0 127 0 0 0 127 78 0 0 0 127 0 0 30 127 0 0 0 70 0
0 0 0 127 34 0 53 99 83 0 0 0 0 32 0 0 21 0 40 0 0 127 88 0 0 0 0 0
0 0 0 16 16 0 0 0 0 0 0 127 51 0;
egregore_data 123 127 0 121 117 0 127 0 0 0 0 0 0 0 0 127 38 1 0 0
0 0 0 0 0 0 0 6 0 127 0 0 0 127 78 0 0 0 127 0 0 30 127 0 0 0 70 0
0 0 0 127 34 0 53 99 83 0 0 0 0 32 0 0 21 0 40 0 0 127 88 0 0 0 0 0
0 0 0 16 16 0 0 0 0 0 0 127 51 0;
egregore_data 123 127 0 121 117 0 127 0 0 0 0 0 0 0 0 127 38 1 0 0
0 0 0 0 0 0 0 6 0 127 0 0 0 127 78 0 0 0 127 0 0 30 127 0 0 0 70 0
0 0 0 127 34 0 53 99 83 0 0 0 0 32 0 0 21 0 40 0 0 127 88 0 0 0 0 0
0 0 0 16 16 0 0 0 0 0 0 127 51 0;
egregore_data 123 127 0 121 117 0 127 0 0 0 0 0 0 0 0 127 38 1 0 0
0 0 0 0 0 0 0 6 0 127 0 0 0 127 78 0 0 0 127 0 0 30 127 0 0 0 70 0
0 0 0 127 34 0 53 99 83 0 0 0 0 32 0 0 21 0 40 0 0 127 88 0 0 0 0 0
0 0 0 16 16 0 0 0 0 0 0 127 51 0;
egregore_data 123 127 0 121 117 0 127 0 0 0 0 0 0 0 0 127 38 1 0 0
0 0 0 0 0 0 0 6 0 127 0 0 0 127 78 0 0 0 127 0 0 30 127 0 0 0 70 0
0 0 0 127 34 0 53 99 83 0 0 0 0 32 0 0 21 0 40 0 0 127 88 0 0 0 0 0
0 0 0 16 16 0 0 0 0 0 0 127 51 0;
egregore_data 123 127 0 121 117 0 127 0 0 0 0 0 0 0 0 127 38 1 0 0
0 0 0 0 0 0 0 6 0 127 0 0 0 127 78 0 0 0 127 0 0 30 127 0 0 0 70 0
0 0 0 127 34 0 53 99 83 0 0 0 0 32 0 0 21 0 40 0 0 127 88 0 0 0 0 0
0 0 0 16 16 0 0 0 0 0 0 127 51 0;
egregore_data 123 127 0 121 117 0 127 0 0 0 0 0 0 0 0 127 38 1 0 0
0 0 0 0 0 0 0 6 0 127 0 0 0 127 78 0 0 0 127 0 0 30 127 0 0 0 70 0
0 0 0 127 34 0 53 99 83 0 0 0 0 32 0 0 21 0 40 0 0 127 88 0 0 0 0 0
0 0 0 16 16 0 0 0 0 0 0 127 51 0;
egregore_data 123 127 0 121 117 0 127 0 0 0 0 0 0 0 0 127 38 1 0 0
0 0 0 0 0 0 0 6 0 127 0 0 0 127 78 0 0 0 127 0 0 30 127 0 0 0 70 0
0 0 0 127 34 0 53 99 83 0 0 0 0 32 0 0 21 0 40 0 0 127 88 0 0 0 0 0
0 0 0 16 16 0 0 0 0 0 0 127 51 0;
egregore_data 123 127 0 121 117 0 127 0 0 0 0 0 0 0 0 127 38 1 0 0
0 0 0 0 0 0 0 6 0 127 0 0 0 127 78 0 0 0 127 0 0 30 127 0 0 0 70 0
0 0 0 127 34 0 53 99 83 0 0 0 0 32 0 0 21 0 40 0 0 127 88 0 0 0 0 0
0 0 0 16 16 0 0 0 0 0 0 127 51 0;
egregore_data 123 127 0 121 117 0 127 0 0 0 0 0 0 0 0 127 38 1 0 0
0 0 0 0 0 0 0 6 0 127 0 0 0 127 78 0 0 0 127 0 0 30 127 0 0 0 70 0
0 0 0 127 34 0 53 99 83 0 0 0 0 32 0 0 21 0 40 0 0 127 88 0 0 0 0 0
0 0 0 16 16 0 0 0 0 0 0 127 51 0;
egregore_data 123 127 0 121 117 0 127 0 0 0 0 0 0 0 0 127 38 1 0 0
0 0 0 0 0 0 0 6 0 127 0 0 0 127 78 0 0 0 127 0 0 30 127 0 0 0 70 0
0 0 0 127 34 0 53 99 83 0 0 0 0 32 0 0 21 0 40 0 0 127 88 0 0 0 0 0
0 0 0 16 16 0 0 0 0 0 0 127 51 0;
egregore_data 123 127 0 121 117 0 127 0 0 0 0 0 0 0 0 127 38 1 0 0
0 0 0 0 0 0 0 6 0 127 0 0 0 127 78 0 0 0 127 0 0 30 127 0 0 0 70 0
0 0 0 127 34 0 53 99 83 0 0 0 0 32 0 0 21 0 40 0 0 127 88 0 0 0 0 0
0 0 0 16 16 0 0 0 0 0 0 127 51 0;
egregore_data 123 127 0 121 117 0 127 0 0 0 0 0 0 0 0 127 38 1 0 0
0 0 0 0 0 0 0 6 0 127 0 0 0 127 78 0 0 0 127 0 0 30 127 0 0 0 70 0
0 0 0 127 34 0 53 99 83 0 0 0 0 32 0 0 21 0 40 0 0 127 88 0 0 0 0 0
0 0 0 16 16 0 0 0 0 0 0 127 51 0;
egregore_data 123 127 0 121 117 0 127 0 0 0 0 0 0 0 0 127 38 1 0 0
0 0 0 0 0 0 0 6 0 127 0 0 0 127 78 0 0 0 127 0 0 30 127 0 0 0 70 0
0 0 0 127 34 0 53 99 83 0 0 0 0 32 0 0 21 0 40 0 0 127 88 0 0 0 0 0
0 0 0 16 16 0 0 0 0 0 0 127 51 0;
egregore_data 123 127 0 121 117 0 127 0 0 0 0 0 0 0 0 127 38 1 0 0
0 0 0 0 0 0 0 6 0 127 0 0 0 127 78 0 0 0 127 0 0 30 127 0 0 0 70 0
0 0 0 127 34 0 53 99 83 0 0 0 0 32 0 0 21 0 40 0 0 127 88 0 0 0 0 0
0 0 0 16 16 0 0 0 0 0 0 127 51 0;
egregore_data 123 127 0 121 117 0 127 0 0 0 0 0 0 0 0 127 38 1 0 0
0 0 0 0 0 0 0 6 0 127 0 0 0 127 78 0 0 0 127 0 0 30 127 0 0 0 70 0
0 0 0 127 34 0 53 99 83 0 0 0 0 32 0 0 21 0 40 0 0 127 88 0 0 0 0 0
0 0 0 16 16 0 0 0 0 0 0 127 51 0;
egregore_data 123 127 0 121 117 0 127 0 0 0 0 0 0 0 0 127 38 1 0 0
0 0 0 0 0 0 0 6 0 127 0 0 0 127 78 0 0 0 127 0 0 30 127 0 0 0 70 0
0 0 0 127 34 0 53 99 83 0 0 0 0 32 0 0 21 0 40 0 0 127 88 0 0 0 0 0
0 0 0 16 16 0 0 0 0 0 0 127 51 0;
egregore_data 123 127 0 121 117 0 127 0 0 0 0 0 0 0 0 127 38 1 0 0
0 0 0 0 0 0 0 6 0 127 0 0 0 127 78 0 0 0 127 0 0 30 127 0 0 0 70 0
0 0 0 127 34 0 53 99 83 0 0 0 0 32 0 0 21 0 40 0 0 127 88 0 0 0 0 0
0 0 0 16 16 0 0 0 0 0 0 127 51 0;
egregore_data 123 127 0 121 117 0 127 0 0 0 0 0 0 0 0 127 38 1 0 0
0 0 0 0 0 0 0 6 0 127 0 0 0 127 78 0 0 0 127 0 0 30 127 0 0 0 70 0
0 0 0 127 34 0 53 99 83 0 0 0 0 32 0 0 21 0 40 0 0 127 88 0 0 0 0 0
0 0 0 16 16 0 0 0 0 0 0 127 51 0;
egregore_data 123 127 0 121 117 0 127 0 0 0 0 0 0 0 0 127 38 1 0 0
0 0 0 0 0 0 0 6 0 127 0 0 0 127 78 0 0 0 127 0 0 30 127 0 0 0 70 0
0 0 0 127 34 0 53 99 83 0 0 0 0 32 0 0 21 0 40 0 0 127 88 0 0 0 0 0
0 0 0 16 16 0 0 0 0 0 0 127 51 0;
egregore_data 123 127 0 121 117 0 127 0 0 0 0 0 0 0 0 127 38 1 0 0
0 0 0 0 0 0 0 6 0 127 0 0 0 127 78 0 0 0 127 0 0 30 127 0 0 0 70 0
0 0 0 127 34 0 53 99 83 0 0 0 0 32 0 0 21 0 40 0 0 127 88 0 0 0 0 0
0 0 0 16 16 0 0 0 0 0 0 127 51 0;
egregore_data 123 127 0 121 118 0 127 0 0 0 0 0 0 0 0 127 38 1 0 0
0 0 0 0 0 0 0 6 0 127 0 0 0 127 78 0 0 0 127 0 0 30 127 0 0 0 70 0
0 0 0 127 34 0 53 99 83 0 0 0 0 32 0 0 21 0 40 0 0 127 88 0 0 0 0 0
0 0 0 16 16 0 0 0 0 0 0 127 51 0;
egregore_data 123 127 0 121 118 0 127 0 0 0 0 0 0 0 0 127 38 1 0 0
0 0 0 0 0 0 0 6 0 127 0 0 0 127 78 0 0 0 127 0 0 30 127 0 0 0 70 0
0 0 0 127 34 0 53 99 83 0 0 0 0 32 0 0 21 0 40 0 0 127 88 0 0 0 0 0
0 0 0 16 16 0 0 0 0 0 0 127 51 0;
egregore_data 123 127 0 121 118 0 127 0 0 0 0 0 0 0 0 127 38 1 0 0
0 0 0 0 0 0 0 6 0 127 0 0 0 127 78 0 0 0 127 0 0 30 127 0 0 0 70 0
0 0 0 127 34 0 53 99 83 0 0 0 0 32 0 0 21 0 40 0 0 127 88 0 0 0 0 0
0 0 0 16 16 0 0 0 0 0 0 127 51 0;
egregore_data 123 127 0 121 118 0 127 0 0 0 0 0 0 0 0 127 38 1 0 0
0 0 0 0 0 0 0 6 0 127 0 0 0 127 78 0 0 0 127 0 0 30 127 0 0 0 70 0
0 0 0 127 34 0 53 99 83 0 0 0 0 32 0 0 21 0 40 0 0 127 88 0 0 0 0 0
0 0 0 16 16 0 0 0 0 0 0 127 51 0;
egregore_data 123 127 0 121 118 0 127 0 0 0 0 0 0 0 0 127 38 1 0 0
0 0 0 0 0 0 0 6 0 127 0 0 0 127 78 0 0 0 127 0 0 30 127 0 0 0 70 0
0 0 0 127 34 0 53 99 83 0 0 0 0 32 0 0 21 0 40 0 0 127 88 0 0 0 0 0
0 0 0 16 16 0 0 0 0 0 0 127 51 0;
egregore_data 123 127 0 121 118 0 127 0 0 0 0 0 0 0 0 127 38 1 0 0
0 0 0 0 0 0 0 6 0 127 0 0 0 127 78 0 0 0 127 0 0 30 127 0 0 0 70 0
0 0 0 127 34 0 53 99 83 0 0 0 0 32 0 0 21 0 40 0 0 127 88 0 0 0 0 0
0 0 0 16 16 0 0 0 0 0 0 127 51 0;
egregore_data 123 127 0 121 118 0 127 0 0 0 0 0 0 0 0 127 38 1 0 0
0 0 0 0 0 0 0 6 0 127 0 0 0 127 78 0 0 0 127 0 0 30 127 0 0 0 70 0
0 0 0 127 34 0 53 99 83 0 0 0 0 32 0 0 21 0 40 0 0 127 88 0 0 0 0 0
0 0 0 16 16 0 0 0 0 0 0 127 51 0;
egregore_data 123 127 0 121 118 0 127 0 0 0 0 0 0 0 0 127 38 1 0 0
0 0 0 0 0 0 0 6 0 127 0 0 0 127 78 0 0 0 127 0 0 30 127 0 0 0 70 0
0 0 0 127 34 0 53 99 83 0 0 0 0 32 0 0 21 0 40 0 0 127 88 0 0 0 0 0
0 0 0 16 16 0 0 0 0 0 0 127 51 0;
egregore_data 123 127 0 121 118 0 127 0 0 0 0 0 0 0 0 127 38 1 0 0
0 0 0 0 0 0 0 6 0 127 0 0 0 127 78 0 0 0 127 0 0 30 127 0 0 0 70 0
0 0 0 127 34 0 53 99 83 0 0 0 0 32 0 0 21 0 40 0 0 127 88 0 0 0 0 0
0 0 0 16 16 0 0 0 0 0 0 127 51 0;
egregore_data 123 127 0 121 118 0 127 0 0 0 0 0 0 0 0 127 38 1 0 0
0 0 0 0 0 0 0 6 0 127 0 0 0 127 78 0 0 0 127 0 0 30 127 0 0 0 70 0
0 0 0 127 34 0 53 99 83 0 0 0 0 32 0 0 21 0 40 0 0 127 88 0 0 0 0 0
0 0 0 16 16 0 0 0 0 0 0 127 51 0;
egregore_data 123 127 0 121 118 0 127 0 0 0 0 0 0 0 0 127 38 1 0 0
0 0 0 0 0 0 0 6 0 127 0 0 0 127 78 0 0 0 127 0 0 30 127 0 0 0 70 0
0 0 0 127 34 0 53 99 83 0 0 0 0 32 0 0 21 0 40 0 0 127 88 0 0 0 0 0
0 0 0 16 16 0 0 0 0 0 0 127 51 0;
egregore_data 123 127 0 121 118 0 127 0 0 0 0 0 0 0 0 127 38 1 0 0
0 0 0 0 0 0 0 6 0 127 0 0 0 127 78 0 0 0 127 0 0 30 127 0 0 0 70 0
0 0 0 127 34 0 53 99 83 0 0 0 0 32 0 0 21 0 40 0 0 127 88 0 0 0 0 0
0 0 0 16 16 0 0 0 0 0 0 127 51 0;
egregore_data 123 127 0 121 118 0 127 0 0 0 0 0 0 0 0 127 38 1 0 0
0 0 0 0 0 0 0 6 0 127 0 0 0 127 78 0 0 0 127 0 0 30 127 0 0 0 70 0
0 0 0 127 34 0 53 99 83 0 0 0 0 32 0 0 21 0 40 0 0 127 88 0 0 0 0 0
0 0 0 16 16 0 0 0 0 0 0 127 51 0;
egregore_data 123 127 0 121 118 0 127 0 0 0 0 0 0 0 0 127 38 1 0 0
0 0 0 0 0 0 0 6 0 127 0 0 0 127 78 0 0 0 127 0 0 30 127 0 0 0 70 0
0 0 0 127 34 0 53 99 83 0 0 0 0 32 0 0 21 0 40 0 0 127 88 0 0 0 0 0
0 0 0 16 16 0 0 0 0 0 0 127 51 0;
egregore_data 123 127 0 121 118 0 127 0 0 0 0 0 0 0 0 127 38 1 0 0
0 0 0 0 0 0 0 6 0 127 0 0 0 127 78 0 0 0 127 0 0 30 127 0 0 0 70 0
0 0 0 127 34 0 53 99 83 0 0 0 0 32 0 0 21 0 40 0 0 127 88 0 0 0 0 0
0 0 0 16 16 0 0 0 0 0 0 127 51 0;
egregore_data 123 127 0 121 118 0 127 0 0 0 0 0 0 0 0 127 38 1 0 0
0 0 0 0 0 0 0 6 0 127 0 0 0 127 78 0 0 0 127 0 0 30 127 0 0 0 70 0
0 0 0 127 34 0 53 99 83 0 0 0 0 32 0 0 21 0 40 0 0 127 88 0 0 0 0 0
0 0 0 16 16 0 0 0 0 0 0 127 51 0;
egregore_data 123 127 0 121 118 0 127 0 0 0 0 0 0 0 0 127 38 1 0 0
0 0 0 0 0 0 0 6 0 127 0 0 0 127 78 0 0 0 127 0 0 30 127 0 0 0 70 0
0 0 0 127 34 0 53 99 83 0 0 0 0 32 0 0 21 0 40 0 0 127 88 0 0 0 0 0
0 0 0 16 16 0 0 0 0 0 0 127 51 0;
egregore_data 123 127 0 121 118 0 127 0 0 0 0 0 0 0 0 127 38 1 0 0
0 0 0 0 0 0 0 6 0 127 0 0 0 127 78 0 0 0 127 0 0 30 127 0 0 0 70 0
0 0 0 127 34 0 53 99 83 0 0 0 0 32 0 0 21 0 40 0 0 127 88 0 0 0 0 0
0 0 0 16 16 0 0 0 0 0 0 127 51 0;
egregore_data 123 127 0 121 118 0 127 0 0 0 0 0 0 0 0 127 38 1 0 0
0 0 0 0 0 0 0 6 0 127 0 0 0 127 78 0 0 0 127 0 0 30 127 0 0 0 70 0
0 0 0 127 34 0 53 99 83 0 0 0 0 32 0 0 21 0 40 0 0 127 88 0 0 0 0 0
0 0 0 16 16 0 0 0 0 0 0 127 51 0;
egregore_data 123 127 0 121 118 0 127 0 0 0 0 0 0 0 0 127 38 1 0 0
0 0 0 0 0 0 0 6 0 127 0 0 0 127 78 0 0 0 127 0 0 30 127 0 0 0 70 0
0 0 0 127 34 0 53 99 83 0 0 0 0 32 0 0 21 0 40 0 0 127 88 0 0 0 0 0
0 0 0 16 16 0 0 0 0 0 0 127 51 0;
egregore_data 123 127 0 121 118 0 127 0 0 0 0 0 0 0 0 127 38 1 0 0
0 0 0 0 0 0 0 6 0 127 0 0 0 127 78 0 0 0 127 0 0 30 127 0 0 0 70 0
0 0 0 127 34 0 53 99 83 0 0 0 0 32 0 0 21 0 40 0 0 127 88 0 0 0 0 0
0 0 0 16 16 0 0 0 0 0 0 127 51 0;
egregore_data 123 127 0 121 118 0 127 0 0 0 0 0 0 0 0 127 38 1 0 0
0 0 0 0 0 0 0 6 0 127 0 0 0 127 78 0 0 0 127 0 0 30 127 0 0 0 70 0
0 0 0 127 34 0 53 99 83 0 0 0 0 32 0 0 21 0 40 0 0 127 88 0 0 0 0 0
0 0 0 16 16 0 0 0 0 0 0 127 51 0;
egregore_data 123 127 0 121 118 0 127 0 0 0 0 0 0 0 0 127 38 1 0 0
0 0 0 0 0 0 0 6 0 127 0 0 0 127 78 0 0 0 127 0 0 30 127 0 0 0 70 0
0 0 0 127 34 0 53 99 83 0 0 0 0 32 0 0 21 0 40 0 0 127 88 0 0 0 0 0
0 0 0 16 16 0 0 0 0 0 0 127 51 0;
egregore_data 123 127 0 121 118 0 127 0 0 0 0 0 0 0 0 127 38 1 0 0
0 0 0 0 0 0 0 6 0 127 0 0 0 127 78 0 0 0 127 0 0 30 127 0 0 0 70 0
0 0 0 127 34 0 53 99 83 0 0 0 0 32 0 0 21 0 40 0 0 127 88 0 0 0 0 0
0 0 0 16 16 0 0 0 0 0 0 127 51 0;
egregore_data 123 127 0 121 119 0 127 0 0 0 0 0 0 0 0 127 38 1 0 0
0 0 0 0 0 0 0 6 0 127 0 0 0 127 78 0 0 0 127 0 0 30 127 0 0 0 70 0
0 0 0 127 34 0 53 99 83 0 0 0 0 32 0 0 21 0 40 0 0 127 88 0 0 0 0 0
0 0 0 16 16 0 0 0 0 0 0 127 51 0;
egregore_data 123 127 0 121 119 0 127 0 0 0 0 0 0 0 0 127 38 1 0 0
0 0 0 0 0 0 0 6 0 127 0 0 0 127 78 0 0 0 127 0 0 30 127 0 0 0 70 0
0 0 0 127 34 0 53 99 83 0 0 0 0 32 0 0 21 0 40 0 0 127 88 0 0 0 0 0
0 0 0 16 16 0 0 0 0 0 0 127 51 0;
egregore_data 123 127 0 121 119 0 127 0 0 0 0 0 0 0 0 127 38 1 0 0
0 0 0 0 0 0 0 6 0 127 0 0 0 127 78 0 0 0 127 0 0 30 127 0 0 0 70 0
0 0 0 127 34 0 53 99 83 0 0 0 0 32 0 0 21 0 40 0 0 127 88 0 0 0 0 0
0 0 0 16 16 0 0 0 0 0 0 127 51 0;
egregore_data 123 127 0 121 119 0 127 0 0 0 0 0 0 0 0 127 38 1 0 0
0 0 0 0 0 0 0 6 0 127 0 0 0 127 78 0 0 0 127 0 0 30 127 0 0 0 70 0
0 0 0 127 34 0 53 99 83 0 0 0 0 32 0 0 21 0 40 0 0 127 88 0 0 0 0 0
0 0 0 16 16 0 0 0 0 0 0 127 51 0;
egregore_data 123 127 0 121 119 0 127 0 0 0 0 0 0 0 0 127 38 1 0 0
0 0 0 0 0 0 0 6 0 127 0 0 0 127 78 0 0 0 127 0 0 30 127 0 0 0 70 0
0 0 0 127 34 0 53 99 83 0 0 0 0 32 0 0 21 0 40 0 0 127 88 0 0 0 0 0
0 0 0 16 16 0 0 0 0 0 0 127 51 0;
egregore_data 123 127 0 121 119 0 127 0 0 0 0 0 0 0 0 127 38 1 0 0
0 0 0 0 0 0 0 6 0 127 0 0 0 127 78 0 0 0 127 0 0 30 127 0 0 0 70 0
0 0 0 127 34 0 53 99 83 0 0 0 0 32 0 0 21 0 40 0 0 127 88 0 0 0 0 0
0 0 0 16 16 0 0 0 0 0 0 127 51 0;
egregore_data 123 127 0 121 119 0 127 0 0 0 0 0 0 0 0 127 38 1 0 0
0 0 0 0 0 0 0 6 0 127 0 0 0 127 78 0 0 0 127 0 0 30 127 0 0 0 70 0
0 0 0 127 34 0 53 99 83 0 0 0 0 32 0 0 21 0 40 0 0 127 88 0 0 0 0 0
0 0 0 16 16 0 0 0 0 0 0 127 51 0;
egregore_data 123 127 0 121 119 0 127 0 0 0 0 0 0 0 0 127 38 1 0 0
0 0 0 0 0 0 0 6 0 127 0 0 0 127 78 0 0 0 127 0 0 30 127 0 0 0 70 0
0 0 0 127 34 0 53 99 83 0 0 0 0 32 0 0 21 0 40 0 0 127 88 0 0 0 0 0
0 0 0 16 16 0 0 0 0 0 0 127 51 0;
egregore_data 123 127 0 121 119 0 127 0 0 0 0 0 0 0 0 127 38 1 0 0
0 0 0 0 0 0 0 6 0 127 0 0 0 127 78 0 0 0 127 0 0 30 127 0 0 0 70 0
0 0 0 127 34 0 53 99 83 0 0 0 0 32 0 0 21 0 40 0 0 127 88 0 0 0 0 0
0 0 0 16 16 0 0 0 0 0 0 127 51 0;
egregore_data 123 127 0 121 119 0 127 0 0 0 0 0 0 0 0 127 38 1 0 0
0 0 0 0 0 0 0 6 0 127 0 0 0 127 78 0 0 0 127 0 0 30 127 0 0 0 70 0
0 0 0 127 34 0 53 99 83 0 0 0 0 32 0 0 21 0 40 0 0 127 88 0 0 0 0 0
0 0 0 16 16 0 0 0 0 0 0 127 51 0;
egregore_data 123 127 0 121 119 0 127 0 0 0 0 0 0 0 0 127 38 1 0 0
0 0 0 0 0 0 0 6 0 127 0 0 0 127 78 0 0 0 127 0 0 30 127 0 0 0 70 0
0 0 0 127 34 0 53 99 83 0 0 0 0 32 0 0 21 0 40 0 0 127 88 0 0 0 0 0
0 0 0 16 16 0 0 0 0 0 0 127 51 0;
egregore_data 123 127 0 121 119 0 127 0 0 0 0 0 0 0 0 127 38 1 0 0
0 0 0 0 0 0 0 6 0 127 0 0 0 127 78 0 0 0 127 0 0 30 127 0 0 0 70 0
0 0 0 127 34 0 53 99 83 0 0 0 0 32 0 0 21 0 40 0 0 127 88 0 0 0 0 0
0 0 0 16 16 0 0 0 0 0 0 127 51 0;
egregore_data 123 127 0 121 119 0 127 0 0 0 0 0 0 0 0 127 38 1 0 0
0 0 0 0 0 0 0 6 0 127 0 0 0 127 78 0 0 0 127 0 0 30 127 0 0 0 70 0
0 0 0 127 34 0 53 99 83 0 0 0 0 32 0 0 21 0 40 0 0 127 88 0 0 0 0 0
0 0 0 16 16 0 0 0 0 0 0 127 51 0;
egregore_data 123 127 0 121 119 0 127 0 0 0 0 0 0 0 0 127 38 1 0 0
0 0 0 0 0 0 0 6 0 127 0 0 0 127 78 0 0 0 127 0 0 30 127 0 0 0 70 0
0 0 0 127 34 0 53 99 83 0 0 0 0 32 0 0 21 0 40 0 0 127 88 0 0 0 0 0
0 0 0 16 16 0 0 0 0 0 0 127 51 0;
egregore_data 123 127 0 121 119 0 127 0 0 0 0 0 0 0 0 127 38 1 0 0
0 0 0 0 0 0 0 6 0 127 0 0 0 127 78 1 0 0 127 0 0 30 127 0 0 0 70 0
0 0 0 127 34 0 53 99 83 0 0 0 0 32 0 0 21 0 40 0 0 127 88 0 0 0 0 0
0 0 0 16 16 0 0 0 0 0 0 127 51 0;
egregore_data 123 127 0 121 119 0 127 0 0 0 0 0 0 0 0 127 38 1 0 0
0 0 0 0 0 0 0 6 0 127 0 0 0 127 78 1 0 0 127 0 0 30 127 0 0 0 70 0
0 0 0 127 34 0 53 99 83 0 0 0 0 32 0 0 21 0 40 0 0 127 88 0 0 0 0 0
0 0 0 16 16 0 0 0 0 0 0 127 51 0;
egregore_data 123 127 0 121 119 0 127 0 0 0 0 0 0 0 0 127 38 1 0 0
0 0 0 0 0 0 0 6 0 127 0 0 0 127 78 1 0 0 127 0 0 30 127 0 0 0 70 0
0 0 0 127 34 0 53 99 83 0 0 0 0 32 0 0 21 0 40 0 0 127 88 0 0 0 0 0
0 0 0 16 16 0 0 0 0 0 0 127 51 0;
egregore_data 123 127 0 121 119 0 127 0 0 0 0 0 0 0 0 127 38 1 0 0
0 0 0 0 0 0 0 6 0 127 0 0 0 127 78 1 0 0 127 0 0 30 127 0 0 0 70 0
0 0 0 127 34 0 53 99 83 0 0 0 0 32 0 0 21 0 40 0 0 127 88 0 0 0 0 0
0 0 0 16 16 0 0 0 0 0 0 127 51 0;
END;
