HTTP/1.1 200 OK
Date: Thu, 28 May 2015 12:25:23 GMT
Server: Apache
Last-Modified: Wed, 27 May 2015 19:27:42 GMT
Accept-Ranges: bytes
Content-Length: 32206
Vary: Accept-Encoding
Connection: close
Content-Type: text/plain

chdh_egregore_live_data;
egregore_data 0 0 127 0 0 127 0 0 0 0 0 0 0 0 0 127 38 0 127 0 0 0
0 0 0 0 0 0 0 100 0 0 127 127 78 0 93 90 127 0 19 127 127 0 0 0 70
0 0 0 127 127 34 0 75.9045 55.5226 49.0251 80.4121 115.701 34.1206
89.4925 39.397 34.8141 110.95 23.5699 0 14.4221 39.6633 2.55276 127
81.8066 1 0 0 0 0 0 0 0 16 16 0 0 0 0 0 0 127 51 0;
egregore_data 0 0 127 0 0 127 0 0 0 0 0 0 0 0 0 127 38 0 127 0 0 0
0 0 0 0 0 0 0 100 0 0 127 127 78 0 93 90 127 0 19 127 127 0 0 0 70
0 0 0 127 127 34 0 75.9045 55.5226 49.0251 80.4121 115.701 34.1206
89.4925 39.397 34.8141 110.95 23.5699 0 14.4221 39.6633 2.55276 127
81.8066 1 0 0 0 0 0 0 0 16 16 0 0 0 0 0 0 127 51 0;
egregore_data 0 0 127 0 0 127 0 0 0 0 0 0 0 0 0 127 38 0 127 0 0 0
0 0 0 0 0 0 0 100 0 0 127 127 78 0 93 90 127 0 19 127 127 0 0 0 70
0 0 0 127 127 34 0 75.9045 55.5226 49.0251 80.4121 115.701 34.1206
89.4925 39.397 34.8141 110.95 23.5699 0 14.4221 39.6633 2.55276 127
81.8066 1 0 0 0 0 0 0 0 16 16 0 0 0 0 0 0 127 51 0;
egregore_data 0 0 127 0 0 127 0 0 0 0 0 0 0 0 0 127 38 0 127 0 0 0
0 0 0 0 0 0 0 100 0 0 127 127 78 0 93 90 127 0 19 127 127 0 0 0 70
0 0 0 127 127 34 0 75.9045 55.5226 49.0251 80.4121 115.701 34.1206
89.4925 39.397 34.8141 110.95 23.5699 0 14.4221 39.6633 2.55276 127
81.8066 1 0 0 0 0 0 0 0 16 16 0 0 0 0 0 0 127 51 0;
egregore_data 0 0 127 0 0 127 0 0 0 0 0 0 0 0 0 127 38 0 127 0 0 0
0 0 0 0 0 0 0 100 0 0 127 127 78 0 93 90 127 0 19 127 127 0 0 0 70
0 0 0 127 127 34 0 75.9045 55.5226 49.0251 80.4121 115.701 34.1206
89.4925 39.397 34.8141 110.95 23.5699 0 14.4221 39.6633 2.55276 127
81.8066 1 0 0 0 0 0 0 0 16 16 0 0 0 0 0 0 127 51 0;
egregore_data 0 0 127 0 0 127 0 0 0 0 0 0 0 0 0 127 38 0 127 0 0 0
0 0 0 0 0 0 0 100 0 0 127 127 78 0 93 90 127 0 19 127 127 0 0 0 70
0 0 0 127 127 34 0 75.9045 55.5226 49.0251 80.4121 115.701 34.1206
89.4925 39.397 34.8141 110.95 23.5699 0 14.4221 39.6633 2.55276 127
81.8066 1 0 0 0 0 0 0 0 16 16 0 0 0 0 0 0 127 51 0;
egregore_data 0 0 127 0 0 127 0 0 0 0 0 0 0 0 0 127 38 0 127 0 0 0
0 0 0 0 0 0 0 100 0 0 127 127 78 0 93 90 127 0 19 127 127 0 0 0 70
0 0 0 127 127 34 0 75.9045 55.5226 49.0251 80.4121 115.701 34.1206
89.4925 39.397 34.8141 110.95 23.5699 0 14.4221 39.6633 2.55276 127
81.8066 1 0 0 0 0 0 0 0 16 16 0 0 0 0 0 0 127 51 0;
egregore_data 0 0 127 0 0 127 0 0 0 0 0 0 0 0 0 127 38 0 127 0 0 0
0 0 0 0 0 0 0 100 0 0 127 127 78 0 93 90 127 0 19 127 127 0 0 0 70
0 0 0 127 127 34 0 76.1472 56.0863 49.3604 79.9391 115.799 33.4822
90.1574 38.6599 35.1675 111.213 23.2 0 14.1523 39.6396 2.57868 127
81.8066 1 0 0 0 0 0 0 0 16 16 0 0 0 0 0 0 127 51 0;
egregore_data 0 0 127 0 0 127 0 0 0 0 0 0 0 0 0 127 38 0 127 0 0 0
0 0 0 0 0 0 0 100 0 0 127 127 78 0 93 90 127 0 19 127 127 0 0 0 70
0 0 0 127 127 34 0 76.2704 56.3724 49.5306 79.699 115.849 33.1582 90.4949
38.2857 35.3469 111.347 23.0123 0 14.0153 39.6276 2.59184 127 81.8066
1 0 0 0 0 0 0 0 16 16 0 0 0 0 0 0 127 51 0;
egregore_data 0 0 127 0 0 127 0 0 0 0 0 0 0 0 0 127 38 0 127 0 0 0
0 0 0 0 0 0 0 100 0 0 127 127 78 0 93 90 127 0 19 127 127 0 0 0 70
0 0 0 127 127 34 0 76.3949 56.6615 49.7026 79.4564 115.9 32.8308 90.8359
37.9077 35.5282 111.482 22.8226 0 13.8769 39.6154 2.60513 127 81.8066
1 0 0 0 0 0 0 0 16 16 0 0 0 0 0 0 127 51 0;
egregore_data 0 0 127 0 0 127 0 0 0 0 0 0 0 0 0 127 38 0 127 0 0 0
0 0 0 0 0 0 0 100 0 0 127 127 78 0 93 90 127 0 19 127 127 0 0 0 70
0 0 0 127 127 34 0 76.3949 56.6615 49.7026 79.4564 115.9 32.8308 90.8359
37.9077 35.5282 111.482 22.8226 0 13.8769 39.6154 2.60513 127 81.8066
1 0 0 0 0 0 0 0 16 16 0 0 0 0 0 0 127 51 0;
egregore_data 0 0 127 0 0 127 0 0 0 0 0 0 0 0 0 127 38 0 127 0 0 0
0 0 0 0 0 0 0 100 0 0 127 127 78 0 93 90 127 0 19 127 127 0 0 0 70
0 0 0 127 127 34 0 76.5206 56.9536 49.8763 79.2113 115.951 32.5 91.1804
37.5258 35.7113 111.619 22.631 0 13.7371 39.6031 2.61856 127 81.8066
1 0 0 0 0 0 0 0 16 16 0 0 0 0 0 0 127 51 0;
egregore_data 0 0 127 0 0 127 0 0 0 0 0 0 0 0 0 127 38 0 127 0 0 0
0 0 0 0 0 0 0 100 0 0 127 127 78 0 93 90 127 0 19 127 127 0 0 0 70
0 0 0 127 127 34 0 76.6477 57.2487 50.0518 78.9637 116.003 32.1658
91.5285 37.1399 35.8964 111.756 22.4373 0 13.5959 39.5907 2.63212 127
81.8066 1 0 0 0 0 0 0 0 16 16 0 0 0 0 0 0 127 51 0;
egregore_data 0 0 127 0 0 127 0 0 0 0 0 0 0 0 0 127 38 0 127 0 0 0
0 0 0 0 0 0 0 100 0 0 127 127 78 0 93 90 127 0 19 127 127 0 0 0 70
0 0 0 127 127 34 0 76.6477 57.2487 50.0518 78.9637 116.003 32.1658
91.5285 37.1399 35.8964 111.756 22.4373 0 13.5959 39.5907 2.63212 127
81.8066 1 0 0 0 0 0 0 0 16 16 0 0 0 0 0 0 127 51 0;
egregore_data 0 0 127 0 0 127 0 0 0 0 0 0 0 0 0 127 38 0 127 0 0 0
0 0 0 0 0 0 0 100 0 0 127 127 78 0 93 90 127 0 19 127 127 0 0 0 70
0 0 0 127 127 34 0 76.6477 57.2487 50.0518 78.9637 116.003 32.1658
91.5285 37.1399 35.8964 111.756 22.4373 0 13.5959 39.5907 2.63212 127
81.8066 1 0 0 0 0 0 0 0 16 16 0 0 0 0 0 0 127 51 0;
egregore_data 0 0 127 0 0 127 0 0 0 0 0 0 0 0 0 127 38 0 127 0 0 0
0 0 0 0 0 0 0 100 0 0 127 127 78 0 93 90 127 0 19 127 127 0 0 0 70
0 0 0 127 127 34 0 76.6477 57.2487 50.0518 78.9637 116.003 32.1658
91.5285 37.1399 35.8964 111.756 22.4373 0 13.5959 39.5907 2.63212 127
81.8066 1 0 0 0 0 0 0 0 16 16 0 0 0 0 0 0 127 51 0;
egregore_data 0 0 127 0 0 127 0 0 0 0 0 0 0 0 0 127 38 0 127 0 0 0
0 0 0 0 0 0 0 100 0 0 127 127 78 0 93 90 127 0 19 127 127 0 0 0 70
0 0 0 127 127 34 0 76.6477 57.2487 50.0518 78.9637 116.003 32.1658
91.5285 37.1399 35.8964 111.756 22.4373 0 13.5959 39.5907 2.63212 127
81.8066 1 0 0 0 0 0 0 0 16 16 0 0 0 0 0 0 127 51 0;
egregore_data 0 0 127 0 0 127 0 0 0 0 0 0 0 0 0 127 38 0 127 0 0 0
0 0 0 0 0 0 0 100 0 0 127 127 78 0 93 90 127 0 19 127 127 0 0 0 70
0 0 0 127 127 34 0 76.6477 57.2487 50.0518 78.9637 116.003 32.1658
91.5285 37.1399 35.8964 111.756 22.4373 0 13.5959 39.5907 2.63212 127
81.8066 1 0 0 0 0 0 0 0 16 16 0 0 0 0 0 0 127 51 0;
egregore_data 0 0 127 0 0 127 0 0 0 0 0 0 0 0 0 127 38 0 127 0 0 0
0 0 0 0 0 0 0 100 0 0 127 127 78 0 93 90 127 0 19 127 127 0 0 0 70
0 0 0 127 127 34 0 76.6477 57.2487 50.0518 78.9637 116.003 32.1658
91.5285 37.1399 35.8964 111.756 22.4373 0 13.5959 39.5907 2.63212 127
81.8066 1 0 0 0 0 0 0 0 16 16 0 0 0 0 0 0 127 51 0;
egregore_data 0 0 127 0 0 127 0 0 0 0 0 0 0 0 0 127 38 0 127 0 0 0
0 0 0 0 0 0 0 100 0 0 127 127 78 0 93 90 127 0 19 127 127 0 0 0 70
0 0 0 127 127 34 0 76.6477 57.2487 50.0518 78.9637 116.003 32.1658
91.5285 37.1399 35.8964 111.756 22.4373 0 13.5959 39.5907 2.63212 127
81.8066 1 0 0 0 0 0 0 0 16 16 0 0 0 0 0 0 127 51 0;
egregore_data 0 0 127 0 0 127 0 0 0 0 0 0 0 0 0 127 38 0 127 0 0 0
0 0 0 0 0 0 0 100 0 0 127 127 78 0 93 90 127 0 19 127 127 0 0 0 70
0 0 0 127 127 34 0 76.6477 57.2487 50.0518 78.9637 116.003 32.1658
91.5285 37.1399 35.8964 111.756 22.4373 0 13.5959 39.5907 2.63212 127
81.8066 1 0 0 0 0 0 0 0 16 16 0 0 0 0 0 0 127 51 0;
egregore_data 0 0 127 0 0 127 0 0 0 0 0 0 0 0 0 127 38 0 127 0 0 0
0 0 0 0 0 0 0 100 0 0 127 127 78 0 93 90 127 0 19 127 127 0 0 0 70
0 0 0 127 127 34 0 76.6477 57.2487 50.0518 78.9637 116.003 32.1658
91.5285 37.1399 35.8964 111.756 22.4373 0 13.5959 39.5907 2.63212 127
81.8066 1 0 0 0 0 0 0 0 16 16 0 0 0 0 0 0 127 51 0;
egregore_data 0 0 127 0 0 127 0 0 0 0 0 0 0 0 0 127 38 0 127 0 0 0
0 0 0 0 0 0 0 100 0 0 127 127 78 0 93 90 127 0 19 127 127 0 0 0 70
0 0 0 127 127 34 0 76.6477 57.2487 50.0518 78.9637 116.003 32.1658
91.5285 37.1399 35.8964 111.756 22.4373 0 13.5959 39.5907 2.63212 127
81.8066 1 0 0 0 0 0 0 0 16 16 0 0 0 0 0 0 127 51 0;
egregore_data 0 0 127 0 0 127 0 0 0 0 0 0 0 0 0 127 38 0 127 0 0 0
0 0 0 0 0 0 0 100 0 0 127 127 78 0 93 90 127 0 19 127 127 0 0 0 70
0 0 0 127 127 34 0 76.6477 57.2487 50.0518 78.9637 116.003 32.1658
91.5285 37.1399 35.8964 111.756 22.4373 0 13.5959 39.5907 2.63212 127
81.8066 1 0 0 0 0 0 0 0 16 16 0 0 0 0 0 0 127 51 0;
egregore_data 0 0 127 0 0 127 0 0 0 0 0 0 0 0 0 127 38 0 127 0 0 0
0 0 0 0 0 0 0 100 0 0 127 127 78 0 93 90 127 0 19 127 127 0 0 0 70
0 0 0 127 127 34 0 76.6477 57.2487 50.0518 78.9637 116.003 32.1658
91.5285 37.1399 35.8964 111.756 22.4373 0 13.5959 39.5907 2.63212 127
81.8066 1 0 0 0 0 0 0 0 16 16 0 0 0 0 0 0 127 51 0;
egregore_data 0 0 127 0 0 127 0 0 0 0 0 0 0 0 0 127 38 0 127 0 0 0
0 0 0 0 0 0 0 100 0 0 127 127 78 0 93 90 127 0 19 127 127 0 0 0 70
0 0 0 127 127 34 0 76.6477 57.2487 50.0518 78.9637 116.003 32.1658
91.5285 37.1399 35.8964 111.756 22.4373 0 13.5959 39.5907 2.63212 127
81.8066 1 0 0 0 0 0 0 0 16 16 0 0 0 0 0 0 127 51 0;
egregore_data 0 0 127 0 0 127 0 0 0 0 0 0 0 0 0 127 38 0 127 0 0 0
0 0 0 0 0 0 0 100 0 0 127 127 78 0 93 90 127 0 19 127 127 0 0 0 70
0 0 0 127 127 34 0 76.6477 57.2487 50.0518 78.9637 116.003 32.1658
91.5285 37.1399 35.8964 111.756 22.4373 0 13.5959 39.5907 2.63212 127
81.8066 1 0 0 0 0 0 0 0 16 16 0 0 0 0 0 0 127 51 0;
egregore_data 0 0 127 0 0 127 0 0 0 0 0 0 0 0 0 127 38 0 127 0 0 0
0 0 0 0 0 0 0 100 0 0 127 127 78 0 93 90 127 0 19 127 127 0 0 0 70
0 0 0 127 127 34 0 76.9058 57.8482 50.4084 78.4607 116.107 31.4869
92.2356 36.356 36.2723 112.037 22.044 0 13.3089 39.5654 2.65969 127
81.8066 1 0 0 0 0 0 0 0 16 16 0 0 0 0 0 0 127 51 0;
egregore_data 0 0 127 0 0 127 0 0 0 0 0 0 0 0 0 127 38 0 127 0 0 0
0 0 0 0 0 0 0 100 0 0 127 127 78 0 93 90 127 0 19 127 127 0 0 0 70
0 0 0 127 127 34 0 76.9058 57.8482 50.4084 78.4607 116.107 31.4869
92.2356 36.356 36.2723 112.037 22.044 0 13.3089 39.5654 2.65969 127
81.8066 1 0 0 0 0 0 0 0 16 16 0 0 0 0 0 0 127 51 0;
egregore_data 0 0 127 0 0 127 0 0 0 0 0 0 0 0 0 127 38 0 127 0 0 0
0 0 0 0 0 0 0 100 0 0 127 127 78 0 93 90 127 0 19 127 127 0 0 0 70
0 0 0 127 127 34 0 77.0368 58.1526 50.5895 78.2053 116.16 31.1421 92.5947
35.9579 36.4632 112.179 21.8442 0 13.1632 39.5526 2.67368 127 81.8066
1 0 0 0 0 0 0 0 16 16 0 0 0 0 0 0 127 51 0;
egregore_data 0 0 127 0 0 127 0 0 0 0 0 0 0 0 0 127 38 0 127 0 0 0
0 0 0 0 0 0 0 100 0 0 127 127 78 0 93 90 127 0 19 127 127 0 0 0 70
0 0 0 127 127 34 0 77.0368 58.1526 50.5895 78.2053 116.16 31.1421 92.5947
35.9579 36.4632 112.179 21.8442 0 13.1632 39.5526 2.67368 127 81.8066
1 0 0 0 0 0 0 0 16 16 0 0 0 0 0 0 127 51 0;
egregore_data 0 0 127 0 0 127 0 0 0 0 0 0 0 0 0 127 38 0 127 0 0 0
0 0 0 0 0 0 0 100 0 0 127 127 78 0 93 90 127 0 19 127 127 0 0 0 70
0 0 0 127 127 34 0 77.0368 58.1526 50.5895 78.2053 116.16 31.1421 92.5947
35.9579 36.4632 112.179 21.8442 0 13.1632 39.5526 2.67368 127 81.8066
1 0 0 0 0 0 0 0 16 16 0 0 0 0 0 0 127 51 0;
egregore_data 0 0 127 0 0 127 0 0 0 0 0 0 0 0 0 127 38 0 127 0 0 0
0 0 0 0 0 0 0 100 0 0 127 127 78 0 93 90 127 0 19 127 127 0 0 0 70
0 0 0 127 127 34 0 77.0368 58.1526 50.5895 78.2053 116.16 31.1421 92.5947
35.9579 36.4632 112.179 21.8442 0 13.1632 39.5526 2.67368 127 81.8066
1 0 0 0 0 0 0 0 16 16 0 0 0 0 0 0 127 51 0;
egregore_data 0 0 127 0 0 127 0 0 0 0 0 0 0 0 0 127 38 0 127 0 0 0
0 0 0 0 0 0 0 100 0 0 127 127 78 0 93 90 127 0 19 127 127 0 0 0 70
0 0 0 127 127 34 0 77.0368 58.1526 50.5895 78.2053 116.16 31.1421 92.5947
35.9579 36.4632 112.179 21.8442 0 13.1632 39.5526 2.67368 127 81.8066
1 0 0 0 0 0 0 0 16 16 0 0 0 0 0 0 127 51 0;
egregore_data 0 0 127 0 0 127 0 0 0 0 0 0 0 0 0 127 38 0 127 0 0 0
0 0 0 0 0 0 0 100 0 0 127 127 78 0 93 90 127 0 19 127 127 0 0 0 70
0 0 0 127 127 34 0 77.0368 58.1526 50.5895 78.2053 116.16 31.1421 92.5947
35.9579 36.4632 112.179 21.8442 0 13.1632 39.5526 2.67368 127 81.8066
1 0 0 0 0 0 0 0 16 16 0 0 0 0 0 0 127 51 0;
egregore_data 0 0 127 0 0 127 0 0 0 0 0 0 0 0 0 127 38 0 127 0 0 0
0 0 0 0 0 0 0 100 0 0 127 127 78 0 93 90 127 0 19 127 127 0 0 0 70
0 0 0 127 127 34 0 77.0368 58.1526 50.5895 78.2053 116.16 31.1421 92.5947
35.9579 36.4632 112.179 21.8442 0 13.1632 39.5526 2.67368 127 81.8066
1 0 0 0 0 0 0 0 16 16 0 0 0 0 0 0 127 51 0;
egregore_data 0 0 127 0 0 127 0 0 0 0 0 0 0 0 0 127 38 0 127 0 0 0
0 0 0 0 0 0 0 100 0 0 127 127 78 0 93 90 127 0 19 127 127 0 0 0 70
0 0 0 127 127 34 0 77.1693 58.4603 50.7725 77.9471 116.214 30.7937
92.9577 35.5556 36.6561 112.323 21.6424 0 13.0159 39.5397 2.68783 127
81.8066 1 0 0 0 0 0 0 0 16 16 0 0 0 0 0 0 127 51 0;
egregore_data 0 0 127 0 0 127 0 0 0 0 0 0 0 0 0 127 38 0 127 0 0 0
0 0 0 0 0 0 0 100 0 0 127 127 78 0 93 90 127 0 19 127 127 0 0 0 70
0 0 0 127 127 34 0 77.1693 58.4603 50.7725 77.9471 116.214 30.7937
92.9577 35.5556 36.6561 112.323 21.6424 0 13.0159 39.5397 2.68783 127
81.8066 1 0 0 0 0 0 0 0 16 16 0 0 0 0 0 0 127 51 0;
egregore_data 0 0 127 0 0 127 0 0 0 0 0 0 0 0 0 127 38 0 127 0 0 0
0 0 0 0 0 0 0 100 0 0 127 127 78 0 93 90 127 0 19 127 127 0 0 0 70
0 0 0 127 127 34 0 77.1693 58.4603 50.7725 77.9471 116.214 30.7937
92.9577 35.5556 36.6561 112.323 21.6424 0 13.0159 39.5397 2.68783 127
81.8066 1 0 0 0 0 0 0 0 16 16 0 0 0 0 0 0 127 51 0;
egregore_data 0 0 127 0 0 127 0 0 0 0 0 0 0 0 0 127 38 0 127 0 0 0
0 0 0 0 0 0 0 100 0 0 127 127 78 0 93 90 127 0 19 127 127 0 0 0 70
0 0 0 127 127 34 0 77.1693 58.4603 50.7725 77.9471 116.214 30.7937
92.9577 35.5556 36.6561 112.323 21.6424 0 13.0159 39.5397 2.68783 127
81.8066 1 0 0 0 0 0 0 0 16 16 0 0 0 0 0 0 127 51 0;
egregore_data 0 0 127 0 0 127 0 0 0 0 0 0 0 0 0 127 38 0 127 0 0 0
0 0 0 0 0 0 0 100 0 0 127 127 78 0 93 90 127 0 19 127 127 0 0 0 70
0 0 0 127 127 34 0 77.1693 58.4603 50.7725 77.9471 116.214 30.7937
92.9577 35.5556 36.6561 112.323 21.6424 0 13.0159 39.5397 2.68783 127
81.8066 1 0 0 0 0 0 0 0 16 16 0 0 0 0 0 0 127 51 0;
egregore_data 0 0 127 0 0 127 0 0 0 0 0 0 0 0 0 127 38 0 127 0 0 0
0 0 0 0 0 0 0 100 0 0 127 127 78 0 93 90 127 0 19 127 127 0 0 0 70
0 0 0 127 127 34 0 77.1693 58.4603 50.7725 77.9471 116.214 30.7937
92.9577 35.5556 36.6561 112.323 21.6424 0 13.0159 39.5397 2.68783 127
81.8066 1 0 0 0 0 0 0 0 16 16 0 0 0 0 0 0 127 51 0;
egregore_data 0 0 127 0 0 127 0 0 0 0 0 0 0 0 0 127 38 0 127 0 0 0
0 0 0 0 0 0 0 100 0 0 127 127 78 0 93 90 127 0 19 127 127 0 0 0 70
0 0 0 127 127 34 0 77.1693 58.4603 50.7725 77.9471 116.214 30.7937
92.9577 35.5556 36.6561 112.323 21.6424 0 13.0159 39.5397 2.68783 127
81.8066 1 0 0 0 0 0 0 0 16 16 0 0 0 0 0 0 127 51 0;
egregore_data 0 0 127 0 0 127 0 0 0 0 0 0 0 0 0 127 38 0 127 0 0 0
0 0 0 0 0 0 0 100 0 0 127 127 78 0 93 90 127 0 19 127 127 0 0 0 70
0 0 0 127 127 34 0 77.1693 58.4603 50.7725 77.9471 116.214 30.7937
92.9577 35.5556 36.6561 112.323 21.6424 0 13.0159 39.5397 2.68783 127
81.8066 1 0 0 0 0 0 0 0 16 16 0 0 0 0 0 0 127 51 0;
egregore_data 0 0 127 0 0 127 0 0 0 0 0 0 0 0 0 127 38 0 127 0 0 0
0 0 0 0 0 0 0 100 0 0 127 127 78 0 93 90 127 0 19 127 127 0 0 0 70
0 0 0 127 127 34 0 77.1693 58.4603 50.7725 77.9471 116.214 30.7937
92.9577 35.5556 36.6561 112.323 21.6424 0 13.0159 39.5397 2.68783 127
81.8066 1 0 0 0 0 0 0 0 16 16 0 0 0 0 0 0 127 51 0;
egregore_data 0 0 127 0 0 127 0 0 0 0 0 0 0 0 0 127 38 0 127 0 0 0
0 0 0 0 0 0 0 100 0 0 127 127 78 0 93 90 127 0 19 127 127 0 0 0 70
0 0 0 127 127 34 0 77.1693 58.4603 50.7725 77.9471 116.214 30.7937
92.9577 35.5556 36.6561 112.323 21.6424 0 13.0159 39.5397 2.68783 127
81.8066 1 0 0 0 0 0 0 0 16 16 0 0 0 0 0 0 127 51 0;
egregore_data 0 0 127 0 0 127 0 0 0 0 0 0 0 0 0 127 38 0 127 0 0 0
0 0 0 0 0 0 0 100 0 0 127 127 78 0 93 90 127 0 19 127 127 0 0 0 70
0 0 0 127 127 34 0 77.1693 58.4603 50.7725 77.9471 116.214 30.7937
92.9577 35.5556 36.6561 112.323 21.6424 0 13.0159 39.5397 2.68783 127
81.8066 1 0 0 0 0 0 0 0 16 16 0 0 0 0 0 0 127 51 0;
egregore_data 0 0 127 0 0 127 0 0 0 0 0 0 0 0 0 127 38 0 127 0 0 0
0 0 0 0 0 0 0 100 0 0 127 127 78 0 93 90 127 0 19 127 127 0 0 0 70
0 0 0 127 127 34 0 77.1693 58.4603 50.7725 77.9471 116.214 30.7937
92.9577 35.5556 36.6561 112.323 21.6424 0 13.0159 39.5397 2.68783 127
81.8066 1 0 0 0 0 0 0 0 16 16 0 0 0 0 0 0 127 51 0;
egregore_data 0 0 127 0 0 127 0 0 0 0 0 0 0 0 0 127 38 0 127 0 0 0
0 0 0 0 0 0 0 100 0 0 127 127 78 0 93 90 127 0 19 127 127 0 0 0 70
0 0 0 127 127 34 0 77.1693 58.4603 50.7725 77.9471 116.214 30.7937
92.9577 35.5556 36.6561 112.323 21.6424 0 13.0159 39.5397 2.68783 127
81.8066 1 0 0 0 0 0 0 0 16 16 0 0 0 0 0 0 127 51 0;
egregore_data 0 0 127 0 0 127 0 0 0 0 0 0 0 0 0 127 38 0 127 0 0 0
0 0 0 0 0 0 0 100 0 0 127 127 78 0 93 90 127 0 19 127 127 0 0 0 70
0 0 0 127 127 34 0 77.1693 58.4603 50.7725 77.9471 116.214 30.7937
92.9577 35.5556 36.6561 112.323 21.6424 0 13.0159 39.5397 2.68783 127
81.8066 1 0 0 0 0 0 0 0 16 16 0 0 0 0 0 0 127 51 0;
egregore_data 0 0 127 0 0 127 0 0 0 0 0 0 0 0 0 127 38 0 127 0 0 0
0 0 0 0 0 0 0 100 0 0 127 127 78 0 93 90 127 0 19 127 127 0 0 0 70
0 0 0 127 127 34 0 77.1693 58.4603 50.7725 77.9471 116.214 30.7937
92.9577 35.5556 36.6561 112.323 21.6424 0 13.0159 39.5397 2.68783 127
81.8066 1 0 0 0 0 0 0 0 16 16 0 0 0 0 0 0 127 51 0;
egregore_data 0 0 127 0 0 127 0 0 0 0 0 0 0 0 0 127 38 0 127 0 0 0
0 0 0 0 0 0 0 100 0 0 127 127 78 0 93 90 127 0 19 127 127 0 0 0 70
0 0 0 127 127 34 0 77.3032 58.7713 50.9575 77.6862 116.269 30.4415
93.3245 35.1489 36.8511 112.468 21.4383 0 12.867 39.5266 2.70213 127
81.8066 1 0 0 0 0 0 0 0 16 16 0 0 0 0 0 0 127 51 0;
egregore_data 0 0 127 0 0 127 0 0 0 0 0 0 0 0 0 127 38 0 127 0 0 0
0 0 0 0 0 0 0 100 0 0 127 127 78 0 93 90 127 0 19 127 127 0 0 0 70
0 0 0 127 127 34 0 77.3032 58.7713 50.9575 77.6862 116.269 30.4415
93.3245 35.1489 36.8511 112.468 21.4383 0 12.867 39.5266 2.70213 127
81.8066 1 0 0 0 0 0 0 0 16 16 0 0 0 0 0 0 127 51 0;
egregore_data 0 0 127 0 0 127 0 0 0 0 0 0 0 0 0 127 38 0 127 0 0 0
0 0 0 0 0 0 0 100 0 0 127 127 78 0 93 90 127 0 19 127 127 0 0 0 70
0 0 0 127 127 34 0 77.3032 58.7713 50.9575 77.6862 116.269 30.4415
93.3245 35.1489 36.8511 112.468 21.4383 0 12.867 39.5266 2.70213 127
81.8066 1 0 0 0 0 0 0 0 16 16 0 0 0 0 0 0 127 51 0;
egregore_data 0 0 127 0 0 127 0 0 0 0 0 0 0 0 0 127 38 0 127 0 0 0
0 0 0 0 0 0 0 100 0 0 127 127 78 0 93 90 127 0 19 127 127 0 0 0 70
0 0 0 127 127 34 0 77.3032 58.7713 50.9575 77.6862 116.269 30.4415
93.3245 35.1489 36.8511 112.468 21.4383 0 12.867 39.5266 2.70213 127
81.8066 1 0 0 0 0 0 0 0 16 16 0 0 0 0 0 0 127 51 0;
egregore_data 0 0 127 0 0 127 0 0 0 0 0 0 0 0 0 127 38 0 127 0 0 0
0 0 0 0 0 0 0 100 0 0 127 127 78 0 93 90 127 0 19 127 127 0 0 0 70
0 0 0 127 127 34 0 77.3032 58.7713 50.9575 77.6862 116.269 30.4415
93.3245 35.1489 36.8511 112.468 21.4383 0 12.867 39.5266 2.70213 127
81.8066 1 0 0 0 0 0 0 0 16 16 0 0 0 0 0 0 127 51 0;
egregore_data 0 0 127 0 0 127 0 0 0 0 0 0 0 0 0 127 38 0 127 0 0 0
0 0 0 0 0 0 0 100 0 0 127 127 78 0 93 90 127 0 19 127 127 0 0 0 70
0 0 0 127 127 34 0 77.4385 59.0856 51.1444 77.4225 116.323 30.0856
93.6952 34.738 37.0481 112.615 21.2321 0 12.7166 39.5134 2.71658 127
81.8066 1 0 0 0 0 0 0 0 16 16 0 0 0 0 0 0 127 51 0;
egregore_data 0 0 127 0 0 127 0 0 0 0 0 0 0 0 0 127 38 0 127 0 0 0
0 0 0 0 0 0 0 100 0 0 127 127 78 0 93 90 127 0 19 127 127 0 0 0 70
0 0 0 127 127 34 0 77.4385 59.0856 51.1444 77.4225 116.323 30.0856
93.6952 34.738 37.0481 112.615 21.2321 0 12.7166 39.5134 2.71658 127
81.8066 1 0 0 0 0 0 0 0 16 16 0 0 0 0 0 0 127 51 0;
egregore_data 0 0 127 0 0 127 0 0 0 0 0 0 0 0 0 127 38 0 127 0 0 0
0 0 0 0 0 0 0 100 0 0 127 127 78 0 93 90 127 0 19 127 127 0 0 0 70
0 0 0 127 127 34 0 77.4385 59.0856 51.1444 77.4225 116.323 30.0856
93.6952 34.738 37.0481 112.615 21.2321 0 12.7166 39.5134 2.71658 127
81.8066 1 0 0 0 0 0 0 0 16 16 0 0 0 0 0 0 127 51 0;
egregore_data 0 0 127 0 0 127 0 0 0 0 0 0 0 0 0 127 38 0 127 0 0 0
0 0 0 0 0 0 0 100 0 0 127 127 78 0 93 90 127 0 19 127 127 0 0 0 70
0 0 0 127 127 34 0 77.4385 59.0856 51.1444 77.4225 116.323 30.0856
93.6952 34.738 37.0481 112.615 21.2321 0 12.7166 39.5134 2.71658 127
81.8066 1 0 0 0 0 0 0 0 16 16 0 0 0 0 0 0 127 51 0;
egregore_data 0 0 127 0 0 127 0 0 0 0 0 0 0 0 0 127 38 0 127 0 0 0
0 0 0 0 0 0 0 100 0 0 127 127 78 0 93 90 127 0 19 127 127 0 0 0 70
0 0 0 127 127 34 0 77.4385 59.0856 51.1444 77.4225 116.323 30.0856
93.6952 34.738 37.0481 112.615 21.2321 0 12.7166 39.5134 2.71658 127
81.8066 1 0 0 0 0 0 0 0 16 16 0 0 0 0 0 0 127 51 0;
egregore_data 0 0 127 0 0 127 0 0 0 0 0 0 0 0 0 127 38 0 127 0 0 0
0 0 0 0 0 0 0 100 0 0 127 127 78 0 93 90 127 0 19 127 127 0 0 0 70
0 0 0 127 127 34 0 77.4385 59.0856 51.1444 77.4225 116.323 30.0856
93.6952 34.738 37.0481 112.615 21.2321 0 12.7166 39.5134 2.71658 127
81.8066 1 0 0 0 0 0 0 0 16 16 0 0 0 0 0 0 127 51 0;
egregore_data 0 0 127 0 0 127 0 0 0 0 0 0 0 0 0 127 38 0 127 0 0 0
0 0 0 0 0 0 0 100 0 0 127 127 78 0 93 90 127 0 19 127 127 0 0 0 70
0 0 0 127 127 34 0 77.4385 59.0856 51.1444 77.4225 116.323 30.0856
93.6952 34.738 37.0481 112.615 21.2321 0 12.7166 39.5134 2.71658 127
81.8066 1 0 0 0 0 0 0 0 16 16 0 0 0 0 0 0 127 51 0;
egregore_data 0 0 127 0 0 127 0 0 0 0 0 0 0 0 0 127 38 0 127 0 0 0
0 0 0 0 0 0 0 100 0 0 127 127 78 0 93 90 127 0 19 127 127 0 0 0 70
0 0 0 127 127 34 0 77.7135 59.7243 51.5243 76.8865 116.435 29.3622
94.4486 33.9027 37.4487 112.914 20.813 0 12.4108 39.4865 2.74595 127
81.8066 1 0 0 0 0 0 0 0 16 16 0 0 0 0 0 0 127 51 0;
egregore_data 0 0 127 0 0 127 0 0 0 0 0 0 0 0 0 127 38 0 127 0 0 0
0 0 0 0 0 0 0 100 0 0 127 127 78 0 93 90 127 0 19 127 127 0 0 0 70
0 0 0 127 127 34 0 77.7135 59.7243 51.5243 76.8865 116.435 29.3622
94.4486 33.9027 37.4487 112.914 20.813 0 12.4108 39.4865 2.74595 127
81.8066 1 0 0 0 0 0 0 0 16 16 0 0 0 0 0 0 127 51 0;
egregore_data 0 0 127 0 0 127 0 0 0 0 0 0 0 0 0 127 38 0 127 0 0 0
0 0 0 0 0 0 0 100 0 0 127 127 78 0 93 90 127 0 19 127 127 0 0 0 70
0 0 0 127 127 34 0 77.7135 59.7243 51.5243 76.8865 116.435 29.3622
94.4486 33.9027 37.4487 112.914 20.813 0 12.4108 39.4865 2.74595 127
81.8066 1 0 0 0 0 0 0 0 16 16 0 0 0 0 0 0 127 51 0;
egregore_data 0 0 127 0 0 127 0 0 0 0 0 0 0 0 0 127 38 0 127 0 0 0
0 0 0 0 0 0 0 100 0 0 127 127 78 0 93 90 127 0 19 127 127 0 0 0 70
0 0 0 127 127 34 0 77.7135 59.7243 51.5243 76.8865 116.435 29.3622
94.4486 33.9027 37.4487 112.914 20.813 0 12.4108 39.4865 2.74595 127
81.8066 1 0 0 0 0 0 0 0 16 16 0 0 0 0 0 0 127 51 0;
egregore_data 0 0 127 0 0 127 0 0 0 0 0 0 0 0 0 127 38 0 127 0 0 0
0 0 0 0 0 0 0 100 0 0 127 127 78 0 93 90 127 0 19 127 127 0 0 0 70
0 0 0 127 127 34 0 77.7135 59.7243 51.5243 76.8865 116.435 29.3622
94.4486 33.9027 37.4487 112.914 20.813 0 12.4108 39.4865 2.74595 127
81.8066 1 0 0 0 0 0 0 0 16 16 0 0 0 0 0 0 127 51 0;
egregore_data 0 0 127 0 0 127 0 0 0 0 0 0 0 0 0 127 38 0 127 0 0 0
0 0 0 0 0 0 0 100 0 0 127 127 78 0 93 90 127 0 19 127 127 0 0 0 70
0 0 0 127 127 34 0 77.8533 60.0489 51.7174 76.6141 116.492 28.9946
94.8315 33.4783 37.6522 113.065 20.6 0 12.2554 39.4728 2.76087 127
81.8066 1 0 0 0 0 0 0 0 16 16 0 0 0 0 0 0 127 51 0;
egregore_data 0 0 127 0 0 127 0 0 0 0 0 0 0 0 0 127 38 0 127 0 0 0
0 0 0 0 0 0 0 100 0 0 127 127 78 0 93 90 127 0 19 127 127 0 0 0 70
0 0 0 127 127 34 0 77.8533 60.0489 51.7174 76.6141 116.492 28.9946
94.8315 33.4783 37.6522 113.065 20.6 0 12.2554 39.4728 2.76087 127
81.8066 1 0 0 0 0 0 0 0 16 16 0 0 0 0 0 0 127 51 0;
egregore_data 0 0 127 0 0 127 0 0 0 0 0 0 0 0 0 127 38 0 127 0 0 0
0 0 0 0 0 0 0 100 0 0 127 127 78 0 93 90 127 0 19 127 127 0 0 0 70
0 0 0 127 127 34 0 77.8533 60.0489 51.7174 76.6141 116.492 28.9946
94.8315 33.4783 37.6522 113.065 20.6 0 12.2554 39.4728 2.76087 127
81.8066 1 0 0 0 0 0 0 0 16 16 0 0 0 0 0 0 127 51 0;
egregore_data 0 0 127 0 0 127 0 0 0 0 0 0 0 0 0 127 38 0 127 0 0 0
0 0 0 0 0 0 0 100 0 0 127 127 78 0 93 90 127 0 19 127 127 0 0 0 70
0 0 0 127 127 34 0 77.8533 60.0489 51.7174 76.6141 116.492 28.9946
94.8315 33.4783 37.6522 113.065 20.6 0 12.2554 39.4728 2.76087 127
81.8066 1 0 0 0 0 0 0 0 16 16 0 0 0 0 0 0 127 51 0;
egregore_data 0 0 127 0 0 127 0 0 0 0 0 0 0 0 0 127 38 0 127 0 0 0
0 0 0 0 0 0 0 100 0 0 127 127 78 0 93 90 127 0 19 127 127 0 0 0 70
0 0 0 127 127 34 0 77.8533 60.0489 51.7174 76.6141 116.492 28.9946
94.8315 33.4783 37.6522 113.065 20.6 0 12.2554 39.4728 2.76087 127
81.8066 1 0 0 0 0 0 0 0 16 16 0 0 0 0 0 0 127 51 0;
egregore_data 0 0 127 0 0 127 0 0 0 0 0 0 0 0 0 127 38 0 127 0 0 0
0 0 0 0 0 0 0 100 0 0 127 127 78 0 93 90 127 0 19 127 127 0 0 0 70
0 0 0 127 127 34 0 77.9945 60.3771 51.9126 76.3388 116.549 28.623 95.2186
33.0492 37.8579 113.219 20.3847 0 12.0984 39.459 2.77596 127 81.8066
1 0 0 0 0 0 0 0 16 16 0 0 0 0 0 0 127 51 0;
egregore_data 0 0 127 0 0 127 0 0 0 0 0 0 0 0 0 127 38 0 127 0 0 0
0 0 0 0 0 0 0 100 0 0 127 127 78 0 93 90 127 0 19 127 127 0 0 0 70
0 0 0 127 127 34 0 77.9945 60.3771 51.9126 76.3388 116.549 28.623 95.2186
33.0492 37.8579 113.219 20.3847 0 12.0984 39.459 2.77596 127 81.8066
1 0 0 0 0 0 0 0 16 16 0 0 0 0 0 0 127 51 0;
egregore_data 0 0 127 0 0 127 0 0 0 0 0 0 0 0 0 127 38 0 127 0 0 0
0 0 0 0 0 0 0 100 0 0 127 127 78 0 93 90 127 0 19 127 127 0 0 0 70
0 0 0 127 127 34 0 77.9945 60.3771 51.9126 76.3388 116.549 28.623 95.2186
33.0492 37.8579 113.219 20.3847 0 12.0984 39.459 2.77596 127 81.8066
1 0 0 0 0 0 0 0 16 16 0 0 0 0 0 0 127 51 0;
egregore_data 0 0 127 0 0 127 0 0 0 0 0 0 0 0 0 127 38 0 127 0 0 0
0 0 0 0 0 0 0 100 0 0 127 127 78 0 93 90 127 0 19 127 127 0 0 0 70
0 0 0 127 127 34 0 77.9945 60.3771 51.9126 76.3388 116.549 28.623 95.2186
33.0492 37.8579 113.219 20.3847 0 12.0984 39.459 2.77596 127 81.8066
1 0 0 0 0 0 0 0 16 16 0 0 0 0 0 0 127 51 0;
egregore_data 0 0 127 0 0 127 0 0 0 0 0 0 0 0 0 127 38 0 127 0 0 0
0 0 0 0 0 0 0 100 0 0 127 127 78 0 93 90 127 0 19 127 127 0 0 0 70
0 0 0 127 127 34 0 78.1374 60.7088 52.1099 76.0604 116.607 28.2473
95.6099 32.6154 38.0659 113.374 20.1671 0 11.9396 39.4451 2.79121 127
81.8066 1 0 0 0 0 0 0 0 16 16 0 0 0 0 0 0 127 51 0;
egregore_data 0 0 127 0 0 127 0 0 0 0 0 0 0 0 0 127 38 0 127 0 0 0
0 0 0 0 0 0 0 100 0 0 127 127 78 0 93 90 127 0 19 127 127 0 0 0 70
0 0 0 127 127 34 0 78.2818 61.0442 52.3094 75.779 116.666 27.8674 96.0055
32.1768 38.2762 113.53 19.947 0 11.779 39.4309 2.80663 127 81.8066
1 0 0 0 0 0 0 0 16 16 0 0 0 0 0 0 127 51 0;
egregore_data 0 0 127 0 0 127 0 0 0 0 0 0 0 0 0 127 38 0 127 0 0 0
0 0 0 0 0 0 0 100 0 0 127 127 78 0 93 90 127 0 19 127 127 0 0 0 70
0 0 0 127 127 34 0 78.4278 61.3833 52.5111 75.4944 116.725 27.4833
96.4056 31.7333 38.4889 113.689 19.7245 0 11.6167 39.4167 2.82222 127
81.8066 1 0 0 0 0 0 0 0 16 16 0 0 0 0 0 0 127 51 0;
egregore_data 0 0 127 0 0 127 0 0 0 0 0 0 0 0 0 127 38 0 127 0 0 0
0 0 0 0 0 0 0 100 0 0 127 127 78 0 93 90 127 0 19 127 127 0 0 0 70
0 0 0 127 127 34 0 78.4278 61.3833 52.5111 75.4944 116.725 27.4833
96.4056 31.7333 38.4889 113.689 19.7245 0 11.6167 39.4167 2.82222 127
81.8066 1 0 0 0 0 0 0 0 16 16 0 0 0 0 0 0 127 51 0;
egregore_data 0 0 127 0 0 127 0 0 0 0 0 0 0 0 0 127 38 0 127 0 0 0
0 0 0 0 0 0 0 100 0 0 127 127 78 0 93 90 127 0 19 127 127 0 0 0 70
0 0 0 127 127 34 0 78.4278 61.3833 52.5111 75.4944 116.725 27.4833
96.4056 31.7333 38.4889 113.689 19.7245 0 11.6167 39.4167 2.82222 127
81.8066 1 0 0 0 0 0 0 0 16 16 0 0 0 0 0 0 127 51 0;
egregore_data 0 0 127 0 0 127 0 0 0 0 0 0 0 0 0 127 38 0 127 0 0 0
0 0 0 0 0 0 0 100 0 0 127 127 78 0 93 90 127 0 19 127 127 0 0 0 70
0 0 0 127 127 34 0 78.4278 61.3833 52.5111 75.4944 116.725 27.4833
96.4056 31.7333 38.4889 113.689 19.7245 0 11.6167 39.4167 2.82222 127
81.8066 1 0 0 0 0 0 0 0 16 16 0 0 0 0 0 0 127 51 0;
egregore_data 0 0 127 0 0 127 0 0 0 0 0 0 0 0 0 127 38 0 127 0 0 0
0 0 0 0 0 0 0 100 0 0 127 127 78 0 93 90 127 0 19 127 127 0 0 0 70
0 0 0 127 127 34 0 78.7247 62.073 52.9213 74.9157 116.845 26.7022 97.2191
30.8315 38.9213 114.011 19.2719 0 11.2865 39.3876 2.85393 127 81.8066
1 0 0 0 0 0 0 0 16 16 0 0 0 0 0 0 127 51 0;
egregore_data 0 0 127 0 0 127 0 0 0 0 0 0 0 0 0 127 38 0 127 0 0 0
0 0 0 0 0 0 0 100 0 0 127 127 78 0 93 90 127 0 19 127 127 0 0 0 70
0 0 0 127 127 34 0 78.7247 62.073 52.9213 74.9157 116.845 26.7022 97.2191
30.8315 38.9213 114.011 19.2719 0 11.2865 39.3876 2.85393 127 81.8066
1 0 0 0 0 0 0 0 16 16 0 0 0 0 0 0 127 51 0;
egregore_data 0 0 127 0 0 127 0 0 0 0 0 0 0 0 0 127 38 0 127 0 0 0
0 0 0 0 0 0 0 100 0 0 127 127 78 0 93 90 127 0 19 127 127 0 0 0 70
0 0 0 127 127 34 0 78.7247 62.073 52.9213 74.9157 116.845 26.7022 97.2191
30.8315 38.9213 114.011 19.2719 0 11.2865 39.3876 2.85393 127 81.8066
1 0 0 0 0 0 0 0 16 16 0 0 0 0 0 0 127 51 0;
egregore_data 0 0 127 0 0 127 0 0 0 0 0 0 0 0 0 127 38 0 127 0 0 0
0 0 0 0 0 0 0 100 0 0 127 127 78 0 93 90 127 0 19 127 127 0 0 0 70
0 0 0 127 127 34 0 78.7247 62.073 52.9213 74.9157 116.845 26.7022 97.2191
30.8315 38.9213 114.011 19.2719 0 11.2865 39.3876 2.85393 127 81.8066
1 0 0 0 0 0 0 0 16 16 0 0 0 0 0 0 127 51 0;
egregore_data 0 0 127 0 0 127 0 0 0 0 0 0 0 0 0 127 38 0 127 0 0 0
0 0 0 0 0 0 0 100 0 0 127 127 78 0 93 90 127 0 19 127 127 0 0 0 70
0 0 0 127 127 34 0 78.7247 62.073 52.9213 74.9157 116.845 26.7022 97.2191
30.8315 38.9213 114.011 19.2719 0 11.2865 39.3876 2.85393 127 81.8066
1 0 0 0 0 0 0 0 16 16 0 0 0 0 0 0 127 51 0;
egregore_data 0 0 127 0 0 127 0 0 0 0 0 0 0 0 0 127 38 0 127 0 0 0
0 0 0 0 0 0 0 100 0 0 127 127 78 0 93 90 127 0 19 127 127 0 0 0 70
0 0 0 127 127 34 0 78.7247 62.073 52.9213 74.9157 116.845 26.7022 97.2191
30.8315 38.9213 114.011 19.2719 0 11.2865 39.3876 2.85393 127 81.8066
1 0 0 0 0 0 0 0 16 16 0 0 0 0 0 0 127 51 0;
egregore_data 0 0 127 0 0 127 0 0 0 0 0 0 0 0 0 127 38 0 127 0 0 0
0 0 0 0 0 0 0 100 0 0 127 127 78 0 93 90 127 0 19 127 127 0 0 0 70
0 0 0 127 127 34 0 78.7247 62.073 52.9213 74.9157 116.845 26.7022 97.2191
30.8315 38.9213 114.011 19.2719 0 11.2865 39.3876 2.85393 127 81.8066
1 0 0 0 0 0 0 0 16 16 0 0 0 0 0 0 127 51 0;
egregore_data 0 0 127 0 0 127 0 0 0 0 0 0 0 0 0 127 38 0 127 0 0 0
0 0 0 0 0 0 0 100 0 0 127 127 78 0 93 90 127 0 19 127 127 0 0 0 70
0 0 0 127 127 34 0 78.7247 62.073 52.9213 74.9157 116.845 26.7022 97.2191
30.8315 38.9213 114.011 19.2719 0 11.2865 39.3876 2.85393 127 81.8066
1 0 0 0 0 0 0 0 16 16 0 0 0 0 0 0 127 51 0;
egregore_data 0 0 127 0 0 127 0 0 0 0 0 0 0 0 0 127 38 0 127 0 0 0
0 0 0 0 0 0 0 100 0 0 127 127 78 0 93 90 127 0 19 127 127 0 0 0 70
0 0 0 127 127 34 0 79.0284 62.7784 53.3409 74.3239 116.969 25.9034
98.0511 29.9091 39.3636 114.341 18.8091 0 10.9489 39.358 2.88636 127
81.8066 1 0 0 0 0 0 0 0 16 16 0 0 0 0 0 0 127 51 0;
egregore_data 0 0 127 0 0 127 0 0 0 0 0 0 0 0 0 127 38 0 127 0 0 0
0 0 0 0 0 0 0 100 0 0 127 127 78 0 93 90 127 0 19 127 127 0 0 0 70
0 0 0 127 127 34 0 79.3391 63.5 53.7701 73.7184 117.095 25.0862 98.9023
28.9655 39.8161 114.678 18.3357 0 10.6034 39.3276 2.91954 127 81.8066
1 0 0 0 0 0 0 0 16 16 0 0 0 0 0 0 127 51 0;
egregore_data 0 0 127 0 0 127 0 0 0 0 0 0 0 0 0 127 38 0 127 0 0 0
0 0 0 0 0 0 0 100 0 0 127 127 78 0 93 90 127 0 19 127 127 0 0 0 70
0 0 0 127 127 34 0 79.657 64.2384 54.2093 73.0988 117.224 24.25 99.7733
28 40.2791 115.023 17.8512 0 10.25 39.2965 2.95349 127 81.8066 1 0
0 0 0 0 0 0 16 16 0 0 0 0 0 0 127 51 0;
egregore_data 0 0 127 0 0 127 0 0 0 0 0 0 0 0 0 127 38 0 127 0 0 0
0 0 0 0 0 0 0 100 0 0 127 127 78 0 93 90 127 0 19 127 127 0 0 0 70
0 0 0 127 127 34 0 79.657 64.2384 54.2093 73.0988 117.224 24.25 99.7733
28 40.2791 115.023 17.8512 0 10.25 39.2965 2.95349 127 81.8066 1 0
0 0 0 0 0 0 16 16 0 0 0 0 0 0 127 51 0;
egregore_data 0 0 127 0 0 127 0 0 0 0 0 0 0 0 0 127 38 0 127 0 0 0
0 0 0 0 0 0 0 100 0 0 127 127 78 0 93 90 127 0 19 127 127 0 0 0 70
0 0 0 127 127 34 0 79.8187 64.614 54.4328 72.7836 117.289 23.8246 100.216
27.5088 40.5146 115.199 17.6047 0 10.0702 39.2807 2.97076 127 81.8066
1 0 0 0 0 0 0 0 16 16 0 0 0 0 0 0 127 51 0;
egregore_data 0 0 127 0 0 127 0 0 0 0 0 0 0 0 0 127 38 0 127 0 0 0
0 0 0 0 0 0 0 100 0 0 127 127 78 0 93 90 127 0 19 127 127 0 0 0 70
0 0 0 127 127 34 0 79.9824 64.9941 54.6588 72.4647 117.356 23.3941
100.665 27.0118 40.7529 115.376 17.3553 0 9.88824 39.2647 2.98824 127
81.8066 1 0 0 0 0 0 0 0 16 16 0 0 0 0 0 0 127 51 0;
egregore_data 0 0 127 0 0 127 0 0 0 0 0 0 0 0 0 127 38 0 127 0 0 0
0 0 0 0 0 0 0 100 0 0 127 127 78 0 93 90 127 0 19 127 127 0 0 0 70
0 0 0 127 127 34 0 80.1479 65.3787 54.8876 72.142 117.423 22.9586 101.118
26.5089 40.9941 115.556 17.103 0 9.70414 39.2485 3.00592 127 81.8066
1 0 0 0 0 0 0 0 16 16 0 0 0 0 0 0 127 51 0;
egregore_data 0 0 127 0 0 127 0 0 0 0 0 0 0 0 0 127 38 0 127 0 0 0
0 0 0 0 0 0 0 100 0 0 127 127 78 0 93 90 127 0 19 127 127 0 0 0 70
0 0 0 127 127 34 0 80.1479 65.3787 54.8876 72.142 117.423 22.9586 101.118
26.5089 40.9941 115.556 17.103 0 9.70414 39.2485 3.00592 127 81.8066
1 0 0 0 0 0 0 0 16 16 0 0 0 0 0 0 127 51 0;
egregore_data 0 0 127 0 0 127 0 0 0 0 0 0 0 0 0 127 38 0 127 0 0 0
0 0 0 0 0 0 0 100 0 0 127 127 78 0 93 90 127 0 19 127 127 0 0 0 70
0 0 0 127 127 34 0 80.3155 65.7679 55.119 71.8155 117.491 22.5179 101.577
26 41.2381 115.738 16.8477 0 9.51786 39.2321 3.02381 127 81.8066 1
0 0 0 0 0 0 0 16 16 0 0 0 0 0 0 127 51 0;
END;
