HTTP/1.1 200 OK
Date: Thu, 28 May 2015 12:31:10 GMT
Server: Apache
Last-Modified: Wed, 27 May 2015 19:06:32 GMT
Accept-Ranges: bytes
Content-Length: 23968
Vary: Accept-Encoding
Connection: close
Content-Type: text/plain

chdh_egregore_live_data;
egregore_data 54 33 0 0 0 127 0 0 0 0 0 0 0 0 0 127 38 1 0 50.315 0
0 0 0 0 0 0 0 80 111 0 0 60.1575 127 78 1 0 0 127 0 0 30 127 0 0 0
70 0 0 0 0 127 34 0 53 99 83 0 0 0 0 32 0 0 21 0 40 0 0 127 88 0 0
0 0 0 0 0 0 16 16 0 0 0 0 0 0 127 51 0;
egregore_data 54 33 0 0 0 127 0 0 0 0 0 0 0 0 0 127 38 1 0 50.315 0
0 0 0 0 0 0 0 80 111 0 0 60.1575 127 78 1 0 0 127 0 0 30 127 0 0 0
70 0 0 0 0 127 34 0 53 99 83 0 0 0 0 32 0 0 21 0 40 0 0 127 88 0 0
0 0 0 0 0 0 16 16 0 0 0 0 0 0 127 51 0;
egregore_data 54 33 0 0 0 127 0 0 0 0 0 0 0 0 0 127 38 1 0 50.315 0
0 0 0 0 0 0 0 80 111 0 0 60.1575 127 78 1 0 0 127 0 0 30 127 0 0 0
70 0 0 0 0 127 34 0 53 99 83 0 0 0 0 32 0 0 21 0 40 0 0 127 88 0 0
0 0 0 0 0 0 16 16 0 0 0 0 0 0 127 51 0;
egregore_data 54 33 0 0 0 127 0 0 0 0 0 0 0 0 0 127 38 1 0 50.315 0
0 0 0 0 0 0 0 80 111 0 0 60.1575 127 78 1 0 0 127 0 0 30 127 0 0 0
70 0 0 0 0 127 34 0 53 99 83 0 0 0 0 32 0 0 21 0 40 0 0 127 88 0 0
0 0 0 0 0 0 16 16 0 0 0 0 0 0 127 51 0;
egregore_data 54 33 0 0 0 127 0 0 0 0 0 0 0 0 0 127 38 1 0 50.9842
0 0 0 0 0 0 0 0 80 111 0 0 60.4921 127 78 1 0 0 127 0 0 30 127 0 0
0 70 0 0 0 0 127 34 0 53 99 83 0 0 0 0 32 0 0 21 0 40 0 0 127 88 0
0 0 0 0 0 0 0 16 16 0 0 0 0 0 0 127 51 0;
egregore_data 54 33 0 0 0 127 0 0 0 0 0 0 0 0 0 127 38 1 0 50.9842
0 0 0 0 0 0 0 0 80 111 0 0 60.4921 127 78 1 0 0 127 0 0 30 127 0 0
0 70 0 0 0 0 127 34 0 53 99 83 0 0 0 0 32 0 0 21 0 40 0 0 127 88 0
0 0 0 0 0 0 0 16 16 0 0 0 0 0 0 127 51 0;
egregore_data 54 33 0 0 0 127 0 0 0 0 0 0 0 0 0 127 38 1 0 50.9842
0 0 0 0 0 0 0 0 80 111 0 0 60.4921 127 78 1 0 0 127 0 0 30 127 0 0
0 70 0 0 0 0 127 34 0 53 99 83 0 0 0 0 32 0 0 21 0 40 0 0 127 88 0
0 0 0 0 0 0 0 16 16 0 0 0 0 0 0 127 51 0;
egregore_data 54 33 0 0 0 127 0 0 0 0 0 0 0 0 0 127 38 1 0 51.3189
0 0 0 0 0 0 0 0 80 111 0 0 60.6595 127 78 1 0 0 127 0 0 30 127 0 0
0 70 0 0 0 0 127 34 0 53 99 83 0 0 0 0 32 0 0 21 0 40 0 0 127 88 0
0 0 0 0 0 0 0 16 16 0 0 0 0 0 0 127 51 0;
egregore_data 54 33 0 0 0 127 0 0 0 0 0 0 0 0 0 127 38 1 0 51.3189
0 0 0 0 0 0 0 0 80 111 0 0 60.6595 127 78 1 0 0 127 0 0 30 127 0 0
0 70 0 0 0 0 127 34 0 53 99 83 0 0 0 0 32 0 0 21 0 40 0 0 127 88 0
0 0 0 0 0 0 0 16 16 0 0 0 0 0 0 127 51 0;
egregore_data 53 33 0 0 0 127 0 0 0 0 0 0 0 0 0 127 38 1 0 51.3189
0 0 0 0 0 0 0 0 80 111 0 0 60.6595 127 78 1 0 0 127 0 0 30 127 0 0
0 70 0 0 0 0 127 34 0 53 99 83 0 0 0 0 32 0 0 21 0 40 0 0 127 88 0
0 0 0 0 0 0 0 16 16 0 0 0 0 0 0 127 51 0;
egregore_data 53 33 0 0 0 127 0 0 0 0 0 0 0 0 0 127 38 1 0 51.6535
0 0 0 0 0 0 0 0 80 111 0 0 60.8268 127 78 1 0 0 127 0 0 30 127 0 0
0 70 0 0 0 0 127 34 0 53 99 83 0 0 0 0 32 0 0 21 0 40 0 0 127 88 0
0 0 0 0 0 0 0 16 16 0 0 0 0 0 0 127 51 0;
egregore_data 53 33 1 0 0 127 0 0 0 0 0 0 0 0 0 127 38 1 0 51.6535
0 0 0 0 0 0 0 0 80 111 0 0 60.8268 127 78 1 0 0 127 0 0 30 127 0 0
0 70 0 0 0 0 127 34 0 53 99 83 0 0 0 0 32 0 0 21 0 40 0 0 127 88 0
0 0 0 0 0 0 0 16 16 0 0 0 0 0 0 127 51 0;
egregore_data 53 33 1 0 0 127 0 0 0 0 0 0 0 0 0 127 38 1 0 51.9882
0 0 0 0 0 0 0 0 80 111 0 0 60.9941 127 78 1 0 0 127 0 0 30 127 0 0
0 70 0 0 0 0 127 34 0 53 99 83 0 0 0 0 32 0 0 21 0 40 0 0 127 88 0
0 0 0 0 0 0 0 16 16 0 0 0 0 0 0 127 51 0;
egregore_data 53 33 1 0 0 127 0 0 0 0 0 0 0 0 0 127 38 1 0 51.9882
0 0 0 0 0 0 0 0 80 111 0 0 60.9941 127 78 1 0 0 127 0 0 30 127 0 0
0 70 0 0 0 0 127 34 0 53 99 83 0 0 0 0 32 0 0 21 0 40 0 0 127 88 0
0 0 0 0 0 0 0 16 16 0 0 0 0 0 0 127 51 0;
egregore_data 52 33 1 0 0 127 0 0 0 0 0 0 0 0 0 127 38 1 0 51.9882
0 0 0 0 0 0 0 0 80 111 0 0 60.9941 127 78 1 0 0 127 0 0 30 127 0 0
0 70 0 0 0 0 127 34 0 53 99 83 0 0 0 0 32 0 0 21 0 40 0 0 127 88 0
0 0 0 0 0 0 0 16 16 0 0 0 0 0 0 127 51 0;
egregore_data 52 33 1 0 0 127 0 0 0 0 0 0 0 0 0 127 38 1 0 52.3228
0 0 0 0 0 0 0 0 80 111 0 0 61.1614 127 78 1 0 0 127 0 0 30 127 0 0
0 70 0 0 0 0 127 34 0 53 99 83 0 0 0 0 32 0 0 21 0 40 0 0 127 88 0
0 0 0 0 0 0 0 16 16 0 0 0 0 0 0 127 51 0;
egregore_data 52 33 1 0 0 127 0 0 0 0 0 0 0 0 0 127 38 1 0 52.3228
0 0 0 0 0 0 0 0 80 111 0 0 61.1614 127 78 1 0 0 127 0 0 30 127 0 0
0 70 0 0 0 0 127 34 0 53 99 83 0 0 0 0 32 0 0 21 0 40 0 0 127 88 0
0 0 0 0 0 0 0 16 16 0 0 0 0 0 0 127 51 0;
egregore_data 52 33 2 0 0 127 0 0 0 0 0 0 0 0 0 127 38 1 0 52.3228
0 0 0 0 0 0 0 0 80 111 0 0 61.1614 127 78 1 0 0 127 0 0 30 127 0 0
0 70 0 0 0 0 127 34 0 53 99 83 0 0 0 0 32 0 0 21 0 40 0 0 127 88 0
0 0 0 0 0 0 0 16 16 0 0 0 0 0 0 127 51 0;
egregore_data 52 33 2 0 0 127 0 0 0 0 0 0 0 0 0 127 38 1 0 52.9921
0 0 0 0 0 0 0 0 80 111 0 0 61.4961 127 78 1 0 0 127 0 0 30 127 0 0
0 70 0 0 0 0 127 34 0 53 99 83 0 0 0 0 32 0 0 21 0 40 0 0 127 88 0
0 0 0 0 0 0 0 16 16 0 0 0 0 0 0 127 51 0;
egregore_data 52 33 2 0 0 127 0 0 0 0 0 0 0 0 0 127 38 1 0 52.9921
0 0 0 0 0 0 0 0 80 111 0 0 61.4961 127 78 1 0 0 127 0 0 30 127 0 0
0 70 0 0 0 0 127 34 0 53 99 83 0 0 0 0 32 0 0 21 0 40 0 0 127 88 0
0 0 0 0 0 0 0 16 16 0 0 0 0 0 0 127 51 0;
egregore_data 52 33 2 0 0 127 0 0 0 0 0 0 0 0 0 127 38 1 0 52.9921
0 0 0 0 0 0 0 0 80 111 0 0 61.4961 127 78 1 0 0 127 0 0 30 127 0 0
0 70 0 0 0 0 127 34 0 53 99 83 0 0 0 0 32 0 0 21 0 40 0 0 127 88 0
0 0 0 0 0 0 0 16 16 0 0 0 0 0 0 127 51 0;
egregore_data 52 33 2 0 0 127 0 0 0 0 0 0 0 0 0 127 38 1 0 53.3268
0 0 0 0 0 0 0 0 80 111 0 0 61.6634 127 78 1 0 0 127 0 0 30 127 0 0
0 70 0 0 0 0 127 34 0 53 99 83 0 0 0 0 32 0 0 21 0 40 0 0 127 88 0
0 0 0 0 0 0 0 16 16 0 0 0 0 0 0 127 51 0;
egregore_data 52 33 3 0 0 127 0 0 0 0 0 0 0 0 0 127 38 1 0 53.3268
0 0 0 0 0 0 0 0 80 111 0 0 61.6634 127 78 1 0 0 127 0 0 30 127 0 0
0 70 0 0 0 0 127 34 0 53 99 83 0 0 0 0 32 0 0 21 0 40 0 0 127 88 0
0 0 0 0 0 0 0 16 16 0 0 0 0 0 0 127 51 0;
egregore_data 52 33 3 0 0 127 0 0 0 0 0 0 0 0 0 127 38 1 0 53.6614
0 0 0 0 0 0 0 0 80 111 0 0 61.8307 127 78 1 0 0 127 0 0 30 127 0 0
0 70 0 0 0 0 127 34 0 53 99 83 0 0 0 0 32 0 0 21 0 40 0 0 127 88 0
0 0 0 0 0 0 0 16 16 0 0 0 0 0 0 127 51 0;
egregore_data 52 33 3 0 0 127 0 0 0 0 0 0 0 0 0 127 38 1 0 53.6614
0 0 0 0 0 0 0 0 80 111 0 0 61.8307 127 78 1 0 0 127 0 0 30 127 0 0
0 70 0 0 0 0 127 34 0 53 99 83 0 0 0 0 32 0 0 21 0 40 0 0 127 88 0
0 0 0 0 0 0 0 16 16 0 0 0 0 0 0 127 51 0;
egregore_data 51 33 3 0 0 127 0 0 0 0 0 0 0 0 0 127 38 1 0 53.6614
0 0 0 0 0 0 0 0 80 111 0 0 61.8307 127 78 1 0 0 127 0 0 30 127 0 0
0 70 0 0 0 0 127 34 0 53 99 83 0 0 0 0 32 0 0 21 0 40 0 0 127 88 0
0 0 0 0 0 0 0 16 16 0 0 0 0 0 0 127 51 0;
egregore_data 51 33 3 0 0 127 0 0 0 0 0 0 0 0 0 127 38 1 0 53.9961
0 0 0 0 0 0 0 0 80 111 0 0 61.998 127 78 1 0 0 127 0 0 30 127 0 0 0
70 0 0 0 0 127 34 0 53 99 83 0 0 0 0 32 0 0 21 0 40 0 0 127 88 0 0
0 0 0 0 0 0 16 16 0 0 0 0 0 0 127 51 0;
egregore_data 51 33 3 0 0 127 0 0 0 0 0 0 0 0 0 127 38 1 0 53.9961
0 0 0 0 0 0 0 0 80 111 0 0 61.998 127 78 1 0 0 127 0 0 30 127 0 0 0
70 0 0 0 0 127 34 0 53 99 83 0 0 0 0 32 0 0 21 0 40 0 0 127 88 0 0
0 0 0 0 0 0 16 16 0 0 0 0 0 0 127 51 0;
egregore_data 51 33 3 0 0 127 0 0 0 0 0 0 0 0 0 127 38 1 0 53.9961
0 0 0 0 0 0 0 0 80 111 0 0 61.998 127 78 1 0 0 127 0 0 30 127 0 0 0
70 0 0 0 0 127 34 0 53 99 83 0 0 0 0 32 0 0 21 0 40 0 0 127 88 0 0
0 0 0 0 0 0 16 16 0 0 0 0 0 0 127 51 0;
egregore_data 51 33 3 0 0 127 0 0 0 0 0 0 0 0 0 127 38 1 0 53.9961
0 0 0 0 0 0 0 0 80 111 0 0 61.998 127 78 1 0 0 127 0 0 30 127 0 0 0
70 0 0 0 0 127 34 0 53 99 83 0 0 0 0 32 0 0 21 0 40 0 0 127 88 0 0
0 0 0 0 0 0 16 16 0 0 0 0 0 0 127 51 0;
egregore_data 51 33 3 0 0 127 0 0 0 0 0 0 0 0 0 127 38 1 0 54.3307
0 0 0 0 0 0 0 0 80 111 0 0 62.1654 127 78 1 0 0 127 0 0 30 127 0 0
0 70 0 0 0 0 127 34 0 53 99 83 0 0 0 0 32 0 0 21 0 40 0 0 127 88 0
0 0 0 0 0 0 0 16 16 0 0 0 0 0 0 127 51 0;
egregore_data 51 33 3 0 0 127 0 0 0 0 0 0 0 0 0 127 38 1 0 54.3307
0 0 0 0 0 0 0 0 80 111 0 0 62.1654 127 78 1 0 0 127 0 0 30 127 0 0
0 70 0 0 0 0 127 34 0 53 99 83 0 0 0 0 32 0 0 21 0 40 0 0 127 88 0
0 0 0 0 0 0 0 16 16 0 0 0 0 0 0 127 51 0;
egregore_data 51 33 3 0 0 127 0 0 0 0 0 0 0 0 0 127 38 1 0 55 0 0 0
0 0 0 0 0 80 111 0 0 62.5 127 78 1 0 0 127 0 0 30 127 0 0 0 70 0 0
0 0 127 34 0 53 99 83 0 0 0 0 32 0 0 21 0 40 0 0 127 88 0 0 0 0 0 0
0 0 16 16 0 0 0 0 0 0 127 51 0;
egregore_data 51 33 3 0 0 127 0 0 0 0 0 0 0 0 0 127 38 1 0 55 0 0 0
0 0 0 0 0 80 111 0 0 62.5 127 78 1 0 0 127 0 0 30 127 0 0 0 70 0 0
0 0 127 34 0 53 99 83 0 0 0 0 32 0 0 21 0 40 0 0 127 88 0 0 0 0 0 0
0 0 16 16 0 0 0 0 0 0 127 51 0;
egregore_data 51 33 3 0 0 127 0 0 0 0 0 0 0 0 0 127 38 1 0 55 0 0 0
0 0 0 0 0 80 111 0 0 62.5 127 78 1 0 0 127 0 0 30 127 0 0 0 70 0 0
0 0 127 34 0 53 99 83 0 0 0 0 32 0 0 21 0 40 0 0 127 88 0 0 0 0 0 0
0 0 16 16 0 0 0 0 0 0 127 51 0;
egregore_data 51 33 3 0 0 127 0 0 0 0 0 0 0 0 0 127 38 1 0 55 0 0 0
0 0 0 0 0 80 111 0 0 62.5 127 78 1 0 0 127 0 0 30 127 0 0 0 70 0 0
0 0 127 34 0 53 99 83 0 0 0 0 32 0 0 21 0 40 0 0 127 88 0 0 0 0 0 0
0 0 16 16 0 0 0 0 0 0 127 51 0;
egregore_data 51 33 3 0 0 127 0 0 0 0 0 0 0 0 0 127 38 1 0 55 0 0 0
0 0 0 0 0 80 111 0 0 62.5 127 78 1 0 0 127 0 0 30 127 0 0 0 70 0 0
0 0 127 34 0 53 99 83 0 0 0 0 32 0 0 21 0 40 0 0 127 88 0 0 0 0 0 0
0 0 16 16 0 0 0 0 0 0 127 51 0;
egregore_data 51 33 3 0 0 127 0 0 0 0 0 0 0 0 0 127 38 1 0 55 0 0 0
0 0 0 0 0 80 111 0 0 62.5 127 78 1 0 0 127 0 0 30 127 0 0 0 70 0 0
0 0 127 34 0 53 99 83 0 0 0 0 32 0 0 21 0 40 0 0 127 88 0 0 0 0 0 0
0 0 16 16 0 0 0 0 0 0 127 51 0;
egregore_data 51 33 3 0 0 127 0 0 0 0 0 0 0 0 0 127 38 1 0 55 0 0 0
0 0 0 0 0 80 111 0 0 62.5 127 78 1 0 0 127 0 0 30 127 0 0 0 70 0 0
0 0 127 34 0 53 99 83 0 0 0 0 32 0 0 21 0 40 0 0 127 88 0 0 0 0 0 0
0 0 16 16 0 0 0 0 0 0 127 51 0;
egregore_data 51 32 3 0 0 127 0 0 0 0 0 0 0 0 0 127 38 1 0 55 0 0 0
0 0 0 0 0 80 111 0 0 62.5 127 78 1 0 0 127 0 0 30 127 0 0 0 70 0 0
0 0 127 34 0 53 99 83 0 0 0 0 32 0 0 21 0 40 0 0 127 88 0 0 0 0 0 0
0 0 16 16 0 0 0 0 0 0 127 51 0;
egregore_data 51 32 3 0 0 127 0 0 0 0 0 0 0 0 0 127 38 1 0 55 0 0 0
0 0 0 0 0 80 111 0 0 62.5 127 78 1 0 0 127 0 0 30 127 0 0 0 70 0 0
0 0 127 34 0 53 99 83 0 0 0 0 32 0 0 21 0 40 0 0 127 88 0 0 0 0 0 0
0 0 16 16 0 0 0 0 0 0 127 51 0;
egregore_data 51 32 3 0 0 127 0 0 0 0 0 0 0 0 0 127 38 1 0 55 0 0 0
0 0 0 0 0 80 111 0 0 62.5 127 78 1 0 0 127 0 0 30 127 0 0 0 70 0 0
0 0 127 34 0 53 99 83 0 0 0 0 32 0 0 21 0 40 0 0 127 88 0 0 0 0 0 0
0 0 16 16 0 0 0 0 0 0 127 51 0;
egregore_data 51 32 3 0 0 127 0 0 0 0 0 0 0 0 0 127 38 1 0 55 0 0 0
0 0 0 0 0 80 111 0 0 62.5 127 78 1 0 0 127 0 0 30 127 0 0 0 70 0 0
0 0 127 34 0 53 99 83 0 0 0 0 32 0 0 21 0 40 0 0 127 88 0 0 0 0 0 0
0 0 16 16 0 0 0 0 0 0 127 51 0;
egregore_data 51 32 3 0 0 127 0 0 0 0 0 0 0 0 0 127 38 1 0 55 0 0 0
0 0 0 0 0 80 111 0 0 62.5 127 78 1 0 0 127 0 0 30 127 0 0 0 70 0 0
0 0 127 34 0 53 99 83 0 0 0 0 32 0 0 21 0 40 0 0 127 88 0 0 0 0 0 0
0 0 16 16 0 0 0 0 0 0 127 51 0;
egregore_data 51 32 3 0 0 127 0 0 0 0 0 0 0 0 0 127 38 1 0 55 0 0 0
0 0 0 0 0 80 111 0 0 62.5 127 78 1 0 0 127 0 0 30 127 0 0 0 70 0 0
0 0 127 34 0 53 99 83 0 0 0 0 32 0 0 21 0 40 0 0 127 88 0 0 0 0 0 0
0 0 16 16 0 0 0 0 0 0 127 51 0;
egregore_data 51 32 3 0 0 127 0 0 0 0 0 0 0 0 0 127 38 1 0 55 0 0 0
0 0 0 0 0 80 111 0 0 62.5 127 78 1 0 0 127 0 0 30 127 0 0 0 70 0 0
0 0 127 34 0 53 99 83 0 0 0 0 32 0 0 21 0 40 0 0 127 88 0 0 0 0 0 0
0 0 16 16 0 0 0 0 0 0 127 51 0;
egregore_data 51 32 3 0 0 127 0 0 0 0 0 0 0 0 0 127 38 1 0 55 0 0 0
0 0 0 0 0 80 111 0 0 62.5 127 78 1 0 0 127 0 0 30 127 0 0 0 70 0 0
0 0 127 34 0 53 99 83 0 0 0 0 32 0 0 21 0 40 0 0 127 88 0 0 0 0 0 0
0 0 16 16 0 0 0 0 0 0 127 51 0;
egregore_data 51 32 3 0 0 127 0 0 0 0 0 0 0 0 0 127 38 1 0 55 0 0 0
0 0 0 0 0 80 111 0 0 62.5 127 78 1 0 0 127 0 0 30 127 0 0 0 70 0 0
0 0 127 34 0 53 99 83 0 0 0 0 32 0 0 21 0 40 0 0 127 88 0 0 0 0 0 0
0 0 16 16 0 0 0 0 0 0 127 51 0;
egregore_data 51 32 3 0 0 127 0 0 0 0 0 0 0 0 0 127 38 1 0 55 0 0 0
0 0 0 0 0 80 111 0 0 62.5 127 78 1 0 0 127 0 0 30 127 0 0 0 70 0 0
0 0 127 34 0 53 99 83 0 0 0 0 32 0 0 21 0 40 0 0 127 88 0 0 0 0 0 0
0 0 16 16 0 0 0 0 0 0 127 51 0;
egregore_data 51 32 3 0 0 127 0 0 0 0 0 0 0 0 0 127 38 1 0 55 0 0 0
0 0 0 0 0 80 111 0 0 62.5 127 78 1 0 0 127 0 0 30 127 0 0 0 70 0 0
0 0 127 34 0 53 99 83 0 0 0 0 32 0 0 21 0 40 0 0 127 88 0 0 0 0 0 0
0 0 16 16 0 0 0 0 0 0 127 51 0;
egregore_data 51 32 3 0 0 127 0 0 0 0 0 0 0 0 0 127 38 1 0 55 0 0 0
0 0 0 0 0 80 111 0 0 62.5 127 78 1 0 0 127 0 0 30 127 0 0 0 70 0 0
0 0 127 34 0 53 99 83 0 0 0 0 32 0 0 21 0 40 0 0 127 88 0 0 0 0 0 0
0 0 16 16 0 0 0 0 0 0 127 51 0;
egregore_data 51 32 3 0 0 127 0 0 0 0 0 0 0 0 0 127 38 1 0 55 0 0 0
0 0 0 0 0 80 111 0 0 62.5 127 78 1 0 0 127 0 0 30 127 0 0 0 70 0 0
0 0 127 34 0 53 99 83 0 0 0 0 32 0 0 21 0 40 0 0 127 88 0 0 0 0 0 0
0 0 16 16 0 0 0 0 0 0 127 51 0;
egregore_data 51 32 3 0 0 127 0 0 0 0 0 0 0 0 0 127 38 1 0 55 0 0 0
0 0 0 0 0 80 111 0 0 62.5 127 78 1 0 0 127 0 0 30 127 0 0 0 70 0 0
0 0 127 34 0 53 99 83 0 0 0 0 32 0 0 21 0 40 0 0 127 88 0 0 0 0 0 0
0 0 16 16 0 0 0 0 0 0 127 51 0;
egregore_data 51 32 3 0 0 127 0 0 0 0 0 0 0 0 0 127 38 1 0 55 0 0 0
0 0 0 0 0 80 111 0 0 62.5 127 78 1 0 0 127 0 0 30 127 0 0 0 70 0 0
0 0 127 34 0 53 99 83 0 0 0 0 32 0 0 21 0 40 0 0 127 88 0 0 0 0 0 0
0 0 16 16 0 0 0 0 0 0 127 51 0;
egregore_data 51 32 3 0 0 127 0 0 0 0 0 0 0 0 0 127 38 1 0 55 0 0 0
0 0 0 0 0 80 111 0 0 62.5 127 78 1 0 0 127 0 0 30 127 0 0 0 70 0 0
0 0 127 34 0 53 99 83 0 0 0 0 32 0 0 21 0 40 0 0 127 88 0 0 0 0 0 0
0 0 16 16 0 0 0 0 0 0 127 51 0;
egregore_data 51 32 3 0 0 127 0 0 0 0 0 0 0 0 0 127 38 1 0 55 0 0 0
0 0 0 0 0 80 111 0 0 62.5 127 78 1 0 0 127 0 0 30 127 0 0 0 70 0 0
0 0 127 34 0 53 99 83 0 0 0 0 32 0 0 21 0 40 0 0 127 88 0 0 0 0 0 0
0 0 16 16 0 0 0 0 0 0 127 51 0;
egregore_data 51 32 3 0 0 127 0 0 0 0 0 0 0 0 0 127 38 1 0 55 0 0 0
0 0 0 0 0 80 111 0 0 62.5 127 78 1 0 0 127 0 0 30 127 0 0 0 70 0 0
0 0 127 34 0 53 99 83 0 0 0 0 32 0 0 21 0 40 0 0 127 88 0 0 0 0 0 0
0 0 16 16 0 0 0 0 0 0 127 51 0;
egregore_data 51 32 3 0 0 127 0 0 0 0 0 0 0 0 0 127 38 1 0 55 0 0 0
0 0 0 0 0 80 111 0 0 62.5 127 78 1 0 0 127 0 0 30 127 0 0 0 70 0 0
0 0 127 34 0 53 99 83 0 0 0 0 32 0 0 21 0 40 0 0 127 88 0 0 0 0 0 0
0 0 16 16 0 0 0 0 0 0 127 51 0;
egregore_data 51 32 3 0 0 127 0 0 0 0 0 0 0 0 0 127 38 1 0 55 0 0 0
0 0 0 0 0 80 111 0 0 62.5 127 78 1 0 0 127 0 0 30 127 0 0 0 70 0 0
0 0 127 34 0 53 99 83 0 0 0 0 32 0 0 21 0 40 0 0 127 88 0 0 0 0 0 0
0 0 16 16 0 0 0 0 0 0 127 51 0;
egregore_data 51 32 3 0 0 127 0 0 0 0 0 0 0 0 0 127 38 1 0 55 0 0 0
0 0 0 0 0 80 111 0 0 62.5 127 78 1 0 0 127 0 0 30 127 0 0 0 70 0 0
0 0 127 34 0 53 99 83 0 0 0 0 32 0 0 21 0 40 0 0 127 88 0 0 0 0 0 0
0 0 16 16 0 0 0 0 0 0 127 51 0;
egregore_data 51 32 3 0 0 127 0 0 0 0 0 0 0 0 0 127 38 1 0 55 0 0 0
0 0 0 0 0 80 111 0 0 62.5 127 78 1 0 0 127 0 0 30 127 0 0 0 70 0 0
0 0 127 34 0 53 99 83 0 0 0 0 32 0 0 21 0 40 0 0 127 88 0 0 0 0 0 0
0 0 16 16 0 0 0 0 0 0 127 51 0;
egregore_data 51 32 3 0 0 127 0 0 0 0 0 0 0 0 0 127 38 1 0 55 0 0 0
0 0 0 0 0 80 111 0 0 62.5 127 78 1 0 0 127 0 0 30 127 0 0 0 70 0 0
0 0 127 34 0 53 99 83 0 0 0 0 32 0 0 21 0 40 0 0 127 88 0 0 0 0 0 0
0 0 16 16 0 0 0 0 0 0 127 51 0;
egregore_data 49 32 3 0 0 127 0 0 0 0 0 0 0 0 0 127 38 1 0 55 0 0 0
0 0 0 0 0 80 111 0 0 62.5 127 78 1 0 0 127 0 0 30 127 0 0 0 70 0 0
0 0 127 34 0 53 99 83 0 0 0 0 32 0 0 21 0 40 0 0 127 88 0 0 0 0 0 0
0 0 16 16 0 0 0 0 0 0 127 51 0;
egregore_data 49 32 3 0 0 127 0 0 0 0 0 0 0 0 0 127 38 1 0 55 0 0 0
0 0 0 0 0 80 111 0 0 62.5 127 78 1 0 0 127 0 0 30 127 0 0 0 70 0 0
0 0 127 34 0 53 99 83 0 0 0 0 32 0 0 21 0 40 0 0 127 88 0 0 0 0 0 0
0 0 16 16 0 0 0 0 0 0 127 51 0;
egregore_data 49 32 3 0 0 127 0 0 0 0 0 0 0 0 0 127 38 1 0 55 0 0 0
0 0 0 0 0 80 111 0 0 62.5 127 78 1 0 0 127 0 0 30 127 0 0 0 70 0 0
0 0 127 34 0 53 99 83 0 0 0 0 32 0 0 21 0 40 0 0 127 88 0 0 0 0 0 0
0 0 16 16 0 0 0 0 0 0 127 51 0;
egregore_data 49 32 3 0 0 127 0 0 0 0 0 0 0 0 0 127 38 1 0 55 0 0 0
0 0 0 0 0 80 111 0 0 62.5 127 78 1 0 0 127 0 0 30 127 0 0 0 70 0 0
0 0 127 34 0 53 99 83 0 0 0 0 32 0 0 21 0 40 0 0 127 88 0 0 0 0 0 0
0 0 16 16 0 0 0 0 0 0 127 51 0;
egregore_data 49 32 3 0 0 127 0 0 0 0 0 0 0 0 0 127 38 1 0 55 0 0 0
0 0 0 0 0 80 111 0 0 62.5 127 78 1 0 0 127 0 0 30 127 0 0 0 70 0 0
0 0 127 34 0 53 99 83 0 0 0 0 32 0 0 21 0 40 0 0 127 88 0 0 0 0 0 0
0 0 16 16 0 0 0 0 0 0 127 51 0;
egregore_data 49 32 3 0 0 127 0 0 0 0 0 0 0 0 0 127 38 1 0 55 0 0 0
0 0 0 0 0 80 111 0 0 62.5 127 78 1 0 0 127 0 0 30 127 0 0 0 70 0 0
0 0 127 34 0 53 99 83 0 0 0 0 32 0 0 21 0 40 0 0 127 88 0 0 0 0 0 0
0 0 16 16 0 0 0 0 0 0 127 51 0;
egregore_data 49 32 3 0 0 127 0 0 0 0 0 0 0 0 0 127 38 1 0 55 0 0 0
0 0 0 0 0 80 111 0 0 62.5 127 78 1 0 0 127 0 0 30 127 0 0 0 70 0 0
0 0 127 34 0 53 99 83 0 0 0 0 32 0 0 21 0 40 0 0 127 88 0 0 0 0 0 0
0 0 16 16 0 0 0 0 0 0 127 51 0;
egregore_data 49 32 3 0 0 127 0 0 0 0 0 0 0 0 0 127 38 1 0 55 0 0 0
0 0 0 0 0 80 111 0 0 62.5 127 78 1 0 0 127 0 0 30 127 0 0 0 70 0 0
0 0 127 34 0 53 99 83 0 0 0 0 32 0 0 21 0 40 0 0 127 88 0 0 0 0 0 0
0 0 16 16 0 0 0 0 0 0 127 51 0;
egregore_data 49 32 3 0 0 127 0 0 0 0 0 0 0 0 0 127 38 1 0 55 0 0 0
0 0 0 0 0 80 111 0 0 62.5 127 78 1 0 0 127 0 0 30 127 0 0 0 70 0 0
0 0 127 34 0 53 99 83 0 0 0 0 32 0 0 21 0 40 0 0 127 88 0 0 0 0 0 0
0 0 16 16 0 0 0 0 0 0 127 51 0;
egregore_data 49 30 3 0 0 127 0 0 0 0 0 0 0 0 0 127 38 1 0 55 0 0 0
0 0 0 0 0 80 111 0 0 62.5 127 78 1 0 0 127 0 0 30 127 0 0 0 70 0 0
0 0 127 34 0 53 99 83 0 0 0 0 32 0 0 21 0 40 0 0 127 88 0 0 0 0 0 0
0 0 16 16 0 0 0 0 0 0 127 51 0;
egregore_data 48 29 3 0 0 127 0 0 0 0 0 0 0 0 0 127 38 1 0 55 0 0 0
0 0 0 0 0 80 111 0 0 62.5 127 78 1 0 0 127 0 0 30 127 0 0 0 70 0 0
0 0 127 34 0 53 99 83 0 0 0 0 32 0 0 21 0 40 0 0 127 88 0 0 0 0 0 0
0 0 16 16 0 0 0 0 0 0 127 51 0;
egregore_data 48 29 3 0 0 127 0 0 0 0 0 0 0 0 0 127 38 1 0 55 0 0 0
0 0 0 0 0 80 111 0 0 62.5 127 78 1 0 0 127 0 0 30 127 0 0 0 70 0 0
0 0 127 34 0 53 99 83 0 0 0 0 32 0 0 21 0 40 0 0 127 88 0 0 0 0 0 0
0 0 16 16 0 0 0 0 0 0 127 51 0;
egregore_data 48 29 3 0 0 127 0 0 0 0 0 0 0 0 0 127 38 1 0 55 0 0 0
0 0 0 0 0 80 111 0 0 62.5 127 78 1 0 0 127 0 0 30 127 0 0 0 70 0 0
0 0 127 34 0 53 99 83 0 0 0 0 32 0 0 21 0 40 0 0 127 88 0 0 0 0 0 0
0 0 16 16 0 0 0 0 0 0 127 51 0;
egregore_data 48 29 3 0 0 127 0 0 0 0 0 0 0 0 0 127 38 1 0 55 0 0 0
0 0 0 0 0 80 111 0 0 62.5 127 78 1 0 0 127 0 0 30 127 0 0 0 70 0 0
0 0 127 34 0 53 99 83 0 0 0 0 32 0 0 21 0 40 0 0 127 88 0 0 0 0 0 0
0 0 16 16 0 0 0 0 0 0 127 51 0;
egregore_data 48 29 3 0 0 127 0 0 0 0 0 0 0 0 0 127 38 1 0 55.3346
0 0 0 0 0 0 0 0 80 111 0 0 62.6673 127 78 1 0 0 127 0 0 30 127 0 0
0 70 0 0 0 0 127 34 0 53 99 83 0 0 0 0 32 0 0 21 0 40 0 0 127 88 0
0 0 0 0 0 0 0 16 16 0 0 0 0 0 0 127 51 0;
egregore_data 48 29 3 0 0 127 0 0 0 0 0 0 0 0 0 127 38 1 0 55.6693
0 0 0 0 0 0 0 0 80 111 0 0 62.8346 127 78 1 0 0 127 0 0 30 127 0 0
0 70 0 0 0 0 127 34 0 53 99 83 0 0 0 0 32 0 0 21 0 40 0 0 127 88 0
0 0 0 0 0 0 0 16 16 0 0 0 0 0 0 127 51 0;
egregore_data 48 29 3 0 0 127 0 0 0 0 0 0 0 0 0 127 38 1 0 55.6693
0 0 0 0 0 0 0 0 80 111 0 0 62.8346 127 78 1 0 0 127 0 0 30 127 0 0
0 70 0 0 0 0 127 34 0 53 99 83 0 0 0 0 32 0 0 21 0 40 0 0 127 88 0
0 0 0 0 0 0 0 16 16 0 0 0 0 0 0 127 51 0;
egregore_data 48 29 3 0 0 127 0 0 0 0 0 0 0 0 0 127 38 1 0 55.6693
0 0 0 0 0 0 0 0 80 111 0 0 62.8346 127 78 1 0 0 127 0 0 30 127 0 0
0 70 0 0 0 0 127 34 0 53 99 83 0 0 0 0 32 0 0 21 0 40 0 0 127 88 0
0 0 0 0 0 0 0 16 16 0 0 0 0 0 0 127 51 0;
egregore_data 48 29 3 0 0 127 0 0 0 0 0 0 0 0 0 127 38 1 0 56.0039
0 0 0 0 0 0 0 0 80 111 0 0 63.002 127 78 1 0 0 127 0 0 30 127 0 0 0
70 0 0 0 0 127 34 0 53 99 83 0 0 0 0 32 0 0 21 0 40 0 0 127 88 0 0
0 0 0 0 0 0 16 16 0 0 0 0 0 0 127 51 0;
egregore_data 48 29 3 0 0 127 0 0 0 0 0 0 0 0 0 127 38 1 0 56.0039
0 0 0 0 0 0 0 0 80 111 0 0 63.002 127 78 1 0 0 127 0 0 30 127 0 0 0
70 0 0 0 0 127 34 0 53 99 83 0 0 0 0 32 0 0 21 0 40 0 0 127 88 0 0
0 0 0 0 0 0 16 16 0 0 0 0 0 0 127 51 0;
egregore_data 48 29 3 0 0 127 0 0 0 0 0 0 0 0 0 127 38 1 0 56.3386
0 0 0 0 0 0 0 0 80 111 0 0 63.1693 127 78 1 0 0 127 0 0 30 127 0 0
0 70 0 0 0 0 127 34 0 53 99 83 0 0 0 0 32 0 0 21 0 40 0 0 127 88 0
0 0 0 0 0 0 0 16 16 0 0 0 0 0 0 127 51 0;
egregore_data 48 29 3 0 0 127 0 0 0 0 0 0 0 0 0 127 38 1 0 56.3386
0 0 0 0 0 0 0 0 80 111 0 0 63.1693 127 78 1 0 0 127 0 0 30 127 0 0
0 70 0 0 0 0 127 34 0 53 99 83 0 0 0 0 32 0 0 21 0 40 0 0 127 88 0
0 0 0 0 0 0 0 16 16 0 0 0 0 0 0 127 51 0;
egregore_data 47 29 3 0 0 127 0 0 0 0 0 0 0 0 0 127 38 1 0 56.3386
0 0 0 0 0 0 0 0 80 111 0 0 63.1693 127 78 1 0 0 127 0 0 30 127 0 0
0 70 0 0 0 0 127 34 0 53 99 83 0 0 0 0 32 0 0 21 0 40 0 0 127 88 0
0 0 0 0 0 0 0 16 16 0 0 0 0 0 0 127 51 0;
egregore_data 47 29 3 0 0 127 0 0 0 0 0 0 0 0 0 127 38 1 0 56.3386
0 0 0 0 0 0 0 0 80 111 0 0 63.1693 127 78 1 0 0 127 0 0 30 127 0 0
0 70 0 0 0 0 127 34 0 53 99 83 0 0 0 0 32 0 0 21 0 40 0 0 127 88 0
0 0 0 0 0 0 0 16 16 0 0 0 0 0 0 127 51 0;
egregore_data 47 29 3 0 0 127 0 0 0 0 0 0 0 0 0 127 38 1 0 56.3386
0 0 0 0 0 0 0 0 80 111 0 0 63.1693 127 78 1 0 0 127 0 0 30 127 0 0
0 70 0 0 0 0 127 34 0 53 99 83 0 0 0 0 32 0 0 21 0 40 0 0 127 88 0
0 0 0 0 0 0 0 16 16 0 0 0 0 0 0 127 51 0;
egregore_data 46 29 3 0 0 127 0 0 0 0 0 0 0 0 0 127 38 1 0 56.3386
0 0 0 0 0 0 0 0 80 111 0 0 63.1693 127 78 1 0 0 127 0 0 30 127 0 0
0 70 0 0 0 0 127 34 0 53 99 83 0 0 0 0 32 0 0 21 0 40 0 0 127 88 0
0 0 0 0 0 0 0 16 16 0 0 0 0 0 0 127 51 0;
egregore_data 46 29 3 0 0 127 0 0 0 0 0 0 0 0 0 127 38 1 0 56.6732
0 0 0 0 0 0 0 0 80 111 0 0 63.3366 127 78 1 0 0 127 0 0 30 127 0 0
0 70 0 0 0 0 127 34 0 53 99 83 0 0 0 0 32 0 0 21 0 40 0 0 127 88 0
0 0 0 0 0 0 0 16 16 0 0 0 0 0 0 127 51 0;
egregore_data 46 29 3 0 0 127 0 0 0 0 0 0 0 0 0 127 38 1 0 56.6732
0 0 0 0 0 0 0 0 80 111 0 0 63.3366 127 78 1 0 0 127 0 0 30 127 0 0
0 70 0 0 0 0 127 34 0 53 99 83 0 0 0 0 32 0 0 21 0 40 0 0 127 88 0
0 0 0 0 0 0 0 16 16 0 0 0 0 0 0 127 51 0;
egregore_data 46 29 3 0 0 127 0 0 0 0 0 0 0 0 0 127 38 1 0 57.3425
0 0 0 0 0 0 0 0 80 111 0 0 63.6713 127 78 1 0 0 127 0 0 30 127 0 0
0 70 0 0 0 0 127 34 0 53 99 83 0 0 0 0 32 0 0 21 0 40 0 0 127 88 0
0 0 0 0 0 0 0 16 16 0 0 0 0 0 0 127 51 0;
egregore_data 45 29 3 0 0 127 0 0 0 0 0 0 0 0 0 127 38 1 0 57.3425
0 0 0 0 0 0 0 0 80 111 0 0 63.6713 127 78 1 0 0 127 0 0 30 127 0 0
0 70 0 0 0 0 127 34 0 53 99 83 0 0 0 0 32 0 0 21 0 40 0 0 127 88 0
0 0 0 0 0 0 0 16 16 0 0 0 0 0 0 127 51 0;
egregore_data 45 29 3 0 0 127 0 0 0 0 0 0 0 0 0 127 38 1 0 57.3425
0 0 0 0 0 0 0 0 80 111 0 0 63.6713 127 78 1 0 0 127 0 0 30 127 0 0
0 70 0 0 0 0 127 34 0 53 99 83 0 0 0 0 32 0 0 21 0 40 0 0 127 88 0
0 0 0 0 0 0 0 16 16 0 0 0 0 0 0 127 51 0;
egregore_data 45 29 3 0 0 127 0 0 0 0 0 0 0 0 0 127 38 1 0 57.6772
0 0 0 0 0 0 0 0 80 111 0 0 63.8386 127 78 1 0 0 127 0 0 30 127 0 0
0 70 0 0 0 0 127 34 0 53 99 83 0 0 0 0 32 0 0 21 0 40 0 0 127 88 0
0 0 0 0 0 0 0 16 16 0 0 0 0 0 0 127 51 0;
egregore_data 45 29 3 0 0 127 0 0 0 0 0 0 0 0 0 127 38 1 0 57.6772
0 0 0 0 0 0 0 0 80 111 0 0 63.8386 127 78 1 0 0 127 0 0 30 127 0 0
0 70 0 0 0 0 127 34 0 53 99 83 0 0 0 0 32 0 0 21 0 40 0 0 127 88 0
0 0 0 0 0 0 0 16 16 0 0 0 0 0 0 127 51 0;
egregore_data 45 29 3 0 0 127 0 0 0 0 0 0 0 0 0 127 38 1 0 57.6772
0 0 0 0 0 0 0 0 80 111 0 0 63.8386 127 78 1 0 0 127 0 0 30 127 0 0
0 70 0 0 0 0 127 34 0 53 99 83 0 0 0 0 32 0 0 21 0 40 0 0 127 88 0
0 0 0 0 0 0 0 16 16 0 0 0 0 0 0 127 51 0;
egregore_data 45 29 3 0 0 127 0 0 0 0 0 0 0 0 0 127 38 1 0 57.6772
0 0 0 0 0 0 0 0 80 111 0 0 63.8386 127 78 1 0 0 127 0 0 30 127 0 0
0 70 0 0 0 0 127 34 0 53 99 83 0 0 0 0 32 0 0 21 0 40 0 0 127 88 0
0 0 0 0 0 0 0 16 16 0 0 0 0 0 0 127 51 0;
egregore_data 45 29 3 0 0 127 0 0 0 0 0 0 0 0 0 127 38 1 0 57.6772
0 0 0 0 0 0 0 0 80 111 0 0 63.8386 127 78 1 0 0 127 0 0 30 127 0 0
0 70 0 0 0 0 127 34 0 53 99 83 0 0 0 0 32 0 0 21 0 40 0 0 127 88 0
0 0 0 0 0 0 0 16 16 0 0 0 0 0 0 127 51 0;
egregore_data 45 29 3 0 0 127 0 0 0 0 0 0 0 0 0 127 38 1 0 57.6772
0 0 0 0 0 0 0 0 80 111 0 0 63.8386 127 78 1 0 0 127 0 0 30 127 0 0
0 70 0 0 0 0 127 34 0 53 99 83 0 0 0 0 32 0 0 21 0 40 0 0 127 88 0
0 0 0 0 0 0 0 16 16 0 0 0 0 0 0 127 51 0;
egregore_data 45 29 3 0 0 127 0 0 0 0 0 0 0 0 0 127 38 1 0 57.6772
0 0 0 0 0 0 0 0 80 111 0 0 63.8386 127 78 1 0 0 127 0 0 30 127 0 0
0 70 0 0 0 0 127 34 0 53 99 83 0 0 0 0 32 0 0 21 0 40 0 0 127 88 0
0 0 0 0 0 0 0 16 16 0 0 0 0 0 0 127 51 0;
END;
