HTTP/1.1 200 OK
Date: Thu, 28 May 2015 12:25:08 GMT
Server: Apache
Last-Modified: Wed, 27 May 2015 19:22:52 GMT
Accept-Ranges: bytes
Content-Length: 27475
Vary: Accept-Encoding
Connection: close
Content-Type: text/plain

chdh_egregore_live_data;
egregore_data 0 0 127 0 0 127 0 0 0 0 0 0 0 0 0 127 38 0 127 0 0 0
0 0 0 0 0 0 0 100 0 0 127 127 78 0 93 90 58 32 19 127 40 73 0 0 70
0 0 0 127 127 34 1 68.5146 84.3001 69.3862 0 0 0 0 17.766 27.6078 0
29.8617 0 22.073 0 0 127 88 1 0 0 0 0 0 0 0 16 16 0 0 0 0 0 0 127 51
0;
egregore_data 0 0 127 0 0 127 0 0 0 0 0 0 0 0 0 127 38 0 127 0 0 0
0 0 0 0 0 0 0 100 0 0 127 127 78 0 93 90 58 32 19 127 40 73 0 0 70
0 0 0 127 127 34 1 68.5146 84.3001 69.3862 0 0 0 0 17.766 27.6078 0
29.8617 0 22.073 0 0 127 88 1 0 0 0 0 0 0 0 16 16 0 0 0 0 0 0 127 51
0;
egregore_data 0 0 127 0 0 127 0 0 0 0 0 0 0 0 0 127 38 0 127 0 0 0
0 0 0 0 0 0 0 100 0 0 127 127 78 0 93 90 58 32 19 127 40 73 0 0 70
0 0 0 127 127 34 1 68.5146 84.3001 69.3862 0 0 0 0 17.766 27.6078 0
29.8617 0 22.073 0 0 127 88 1 0 0 0 0 0 0 0 16 16 0 0 0 0 0 0 127 51
0;
egregore_data 0 0 127 0 0 127 0 0 0 0 0 0 0 0 0 127 38 0 127 0 0 0
0 0 0 0 0 0 0 100 0 0 127 127 78 0 93 90 58 32 19 127 40 73 0 0 70
0 0 0 127 127 34 1 68.5939 84.2258 69.3159 0 0 0 0 17.6898 27.7511
0 29.9095 0 21.9783 0 0 127 88 1 0 0 0 0 0 0 0 16 16 0 0 0 0 0 0 127
51 0;
egregore_data 0 0 127 0 0 127 0 0 0 0 0 0 0 0 0 127 38 0 127 0 0 0
0 0 0 0 0 0 0 100 0 0 127 127 78 0 93 90 58 32 19 127 40 73 0 0 70
0 0 0 127 127 34 1 68.7506 84.0792 69.177 0 0 0 0 17.5392 28.034 0
30.0039 0 21.7912 0 0 127 88 1 0 0 0 0 0 0 0 16 16 0 0 0 0 0 0 127
51 0;
egregore_data 0 0 127 0 0 127 0 0 0 0 0 0 0 0 0 127 38 0 127 0 0 0
0 0 0 0 0 0 0 100 0 0 127 127 78 0 93 90 58 32 19 127 41 73 0 0 70
0 0 0 127 127 34 1 68.7506 84.0792 69.177 0 0 0 0 17.5392 28.034 0
30.0039 0 21.7912 0 0 127 88 1 0 0 0 0 0 0 0 16 16 0 0 0 0 0 0 127
51 0;
egregore_data 0 0 127 0 0 127 0 0 0 0 0 0 0 0 0 127 38 0 127 0 0 0
0 0 0 0 0 0 0 100 0 0 127 127 78 0 93 90 58 30 19 127 41 73 0 0 70
0 0 0 127 127 34 1 68.7506 84.0792 69.177 0 0 0 0 17.5392 28.034 0
30.0039 0 21.7912 0 0 127 88 1 0 0 0 0 0 0 0 16 16 0 0 0 0 0 0 127
51 0;
egregore_data 0 0 127 0 0 127 0 0 0 0 0 0 0 0 0 127 38 0 127 0 0 0
0 0 0 0 0 0 0 100 0 0 127 127 78 0 93 90 58 30 19 127 42 73 0 0 70
0 0 0 127 127 34 1 68.7506 84.0792 69.177 0 0 0 0 17.5392 28.034 0
30.0039 0 21.7912 0 0 127 88 1 0 0 0 0 0 0 0 16 16 0 0 0 0 0 0 127
51 0;
egregore_data 0 0 127 0 0 127 0 0 0 0 0 0 0 0 0 127 38 0 127 0 0 0
0 0 0 0 0 0 0 100 0 0 127 127 78 0 93 90 58 30 19 127 42 73 0 0 70
0 0 0 127 127 34 1 68.7506 84.0792 69.177 0 0 0 0 17.5392 28.034 0
30.0039 0 21.7912 0 0 127 88 1 0 0 0 0 0 0 0 16 16 0 0 0 0 0 0 127
51 0;
egregore_data 0 0 127 0 0 127 0 0 0 0 0 0 0 0 0 127 38 0 127 0 0 0
0 0 0 0 0 0 0 100 0 0 127 127 78 0 93 90 58 30 19 127 42 73 0 0 70
0 0 0 127 127 34 1 68.7506 84.0792 69.177 0 0 0 0 17.5392 28.034 0
30.0039 0 21.7912 0 0 127 88 1 0 0 0 0 0 0 0 16 16 0 0 0 0 0 0 127
51 0;
egregore_data 0 0 127 0 0 127 0 0 0 0 0 0 0 0 0 127 38 0 127 0 0 0
0 0 0 0 0 0 0 100 0 0 127 127 78 0 93 90 58 30 19 127 42 73 0 0 70
0 0 0 127 127 34 1 68.8279 84.0069 69.1085 0 0 0 0 17.4649 28.1737
0 30.0505 0 21.6989 0 0 127 88 1 0 0 0 0 0 0 0 16 16 0 0 0 0 0 0 127
51 0;
egregore_data 0 0 127 0 0 127 0 0 0 0 0 0 0 0 0 127 38 0 127 0 0 0
0 0 0 0 0 0 0 100 0 0 127 127 78 0 93 90 58 30 19 127 42 73 0 0 70
0 0 0 127 127 34 1 68.8279 84.0069 69.1085 0 0 0 0 17.4649 28.1737
0 30.0505 0 21.6989 0 0 127 88 1 0 0 0 0 0 0 0 16 16 0 0 0 0 0 0 127
51 0;
egregore_data 0 0 127 0 0 127 0 0 0 0 0 0 0 0 0 127 38 0 127 0 0 0
0 0 0 0 0 0 0 100 0 0 127 127 78 0 93 90 58 30 19 127 42 73 0 0 70
0 0 0 127 127 34 1 68.8279 84.0069 69.1085 0 0 0 0 17.4649 28.1737
0 30.0505 0 21.6989 0 0 127 88 1 0 0 0 0 0 0 0 16 16 0 0 0 0 0 0 127
51 0;
egregore_data 0 0 127 0 0 127 0 0 0 0 0 0 0 0 0 127 38 0 127 0 0 0
0 0 0 0 0 0 0 100 0 0 127 127 78 0 93 90 58 30 19 127 43 73 0 0 70
0 0 0 127 127 34 1 68.8279 84.0069 69.1085 0 0 0 0 17.4649 28.1737
0 30.0505 0 21.6989 0 0 127 88 1 0 0 0 0 0 0 0 16 16 0 0 0 0 0 0 127
51 0;
egregore_data 0 0 127 0 0 127 0 0 0 0 0 0 0 0 0 127 38 0 127 0 0 0
0 0 0 0 0 0 0 100 0 0 127 127 78 0 93 90 58 30 19 127 43 73 0 0 70
0 0 0 127 127 34 1 68.8279 84.0069 69.1085 0 0 0 0 17.4649 28.1737
0 30.0505 0 21.6989 0 0 127 88 1 0 0 0 0 0 0 0 16 16 0 0 0 0 0 0 127
51 0;
egregore_data 0 0 127 0 0 127 0 0 0 0 0 0 0 0 0 127 38 0 127 0 0 0
0 0 0 0 0 0 0 100 0 0 127 127 78 0 93 90 58 29 19 127 43 73 0 0 70
0 0 0 127 127 34 1 68.8279 84.0069 69.1085 0 0 0 0 17.4649 28.1737
0 30.0505 0 21.6989 0 0 127 88 1 0 0 0 0 0 0 0 16 16 0 0 0 0 0 0 127
51 0;
egregore_data 0 0 127 0 0 127 0 0 0 0 0 0 0 0 0 127 38 0 127 0 0 0
0 0 0 0 0 0 0 100 0 0 127 127 78 0 93 90 58 29 19 127 43 73 0 0 70
0 0 0 127 127 34 1 68.8279 84.0069 69.1085 0 0 0 0 17.4649 28.1737
0 30.0505 0 21.6989 0 0 127 88 1 0 0 0 0 0 0 0 16 16 0 0 0 0 0 0 127
51 0;
egregore_data 0 0 127 0 0 127 0 0 0 0 0 0 0 0 0 127 38 0 127 0 0 0
0 0 0 0 0 0 0 100 0 0 127 127 78 0 93 90 58 29 19 127 45 73 0 0 70
0 0 0 127 127 34 1 68.8279 84.0069 69.1085 0 0 0 0 17.4649 28.1737
0 30.0505 0 21.6989 0 0 127 88 1 0 0 0 0 0 0 0 16 16 0 0 0 0 0 0 127
51 0;
egregore_data 0 0 127 0 0 127 0 0 0 0 0 0 0 0 0 127 38 0 127 0 0 0
0 0 0 0 0 0 0 100 0 0 127 127 78 0 93 90 58 29 19 127 45 73 0 0 70
0 0 0 127 127 34 1 68.8279 84.0069 69.1085 0 0 0 0 17.4649 28.1737
0 30.0505 0 21.6989 0 0 127 88 1 0 0 0 0 0 0 0 16 16 0 0 0 0 0 0 127
51 0;
egregore_data 0 0 127 0 0 127 0 0 0 0 0 0 0 0 0 127 38 0 127 0 0 0
0 0 0 0 0 0 0 100 0 0 127 127 78 0 93 90 58 29 19 127 45 73 0 0 70
0 0 0 127 127 34 1 68.8279 84.0069 69.1085 0 0 0 0 17.4649 28.1737
0 30.0505 0 21.6989 0 0 127 88 1 0 0 0 0 0 0 0 16 16 0 0 0 0 0 0 127
51 0;
egregore_data 0 0 127 0 0 127 0 0 0 0 0 0 0 0 0 127 38 0 127 0 0 0
0 0 0 0 0 0 0 100 0 0 127 127 78 0 93 90 58 29 19 127 45 73 0 0 70
0 0 0 127 127 34 1 68.8279 84.0069 69.1085 0 0 0 0 17.4649 28.1737
0 30.0505 0 21.6989 0 0 127 88 1 0 0 0 0 0 0 0 16 16 0 0 0 0 0 0 127
51 0;
egregore_data 0 0 127 0 0 127 0 0 0 0 0 0 0 0 0 127 38 0 127 0 0 0
0 0 0 0 0 0 0 100 0 0 127 127 78 0 93 90 58 29 19 127 45 73 0 0 70
0 0 0 127 127 34 1 68.8279 84.0069 69.1085 0 0 0 0 17.4649 28.1737
0 30.0505 0 21.6989 0 0 127 88 1 0 0 0 0 0 0 0 16 16 0 0 0 0 0 0 127
51 0;
egregore_data 0 0 127 0 0 127 0 0 0 0 0 0 0 0 0 127 38 0 127 0 0 0
0 0 0 0 0 0 0 100 0 0 127 127 78 0 93 90 58 28 19 127 46 73 0 0 70
0 0 0 127 127 34 1 68.8279 84.0069 69.1085 0 0 0 0 17.4649 28.1737
0 30.0505 0 21.6989 0 0 127 88 1 0 0 0 0 0 0 0 16 16 0 0 0 0 0 0 127
51 0;
egregore_data 0 0 127 0 0 127 0 0 0 0 0 0 0 0 0 127 38 0 127 0 0 0
0 0 0 0 0 0 0 100 0 0 127 127 78 0 93 90 58 28 19 127 46 73 0 0 70
0 0 0 127 127 34 1 68.8279 84.0069 69.1085 0 0 0 0 17.4649 28.1737
0 30.0505 0 21.6989 0 0 127 88 1 0 0 0 0 0 0 0 16 16 0 0 0 0 0 0 127
51 0;
egregore_data 0 0 127 0 0 127 0 0 0 0 0 0 0 0 0 127 38 0 127 0 0 0
0 0 0 0 0 0 0 100 0 0 127 127 78 0 93 90 58 28 19 127 46 73 0 0 70
0 0 0 127 127 34 1 68.9046 83.9351 69.0405 0 0 0 0 17.3912 28.3122
0 30.0967 0 21.6073 0 0 127 88 1 0 0 0 0 0 0 0 16 16 0 0 0 0 0 0 127
51 0;
egregore_data 0 0 127 0 0 127 0 0 0 0 0 0 0 0 0 127 38 0 127 0 0 0
0 0 0 0 0 0 0 100 0 0 127 127 78 0 93 90 58 28 19 127 46 73 0 0 70
0 0 0 127 127 34 1 68.9046 83.9351 69.0405 0 0 0 0 17.3912 28.3122
0 30.0967 0 21.6073 0 0 127 88 1 0 0 0 0 0 0 0 16 16 0 0 0 0 0 0 127
51 0;
egregore_data 0 0 127 0 0 127 0 0 0 0 0 0 0 0 0 127 38 0 127 0 0 0
0 0 0 0 0 0 0 100 0 0 127 127 78 0 93 90 58 28 19 127 46 73 0 0 70
0 0 0 127 127 34 1 68.9046 83.9351 69.0405 0 0 0 0 17.3912 28.3122
0 30.0967 0 21.6073 0 0 127 88 1 0 0 0 0 0 0 0 16 16 0 0 0 0 0 0 127
51 0;
egregore_data 0 0 127 0 0 127 0 0 0 0 0 0 0 0 0 127 38 0 127 0 0 0
0 0 0 0 0 0 0 100 0 0 127 127 78 0 93 90 58 28 19 127 46 73 0 0 70
0 0 0 127 127 34 1 68.9806 83.8639 68.9731 0 0 0 0 17.3182 28.4496
0 30.1425 0 21.5165 0 0 127 88 1 0 0 0 0 0 0 0 16 16 0 0 0 0 0 0 127
51 0;
egregore_data 0 0 127 0 0 127 0 0 0 0 0 0 0 0 0 127 38 0 127 0 0 0
0 0 0 0 0 0 0 100 0 0 127 127 78 0 93 90 58 27 19 127 46 73 0 0 70
0 0 0 127 127 34 1 68.9806 83.8639 68.9731 0 0 0 0 17.3182 28.4496
0 30.1425 0 21.5165 0 0 127 88 1 0 0 0 0 0 0 0 16 16 0 0 0 0 0 0 127
51 0;
egregore_data 0 0 127 0 0 127 0 0 0 0 0 0 0 0 0 127 38 0 127 0 0 0
0 0 0 0 0 0 0 100 0 0 127 127 78 0 93 90 58 27 19 127 47 73 0 0 70
0 0 0 127 127 34 1 68.9806 83.8639 68.9731 0 0 0 0 17.3182 28.4496
0 30.1425 0 21.5165 0 0 127 88 1 0 0 0 0 0 0 0 16 16 0 0 0 0 0 0 127
51 0;
egregore_data 0 0 127 0 0 127 0 0 0 0 0 0 0 0 0 127 38 0 127 0 0 0
0 0 0 0 0 0 0 100 0 0 127 127 78 0 93 90 58 27 19 127 47 73 0 0 70
0 0 0 127 127 34 1 69.1308 83.7234 68.84 0 0 0 0 17.1738 28.7208 0
30.233 0 21.3372 0 0 127 88 1 0 0 0 0 0 0 0 16 16 0 0 0 0 0 0 127 51
0;
egregore_data 0 0 127 0 0 127 0 0 0 0 0 0 0 0 0 127 38 0 127 0 0 0
0 0 0 0 0 0 0 100 0 0 127 127 78 0 93 90 58 27 19 127 47 73 0 0 70
0 0 0 127 127 34 1 69.2785 83.5852 68.7091 0 0 0 0 17.0319 28.9876
0 30.322 0 21.1609 0 0 127 88 1 0 0 0 0 0 0 0 16 16 0 0 0 0 0 0 127
51 0;
egregore_data 0 0 127 0 0 127 0 0 0 0 0 0 0 0 0 127 38 0 127 0 0 0
0 0 0 0 0 0 0 100 0 0 127 127 78 0 93 90 58 27 19 127 47 73 0 0 70
0 0 0 127 127 34 1 69.4237 83.4493 68.5803 0 0 0 0 16.8923 29.25 0
30.4095 0 20.9874 0 0 127 88 1 0 0 0 0 0 0 0 16 16 0 0 0 0 0 0 127
51 0;
egregore_data 0 0 127 0 0 127 0 0 0 0 0 0 0 0 0 127 38 0 127 0 0 0
0 0 0 0 0 0 0 100 0 0 127 127 78 0 93 90 58 27 19 127 47 73 0 0 70
0 0 0 127 127 34 1 69.4955 83.3821 68.5168 0 0 0 0 16.8234 29.3796
0 30.4527 0 20.9018 0 0 127 88 1 0 0 0 0 0 0 0 16 16 0 0 0 0 0 0 127
51 0;
egregore_data 0 0 127 0 0 127 0 0 0 0 0 0 0 0 0 127 38 0 127 0 0 0
0 0 0 0 0 0 0 100 0 0 127 127 78 0 93 90 58 26 19 127 47 73 0 0 70
0 0 0 127 127 34 1 69.7767 83.119 68.2675 0 0 0 0 16.5531 29.8876 0
30.6222 0 20.566 0 0 127 88 1 0 0 0 0 0 0 0 16 16 0 0 0 0 0 0 127 51
0;
egregore_data 0 0 127 0 0 127 0 0 0 0 0 0 0 0 0 127 38 0 127 0 0 0
0 0 0 0 0 0 0 100 0 0 127 127 78 0 93 90 58 26 19 127 47 73 0 0 70
0 0 0 127 127 34 1 70.1157 82.8017 67.9669 0 0 0 0 16.2272 30.5 0 30.8265
0 20.1611 0 0 127 88 1 0 0 0 0 0 0 0 16 16 0 0 0 0 0 0 127 51 0;
egregore_data 0 0 127 0 0 127 0 0 0 0 0 0 0 0 0 127 38 0 127 0 0 0
0 0 0 0 0 0 0 100 0 0 127 127 78 0 93 90 58 26 19 127 47 73 0 0 70
0 0 0 127 127 34 1 70.1157 82.8017 67.9669 0 0 0 0 16.2272 30.5 0 30.8265
0 20.1611 0 0 127 88 1 0 0 0 0 0 0 0 16 16 0 0 0 0 0 0 127 51 0;
egregore_data 0 0 127 0 0 127 0 0 0 0 0 0 0 0 0 127 38 0 127 0 0 0
0 0 0 0 0 0 0 100 0 0 127 127 78 0 93 90 58 26 19 127 48 73 0 0 70
0 0 0 127 127 34 1 70.1157 82.8017 67.9669 0 0 0 0 16.2272 30.5 0 30.8265
0 20.1611 0 0 127 88 1 0 0 0 0 0 0 0 16 16 0 0 0 0 0 0 127 51 0;
egregore_data 0 0 127 0 0 127 0 0 0 0 0 0 0 0 0 127 38 0 127 0 0 0
0 0 0 0 0 0 0 100 0 0 127 127 78 0 93 90 58 26 19 127 48 73 0 0 70
0 0 0 127 127 34 1 70.1157 82.8017 67.9669 0 0 0 0 16.2272 30.5 0 30.8265
0 20.1611 0 0 127 88 1 0 0 0 0 0 0 0 16 16 0 0 0 0 0 0 127 51 0;
egregore_data 0 0 127 0 0 127 0 0 0 0 0 0 0 0 0 127 38 0 127 0 0 0
0 0 0 0 0 0 0 100 0 0 127 127 78 0 93 90 58 26 19 127 48 73 0 0 70
0 0 0 127 127 34 1 70.1157 82.8017 67.9669 0 0 0 0 16.2272 30.5 0 30.8265
0 20.1611 0 0 127 88 1 0 0 0 0 0 0 0 16 16 0 0 0 0 0 0 127 51 0;
egregore_data 0 0 127 0 0 127 0 0 0 0 0 0 0 0 0 127 38 0 127 0 0 0
0 0 0 0 0 0 0 100 0 0 127 127 78 0 93 90 58 26 19 127 48 73 0 0 70
0 0 0 127 127 34 1 70.1157 82.8017 67.9669 0 0 0 0 16.2272 30.5 0 30.8265
0 20.1611 0 0 127 88 1 0 0 0 0 0 0 0 16 16 0 0 0 0 0 0 127 51 0;
egregore_data 0 0 127 0 0 127 0 0 0 0 0 0 0 0 0 127 38 0 127 0 0 0
0 0 0 0 0 0 0 100 0 0 127 127 78 0 93 90 58 26 19 127 49 73 0 0 70
0 0 0 127 127 34 1 70.1157 82.8017 67.9669 0 0 0 0 16.2272 30.5 0 30.8265
0 20.1611 0 0 127 88 1 0 0 0 0 0 0 0 16 16 0 0 0 0 0 0 127 51 0;
egregore_data 0 0 127 0 0 127 0 0 0 0 0 0 0 0 0 127 38 0 127 0 0 0
0 0 0 0 0 0 0 100 0 0 127 127 78 0 93 90 58 26 19 127 49 73 0 0 70
0 0 0 127 127 34 1 70.1157 82.8017 67.9669 0 0 0 0 16.2272 30.5 0 30.8265
0 20.1611 0 0 127 88 1 0 0 0 0 0 0 0 16 16 0 0 0 0 0 0 127 51 0;
egregore_data 0 0 127 0 0 127 0 0 0 0 0 0 0 0 0 127 38 0 127 0 0 0
0 0 0 0 0 0 0 100 0 0 127 127 78 0 93 90 58 26 19 127 49 73 0 0 70
0 0 0 127 127 34 1 70.1157 82.8017 67.9669 0 0 0 0 16.2272 30.5 0 30.8265
0 20.1611 0 0 127 88 1 0 0 0 0 0 0 0 16 16 0 0 0 0 0 0 127 51 0;
egregore_data 0 0 127 0 0 127 0 0 0 0 0 0 0 0 0 127 38 0 127 0 0 0
0 0 0 0 0 0 0 100 0 0 127 127 78 0 93 90 58 24 19 127 51 73 0 0 70
0 0 0 127 127 34 1 70.1157 82.8017 67.9669 0 0 0 0 16.2272 30.5 0 30.8265
0 20.1611 0 0 127 88 1 0 0 0 0 0 0 0 16 16 0 0 0 0 0 0 127 51 0;
egregore_data 0 0 127 0 0 127 0 0 0 0 0 0 0 0 0 127 38 0 127 0 0 0
0 0 0 0 0 0 0 100 0 0 127 127 78 0 93 90 58 24 19 127 51 73 0 0 70
0 0 0 127 127 34 1 70.1157 82.8017 67.9669 0 0 0 0 16.2272 30.5 0 30.8265
0 20.1611 0 0 127 88 1 0 0 0 0 0 0 0 16 16 0 0 0 0 0 0 127 51 0;
egregore_data 0 0 127 0 0 127 0 0 0 0 0 0 0 0 0 127 38 0 127 0 0 0
0 0 0 0 0 0 0 100 0 0 127 127 78 0 93 90 58 24 19 127 51 73 0 0 70
0 0 0 127 127 34 1 70.1157 82.8017 67.9669 0 0 0 0 16.2272 30.5 0 30.8265
0 20.1611 0 0 127 88 1 0 0 0 0 0 0 0 16 16 0 0 0 0 0 0 127 51 0;
egregore_data 0 0 127 0 0 127 0 0 0 0 0 0 0 0 0 127 38 0 127 0 0 0
0 0 0 0 0 0 0 100 0 0 127 127 78 0 93 90 58 24 19 127 51 73 0 0 70
0 0 0 127 127 34 1 70.1157 82.8017 67.9669 0 0 0 0 16.2272 30.5 0 30.8265
0 20.1611 0 0 127 88 1 0 0 0 0 0 0 0 16 16 0 0 0 0 0 0 127 51 0;
egregore_data 0 0 127 0 0 127 0 0 0 0 0 0 0 0 0 127 38 0 127 0 0 0
0 0 0 0 0 0 0 100 0 0 127 127 78 0 93 90 58 24 19 127 51 73 0 0 70
0 0 0 127 127 34 1 70.1157 82.8017 67.9669 0 0 0 0 16.2272 30.5 0 30.8265
0 20.1611 0 0 127 88 1 0 0 0 0 0 0 0 16 16 0 0 0 0 0 0 127 51 0;
egregore_data 0 0 127 0 0 127 0 0 0 0 0 0 0 0 0 127 38 0 127 0 0 0
0 0 0 0 0 0 0 100 0 0 127 127 78 0 93 90 58 23 19 127 51 73 0 0 70
0 0 0 127 127 34 1 70.1157 82.8017 67.9669 0 0 0 0 16.2272 30.5 0 30.8265
0 20.1611 0 0 127 88 1 0 0 0 0 0 0 0 16 16 0 0 0 0 0 0 127 51 0;
egregore_data 0 0 127 0 0 127 0 0 0 0 0 0 0 0 0 127 38 0 127 0 0 0
0 0 0 0 0 0 0 100 0 0 127 127 78 0 93 90 58 23 19 127 51 73 0 0 70
0 0 0 127 127 34 1 70.1157 82.8017 67.9669 0 0 0 0 16.2272 30.5 0 30.8265
0 20.1611 0 0 127 88 1 0 0 0 0 0 0 0 16 16 0 0 0 0 0 0 127 51 0;
egregore_data 0 0 127 0 0 127 0 0 0 0 0 0 0 0 0 127 38 0 127 0 0 0
0 0 0 0 0 0 0 100 0 0 127 127 78 0 93 90 58 23 19 127 51 73 0 0 70
0 0 0 127 127 34 1 70.1157 82.8017 67.9669 0 0 0 0 16.2272 30.5 0 30.8265
0 20.1611 0 0 127 88 1 0 0 0 0 0 0 0 16 16 0 0 0 0 0 0 127 51 0;
egregore_data 0 0 127 0 0 127 0 0 0 0 0 0 0 0 0 127 38 0 127 0 0 0
0 0 0 0 0 0 0 100 0 0 127 127 78 0 93 90 58 23 19 127 51 73 0 0 70
0 0 0 127 127 34 1 70.1157 82.8017 67.9669 0 0 0 0 16.2272 30.5 0 30.8265
0 20.1611 0 0 127 88 1 0 0 0 0 0 0 0 16 16 0 0 0 0 0 0 127 51 0;
egregore_data 0 0 127 0 0 127 0 0 0 0 0 0 0 0 0 127 38 0 127 0 0 0
0 0 0 0 0 0 0 100 0 0 127 127 78 0 93 90 58 23 19 127 51 73 0 0 70
0 0 0 127 127 34 1 70.1157 82.8017 67.9669 0 0 0 0 16.2272 30.5 0 30.8265
0 20.1611 0 0 127 88 1 0 0 0 0 0 0 0 16 16 0 0 0 0 0 0 127 51 0;
egregore_data 0 0 127 0 0 127 0 0 0 0 0 0 0 0 0 127 38 0 127 0 0 0
0 0 0 0 0 0 0 100 0 0 127 127 78 0 93 90 58 23 19 127 51 73 0 0 70
0 0 0 127 127 34 1 70.1157 82.8017 67.9669 0 0 0 0 16.2272 30.5 0 30.8265
0 20.1611 0 0 127 88 1 0 0 0 0 0 0 0 16 16 0 0 0 0 0 0 127 51 0;
egregore_data 0 0 127 0 0 127 0 0 0 0 0 0 0 0 0 127 38 0 127 0 0 0
0 0 0 0 0 0 0 100 0 0 127 127 78 0 93 90 58 23 19 127 51 73 0 0 70
0 0 0 127 127 34 1 70.1157 82.8017 67.9669 0 0 0 0 16.2272 30.5 0 30.8265
0 20.1611 0 0 127 88 1 0 0 0 0 0 0 0 16 16 0 0 0 0 0 0 127 51 0;
egregore_data 0 0 127 0 0 127 0 0 0 0 0 0 0 0 0 127 38 0 127 0 0 0
0 0 0 0 0 0 0 100 0 0 127 127 78 0 93 90 58 23 19 127 51 73 0 0 70
0 0 0 127 127 34 1 70.1157 82.8017 67.9669 0 0 0 0 16.2272 30.5 0 30.8265
0 20.1611 0 0 127 88 1 0 0 0 0 0 0 0 16 16 0 0 0 0 0 0 127 51 0;
egregore_data 0 0 127 0 0 127 0 0 0 0 0 0 0 0 0 127 38 0 127 0 0 0
0 0 0 0 0 0 0 100 0 0 127 127 78 0 93 90 58 23 19 127 51 73 0 0 70
0 0 0 127 127 34 1 70.1157 82.8017 67.9669 0 0 0 0 16.2272 30.5 0 30.8265
0 20.1611 0 0 127 88 1 0 0 0 0 0 0 0 16 16 0 0 0 0 0 0 127 51 0;
egregore_data 0 0 127 0 0 127 0 0 0 0 0 0 0 0 0 127 38 0 127 0 0 0
0 0 0 0 0 0 0 100 0 0 127 127 78 0 93 90 58 23 19 127 51 73 0 0 70
0 0 0 127 127 34 1 70.1157 82.8017 67.9669 0 0 0 0 16.2272 30.5 0 30.8265
0 20.1611 0 0 127 88 1 0 0 0 0 0 0 0 16 16 0 0 0 0 0 0 127 51 0;
egregore_data 0 0 127 0 0 127 0 0 0 0 0 0 0 0 0 127 38 0 127 0 0 0
0 0 0 0 0 0 0 100 0 0 127 127 78 0 93 90 58 23 19 127 52 73 0 0 70
0 0 0 127 127 34 1 70.1157 82.8017 67.9669 0 0 0 0 16.2272 30.5 0 30.8265
0 20.1611 0 0 127 88 1 0 0 0 0 0 0 0 16 16 0 0 0 0 0 0 127 51 0;
egregore_data 0 0 127 0 0 127 0 0 0 0 0 0 0 0 0 127 38 0 127 0 0 0
0 0 0 0 0 0 0 100 0 0 127 127 78 0 93 90 58 23 19 127 52 73 0 0 70
0 0 0 127 127 34 1 70.1157 82.8017 67.9669 0 0 0 0 16.2272 30.5 0 30.8265
0 20.1611 0 0 127 88 1 0 0 0 0 0 0 0 16 16 0 0 0 0 0 0 127 51 0;
egregore_data 0 0 127 0 0 127 0 0 0 0 0 0 0 0 0 127 38 0 127 0 0 0
0 0 0 0 0 0 0 100 0 0 127 127 78 0 93 90 58 23 19 127 52 73 0 0 70
0 0 0 127 127 34 1 70.1157 82.8017 67.9669 0 0 0 0 16.2272 30.5 0 30.8265
0 20.1611 0 0 127 88 1 0 0 0 0 0 0 0 16 16 0 0 0 0 0 0 127 51 0;
egregore_data 0 0 127 0 0 127 0 0 0 0 0 0 0 0 0 127 38 0 127 0 0 0
0 0 0 0 0 0 0 100 0 0 127 127 78 0 93 90 58 22 19 127 52 73 0 0 70
0 0 0 127 127 34 1 70.1157 82.8017 67.9669 0 0 0 0 16.2272 30.5 0 30.8265
0 20.1611 0 0 127 88 1 0 0 0 0 0 0 0 16 16 0 0 0 0 0 0 127 51 0;
egregore_data 0 0 127 0 0 127 0 0 0 0 0 0 0 0 0 127 38 0 127 0 0 0
0 0 0 0 0 0 0 100 0 0 127 127 78 0 93 90 58 21 19 127 53 73 0 0 70
0 0 0 127 127 34 1 70.1157 82.8017 67.9669 0 0 0 0 16.2272 30.5 0 30.8265
0 20.1611 0 0 127 88 1 0 0 0 0 0 0 0 16 16 0 0 0 0 0 0 127 51 0;
egregore_data 0 0 127 0 0 127 0 0 0 0 0 0 0 0 0 127 38 0 127 0 0 0
0 0 0 0 0 0 0 100 0 0 127 127 78 0 93 90 58 20 19 127 53 73 0 0 70
0 0 0 127 127 34 1 70.1157 82.8017 67.9669 0 0 0 0 16.2272 30.5 0 30.8265
0 20.1611 0 0 127 88 1 0 0 0 0 0 0 0 16 16 0 0 0 0 0 0 127 51 0;
egregore_data 0 0 127 0 0 127 0 0 0 0 0 0 0 0 0 127 38 0 127 0 0 0
0 0 0 0 0 0 0 100 0 0 127 127 78 0 93 90 58 20 19 127 53 73 0 0 70
0 0 0 127 127 34 1 70.1157 82.8017 67.9669 0 0 0 0 16.2272 30.5 0 30.8265
0 20.1611 0 0 127 88 1 0 0 0 0 0 0 0 16 16 0 0 0 0 0 0 127 51 0;
egregore_data 0 0 127 0 0 127 0 0 0 0 0 0 0 0 0 127 38 0 127 0 0 0
0 0 0 0 0 0 0 100 0 0 127 127 78 0 93 90 58 20 19 127 53 73 0 0 70
0 0 0 127 127 34 1 70.1157 82.8017 67.9669 0 0 0 0 16.2272 30.5 0 30.8265
0 20.1611 0 0 127 88 1 0 0 0 0 0 0 0 16 16 0 0 0 0 0 0 127 51 0;
egregore_data 0 0 127 0 0 127 0 0 0 0 0 0 0 0 0 127 38 0 127 0 0 0
0 0 0 0 0 0 0 100 0 0 127 127 78 0 93 90 58 20 19 127 54 73 0 0 70
0 0 0 127 127 34 1 70.1157 82.8017 67.9669 0 0 0 0 16.2272 30.5 0 30.8265
0 20.1611 0 0 127 88 1 0 0 0 0 0 0 0 16 16 0 0 0 0 0 0 127 51 0;
egregore_data 0 0 127 0 0 127 0 0 0 0 0 0 0 0 0 127 38 0 127 0 0 0
0 0 0 0 0 0 0 100 0 0 127 127 78 0 93 90 58 20 19 127 54 73 0 0 70
0 0 0 127 127 34 1 70.1157 82.8017 67.9669 0 0 0 0 16.2272 30.5 0 30.8265
0 20.1611 0 0 127 88 1 0 0 0 0 0 0 0 16 16 0 0 0 0 0 0 127 51 0;
egregore_data 0 0 127 0 0 127 0 0 0 0 0 0 0 0 0 127 38 0 127 0 0 0
0 0 0 0 0 0 0 100 0 0 127 127 78 0 93 90 58 20 19 127 54 73 0 0 70
0 0 0 127 127 34 1 70.1157 82.8017 67.9669 0 0 0 0 16.2272 30.5 0 30.8265
0 20.1611 0 0 127 88 1 0 0 0 0 0 0 0 16 16 0 0 0 0 0 0 127 51 0;
egregore_data 0 0 127 0 0 127 0 0 0 0 0 0 0 0 0 127 38 0 127 0 0 0
0 0 0 0 0 0 0 100 0 0 127 127 78 0 93 90 58 20 19 127 54 73 0 0 70
0 0 0 127 127 34 1 70.1157 82.8017 67.9669 0 0 0 0 16.2272 30.5 0 30.8265
0 20.1611 0 0 127 88 1 0 0 0 0 0 0 0 16 16 0 0 0 0 0 0 127 51 0;
egregore_data 0 0 127 0 0 127 0 0 0 0 0 0 0 0 0 127 38 0 127 0 0 0
0 0 0 0 0 0 0 100 0 0 127 127 78 0 93 90 58 20 19 127 54 73 0 0 70
0 0 0 127 127 34 1 70.1157 82.8017 67.9669 0 0 0 0 16.2272 30.5 0 30.8265
0 20.1611 0 0 127 88 1 0 0 0 0 0 0 0 16 16 0 0 0 0 0 0 127 51 0;
egregore_data 0 0 127 0 0 127 0 0 0 0 0 0 0 0 0 127 38 0 127 0 0 0
0 0 0 0 0 0 0 100 0 0 127 127 78 0 93 90 58 18 19 127 55 73 0 0 70
0 0 0 127 127 34 1 70.1157 82.8017 67.9669 0 0 0 0 16.2272 30.5 0 30.8265
0 20.1611 0 0 127 88 1 0 0 0 0 0 0 0 16 16 0 0 0 0 0 0 127 51 0;
egregore_data 0 0 127 0 0 127 0 0 0 0 0 0 0 0 0 127 38 0 127 0 0 0
0 0 0 0 0 0 0 100 0 0 127 127 78 0 93 90 58 18 19 127 55 73 0 0 70
0 0 0 127 127 34 1 70.1157 82.8017 67.9669 0 0 0 0 16.2272 30.5 0 30.8265
0 20.1611 0 0 127 88 1 0 0 0 0 0 0 0 16 16 0 0 0 0 0 0 127 51 0;
egregore_data 0 0 127 0 0 127 0 0 0 0 0 0 0 0 0 127 38 0 127 0 0 0
0 0 0 0 0 0 0 100 0 0 127 127 78 0 93 90 58 18 19 127 55 73 0 0 70
0 0 0 127 127 34 1 70.2497 82.6762 67.8482 0 0 0 0 16.0985 30.7421
0 30.9072 0 20.0011 0 0 127 88 1 0 0 0 0 0 0 0 16 16 0 0 0 0 0 0 127
51 0;
egregore_data 0 0 127 0 0 127 0 0 0 0 0 0 0 0 0 127 38 0 127 0 0 0
0 0 0 0 0 0 0 100 0 0 127 127 78 0 93 90 58 18 19 127 55 73 0 0 70
0 0 0 127 127 34 1 70.2497 82.6762 67.8482 0 0 0 0 16.0985 30.7421
0 30.9072 0 20.0011 0 0 127 88 1 0 0 0 0 0 0 0 16 16 0 0 0 0 0 0 127
51 0;
egregore_data 0 0 127 0 0 127 0 0 0 0 0 0 0 0 0 127 38 0 127 0 0 0
0 0 0 0 0 0 0 100 0 0 127 127 78 0 93 90 58 18 19 127 55 73 0 0 70
0 0 0 127 127 34 1 70.5242 82.4194 67.6048 0 0 0 0 15.8347 31.2379
0 31.0726 0 19.6734 0 0 127 88 1 0 0 0 0 0 0 0 16 16 0 0 0 0 0 0 127
51 0;
egregore_data 0 0 127 0 0 127 0 0 0 0 0 0 0 0 0 127 38 0 127 0 0 0
0 0 0 0 0 0 0 100 0 0 127 127 78 0 93 90 58 18 19 127 55 73 0 0 70
0 0 0 127 127 34 1 70.5242 82.4194 67.6048 0 0 0 0 15.8347 31.2379
0 31.0726 0 19.6734 0 0 127 88 1 0 0 0 0 0 0 0 16 16 0 0 0 0 0 0 127
51 0;
egregore_data 0 0 127 0 0 127 0 0 0 0 0 0 0 0 0 127 38 0 127 0 0 0
0 0 0 0 0 0 0 100 0 0 127 127 78 0 93 90 58 18 19 127 55 73 0 0 70
0 0 0 127 127 34 1 70.7359 82.2212 67.4171 0 0 0 0 15.6311 31.6204
0 31.2002 0 19.4205 0 0 127 88 1 0 0 0 0 0 0 0 16 16 0 0 0 0 0 0 127
51 0;
egregore_data 0 0 127 0 0 127 0 0 0 0 0 0 0 0 0 127 38 0 127 0 0 0
0 0 0 0 0 0 0 100 0 0 127 127 78 0 93 90 59 18 19 127 55 73 0 0 70
0 0 0 127 127 34 1 70.88 82.0863 67.2894 0 0 0 0 15.4927 31.8807 0
31.287 0 19.2485 0 0 127 88 1 0 0 0 0 0 0 0 16 16 0 0 0 0 0 0 127 51
0;
egregore_data 0 0 127 0 0 127 0 0 0 0 0 0 0 0 0 127 38 0 127 0 0 0
0 0 0 0 0 0 0 100 0 0 127 127 78 0 93 90 59 18 19 127 55 73 0 0 70
0 0 0 127 127 34 1 70.88 82.0863 67.2894 0 0 0 0 15.4927 31.8807 0
31.287 0 19.2485 0 0 127 88 1 0 0 0 0 0 0 0 16 16 0 0 0 0 0 0 127 51
0;
egregore_data 0 0 127 0 0 127 0 0 0 0 0 0 0 0 0 127 38 0 127 0 0 0
0 0 0 0 0 0 0 100 0 0 127 127 78 0 93 90 61 18 19 127 55 73 0 0 70
0 0 0 127 127 34 1 70.88 82.0863 67.2894 0 0 0 0 15.4927 31.8807 0
31.287 0 19.2485 0 0 127 88 1 0 0 0 0 0 0 0 16 16 0 0 0 0 0 0 127 51
0;
egregore_data 0 0 127 0 0 127 0 0 0 0 0 0 0 0 0 127 38 0 127 0 0 0
0 0 0 0 0 0 0 100 0 0 127 127 78 0 93 90 61 18 19 127 55 73 0 0 70
0 0 0 127 127 34 1 70.9529 82.0181 67.2248 0 0 0 0 15.4226 32.0124
0 31.3309 0 19.1614 0 0 127 88 1 0 0 0 0 0 0 0 16 16 0 0 0 0 0 0 127
51 0;
egregore_data 0 0 127 0 0 127 0 0 0 0 0 0 0 0 0 127 38 0 127 0 0 0
0 0 0 0 0 0 0 100 0 0 127 127 78 0 93 90 62 18 19 127 55 73 0 0 70
0 0 0 127 127 34 1 70.9529 82.0181 67.2248 0 0 0 0 15.4226 32.0124
0 31.3309 0 19.1614 0 0 127 88 1 0 0 0 0 0 0 0 16 16 0 0 0 0 0 0 127
51 0;
egregore_data 0 0 127 0 0 127 0 0 0 0 0 0 0 0 0 127 38 0 127 0 0 0
0 0 0 0 0 0 0 100 0 0 127 127 78 0 93 90 62 18 19 127 55 73 0 0 70
0 0 0 127 127 34 1 70.9529 82.0181 67.2248 0 0 0 0 15.4226 32.0124
0 31.3309 0 19.1614 0 0 127 88 1 0 0 0 0 0 0 0 16 16 0 0 0 0 0 0 127
51 0;
egregore_data 0 0 127 0 0 127 0 0 0 0 0 0 0 0 0 127 38 0 127 0 0 0
0 0 0 0 0 0 0 100 0 0 127 127 78 0 93 90 62 18 19 127 55 73 0 0 70
0 0 0 127 127 34 1 71.1006 81.8799 67.0939 0 0 0 0 15.2807 32.2792
0 31.4199 0 18.9851 0 0 127 88 1 0 0 0 0 0 0 0 16 16 0 0 0 0 0 0 127
51 0;
egregore_data 0 0 127 0 0 127 0 0 0 0 0 0 0 0 0 127 38 0 127 0 0 0
0 0 0 0 0 0 0 100 0 0 127 127 78 0 93 90 62 18 19 127 55 73 0 0 70
0 0 0 127 127 34 1 71.1006 81.8799 67.0939 0 0 0 0 15.2807 32.2792
0 31.4199 0 18.9851 0 0 127 88 1 0 0 0 0 0 0 0 16 16 0 0 0 0 0 0 127
51 0;
egregore_data 0 0 127 0 0 127 0 0 0 0 0 0 0 0 0 127 38 0 127 0 0 0
0 0 0 0 0 0 0 100 0 0 127 127 78 0 93 90 64 18 19 127 55 73 0 0 70
0 0 0 127 127 34 1 71.1006 81.8799 67.0939 0 0 0 0 15.2807 32.2792
0 31.4199 0 18.9851 0 0 127 88 1 0 0 0 0 0 0 0 16 16 0 0 0 0 0 0 127
51 0;
egregore_data 0 0 127 0 0 127 0 0 0 0 0 0 0 0 0 127 38 0 127 0 0 0
0 0 0 0 0 0 0 100 0 0 127 127 78 0 93 90 64 18 19 127 55 73 0 0 70
0 0 0 127 127 34 1 71.1006 81.8799 67.0939 0 0 0 0 15.2807 32.2792
0 31.4199 0 18.9851 0 0 127 88 1 0 0 0 0 0 0 0 16 16 0 0 0 0 0 0 127
51 0;
egregore_data 0 0 127 0 0 127 0 0 0 0 0 0 0 0 0 127 38 0 127 0 0 0
0 0 0 0 0 0 0 100 0 0 127 127 78 0 93 90 64 18 19 127 55 73 0 0 70
0 0 0 127 127 34 1 71.1006 81.8799 67.0939 0 0 0 0 15.2807 32.2792
0 31.4199 0 18.9851 0 0 127 88 1 0 0 0 0 0 0 0 16 16 0 0 0 0 0 0 127
51 0;
egregore_data 0 0 127 0 0 127 0 0 0 0 0 0 0 0 0 127 38 0 127 0 0 0
0 0 0 0 0 0 0 100 0 0 127 127 78 0 93 90 64 18 19 127 55 73 0 0 70
0 0 0 127 127 34 1 71.1006 81.8799 67.0939 0 0 0 0 15.2807 32.2792
0 31.4199 0 18.9851 0 0 127 88 1 0 0 0 0 0 0 0 16 16 0 0 0 0 0 0 127
51 0;
egregore_data 0 0 127 0 0 127 0 0 0 0 0 0 0 0 0 127 38 0 127 0 0 0
0 0 0 0 0 0 0 100 0 0 127 127 78 0 93 90 64 18 19 127 55 73 0 0 70
0 0 0 127 127 34 1 71.1006 81.8799 67.0939 0 0 0 0 15.2807 32.2792
0 31.4199 0 18.9851 0 0 127 88 1 0 0 0 0 0 0 0 16 16 0 0 0 0 0 0 127
51 0;
egregore_data 0 0 127 0 0 127 0 0 0 0 0 0 0 0 0 127 38 0 127 0 0 0
0 0 0 0 0 0 0 100 0 0 127 127 78 0 93 90 64 18 19 127 56 73 0 0 70
0 0 0 127 127 34 1 71.1006 81.8799 67.0939 0 0 0 0 15.2807 32.2792
0 31.4199 0 18.9851 0 0 127 88 1 0 0 0 0 0 0 0 16 16 0 0 0 0 0 0 127
51 0;
egregore_data 0 0 127 0 0 127 0 0 0 0 0 0 0 0 0 127 38 0 127 0 0 0
0 0 0 0 0 0 0 100 0 0 127 127 78 0 93 90 64 17 19 127 56 73 0 0 70
0 0 0 127 127 34 1 71.1006 81.8799 67.0939 0 0 0 0 15.2807 32.2792
0 31.4199 0 18.9851 0 0 127 88 1 0 0 0 0 0 0 0 16 16 0 0 0 0 0 0 127
51 0;
egregore_data 0 0 127 0 0 127 0 0 0 0 0 0 0 0 0 127 38 0 127 0 0 0
0 0 0 0 0 0 0 100 0 0 127 127 78 0 93 90 64 17 19 127 56 73 0 0 70
0 0 0 127 127 34 1 71.1006 81.8799 67.0939 0 0 0 0 15.2807 32.2792
0 31.4199 0 18.9851 0 0 127 88 1 0 0 0 0 0 0 0 16 16 0 0 0 0 0 0 127
51 0;
egregore_data 0 0 127 0 0 127 0 0 0 0 0 0 0 0 0 127 38 0 127 0 0 0
0 0 0 0 0 0 0 100 0 0 127 127 78 0 93 90 64 17 19 127 56 73 0 0 70
0 0 0 127 127 34 1 71.1006 81.8799 67.0939 0 0 0 0 15.2807 32.2792
0 31.4199 0 18.9851 0 0 127 88 1 0 0 0 0 0 0 0 16 16 0 0 0 0 0 0 127
51 0;
egregore_data 0 0 127 0 0 127 0 0 0 0 0 0 0 0 0 127 38 0 127 0 0 0
0 0 0 0 0 0 0 100 0 0 127 127 78 0 93 90 64 17 19 127 56 73 0 0 70
0 0 0 127 127 34 1 71.1006 81.8799 67.0939 0 0 0 0 15.2807 32.2792
0 31.4199 0 18.9851 0 0 127 88 1 0 0 0 0 0 0 0 16 16 0 0 0 0 0 0 127
51 0;
egregore_data 0 0 127 0 0 127 0 0 0 0 0 0 0 0 0 127 38 0 127 0 0 0
0 0 0 0 0 0 0 100 0 0 127 127 78 0 93 90 64 17 19 127 56 73 0 0 70
0 0 0 127 127 34 1 71.1754 81.8099 67.0276 0 0 0 0 15.2088 32.4142
0 31.465 0 18.8958 0 0 127 88 1 0 0 0 0 0 0 0 16 16 0 0 0 0 0 0 127
51 0;
egregore_data 0 0 127 0 0 127 0 0 0 0 0 0 0 0 0 127 38 0 127 0 0 0
0 0 0 0 0 0 0 100 0 0 127 127 78 0 93 90 64 17 19 127 56 73 0 0 70
0 0 0 127 127 34 1 71.1754 81.8099 67.0276 0 0 0 0 15.2088 32.4142
0 31.465 0 18.8958 0 0 127 88 1 0 0 0 0 0 0 0 16 16 0 0 0 0 0 0 127
51 0;
egregore_data 0 0 127 0 0 127 0 0 0 0 0 0 0 0 0 127 38 0 127 0 0 0
0 0 0 0 0 0 0 100 0 0 127 127 78 0 93 90 64 17 19 127 56 73 0 0 70
0 0 0 127 127 34 1 71.1754 81.8099 67.0276 0 0 0 0 15.2088 32.4142
0 31.465 0 18.8958 0 0 127 88 1 0 0 0 0 0 0 0 16 16 0 0 0 0 0 0 127
51 0;
END;
