HTTP/1.1 200 OK
Date: Thu, 28 May 2015 12:25:16 GMT
Server: Apache
Last-Modified: Wed, 27 May 2015 19:25:32 GMT
Accept-Ranges: bytes
Content-Length: 31498
Vary: Accept-Encoding
Connection: close
Content-Type: text/plain

chdh_egregore_live_data;
egregore_data 0 0 127 0 0 127 0 0 0 0 0 0 0 0 0 127 38 0 127 0 0 0
0 0 0 0 0 0 0 100 0 0 127 127 78 0 93 90 127 0 19 127 127 0 0 0 70
0 0 0 127 127 34 0 68.9959 33.061 34.3862 67.3862 58.7193 50.0772 16.5203
57.8211 29.2805 48.0122 49.5602 0 21.1667 22.9512 0.130081 127 81.8066
1 0 0 0 0 0 0 0 16 16 0 0 0 0 0 0 127 51 0;
egregore_data 0 0 127 0 0 127 0 0 0 0 0 0 0 0 0 127 38 0 127 0 0 0
0 0 0 0 0 0 0 100 0 0 127 127 78 0 93 90 127 0 19 127 127 0 0 0 70
0 0 0 127 127 34 0 69.1573 33.496 34.6573 67.2943 59.2367 49.6734 17.4113
57.3548 29.4798 48.6492 49.1815 0 20.996 23.0806 0.16129 127 81.8066
1 0 0 0 0 0 0 0 16 16 0 0 0 0 0 0 127 51 0;
egregore_data 0 0 127 0 0 127 0 0 0 0 0 0 0 0 0 127 38 0 127 0 0 0
0 0 0 0 0 0 0 100 0 0 127 127 78 0 93 90 127 0 19 127 127 0 0 0 70
0 0 0 127 127 34 0 69.1573 33.496 34.6573 67.2943 59.2367 49.6734 17.4113
57.3548 29.4798 48.6492 49.1815 0 20.996 23.0806 0.16129 127 81.8066
1 0 0 0 0 0 0 0 16 16 0 0 0 0 0 0 127 51 0;
egregore_data 0 0 127 0 0 127 0 0 0 0 0 0 0 0 0 127 38 0 127 0 0 0
0 0 0 0 0 0 0 100 0 0 127 127 78 0 93 90 127 0 19 127 127 0 0 0 70
0 0 0 127 127 34 0 69.1573 33.496 34.6573 67.2943 59.2367 49.6734 17.4113
57.3548 29.4798 48.6492 49.1815 0 20.996 23.0806 0.16129 127 81.8066
1 0 0 0 0 0 0 0 16 16 0 0 0 0 0 0 127 51 0;
egregore_data 0 0 127 0 0 127 0 0 0 0 0 0 0 0 0 127 38 0 127 0 0 0
0 0 0 0 0 0 0 100 0 0 127 127 78 0 93 90 127 0 19 127 127 0 0 0 70
0 0 0 127 127 34 0 69.237 33.7108 34.7912 67.249 59.4922 49.4739 17.8514
57.1245 29.5783 48.9639 48.9944 0 20.9116 23.1446 0.176707 127 81.8066
1 0 0 0 0 0 0 0 16 16 0 0 0 0 0 0 127 51 0;
egregore_data 0 0 127 0 0 127 0 0 0 0 0 0 0 0 0 127 38 0 127 0 0 0
0 0 0 0 0 0 0 100 0 0 127 127 78 0 93 90 127 0 19 127 127 0 0 0 70
0 0 0 127 127 34 0 69.237 33.7108 34.7912 67.249 59.4922 49.4739 17.8514
57.1245 29.5783 48.9639 48.9944 0 20.9116 23.1446 0.176707 127 81.8066
1 0 0 0 0 0 0 0 16 16 0 0 0 0 0 0 127 51 0;
egregore_data 0 0 127 0 0 127 0 0 0 0 0 0 0 0 0 127 38 0 127 0 0 0
0 0 0 0 0 0 0 100 0 0 127 127 78 0 93 90 127 0 19 127 127 0 0 0 70
0 0 0 127 127 34 0 69.3944 34.1355 35.0558 67.1594 59.9972 49.0797
18.7211 56.6693 29.7729 49.5857 48.6248 0 20.745 23.2709 0.207171 127
81.8066 1 0 0 0 0 0 0 0 16 16 0 0 0 0 0 0 127 51 0;
egregore_data 0 0 127 0 0 127 0 0 0 0 0 0 0 0 0 127 38 0 127 0 0 0
0 0 0 0 0 0 0 100 0 0 127 127 78 0 93 90 127 0 19 127 127 0 0 0 70
0 0 0 127 127 34 0 69.3944 34.1355 35.0558 67.1594 59.9972 49.0797
18.7211 56.6693 29.7729 49.5857 48.6248 0 20.745 23.2709 0.207171 127
81.8066 1 0 0 0 0 0 0 0 16 16 0 0 0 0 0 0 127 51 0;
egregore_data 0 0 127 0 0 127 0 0 0 0 0 0 0 0 0 127 38 0 127 0 0 0
0 0 0 0 0 0 0 100 0 0 127 127 78 0 93 90 127 0 19 127 127 0 0 0 70
0 0 0 127 127 34 0 69.3944 34.1355 35.0558 67.1594 59.9972 49.0797
18.7211 56.6693 29.7729 49.5857 48.6248 0 20.745 23.2709 0.207171 127
81.8066 1 0 0 0 0 0 0 0 16 16 0 0 0 0 0 0 127 51 0;
egregore_data 0 0 127 0 0 127 0 0 0 0 0 0 0 0 0 127 38 0 127 0 0 0
0 0 0 0 0 0 0 100 0 0 127 127 78 0 93 90 127 0 19 127 127 0 0 0 70
0 0 0 127 127 34 0 69.3944 34.1355 35.0558 67.1594 59.9972 49.0797
18.7211 56.6693 29.7729 49.5857 48.6248 0 20.745 23.2709 0.207171 127
81.8066 1 0 0 0 0 0 0 0 16 16 0 0 0 0 0 0 127 51 0;
egregore_data 0 0 127 0 0 127 0 0 0 0 0 0 0 0 0 127 38 0 127 0 0 0
0 0 0 0 0 0 0 100 0 0 127 127 78 0 93 90 127 0 19 127 127 0 0 0 70
0 0 0 127 127 34 0 69.3944 34.1355 35.0558 67.1594 59.9972 49.0797
18.7211 56.6693 29.7729 49.5857 48.6248 0 20.745 23.2709 0.207171 127
81.8066 1 0 0 0 0 0 0 0 16 16 0 0 0 0 0 0 127 51 0;
egregore_data 0 0 127 0 0 127 0 0 0 0 0 0 0 0 0 127 38 0 127 0 0 0
0 0 0 0 0 0 0 100 0 0 127 127 78 0 93 90 127 0 19 127 127 0 0 0 70
0 0 0 127 127 34 0 69.3944 34.1355 35.0558 67.1594 59.9972 49.0797
18.7211 56.6693 29.7729 49.5857 48.6248 0 20.745 23.2709 0.207171 127
81.8066 1 0 0 0 0 0 0 0 16 16 0 0 0 0 0 0 127 51 0;
egregore_data 0 0 127 0 0 127 0 0 0 0 0 0 0 0 0 127 38 0 127 0 0 0
0 0 0 0 0 0 0 100 0 0 127 127 78 0 93 90 127 0 19 127 127 0 0 0 70
0 0 0 127 127 34 0 69.3944 34.1355 35.0558 67.1594 59.9972 49.0797
18.7211 56.6693 29.7729 49.5857 48.6248 0 20.745 23.2709 0.207171 127
81.8066 1 0 0 0 0 0 0 0 16 16 0 0 0 0 0 0 127 51 0;
egregore_data 0 0 127 0 0 127 0 0 0 0 0 0 0 0 0 127 38 0 127 0 0 0
0 0 0 0 0 0 0 100 0 0 127 127 78 0 93 90 127 0 19 127 127 0 0 0 70
0 0 0 127 127 34 0 69.3944 34.1355 35.0558 67.1594 59.9972 49.0797
18.7211 56.6693 29.7729 49.5857 48.6248 0 20.745 23.2709 0.207171 127
81.8066 1 0 0 0 0 0 0 0 16 16 0 0 0 0 0 0 127 51 0;
egregore_data 0 0 127 0 0 127 0 0 0 0 0 0 0 0 0 127 38 0 127 0 0 0
0 0 0 0 0 0 0 100 0 0 127 127 78 0 93 90 127 0 19 127 127 0 0 0 70
0 0 0 127 127 34 0 69.3944 34.1355 35.0558 67.1594 59.9972 49.0797
18.7211 56.6693 29.7729 49.5857 48.6248 0 20.745 23.2709 0.207171 127
81.8066 1 0 0 0 0 0 0 0 16 16 0 0 0 0 0 0 127 51 0;
egregore_data 0 0 127 0 0 127 0 0 0 0 0 0 0 0 0 127 38 0 127 0 0 0
0 0 0 0 0 0 0 100 0 0 127 127 78 0 93 90 127 0 19 127 127 0 0 0 70
0 0 0 127 127 34 0 69.3944 34.1355 35.0558 67.1594 59.9972 49.0797
18.7211 56.6693 29.7729 49.5857 48.6248 0 20.745 23.2709 0.207171 127
81.8066 1 0 0 0 0 0 0 0 16 16 0 0 0 0 0 0 127 51 0;
egregore_data 0 0 127 0 0 127 0 0 0 0 0 0 0 0 0 127 38 0 127 0 0 0
0 0 0 0 0 0 0 100 0 0 127 127 78 0 93 90 127 0 19 127 127 0 0 0 70
0 0 0 127 127 34 0 69.3944 34.1355 35.0558 67.1594 59.9972 49.0797
18.7211 56.6693 29.7729 49.5857 48.6248 0 20.745 23.2709 0.207171 127
81.8066 1 0 0 0 0 0 0 0 16 16 0 0 0 0 0 0 127 51 0;
egregore_data 0 0 127 0 0 127 0 0 0 0 0 0 0 0 0 127 38 0 127 0 0 0
0 0 0 0 0 0 0 100 0 0 127 127 78 0 93 90 127 0 19 127 127 0 0 0 70
0 0 0 127 127 34 0 69.3944 34.1355 35.0558 67.1594 59.9972 49.0797
18.7211 56.6693 29.7729 49.5857 48.6248 0 20.745 23.2709 0.207171 127
81.8066 1 0 0 0 0 0 0 0 16 16 0 0 0 0 0 0 127 51 0;
egregore_data 0 0 127 0 0 127 0 0 0 0 0 0 0 0 0 127 38 0 127 0 0 0
0 0 0 0 0 0 0 100 0 0 127 127 78 0 93 90 127 0 19 127 127 0 0 0 70
0 0 0 127 127 34 0 69.3944 34.1355 35.0558 67.1594 59.9972 49.0797
18.7211 56.6693 29.7729 49.5857 48.6248 0 20.745 23.2709 0.207171 127
81.8066 1 0 0 0 0 0 0 0 16 16 0 0 0 0 0 0 127 51 0;
egregore_data 0 0 127 0 0 127 0 0 0 0 0 0 0 0 0 127 38 0 127 0 0 0
0 0 0 0 0 0 0 100 0 0 127 127 78 0 93 90 127 0 19 127 127 0 0 0 70
0 0 0 127 127 34 0 69.3944 34.1355 35.0558 67.1594 59.9972 49.0797
18.7211 56.6693 29.7729 49.5857 48.6248 0 20.745 23.2709 0.207171 127
81.8066 1 0 0 0 0 0 0 0 16 16 0 0 0 0 0 0 127 51 0;
egregore_data 0 0 127 0 0 127 0 0 0 0 0 0 0 0 0 127 38 0 127 0 0 0
0 0 0 0 0 0 0 100 0 0 127 127 78 0 93 90 127 0 19 127 127 0 0 0 70
0 0 0 127 127 34 0 69.3944 34.1355 35.0558 67.1594 59.9972 49.0797
18.7211 56.6693 29.7729 49.5857 48.6248 0 20.745 23.2709 0.207171 127
81.8066 1 0 0 0 0 0 0 0 16 16 0 0 0 0 0 0 127 51 0;
egregore_data 0 0 127 0 0 127 0 0 0 0 0 0 0 0 0 127 38 0 127 0 0 0
0 0 0 0 0 0 0 100 0 0 127 127 78 0 93 90 127 0 19 127 127 0 0 0 70
0 0 0 127 127 34 0 69.3944 34.1355 35.0558 67.1594 59.9972 49.0797
18.7211 56.6693 29.7729 49.5857 48.6248 0 20.745 23.2709 0.207171 127
81.8066 1 0 0 0 0 0 0 0 16 16 0 0 0 0 0 0 127 51 0;
egregore_data 0 0 127 0 0 127 0 0 0 0 0 0 0 0 0 127 38 0 127 0 0 0
0 0 0 0 0 0 0 100 0 0 127 127 78 0 93 90 127 0 19 127 127 0 0 0 70
0 0 0 127 127 34 0 69.3944 34.1355 35.0558 67.1594 59.9972 49.0797
18.7211 56.6693 29.7729 49.5857 48.6248 0 20.745 23.2709 0.207171 127
81.8066 1 0 0 0 0 0 0 0 16 16 0 0 0 0 0 0 127 51 0;
egregore_data 0 0 127 0 0 127 0 0 0 0 0 0 0 0 0 127 38 0 127 0 0 0
0 0 0 0 0 0 0 100 0 0 127 127 78 0 93 90 127 0 19 127 127 0 0 0 70
0 0 0 127 127 34 0 69.3944 34.1355 35.0558 67.1594 59.9972 49.0797
18.7211 56.6693 29.7729 49.5857 48.6248 0 20.745 23.2709 0.207171 127
81.8066 1 0 0 0 0 0 0 0 16 16 0 0 0 0 0 0 127 51 0;
egregore_data 0 0 127 0 0 127 0 0 0 0 0 0 0 0 0 127 38 0 127 0 0 0
0 0 0 0 0 0 0 100 0 0 127 127 78 0 93 90 127 0 19 127 127 0 0 0 70
0 0 0 127 127 34 0 69.3944 34.1355 35.0558 67.1594 59.9972 49.0797
18.7211 56.6693 29.7729 49.5857 48.6248 0 20.745 23.2709 0.207171 127
81.8066 1 0 0 0 0 0 0 0 16 16 0 0 0 0 0 0 127 51 0;
egregore_data 0 0 127 0 0 127 0 0 0 0 0 0 0 0 0 127 38 0 127 0 0 0
0 0 0 0 0 0 0 100 0 0 127 127 78 0 93 90 127 0 19 127 127 0 0 0 70
0 0 0 127 127 34 0 69.3944 34.1355 35.0558 67.1594 59.9972 49.0797
18.7211 56.6693 29.7729 49.5857 48.6248 0 20.745 23.2709 0.207171 127
81.8066 1 0 0 0 0 0 0 0 16 16 0 0 0 0 0 0 127 51 0;
egregore_data 0 0 127 0 0 127 0 0 0 0 0 0 0 0 0 127 38 0 127 0 0 0
0 0 0 0 0 0 0 100 0 0 127 127 78 0 93 90 127 0 19 127 127 0 0 0 70
0 0 0 127 127 34 0 69.3944 34.1355 35.0558 67.1594 59.9972 49.0797
18.7211 56.6693 29.7729 49.5857 48.6248 0 20.745 23.2709 0.207171 127
81.8066 1 0 0 0 0 0 0 0 16 16 0 0 0 0 0 0 127 51 0;
egregore_data 0 0 127 0 0 127 0 0 0 0 0 0 0 0 0 127 38 0 127 0 0 0
0 0 0 0 0 0 0 100 0 0 127 127 78 0 93 90 127 0 19 127 127 0 0 0 70
0 0 0 127 127 34 0 69.3944 34.1355 35.0558 67.1594 59.9972 49.0797
18.7211 56.6693 29.7729 49.5857 48.6248 0 20.745 23.2709 0.207171 127
81.8066 1 0 0 0 0 0 0 0 16 16 0 0 0 0 0 0 127 51 0;
egregore_data 0 0 127 0 0 127 0 0 0 0 0 0 0 0 0 127 38 0 127 0 0 0
0 0 0 0 0 0 0 100 0 0 127 127 78 0 93 90 127 0 19 127 127 0 0 0 70
0 0 0 127 127 34 0 69.3944 34.1355 35.0558 67.1594 59.9972 49.0797
18.7211 56.6693 29.7729 49.5857 48.6248 0 20.745 23.2709 0.207171 127
81.8066 1 0 0 0 0 0 0 0 16 16 0 0 0 0 0 0 127 51 0;
egregore_data 0 0 127 0 0 127 0 0 0 0 0 0 0 0 0 127 38 0 127 0 0 0
0 0 0 0 0 0 0 100 0 0 127 127 78 0 93 90 127 0 19 127 127 0 0 0 70
0 0 0 127 127 34 0 69.3944 34.1355 35.0558 67.1594 59.9972 49.0797
18.7211 56.6693 29.7729 49.5857 48.6248 0 20.745 23.2709 0.207171 127
81.8066 1 0 0 0 0 0 0 0 16 16 0 0 0 0 0 0 127 51 0;
egregore_data 0 0 127 0 0 127 0 0 0 0 0 0 0 0 0 127 38 0 127 0 0 0
0 0 0 0 0 0 0 100 0 0 127 127 78 0 93 90 127 0 19 127 127 0 0 0 70
0 0 0 127 127 34 0 69.3944 34.1355 35.0558 67.1594 59.9972 49.0797
18.7211 56.6693 29.7729 49.5857 48.6248 0 20.745 23.2709 0.207171 127
81.8066 1 0 0 0 0 0 0 0 16 16 0 0 0 0 0 0 127 51 0;
egregore_data 0 0 127 0 0 127 0 0 0 0 0 0 0 0 0 127 38 0 127 0 0 0
0 0 0 0 0 0 0 100 0 0 127 127 78 0 93 90 127 0 19 127 127 0 0 0 70
0 0 0 127 127 34 0 69.3944 34.1355 35.0558 67.1594 59.9972 49.0797
18.7211 56.6693 29.7729 49.5857 48.6248 0 20.745 23.2709 0.207171 127
81.8066 1 0 0 0 0 0 0 0 16 16 0 0 0 0 0 0 127 51 0;
egregore_data 0 0 127 0 0 127 0 0 0 0 0 0 0 0 0 127 38 0 127 0 0 0
0 0 0 0 0 0 0 100 0 0 127 127 78 0 93 90 127 0 19 127 127 0 0 0 70
0 0 0 127 127 34 0 69.3944 34.1355 35.0558 67.1594 59.9972 49.0797
18.7211 56.6693 29.7729 49.5857 48.6248 0 20.745 23.2709 0.207171 127
81.8066 1 0 0 0 0 0 0 0 16 16 0 0 0 0 0 0 127 51 0;
egregore_data 0 0 127 0 0 127 0 0 0 0 0 0 0 0 0 127 38 0 127 0 0 0
0 0 0 0 0 0 0 100 0 0 127 127 78 0 93 90 127 0 19 127 127 0 0 0 70
0 0 0 127 127 34 0 69.4722 34.3452 35.1865 67.1151 60.2467 48.8849
19.1508 56.4444 29.869 49.8929 48.4422 0 20.6627 23.3333 0.222222 127
81.8066 1 0 0 0 0 0 0 0 16 16 0 0 0 0 0 0 127 51 0;
egregore_data 0 0 127 0 0 127 0 0 0 0 0 0 0 0 0 127 38 0 127 0 0 0
0 0 0 0 0 0 0 100 0 0 127 127 78 0 93 90 127 0 19 127 127 0 0 0 70
0 0 0 127 127 34 0 69.4722 34.3452 35.1865 67.1151 60.2467 48.8849
19.1508 56.4444 29.869 49.8929 48.4422 0 20.6627 23.3333 0.222222 127
81.8066 1 0 0 0 0 0 0 0 16 16 0 0 0 0 0 0 127 51 0;
egregore_data 0 0 127 0 0 127 0 0 0 0 0 0 0 0 0 127 38 0 127 0 0 0
0 0 0 0 0 0 0 100 0 0 127 127 78 0 93 90 127 0 19 127 127 0 0 0 70
0 0 0 127 127 34 0 69.4722 34.3452 35.1865 67.1151 60.2467 48.8849
19.1508 56.4444 29.869 49.8929 48.4422 0 20.6627 23.3333 0.222222 127
81.8066 1 0 0 0 0 0 0 0 16 16 0 0 0 0 0 0 127 51 0;
egregore_data 0 0 127 0 0 127 0 0 0 0 0 0 0 0 0 127 38 0 127 0 0 0
0 0 0 0 0 0 0 100 0 0 127 127 78 0 93 90 127 0 19 127 127 0 0 0 70
0 0 0 127 127 34 0 69.4024 34.2151 35.1155 67.3825 60.4868 49.0797
19.2271 56.6693 29.745 50.0916 48.4718 0 20.745 23.4263 0.223108 127
81.8066 1 0 0 0 0 0 0 0 16 16 0 0 0 0 0 0 127 51 0;
egregore_data 0 0 127 0 0 127 0 0 0 0 0 0 0 0 0 127 38 0 127 0 0 0
0 0 0 0 0 0 0 100 0 0 127 127 78 0 93 90 127 0 19 127 127 0 0 0 70
0 0 0 127 127 34 0 69.4802 34.4246 35.246 67.3373 60.7343 48.8849 19.6548
56.4444 29.8413 50.3968 48.2898 0 20.6627 23.4881 0.238095 127 81.8066
1 0 0 0 0 0 0 0 16 16 0 0 0 0 0 0 127 51 0;
egregore_data 0 0 127 0 0 127 0 0 0 0 0 0 0 0 0 127 38 0 127 0 0 0
0 0 0 0 0 0 0 100 0 0 127 127 78 0 93 90 127 0 19 127 127 0 0 0 70
0 0 0 127 127 34 0 69.4802 34.4246 35.246 67.3373 60.7343 48.8849 19.6548
56.4444 29.8413 50.3968 48.2898 0 20.6627 23.4881 0.238095 127 81.8066
1 0 0 0 0 0 0 0 16 16 0 0 0 0 0 0 127 51 0;
egregore_data 0 0 127 0 0 127 0 0 0 0 0 0 0 0 0 127 38 0 127 0 0 0
0 0 0 0 0 0 0 100 0 0 127 127 78 0 93 90 127 0 19 127 127 0 0 0 70
0 0 0 127 127 34 0 69.4802 34.4246 35.246 67.3373 60.7343 48.8849 19.6548
56.4444 29.8413 50.3968 48.2898 0 20.6627 23.4881 0.238095 127 81.8066
1 0 0 0 0 0 0 0 16 16 0 0 0 0 0 0 127 51 0;
egregore_data 0 0 127 0 0 127 0 0 0 0 0 0 0 0 0 127 38 0 127 0 0 0
0 0 0 0 0 0 0 100 0 0 127 127 78 0 93 90 127 0 19 127 127 0 0 0 70
0 0 0 127 127 34 0 69.4881 34.504 35.3056 67.5595 61.2219 48.8849 20.1587
56.4444 29.8135 50.9008 48.1374 0 20.6627 23.6429 0.253968 127 81.8066
1 0 0 0 0 0 0 0 16 16 0 0 0 0 0 0 127 51 0;
egregore_data 0 0 127 0 0 127 0 0 0 0 0 0 0 0 0 127 38 0 127 0 0 0
0 0 0 0 0 0 0 100 0 0 127 127 78 0 93 90 127 0 19 127 127 0 0 0 70
0 0 0 127 127 34 0 69.4881 34.504 35.3056 67.5595 61.2219 48.8849 20.1587
56.4444 29.8135 50.9008 48.1374 0 20.6627 23.6429 0.253968 127 81.8066
1 0 0 0 0 0 0 0 16 16 0 0 0 0 0 0 127 51 0;
egregore_data 0 0 127 0 0 127 0 0 0 0 0 0 0 0 0 127 38 0 127 0 0 0
0 0 0 0 0 0 0 100 0 0 127 127 78 0 93 90 127 0 19 127 127 0 0 0 70
0 0 0 127 127 34 0 69.5652 34.7115 35.4348 67.5138 61.4656 48.6917
20.581 56.2213 29.9091 51.2016 47.9574 0 20.581 23.7036 0.268775 127
81.8066 1 0 0 0 0 0 0 0 16 16 0 0 0 0 0 0 127 51 0;
egregore_data 0 0 127 0 0 127 0 0 0 0 0 0 0 0 0 127 38 0 127 0 0 0
0 0 0 0 0 0 0 100 0 0 127 127 78 0 93 90 127 0 19 127 127 0 0 0 70
0 0 0 127 127 34 0 69.5652 34.7115 35.4348 67.5138 61.4656 48.6917
20.581 56.2213 29.9091 51.2016 47.9574 0 20.581 23.7036 0.268775 127
81.8066 1 0 0 0 0 0 0 0 16 16 0 0 0 0 0 0 127 51 0;
egregore_data 0 0 127 0 0 127 0 0 0 0 0 0 0 0 0 127 38 0 127 0 0 0
0 0 0 0 0 0 0 100 0 0 127 127 78 0 93 90 127 0 19 127 127 0 0 0 70
0 0 0 127 127 34 0 69.5652 34.7115 35.4348 67.5138 61.4656 48.6917
20.581 56.2213 29.9091 51.2016 47.9574 0 20.581 23.7036 0.268775 127
81.8066 1 0 0 0 0 0 0 0 16 16 0 0 0 0 0 0 127 51 0;
egregore_data 0 0 127 0 0 127 0 0 0 0 0 0 0 0 0 127 38 0 127 0 0 0
0 0 0 0 0 0 0 100 0 0 127 127 78 0 93 90 127 0 19 127 127 0 0 0 70
0 0 0 127 127 34 0 69.5652 34.7115 35.4348 67.5138 61.4656 48.6917
20.581 56.2213 29.9091 51.2016 47.9574 0 20.581 23.7036 0.268775 127
81.8066 1 0 0 0 0 0 0 0 16 16 0 0 0 0 0 0 127 51 0;
egregore_data 0 0 127 0 0 127 0 0 0 0 0 0 0 0 0 127 38 0 127 0 0 0
0 0 0 0 0 0 0 100 0 0 127 127 78 0 93 90 127 0 19 127 127 0 0 0 70
0 0 0 127 127 34 0 69.5652 34.7115 35.4348 67.5138 61.4656 48.6917
20.581 56.2213 29.9091 51.2016 47.9574 0 20.581 23.7036 0.268775 127
81.8066 1 0 0 0 0 0 0 0 16 16 0 0 0 0 0 0 127 51 0;
egregore_data 0 0 127 0 0 127 0 0 0 0 0 0 0 0 0 127 38 0 127 0 0 0
0 0 0 0 0 0 0 100 0 0 127 127 78 0 93 90 127 0 19 127 127 0 0 0 70
0 0 0 127 127 34 0 69.5652 34.7115 35.4348 67.5138 61.4656 48.6917
20.581 56.2213 29.9091 51.2016 47.9574 0 20.581 23.7036 0.268775 127
81.8066 1 0 0 0 0 0 0 0 16 16 0 0 0 0 0 0 127 51 0;
egregore_data 0 0 127 0 0 127 0 0 0 0 0 0 0 0 0 127 38 0 127 0 0 0
0 0 0 0 0 0 0 100 0 0 127 127 78 0 93 90 127 0 19 127 127 0 0 0 70
0 0 0 127 127 34 0 69.496 34.5833 35.3651 67.7817 61.7095 48.8849 20.6627
56.4444 29.7857 51.4048 47.985 0 20.6627 23.7976 0.269841 127 81.8066
1 0 0 0 0 0 0 0 16 16 0 0 0 0 0 0 127 51 0;
egregore_data 0 0 127 0 0 127 0 0 0 0 0 0 0 0 0 127 38 0 127 0 0 0
0 0 0 0 0 0 0 100 0 0 127 127 78 0 93 90 127 0 19 127 127 0 0 0 70
0 0 0 127 127 34 0 69.5731 34.7905 35.4941 67.7352 61.9512 48.6917
21.083 56.2213 29.8814 51.7036 47.8056 0 20.581 23.8577 0.284585 127
81.8066 1 0 0 0 0 0 0 0 16 16 0 0 0 0 0 0 127 51 0;
egregore_data 0 0 127 0 0 127 0 0 0 0 0 0 0 0 0 127 38 0 127 0 0 0
0 0 0 0 0 0 0 100 0 0 127 127 78 0 93 90 127 0 19 127 127 0 0 0 70
0 0 0 127 127 34 0 69.5731 34.7905 35.4941 67.7352 61.9512 48.6917
21.083 56.2213 29.8814 51.7036 47.8056 0 20.581 23.8577 0.284585 127
81.8066 1 0 0 0 0 0 0 0 16 16 0 0 0 0 0 0 127 51 0;
egregore_data 0 0 127 0 0 127 0 0 0 0 0 0 0 0 0 127 38 0 127 0 0 0
0 0 0 0 0 0 0 100 0 0 127 127 78 0 93 90 127 0 19 127 127 0 0 0 70
0 0 0 127 127 34 0 69.7255 35.2 35.749 67.6431 62.429 48.3098 21.9137
55.7804 30.0706 52.2941 47.4511 0 20.4196 23.9765 0.313726 127 81.8066
1 0 0 0 0 0 0 0 16 16 0 0 0 0 0 0 127 51 0;
egregore_data 0 0 127 0 0 127 0 0 0 0 0 0 0 0 0 127 38 0 127 0 0 0
0 0 0 0 0 0 0 100 0 0 127 127 78 0 93 90 127 0 19 127 127 0 0 0 70
0 0 0 127 127 34 0 69.7255 35.2 35.749 67.6431 62.429 48.3098 21.9137
55.7804 30.0706 52.2941 47.4511 0 20.4196 23.9765 0.313726 127 81.8066
1 0 0 0 0 0 0 0 16 16 0 0 0 0 0 0 127 51 0;
egregore_data 0 0 127 0 0 127 0 0 0 0 0 0 0 0 0 127 38 0 127 0 0 0
0 0 0 0 0 0 0 100 0 0 127 127 78 0 93 90 127 0 19 127 127 0 0 0 70
0 0 0 127 127 34 0 69.7255 35.2 35.749 67.6431 62.429 48.3098 21.9137
55.7804 30.0706 52.2941 47.4511 0 20.4196 23.9765 0.313726 127 81.8066
1 0 0 0 0 0 0 0 16 16 0 0 0 0 0 0 127 51 0;
egregore_data 0 0 127 0 0 127 0 0 0 0 0 0 0 0 0 127 38 0 127 0 0 0
0 0 0 0 0 0 0 100 0 0 127 127 78 0 93 90 127 0 19 127 127 0 0 0 70
0 0 0 127 127 34 0 69.7255 35.2 35.749 67.6431 62.429 48.3098 21.9137
55.7804 30.0706 52.2941 47.4511 0 20.4196 23.9765 0.313726 127 81.8066
1 0 0 0 0 0 0 0 16 16 0 0 0 0 0 0 127 51 0;
egregore_data 0 0 127 0 0 127 0 0 0 0 0 0 0 0 0 127 38 0 127 0 0 0
0 0 0 0 0 0 0 100 0 0 127 127 78 0 93 90 127 0 19 127 127 0 0 0 70
0 0 0 127 127 34 0 69.7255 35.2 35.749 67.6431 62.429 48.3098 21.9137
55.7804 30.0706 52.2941 47.4511 0 20.4196 23.9765 0.313726 127 81.8066
1 0 0 0 0 0 0 0 16 16 0 0 0 0 0 0 127 51 0;
egregore_data 0 0 127 0 0 127 0 0 0 0 0 0 0 0 0 127 38 0 127 0 0 0
0 0 0 0 0 0 0 100 0 0 127 127 78 0 93 90 127 0 19 127 127 0 0 0 70
0 0 0 127 127 34 0 69.6654 35.1535 35.7402 68.1299 63.1585 48.5 22.5
56 29.9213 53 47.3253 0 20.5 24.2244 0.330709 127 81.8066 1 0 0 0 0
0 0 0 16 16 0 0 0 0 0 0 127 51 0;
egregore_data 0 0 127 0 0 127 0 0 0 0 0 0 0 0 0 127 38 0 127 0 0 0
0 0 0 0 0 0 0 100 0 0 127 127 78 0 93 90 127 0 19 127 127 0 0 0 70
0 0 0 127 127 34 0 69.6654 35.1535 35.7402 68.1299 63.1585 48.5 22.5
56 29.9213 53 47.3253 0 20.5 24.2244 0.330709 127 81.8066 1 0 0 0 0
0 0 0 16 16 0 0 0 0 0 0 127 51 0;
egregore_data 0 0 127 0 0 127 0 0 0 0 0 0 0 0 0 127 38 0 127 0 0 0
0 0 0 0 0 0 0 100 0 0 127 127 78 0 93 90 127 0 19 127 127 0 0 0 70
0 0 0 127 127 34 0 69.6654 35.1535 35.7402 68.1299 63.1585 48.5 22.5
56 29.9213 53 47.3253 0 20.5 24.2244 0.330709 127 81.8066 1 0 0 0 0
0 0 0 16 16 0 0 0 0 0 0 127 51 0;
egregore_data 0 0 127 0 0 127 0 0 0 0 0 0 0 0 0 127 38 0 127 0 0 0
0 0 0 0 0 0 0 100 0 0 127 127 78 0 93 90 127 0 19 127 127 0 0 0 70
0 0 0 127 127 34 0 69.6654 35.1535 35.7402 68.1299 63.1585 48.5 22.5
56 29.9213 53 47.3253 0 20.5 24.2244 0.330709 127 81.8066 1 0 0 0 0
0 0 0 16 16 0 0 0 0 0 0 127 51 0;
egregore_data 0 0 127 0 0 127 0 0 0 0 0 0 0 0 0 127 38 0 127 0 0 0
0 0 0 0 0 0 0 100 0 0 127 127 78 0 93 90 127 0 19 127 127 0 0 0 70
0 0 0 127 127 34 0 69.5968 35.0277 35.6719 68.3992 63.4082 48.6917
22.5889 56.2213 29.7984 53.2095 47.3503 0 20.581 24.3202 0.332016 127
81.8066 1 0 0 0 0 0 0 0 16 16 0 0 0 0 0 0 127 51 0;
egregore_data 0 0 127 0 0 127 0 0 0 0 0 0 0 0 0 127 38 0 127 0 0 0
0 0 0 0 0 0 0 100 0 0 127 127 78 0 93 90 127 0 19 127 127 0 0 0 70
0 0 0 127 127 34 0 69.5968 35.0277 35.6719 68.3992 63.4082 48.6917
22.5889 56.2213 29.7984 53.2095 47.3503 0 20.581 24.3202 0.332016 127
81.8066 1 0 0 0 0 0 0 0 16 16 0 0 0 0 0 0 127 51 0;
egregore_data 0 0 127 0 0 127 0 0 0 0 0 0 0 0 0 127 38 0 127 0 0 0
0 0 0 0 0 0 0 100 0 0 127 127 78 0 93 90 127 0 19 127 127 0 0 0 70
0 0 0 127 127 34 0 69.5968 35.0277 35.6719 68.3992 63.4082 48.6917
22.5889 56.2213 29.7984 53.2095 47.3503 0 20.581 24.3202 0.332016 127
81.8066 1 0 0 0 0 0 0 0 16 16 0 0 0 0 0 0 127 51 0;
egregore_data 0 0 127 0 0 127 0 0 0 0 0 0 0 0 0 127 38 0 127 0 0 0
0 0 0 0 0 0 0 100 0 0 127 127 78 0 93 90 127 0 19 127 127 0 0 0 70
0 0 0 127 127 34 0 69.6732 35.2323 35.7992 68.3504 63.6423 48.5 23
56 29.8937 53.5 47.1742 0 20.5 24.378 0.346457 127 81.8066 1 0 0 0
0 0 0 0 16 16 0 0 0 0 0 0 127 51 0;
egregore_data 0 0 127 0 0 127 0 0 0 0 0 0 0 0 0 127 38 0 127 0 0 0
0 0 0 0 0 0 0 100 0 0 127 127 78 0 93 90 127 0 19 127 127 0 0 0 70
0 0 0 127 127 34 0 69.6732 35.2323 35.7992 68.3504 63.6423 48.5 23
56 29.8937 53.5 47.1742 0 20.5 24.378 0.346457 127 81.8066 1 0 0 0
0 0 0 0 16 16 0 0 0 0 0 0 127 51 0;
egregore_data 0 0 127 0 0 127 0 0 0 0 0 0 0 0 0 127 38 0 127 0 0 0
0 0 0 0 0 0 0 100 0 0 127 127 78 0 93 90 127 0 19 127 127 0 0 0 70
0 0 0 127 127 34 0 69.6732 35.2323 35.7992 68.3504 63.6423 48.5 23
56 29.8937 53.5 47.1742 0 20.5 24.378 0.346457 127 81.8066 1 0 0 0
0 0 0 0 16 16 0 0 0 0 0 0 127 51 0;
egregore_data 0 0 127 0 0 127 0 0 0 0 0 0 0 0 0 127 38 0 127 0 0 0
0 0 0 0 0 0 0 100 0 0 127 127 78 0 93 90 127 0 19 127 127 0 0 0 70
0 0 0 127 127 34 0 69.6732 35.2323 35.7992 68.3504 63.6423 48.5 23
56 29.8937 53.5 47.1742 0 20.5 24.378 0.346457 127 81.8066 1 0 0 0
0 0 0 0 16 16 0 0 0 0 0 0 127 51 0;
egregore_data 0 0 127 0 0 127 0 0 0 0 0 0 0 0 0 127 38 0 127 0 0 0
0 0 0 0 0 0 0 100 0 0 127 127 78 0 93 90 127 0 19 127 127 0 0 0 70
0 0 0 127 127 34 0 69.6732 35.2323 35.7992 68.3504 63.6423 48.5 23
56 29.8937 53.5 47.1742 0 20.5 24.378 0.346457 127 81.8066 1 0 0 0
0 0 0 0 16 16 0 0 0 0 0 0 127 51 0;
egregore_data 0 0 127 0 0 127 0 0 0 0 0 0 0 0 0 127 38 0 127 0 0 0
0 0 0 0 0 0 0 100 0 0 127 127 78 0 93 90 127 0 19 127 127 0 0 0 70
0 0 0 127 127 34 0 69.6811 35.311 35.8583 68.5709 64.126 48.5 23.5
56 29.8661 54 47.023 0 20.5 24.5315 0.362205 127 81.8066 1 0 0 0 0
0 0 0 16 16 0 0 0 0 0 0 127 51 0;
egregore_data 0 0 127 0 0 127 0 0 0 0 0 0 0 0 0 127 38 0 127 0 0 0
0 0 0 0 0 0 0 100 0 0 127 127 78 0 93 90 127 0 19 127 127 0 0 0 70
0 0 0 127 127 34 0 69.6811 35.311 35.8583 68.5709 64.126 48.5 23.5
56 29.8661 54 47.023 0 20.5 24.5315 0.362205 127 81.8066 1 0 0 0 0
0 0 0 16 16 0 0 0 0 0 0 127 51 0;
egregore_data 0 0 127 0 0 127 0 0 0 0 0 0 0 0 0 127 38 0 127 0 0 0
0 0 0 0 0 0 0 100 0 0 127 127 78 0 93 90 127 0 19 127 127 0 0 0 70
0 0 0 127 127 34 0 69.6811 35.311 35.8583 68.5709 64.126 48.5 23.5
56 29.8661 54 47.023 0 20.5 24.5315 0.362205 127 81.8066 1 0 0 0 0
0 0 0 16 16 0 0 0 0 0 0 127 51 0;
egregore_data 0 0 127 0 0 127 0 0 0 0 0 0 0 0 0 127 38 0 127 0 0 0
0 0 0 0 0 0 0 100 0 0 127 127 78 0 93 90 127 0 19 127 127 0 0 0 70
0 0 0 127 127 34 0 69.6811 35.311 35.8583 68.5709 64.126 48.5 23.5
56 29.8661 54 47.023 0 20.5 24.5315 0.362205 127 81.8066 1 0 0 0 0
0 0 0 16 16 0 0 0 0 0 0 127 51 0;
egregore_data 0 0 127 0 0 127 0 0 0 0 0 0 0 0 0 127 38 0 127 0 0 0
0 0 0 0 0 0 0 100 0 0 127 127 78 0 93 90 127 0 19 127 127 0 0 0 70
0 0 0 127 127 34 0 69.6811 35.311 35.8583 68.5709 64.126 48.5 23.5
56 29.8661 54 47.023 0 20.5 24.5315 0.362205 127 81.8066 1 0 0 0 0
0 0 0 16 16 0 0 0 0 0 0 127 51 0;
egregore_data 0 0 127 0 0 127 0 0 0 0 0 0 0 0 0 127 38 0 127 0 0 0
0 0 0 0 0 0 0 100 0 0 127 127 78 0 93 90 127 0 19 127 127 0 0 0 70
0 0 0 127 127 34 0 69.6811 35.311 35.8583 68.5709 64.126 48.5 23.5
56 29.8661 54 47.023 0 20.5 24.5315 0.362205 127 81.8066 1 0 0 0 0
0 0 0 16 16 0 0 0 0 0 0 127 51 0;
egregore_data 0 0 127 0 0 127 0 0 0 0 0 0 0 0 0 127 38 0 127 0 0 0
0 0 0 0 0 0 0 100 0 0 127 127 78 0 93 90 127 0 19 127 127 0 0 0 70
0 0 0 127 127 34 0 69.6811 35.311 35.8583 68.5709 64.126 48.5 23.5
56 29.8661 54 47.023 0 20.5 24.5315 0.362205 127 81.8066 1 0 0 0 0
0 0 0 16 16 0 0 0 0 0 0 127 51 0;
egregore_data 0 0 127 0 0 127 0 0 0 0 0 0 0 0 0 127 38 0 127 0 0 0
0 0 0 0 0 0 0 100 0 0 127 127 78 0 93 90 127 0 19 127 127 0 0 0 70
0 0 0 127 127 34 0 69.6126 35.1858 35.7905 68.8419 64.3795 48.6917
23.5929 56.2213 29.7431 54.2134 47.0468 0 20.581 24.6285 0.363636 127
81.8066 1 0 0 0 0 0 0 0 16 16 0 0 0 0 0 0 127 51 0;
egregore_data 0 0 127 0 0 127 0 0 0 0 0 0 0 0 0 127 38 0 127 0 0 0
0 0 0 0 0 0 0 100 0 0 127 127 78 0 93 90 127 0 19 127 127 0 0 0 70
0 0 0 127 127 34 0 69.689 35.3898 35.9173 68.7913 64.6098 48.5 24 56
29.8386 54.5 46.8718 0 20.5 24.685 0.377953 127 81.8066 1 0 0 0 0 0
0 0 16 16 0 0 0 0 0 0 127 51 0;
egregore_data 0 0 127 0 0 127 0 0 0 0 0 0 0 0 0 127 38 0 127 0 0 0
0 0 0 0 0 0 0 100 0 0 127 127 78 0 93 90 127 0 19 127 127 0 0 0 70
0 0 0 127 127 34 0 69.689 35.3898 35.9173 68.7913 64.6098 48.5 24 56
29.8386 54.5 46.8718 0 20.5 24.685 0.377953 127 81.8066 1 0 0 0 0 0
0 0 16 16 0 0 0 0 0 0 127 51 0;
egregore_data 0 0 127 0 0 127 0 0 0 0 0 0 0 0 0 127 38 0 127 0 0 0
0 0 0 0 0 0 0 100 0 0 127 127 78 0 93 90 127 0 19 127 127 0 0 0 70
0 0 0 127 127 34 0 69.689 35.3898 35.9173 68.7913 64.6098 48.5 24 56
29.8386 54.5 46.8718 0 20.5 24.685 0.377953 127 81.8066 1 0 0 0 0 0
0 0 16 16 0 0 0 0 0 0 127 51 0;
egregore_data 0 0 127 0 0 127 0 0 0 0 0 0 0 0 0 127 38 0 127 0 0 0
0 0 0 0 0 0 0 100 0 0 127 127 78 0 93 90 127 0 19 127 127 0 0 0 70
0 0 0 127 127 34 0 69.689 35.3898 35.9173 68.7913 64.6098 48.5 24 56
29.8386 54.5 46.8718 0 20.5 24.685 0.377953 127 81.8066 1 0 0 0 0 0
0 0 16 16 0 0 0 0 0 0 127 51 0;
egregore_data 0 0 127 0 0 127 0 0 0 0 0 0 0 0 0 127 38 0 127 0 0 0
0 0 0 0 0 0 0 100 0 0 127 127 78 0 93 90 127 0 19 127 127 0 0 0 70
0 0 0 127 127 34 0 69.689 35.3898 35.9173 68.7913 64.6098 48.5 24 56
29.8386 54.5 46.8718 0 20.5 24.685 0.377953 127 81.8066 1 0 0 0 0 0
0 0 16 16 0 0 0 0 0 0 127 51 0;
egregore_data 0 0 127 0 0 127 0 0 0 0 0 0 0 0 0 127 38 0 127 0 0 0
0 0 0 0 0 0 0 100 0 0 127 127 78 0 93 90 127 0 19 127 127 0 0 0 70
0 0 0 127 127 34 0 69.689 35.3898 35.9173 68.7913 64.6098 48.5 24 56
29.8386 54.5 46.8718 0 20.5 24.685 0.377953 127 81.8066 1 0 0 0 0 0
0 0 16 16 0 0 0 0 0 0 127 51 0;
egregore_data 0 0 127 0 0 127 0 0 0 0 0 0 0 0 0 127 38 0 127 0 0 0
0 0 0 0 0 0 0 100 0 0 127 127 78 0 93 90 127 0 19 127 127 0 0 0 70
0 0 0 127 127 34 0 69.689 35.3898 35.9173 68.7913 64.6098 48.5 24 56
29.8386 54.5 46.8718 0 20.5 24.685 0.377953 127 81.8066 1 0 0 0 0 0
0 0 16 16 0 0 0 0 0 0 127 51 0;
egregore_data 0 0 127 0 0 127 0 0 0 0 0 0 0 0 0 127 38 0 127 0 0 0
0 0 0 0 0 0 0 100 0 0 127 127 78 0 93 90 127 0 19 127 127 0 0 0 70
0 0 0 127 127 34 0 69.689 35.3898 35.9173 68.7913 64.6098 48.5 24 56
29.8386 54.5 46.8718 0 20.5 24.685 0.377953 127 81.8066 1 0 0 0 0 0
0 0 16 16 0 0 0 0 0 0 127 51 0;
egregore_data 0 0 127 0 0 127 0 0 0 0 0 0 0 0 0 127 38 0 127 0 0 0
0 0 0 0 0 0 0 100 0 0 127 127 78 0 93 90 127 0 19 127 127 0 0 0 70
0 0 0 127 127 34 0 69.689 35.3898 35.9173 68.7913 64.6098 48.5 24 56
29.8386 54.5 46.8718 0 20.5 24.685 0.377953 127 81.8066 1 0 0 0 0 0
0 0 16 16 0 0 0 0 0 0 127 51 0;
egregore_data 0 0 127 0 0 127 0 0 0 0 0 0 0 0 0 127 38 0 127 0 0 0
0 0 0 0 0 0 0 100 0 0 127 127 78 0 93 90 127 0 19 127 127 0 0 0 70
0 0 0 127 127 34 0 69.689 35.3898 35.9173 68.7913 64.6098 48.5 24 56
29.8386 54.5 46.8718 0 20.5 24.685 0.377953 127 81.8066 1 0 0 0 0 0
0 0 16 16 0 0 0 0 0 0 127 51 0;
egregore_data 0 0 127 0 0 127 0 0 0 0 0 0 0 0 0 127 38 0 127 0 0 0
0 0 0 0 0 0 0 100 0 0 127 127 78 0 93 90 127 0 19 127 127 0 0 0 70
0 0 0 127 127 34 0 69.689 35.3898 35.9173 68.7913 64.6098 48.5 24 56
29.8386 54.5 46.8718 0 20.5 24.685 0.377953 127 81.8066 1 0 0 0 0 0
0 0 16 16 0 0 0 0 0 0 127 51 0;
egregore_data 0 0 127 0 0 127 0 0 0 0 0 0 0 0 0 127 38 0 127 0 0 0
0 0 0 0 0 0 0 100 0 0 127 127 78 0 93 90 127 0 19 127 127 0 0 0 70
0 0 0 127 127 34 0 69.689 35.3898 35.9173 68.7913 64.6098 48.5 24 56
29.8386 54.5 46.8718 0 20.5 24.685 0.377953 127 81.8066 1 0 0 0 0 0
0 0 16 16 0 0 0 0 0 0 127 51 0;
egregore_data 0 0 127 0 0 127 0 0 0 0 0 0 0 0 0 127 38 0 127 0 0 0
0 0 0 0 0 0 0 100 0 0 127 127 78 0 93 90 127 0 19 127 127 0 0 0 70
0 0 0 127 127 34 0 69.689 35.3898 35.9173 68.7913 64.6098 48.5 24 56
29.8386 54.5 46.8718 0 20.5 24.685 0.377953 127 81.8066 1 0 0 0 0 0
0 0 16 16 0 0 0 0 0 0 127 51 0;
egregore_data 0 0 127 0 0 127 0 0 0 0 0 0 0 0 0 127 38 0 127 0 0 0
0 0 0 0 0 0 0 100 0 0 127 127 78 0 93 90 127 0 19 127 127 0 0 0 70
0 0 0 127 127 34 0 69.689 35.3898 35.9173 68.7913 64.6098 48.5 24 56
29.8386 54.5 46.8718 0 20.5 24.685 0.377953 127 81.8066 1 0 0 0 0 0
0 0 16 16 0 0 0 0 0 0 127 51 0;
egregore_data 0 0 127 0 0 127 0 0 0 0 0 0 0 0 0 127 38 0 127 0 0 0
0 0 0 0 0 0 0 100 0 0 127 127 78 0 93 90 127 0 19 127 127 0 0 0 70
0 0 0 127 127 34 0 69.689 35.3898 35.9173 68.7913 64.6098 48.5 24 56
29.8386 54.5 46.8718 0 20.5 24.685 0.377953 127 81.8066 1 0 0 0 0 0
0 0 16 16 0 0 0 0 0 0 127 51 0;
egregore_data 0 0 127 0 0 127 0 0 0 0 0 0 0 0 0 127 38 0 127 0 0 0
0 0 0 0 0 0 0 100 0 0 127 127 78 0 93 90 127 0 19 127 127 0 0 0 70
0 0 0 127 127 34 0 69.689 35.3898 35.9173 68.7913 64.6098 48.5 24 56
29.8386 54.5 46.8718 0 20.5 24.685 0.377953 127 81.8066 1 0 0 0 0 0
0 0 16 16 0 0 0 0 0 0 127 51 0;
egregore_data 0 0 127 0 0 127 0 0 0 0 0 0 0 0 0 127 38 0 127 0 0 0
0 0 0 0 0 0 0 100 0 0 127 127 78 0 93 90 127 0 19 127 127 0 0 0 70
0 0 0 127 127 34 0 69.689 35.3898 35.9173 68.7913 64.6098 48.5 24 56
29.8386 54.5 46.8718 0 20.5 24.685 0.377953 127 81.8066 1 0 0 0 0 0
0 0 16 16 0 0 0 0 0 0 127 51 0;
egregore_data 0 0 127 0 0 127 0 0 0 0 0 0 0 0 0 127 38 0 127 0 0 0
0 0 0 0 0 0 0 100 0 0 127 127 78 0 93 90 127 0 19 127 127 0 0 0 70
0 0 0 127 127 34 0 69.689 35.3898 35.9173 68.7913 64.6098 48.5 24 56
29.8386 54.5 46.8718 0 20.5 24.685 0.377953 127 81.8066 1 0 0 0 0 0
0 0 16 16 0 0 0 0 0 0 127 51 0;
egregore_data 0 0 127 0 0 127 0 0 0 0 0 0 0 0 0 127 38 0 127 0 0 0
0 0 0 0 0 0 0 100 0 0 127 127 78 0 93 90 127 0 19 127 127 0 0 0 70
0 0 0 127 127 34 0 69.689 35.3898 35.9173 68.7913 64.6098 48.5 24 56
29.8386 54.5 46.8718 0 20.5 24.685 0.377953 127 81.8066 1 0 0 0 0 0
0 0 16 16 0 0 0 0 0 0 127 51 0;
egregore_data 0 0 127 0 0 127 0 0 0 0 0 0 0 0 0 127 38 0 127 0 0 0
0 0 0 0 0 0 0 100 0 0 127 127 78 0 93 90 127 0 19 127 127 0 0 0 70
0 0 0 127 127 34 0 69.689 35.3898 35.9173 68.7913 64.6098 48.5 24 56
29.8386 54.5 46.8718 0 20.5 24.685 0.377953 127 81.8066 1 0 0 0 0 0
0 0 16 16 0 0 0 0 0 0 127 51 0;
egregore_data 0 0 127 0 0 127 0 0 0 0 0 0 0 0 0 127 38 0 127 0 0 0
0 0 0 0 0 0 0 100 0 0 127 127 78 0 93 90 127 0 19 127 127 0 0 0 70
0 0 0 127 127 34 0 69.689 35.3898 35.9173 68.7913 64.6098 48.5 24 56
29.8386 54.5 46.8718 0 20.5 24.685 0.377953 127 81.8066 1 0 0 0 0 0
0 0 16 16 0 0 0 0 0 0 127 51 0;
egregore_data 0 0 127 0 0 127 0 0 0 0 0 0 0 0 0 127 38 0 127 0 0 0
0 0 0 0 0 0 0 100 0 0 127 127 78 0 93 90 127 0 19 127 127 0 0 0 70
0 0 0 127 127 34 0 69.689 35.3898 35.9173 68.7913 64.6098 48.5 24 56
29.8386 54.5 46.8718 0 20.5 24.685 0.377953 127 81.8066 1 0 0 0 0 0
0 0 16 16 0 0 0 0 0 0 127 51 0;
egregore_data 0 0 127 0 0 127 0 0 0 0 0 0 0 0 0 127 38 0 127 0 0 0
0 0 0 0 0 0 0 100 0 0 127 127 78 0 93 90 127 0 19 127 127 0 0 0 70
0 0 0 127 127 34 0 69.689 35.3898 35.9173 68.7913 64.6098 48.5 24 56
29.8386 54.5 46.8718 0 20.5 24.685 0.377953 127 81.8066 1 0 0 0 0 0
0 0 16 16 0 0 0 0 0 0 127 51 0;
egregore_data 0 0 127 0 0 127 0 0 0 0 0 0 0 0 0 127 38 0 127 0 0 0
0 0 0 0 0 0 0 100 0 0 127 127 78 0 93 90 127 0 19 127 127 0 0 0 70
0 0 0 127 127 34 0 69.689 35.3898 35.9173 68.7913 64.6098 48.5 24 56
29.8386 54.5 46.8718 0 20.5 24.685 0.377953 127 81.8066 1 0 0 0 0 0
0 0 16 16 0 0 0 0 0 0 127 51 0;
END;
