HTTP/1.1 200 OK
Date: Thu, 28 May 2015 12:25:37 GMT
Server: Apache
Last-Modified: Wed, 27 May 2015 19:32:22 GMT
Accept-Ranges: bytes
Content-Length: 29320
Vary: Accept-Encoding
Connection: close
Content-Type: text/plain

chdh_egregore_live_data;
egregore_data 0 0 127 0 0 127 0 0 0 0 0 0 0 0 0 127 38 0 127 0 0 0
0 0 0 0 0 0 0 100 0 0 127 127 78 0 93 90 127 0 19 127 127 0 0 0 70
0 0 0 127 127 34 0 81 7.8326 8.95154 71.0529 0 0 13.4273 36.3656 25.489
37.4846 73.8458 0 0 23.4978 0 127 59.0911 1 0 0 0 0 0 0 0 16 16 0 0
0 0 0 0 127 51 0;
egregore_data 0 0 127 0 0 127 0 0 0 0 0 0 0 0 0 127 38 0 127 0 0 0
0 0 0 0 0 0 0 100 0 0 127 127 78 0 93 90 127 0 19 127 127 0 0 0 70
0 0 0 127 127 34 0 81 7.8326 8.95154 71.0529 0 0 13.4273 36.3656 25.489
37.4846 73.8458 0 0 23.4978 0 127 59.0911 1 0 0 0 0 0 0 0 16 16 0 0
0 0 0 0 127 51 0;
egregore_data 0 0 127 0 0 127 0 0 0 0 0 0 0 0 0 127 38 0 127 0 0 0
0 0 0 0 0 0 0 100 0 0 127 127 78 0 93 90 127 0 19 127 127 0 0 0 70
0 0 0 127 127 34 0 81 7.8326 8.95154 71.0529 0 0 13.4273 36.3656 25.489
37.4846 73.8458 0 0 23.4978 0 127 59.0911 1 0 0 0 0 0 0 0 16 16 0 0
0 0 0 0 127 51 0;
egregore_data 0 0 127 0 0 127 0 0 0 0 0 0 0 0 0 127 38 0 127 0 0 0
0 0 0 0 0 0 0 100 0 0 127 127 78 0 93 90 127 0 19 127 127 0 0 0 70
0 0 0 127 127 34 0 81 7.86726 8.99115 71.3673 0 0 13.4867 36.5266 25.4469
37.6504 73.8186 0 0 23.6018 0 127 59.0911 1 0 0 0 0 0 0 0 16 16 0 0
0 0 0 0 127 51 0;
egregore_data 0 0 127 0 0 127 0 0 0 0 0 0 0 0 0 127 38 0 127 0 0 0
0 0 0 0 0 0 0 100 0 0 127 127 78 0 93 90 127 0 19 127 127 0 0 0 70
0 0 0 127 127 34 0 81 7.86726 8.99115 71.3673 0 0 13.4867 36.5266 25.4469
37.6504 73.8186 0 0 23.6018 0 127 59.0911 1 0 0 0 0 0 0 0 16 16 0 0
0 0 0 0 127 51 0;
egregore_data 0 0 127 0 0 127 0 0 0 0 0 0 0 0 0 127 38 0 127 0 0 0
0 0 0 0 0 0 0 100 0 0 127 127 78 0 93 90 127 0 19 127 127 0 0 0 70
0 0 0 127 127 34 0 81 7.86726 8.99115 71.3673 0 0 13.4867 36.5266 25.4469
37.6504 73.8186 0 0 23.6018 0 127 59.0911 1 0 0 0 0 0 0 0 16 16 0 0
0 0 0 0 127 51 0;
egregore_data 0 0 127 0 0 127 0 0 0 0 0 0 0 0 0 127 38 0 127 0 0 0
0 0 0 0 0 0 0 100 0 0 127 127 78 0 93 90 127 0 19 127 127 0 0 0 70
0 0 0 127 127 34 0 81 7.90222 9.03111 71.6844 0 0 13.5467 36.6889 25.4044
37.8178 73.7911 0 0 23.7067 0 127 59.0911 1 0 0 0 0 0 0 0 16 16 0 0
0 0 0 0 127 51 0;
egregore_data 0 0 127 0 0 127 0 0 0 0 0 0 0 0 0 127 38 0 127 0 0 0
0 0 0 0 0 0 0 100 0 0 127 127 78 0 93 90 127 0 19 127 127 0 0 0 70
0 0 0 127 127 34 0 81 7.90222 9.03111 71.6844 0 0 13.5467 36.6889 25.4044
37.8178 73.7911 0 0 23.7067 0 127 59.0911 1 0 0 0 0 0 0 0 16 16 0 0
0 0 0 0 127 51 0;
egregore_data 0 0 127 0 0 127 0 0 0 0 0 0 0 0 0 127 38 0 127 0 0 0
0 0 0 0 0 0 0 100 0 0 127 127 78 0 93 90 127 0 19 127 127 0 0 0 70
0 0 0 127 127 34 0 81 7.90222 9.03111 71.6844 0 0 13.5467 36.6889 25.4044
37.8178 73.7911 0 0 23.7067 0 127 59.0911 1 0 0 0 0 0 0 0 16 16 0 0
0 0 0 0 127 51 0;
egregore_data 0 0 127 0 0 127 0 0 0 0 0 0 0 0 0 127 38 0 127 0 0 0
0 0 0 0 0 0 0 100 0 0 127 127 78 0 93 90 127 0 19 127 127 0 0 0 70
0 0 0 127 127 34 0 81 7.90222 9.03111 71.6844 0 0 13.5467 36.6889 25.4044
37.8178 73.7911 0 0 23.7067 0 127 59.0911 1 0 0 0 0 0 0 0 16 16 0 0
0 0 0 0 127 51 0;
egregore_data 0 0 127 0 0 127 0 0 0 0 0 0 0 0 0 127 38 0 127 0 0 0
0 0 0 0 0 0 0 100 0 0 127 127 78 0 93 90 127 0 19 127 127 0 0 0 70
0 0 0 127 127 34 0 81 7.90222 9.03111 71.6844 0 0 13.5467 36.6889 25.4044
37.8178 73.7911 0 0 23.7067 0 127 59.0911 1 0 0 0 0 0 0 0 16 16 0 0
0 0 0 0 127 51 0;
egregore_data 0 0 127 0 0 127 0 0 0 0 0 0 0 0 0 127 38 0 127 0 0 0
0 0 0 0 0 0 0 100 0 0 127 127 78 0 93 90 127 0 19 127 127 0 0 0 70
0 0 0 127 127 34 0 81 7.90222 9.03111 71.6844 0 0 13.5467 36.6889 25.4044
37.8178 73.7911 0 0 23.7067 0 127 59.0911 1 0 0 0 0 0 0 0 16 16 0 0
0 0 0 0 127 51 0;
egregore_data 0 0 127 0 0 127 0 0 0 0 0 0 0 0 0 127 38 0 127 0 0 0
0 0 0 0 0 0 0 100 0 0 127 127 78 0 93 90 127 0 19 127 127 0 0 0 70
0 0 0 127 127 34 0 81 7.9375 9.07143 72.0045 0 0 13.6071 36.8527 25.3616
37.9866 73.7634 0 0 23.8125 0 127 59.0911 1 0 0 0 0 0 0 0 16 16 0 0
0 0 0 0 127 51 0;
egregore_data 0 0 127 0 0 127 0 0 0 0 0 0 0 0 0 127 38 0 127 0 0 0
0 0 0 0 0 0 0 100 0 0 127 127 78 0 93 90 127 0 19 127 127 0 0 0 70
0 0 0 127 127 34 0 81 7.9375 9.07143 72.0045 0 0 13.6071 36.8527 25.3616
37.9866 73.7634 0 0 23.8125 0 127 59.0911 1 0 0 0 0 0 0 0 16 16 0 0
0 0 0 0 127 51 0;
egregore_data 0 0 127 0 0 127 0 0 0 0 0 0 0 0 0 127 38 0 127 0 0 0
0 0 0 0 0 0 0 100 0 0 127 127 78 0 93 90 127 0 19 127 127 0 0 0 70
0 0 0 127 127 34 0 81 7.9375 9.07143 72.0045 0 0 13.6071 36.8527 25.3616
37.9866 73.7634 0 0 23.8125 0 127 59.0911 1 0 0 0 0 0 0 0 16 16 0 0
0 0 0 0 127 51 0;
egregore_data 0 0 127 0 0 127 0 0 0 0 0 0 0 0 0 127 38 0 127 0 0 0
0 0 0 0 0 0 0 100 0 0 127 127 78 0 93 90 127 0 19 127 127 0 0 0 70
0 0 0 127 127 34 0 81 7.9375 9.07143 72.0045 0 0 13.6071 36.8527 25.3616
37.9866 73.7634 0 0 23.8125 0 127 59.0911 1 0 0 0 0 0 0 0 16 16 0 0
0 0 0 0 127 51 0;
egregore_data 0 0 127 0 0 127 0 0 0 0 0 0 0 0 0 127 38 0 127 0 0 0
0 0 0 0 0 0 0 100 0 0 127 127 78 0 93 90 127 0 19 127 127 0 0 0 70
0 0 0 127 127 34 0 81 7.97309 9.11211 72.3274 0 0 13.6682 37.0179 25.3184
38.1569 73.7354 0 0 23.9193 0 127 59.0911 1 0 0 0 0 0 0 0 16 16 0 0
0 0 0 0 127 51 0;
egregore_data 0 0 127 0 0 127 0 0 0 0 0 0 0 0 0 127 38 0 127 0 0 0
0 0 0 0 0 0 0 100 0 0 127 127 78 0 93 90 127 0 19 127 127 0 0 0 70
0 0 0 127 127 34 0 81 7.97309 9.11211 72.3274 0 0 13.6682 37.0179 25.3184
38.1569 73.7354 0 0 23.9193 0 127 59.0911 1 0 0 0 0 0 0 0 16 16 0 0
0 0 0 0 127 51 0;
egregore_data 0 0 127 0 0 127 0 0 0 0 0 0 0 0 0 127 38 0 127 0 0 0
0 0 0 0 0 0 0 100 0 0 127 127 78 0 93 90 127 0 19 127 127 0 0 0 70
0 0 0 127 127 34 0 81 7.97309 9.11211 72.3274 0 0 13.6682 37.0179 25.3184
38.1569 73.7354 0 0 23.9193 0 127 59.0911 1 0 0 0 0 0 0 0 16 16 0 0
0 0 0 0 127 51 0;
egregore_data 0 0 127 0 0 127 0 0 0 0 0 0 0 0 0 127 38 0 127 0 0 0
0 0 0 0 0 0 0 100 0 0 127 127 78 0 93 90 127 0 19 127 127 0 0 0 70
0 0 0 127 127 34 0 81 7.97309 9.11211 72.3274 0 0 13.6682 37.0179 25.3184
38.1569 73.7354 0 0 23.9193 0 127 59.0911 1 0 0 0 0 0 0 0 16 16 0 0
0 0 0 0 127 51 0;
egregore_data 0 0 127 0 0 127 0 0 0 0 0 0 0 0 0 127 38 0 127 0 0 0
0 0 0 0 0 0 0 100 0 0 127 127 78 0 93 90 127 0 19 127 127 0 0 0 70
0 0 0 127 127 34 0 81 7.97309 9.11211 72.3274 0 0 13.6682 37.0179 25.3184
38.1569 73.7354 0 0 23.9193 0 127 59.0911 1 0 0 0 0 0 0 0 16 16 0 0
0 0 0 0 127 51 0;
egregore_data 0 0 127 0 0 127 0 0 0 0 0 0 0 0 0 127 38 0 127 0 0 0
0 0 0 0 0 0 0 100 0 0 127 127 78 0 93 90 127 0 19 127 127 0 0 0 70
0 0 0 127 127 34 0 81 7.97309 9.11211 72.3274 0 0 13.6682 37.0179 25.3184
38.1569 73.7354 0 0 23.9193 0 127 59.0911 1 0 0 0 0 0 0 0 16 16 0 0
0 0 0 0 127 51 0;
egregore_data 0 0 127 0 0 127 0 0 0 0 0 0 0 0 0 127 38 0 127 0 0 0
0 0 0 0 0 0 0 100 0 0 127 127 78 0 93 90 127 0 19 127 127 0 0 0 70
0 0 0 127 127 34 0 81 7.97309 9.11211 72.3274 0 0 13.6682 37.0179 25.3184
38.1569 73.7354 0 0 23.9193 0 127 59.0911 1 0 0 0 0 0 0 0 16 16 0 0
0 0 0 0 127 51 0;
egregore_data 0 0 127 0 0 127 0 0 0 0 0 0 0 0 0 127 38 0 127 0 0 0
0 0 0 0 0 0 0 100 0 0 127 127 78 0 93 90 127 0 19 127 127 0 0 0 70
0 0 0 127 127 34 0 81 7.97309 9.11211 72.3274 0 0 13.6682 37.0179 25.3184
38.1569 73.7354 0 0 23.9193 0 127 59.0911 1 0 0 0 0 0 0 0 16 16 0 0
0 0 0 0 127 51 0;
egregore_data 0 0 127 0 0 127 0 0 0 0 0 0 0 0 0 127 38 0 127 0 0 0
0 0 0 0 0 0 0 100 0 0 127 127 78 0 93 90 127 0 19 127 127 0 0 0 70
0 0 0 127 127 34 0 81 7.97309 9.11211 72.3274 0 0 13.6682 37.0179 25.3184
38.1569 73.7354 0 0 23.9193 0 127 59.0911 1 0 0 0 0 0 0 0 16 16 0 0
0 0 0 0 127 51 0;
egregore_data 0 0 127 0 0 127 0 0 0 0 0 0 0 0 0 127 38 0 127 0 0 0
0 0 0 0 0 0 0 100 0 0 127 127 78 0 93 90 127 0 19 127 127 0 0 0 70
0 0 0 127 127 34 0 81 7.97309 9.11211 72.3274 0 0 13.6682 37.0179 25.3184
38.1569 73.7354 0 0 23.9193 0 127 59.0911 1 0 0 0 0 0 0 0 16 16 0 0
0 0 0 0 127 51 0;
egregore_data 0 0 127 0 0 127 0 0 0 0 0 0 0 0 0 127 38 0 127 0 0 0
0 0 0 0 0 0 0 100 0 0 127 127 78 0 93 90 127 0 19 127 127 0 0 0 70
0 0 0 127 127 34 0 81 8.04525 9.19457 72.9819 0 0 13.7919 37.3529 25.2308
38.5023 73.6787 0 0 24.1357 0 127 59.0911 1 0 0 0 0 0 0 0 16 16 0 0
0 0 0 0 127 51 0;
egregore_data 0 0 127 0 0 127 0 0 0 0 0 0 0 0 0 127 38 0 127 0 0 0
0 0 0 0 0 0 0 100 0 0 127 127 78 0 93 90 127 0 19 127 127 0 0 0 70
0 0 0 127 127 34 0 81 8.04525 9.19457 72.9819 0 0 13.7919 37.3529 25.2308
38.5023 73.6787 0 0 24.1357 0 127 59.0911 1 0 0 0 0 0 0 0 16 16 0 0
0 0 0 0 127 51 0;
egregore_data 0 0 127 0 0 127 0 0 0 0 0 0 0 0 0 127 38 0 127 0 0 0
0 0 0 0 0 0 0 100 0 0 127 127 78 0 93 90 127 0 19 127 127 0 0 0 70
0 0 0 127 127 34 0 81 8.04525 9.19457 72.9819 0 0 13.7919 37.3529 25.2308
38.5023 73.6787 0 0 24.1357 0 127 59.0911 1 0 0 0 0 0 0 0 16 16 0 0
0 0 0 0 127 51 0;
egregore_data 0 0 127 0 0 127 0 0 0 0 0 0 0 0 0 127 38 0 127 0 0 0
0 0 0 0 0 0 0 100 0 0 127 127 78 0 93 90 127 0 19 127 127 0 0 0 70
0 0 0 127 127 34 0 81 8.04525 9.19457 72.9819 0 0 13.7919 37.3529 25.2308
38.5023 73.6787 0 0 24.1357 0 127 59.0911 1 0 0 0 0 0 0 0 16 16 0 0
0 0 0 0 127 51 0;
egregore_data 0 0 127 0 0 127 0 0 0 0 0 0 0 0 0 127 38 0 127 0 0 0
0 0 0 0 0 0 0 100 0 0 127 127 78 0 93 90 127 0 19 127 127 0 0 0 70
0 0 0 127 127 34 0 81 8.08182 9.23636 73.3136 0 0 13.8545 37.5227 25.1864
38.6773 73.65 0 0 24.2455 0 127 59.0911 1 0 0 0 0 0 0 0 16 16 0 0 0
0 0 0 127 51 0;
egregore_data 0 0 127 0 0 127 0 0 0 0 0 0 0 0 0 127 38 0 127 0 0 0
0 0 0 0 0 0 0 100 0 0 127 127 78 0 93 90 127 0 19 127 127 0 0 0 70
0 0 0 127 127 34 0 81 8.11872 9.27854 73.6484 0 0 13.9178 37.6941 25.1416
38.8539 73.621 0 0 24.3562 0 127 59.0911 1 0 0 0 0 0 0 0 16 16 0 0
0 0 0 0 127 51 0;
egregore_data 0 0 127 0 0 127 0 0 0 0 0 0 0 0 0 127 38 0 127 0 0 0
0 0 0 0 0 0 0 100 0 0 127 127 78 0 93 90 127 0 19 127 127 0 0 0 70
0 0 0 127 127 34 0 81 8.11872 9.27854 73.6484 0 0 13.9178 37.6941 25.1416
38.8539 73.621 0 0 24.3562 0 127 59.0911 1 0 0 0 0 0 0 0 16 16 0 0
0 0 0 0 127 51 0;
egregore_data 0 0 127 0 0 127 0 0 0 0 0 0 0 0 0 127 38 0 127 0 0 0
0 0 0 0 0 0 0 100 0 0 127 127 78 0 93 90 127 0 19 127 127 0 0 0 70
0 0 0 127 127 34 0 81 8.11872 9.27854 73.6484 0 0 13.9178 37.6941 25.1416
38.8539 73.621 0 0 24.3562 0 127 59.0911 1 0 0 0 0 0 0 0 16 16 0 0
0 0 0 0 127 51 0;
egregore_data 0 0 127 0 0 127 0 0 0 0 0 0 0 0 0 127 38 0 127 0 0 0
0 0 0 0 0 0 0 100 0 0 127 127 78 0 93 90 127 0 19 127 127 0 0 0 70
0 0 0 127 127 34 0 81 8.15596 9.3211 73.9862 0 0 13.9817 37.867 25.0963
39.0321 73.5918 0 0 24.4679 0 127 59.0911 1 0 0 0 0 0 0 0 16 16 0 0
0 0 0 0 127 51 0;
egregore_data 0 0 127 0 0 127 0 0 0 0 0 0 0 0 0 127 38 0 127 0 0 0
0 0 0 0 0 0 0 100 0 0 127 127 78 0 93 90 127 0 19 127 127 0 0 0 70
0 0 0 127 127 34 0 81 8.19355 9.36406 74.3272 0 0 14.0461 38.0415 25.0507
39.212 73.5622 0 0 24.5806 0 127 59.0911 1 0 0 0 0 0 0 0 16 16 0 0
0 0 0 0 127 51 0;
egregore_data 0 0 127 0 0 127 0 0 0 0 0 0 0 0 0 127 38 0 127 0 0 0
0 0 0 0 0 0 0 100 0 0 127 127 78 0 93 90 127 0 19 127 127 0 0 0 70
0 0 0 127 127 34 0 81 8.19355 9.36406 74.3272 0 0 14.0461 38.0415 25.0507
39.212 73.5622 0 0 24.5806 0 127 59.0911 1 0 0 0 0 0 0 0 16 16 0 0
0 0 0 0 127 51 0;
egregore_data 0 0 127 0 0 127 0 0 0 0 0 0 0 0 0 127 38 0 127 0 0 0
0 0 0 0 0 0 0 100 0 0 127 127 78 0 93 90 127 0 19 127 127 0 0 0 70
0 0 0 127 127 34 0 81 8.19355 9.36406 74.3272 0 0 14.0461 38.0415 25.0507
39.212 73.5622 0 0 24.5806 0 127 59.0911 1 0 0 0 0 0 0 0 16 16 0 0
0 0 0 0 127 51 0;
egregore_data 0 0 127 0 0 127 0 0 0 0 0 0 0 0 0 127 38 0 127 0 0 0
0 0 0 0 0 0 0 100 0 0 127 127 78 0 93 90 127 0 19 127 127 0 0 0 70
0 0 0 127 127 34 0 81 8.19355 9.36406 74.3272 0 0 14.0461 38.0415 25.0507
39.212 73.5622 0 0 24.5806 0 127 59.0911 1 0 0 0 0 0 0 0 16 16 0 0
0 0 0 0 127 51 0;
egregore_data 0 0 127 0 0 127 0 0 0 0 0 0 0 0 0 127 38 0 127 0 0 0
0 0 0 0 0 0 0 100 0 0 127 127 78 0 93 90 127 0 19 127 127 0 0 0 70
0 0 0 127 127 34 0 81 8.19355 9.36406 74.3272 0 0 14.0461 38.0415 25.0507
39.212 73.5622 0 0 24.5806 0 127 59.0911 1 0 0 0 0 0 0 0 16 16 0 0
0 0 0 0 127 51 0;
egregore_data 0 0 127 0 0 127 0 0 0 0 0 0 0 0 0 127 38 0 127 0 0 0
0 0 0 0 0 0 0 100 0 0 127 127 78 0 93 90 127 0 19 127 127 0 0 0 70
0 0 0 127 127 34 0 81 8.19355 9.36406 74.3272 0 0 14.0461 38.0415 25.0507
39.212 73.5622 0 0 24.5806 0 127 59.0911 1 0 0 0 0 0 0 0 16 16 0 0
0 0 0 0 127 51 0;
egregore_data 0 0 127 0 0 127 0 0 0 0 0 0 0 0 0 127 38 0 127 0 0 0
0 0 0 0 0 0 0 100 0 0 127 127 78 0 93 90 127 0 19 127 127 0 0 0 70
0 0 0 127 127 34 0 81 8.19355 9.36406 74.3272 0 0 14.0461 38.0415 25.0507
39.212 73.5622 0 0 24.5806 0 127 59.0911 1 0 0 0 0 0 0 0 16 16 0 0
0 0 0 0 127 51 0;
egregore_data 0 0 127 0 0 127 0 0 0 0 0 0 0 0 0 127 38 0 127 0 0 0
0 0 0 0 0 0 0 100 0 0 127 127 78 0 93 90 127 0 19 127 127 0 0 0 70
0 0 0 127 127 34 0 81 8.19355 9.36406 74.3272 0 0 14.0461 38.0415 25.0507
39.212 73.5622 0 0 24.5806 0 127 59.0911 1 0 0 0 0 0 0 0 16 16 0 0
0 0 0 0 127 51 0;
egregore_data 0 0 127 0 0 127 0 0 0 0 0 0 0 0 0 127 38 0 127 0 0 0
0 0 0 0 0 0 0 100 0 0 127 127 78 0 93 90 127 0 19 127 127 0 0 0 70
0 0 0 127 127 34 0 81 8.19355 9.36406 74.3272 0 0 14.0461 38.0415 25.0507
39.212 73.5622 0 0 24.5806 0 127 59.0911 1 0 0 0 0 0 0 0 16 16 0 0
0 0 0 0 127 51 0;
egregore_data 0 0 127 0 0 127 0 0 0 0 0 0 0 0 0 127 38 0 127 0 0 0
0 0 0 0 0 0 0 100 0 0 127 127 78 0 93 90 127 0 19 127 127 0 0 0 70
0 0 0 127 127 34 0 81 8.19355 9.36406 74.3272 0 0 14.0461 38.0415 25.0507
39.212 73.5622 0 0 24.5806 0 127 59.0911 1 0 0 0 0 0 0 0 16 16 0 0
0 0 0 0 127 51 0;
egregore_data 0 0 127 0 0 127 0 0 0 0 0 0 0 0 0 127 38 0 127 0 0 0
0 0 0 0 0 0 0 100 0 0 127 127 78 0 93 90 127 0 19 127 127 0 0 0 70
0 0 0 127 127 34 0 81 8.23148 9.40741 74.6713 0 0 14.1111 38.2176 25.0046
39.3935 73.5324 0 0 24.6944 0 127 59.0911 1 0 0 0 0 0 0 0 16 16 0 0
0 0 0 0 127 51 0;
egregore_data 0 0 127 0 0 127 0 0 0 0 0 0 0 0 0 127 38 0 127 0 0 0
0 0 0 0 0 0 0 100 0 0 127 127 78 0 93 90 127 0 19 127 127 0 0 0 70
0 0 0 127 127 34 0 81 8.30841 9.49533 75.3692 0 0 14.243 38.5748 24.9112
39.7617 73.472 0 0 24.9252 0 127 59.0911 1 0 0 0 0 0 0 0 16 16 0 0
0 0 0 0 127 51 0;
egregore_data 0 0 127 0 0 127 0 0 0 0 0 0 0 0 0 127 38 0 127 0 0 0
0 0 0 0 0 0 0 100 0 0 127 127 78 0 93 90 127 0 19 127 127 0 0 0 70
0 0 0 127 127 34 0 81 8.30841 9.49533 75.3692 0 0 14.243 38.5748 24.9112
39.7617 73.472 0 0 24.9252 0 127 59.0911 1 0 0 0 0 0 0 0 16 16 0 0
0 0 0 0 127 51 0;
egregore_data 0 0 127 0 0 127 0 0 0 0 0 0 0 0 0 127 38 0 127 0 0 0
0 0 0 0 0 0 0 100 0 0 127 127 78 0 93 90 127 0 19 127 127 0 0 0 70
0 0 0 127 127 34 0 81 8.34742 9.53991 75.723 0 0 14.3099 38.7559 24.8638
39.9484 73.4413 0 0 25.0423 0 127 59.0911 1 0 0 0 0 0 0 0 16 16 0 0
0 0 0 0 127 51 0;
egregore_data 0 0 127 0 0 127 0 0 0 0 0 0 0 0 0 127 38 0 127 0 0 0
0 0 0 0 0 0 0 100 0 0 127 127 78 0 93 90 127 0 19 127 127 0 0 0 70
0 0 0 127 127 34 0 81 8.38679 9.58491 76.0802 0 0 14.3774 38.9387 24.816
40.1368 73.4104 0 0 25.1604 0 127 59.0911 1 0 0 0 0 0 0 0 16 16 0 0
0 0 0 0 127 51 0;
egregore_data 0 0 127 0 0 127 0 0 0 0 0 0 0 0 0 127 38 0 127 0 0 0
0 0 0 0 0 0 0 100 0 0 127 127 78 0 93 90 127 0 19 127 127 0 0 0 70
0 0 0 127 127 34 0 81 8.38679 9.58491 76.0802 0 0 14.3774 38.9387 24.816
40.1368 73.4104 0 0 25.1604 0 127 59.0911 1 0 0 0 0 0 0 0 16 16 0 0
0 0 0 0 127 51 0;
egregore_data 0 0 127 0 0 127 0 0 0 0 0 0 0 0 0 127 38 0 127 0 0 0
0 0 0 0 0 0 0 100 0 0 127 127 78 0 93 90 127 0 19 127 127 0 0 0 70
0 0 0 127 127 34 0 81 8.42654 9.63033 76.4408 0 0 14.4455 39.1232 24.7678
40.327 73.3792 0 0 25.2796 0 127 59.0911 1 0 0 0 0 0 0 0 16 16 0 0
0 0 0 0 127 51 0;
egregore_data 0 0 127 0 0 127 0 0 0 0 0 0 0 0 0 127 38 0 127 0 0 0
0 0 0 0 0 0 0 100 0 0 127 127 78 0 93 90 127 0 19 127 127 0 0 0 70
0 0 0 127 127 34 0 81 8.46667 9.67619 76.8048 0 0 14.5143 39.3095 24.719
40.519 73.3476 0 0 25.4 0 127 59.0911 1 0 0 0 0 0 0 0 16 16 0 0 0 0
0 0 127 51 0;
egregore_data 0 0 127 0 0 127 0 0 0 0 0 0 0 0 0 127 38 0 127 0 0 0
0 0 0 0 0 0 0 100 0 0 127 127 78 0 93 90 127 0 19 127 127 0 0 0 70
0 0 0 127 127 34 0 81 8.46667 9.67619 76.8048 0 0 14.5143 39.3095 24.719
40.519 73.3476 0 0 25.4 0 127 59.0911 1 0 0 0 0 0 0 0 16 16 0 0 0 0
0 0 127 51 0;
egregore_data 0 0 127 0 0 127 0 0 0 0 0 0 0 0 0 127 38 0 127 0 0 0
0 0 0 0 0 0 0 100 0 0 127 127 78 0 93 90 127 0 19 127 127 0 0 0 70
0 0 0 127 127 34 0 81 8.46667 9.67619 76.8048 0 0 14.5143 39.3095 24.719
40.519 73.3476 0 0 25.4 0 127 59.0911 1 0 0 0 0 0 0 0 16 16 0 0 0 0
0 0 127 51 0;
egregore_data 0 0 127 0 0 127 0 0 0 0 0 0 0 0 0 127 38 0 127 0 0 0
0 0 0 0 0 0 0 100 0 0 127 127 78 0 93 90 127 0 19 127 127 0 0 0 70
0 0 0 127 127 34 0 81 8.54808 9.76923 77.5433 0 0 14.6538 39.6875 24.6202
40.9087 73.2837 0 0 25.6442 0 127 59.0911 1 0 0 0 0 0 0 0 16 16 0 0
0 0 0 0 127 51 0;
egregore_data 0 0 127 0 0 127 0 0 0 0 0 0 0 0 0 127 38 0 127 0 0 0
0 0 0 0 0 0 0 100 0 0 127 127 78 0 93 90 127 0 19 127 127 0 0 0 70
0 0 0 127 127 34 0 81 8.54808 9.76923 77.5433 0 0 14.6538 39.6875 24.6202
40.9087 73.2837 0 0 25.6442 0 127 59.0911 1 0 0 0 0 0 0 0 16 16 0 0
0 0 0 0 127 51 0;
egregore_data 0 0 127 0 0 127 0 0 0 0 0 0 0 0 0 127 38 0 127 0 0 0
0 0 0 0 0 0 0 100 0 0 127 127 78 0 93 90 127 0 19 127 127 0 0 0 70
0 0 0 127 127 34 0 81 8.54808 9.76923 77.5433 0 0 14.6538 39.6875 24.6202
40.9087 73.2837 0 0 25.6442 0 127 59.0911 1 0 0 0 0 0 0 0 16 16 0 0
0 0 0 0 127 51 0;
egregore_data 0 0 127 0 0 127 0 0 0 0 0 0 0 0 0 127 38 0 127 0 0 0
0 0 0 0 0 0 0 100 0 0 127 127 78 0 93 90 127 0 19 127 127 0 0 0 70
0 0 0 127 127 34 0 81 8.54808 9.76923 77.5433 0 0 14.6538 39.6875 24.6202
40.9087 73.2837 0 0 25.6442 0 127 59.0911 1 0 0 0 0 0 0 0 16 16 0 0
0 0 0 0 127 51 0;
egregore_data 0 0 127 0 0 127 0 0 0 0 0 0 0 0 0 127 38 0 127 0 0 0
0 0 0 0 0 0 0 100 0 0 127 127 78 0 93 90 127 0 19 127 127 0 0 0 70
0 0 0 127 127 34 0 81 8.58937 9.81643 77.9179 0 0 14.7246 39.8792 24.57
41.1063 73.2512 0 0 25.7681 0 127 59.0911 1 0 0 0 0 0 0 0 16 16 0 0
0 0 0 0 127 51 0;
egregore_data 0 0 127 0 0 127 0 0 0 0 0 0 0 0 0 127 38 0 127 0 0 0
0 0 0 0 0 0 0 100 0 0 127 127 78 0 93 90 127 0 19 127 127 0 0 0 70
0 0 0 127 127 34 0 81 8.58937 9.81643 77.9179 0 0 14.7246 39.8792 24.57
41.1063 73.2512 0 0 25.7681 0 127 59.0911 1 0 0 0 0 0 0 0 16 16 0 0
0 0 0 0 127 51 0;
egregore_data 0 0 127 0 0 127 0 0 0 0 0 0 0 0 0 127 38 0 127 0 0 0
0 0 0 0 0 0 0 100 0 0 127 127 78 0 93 90 127 0 19 127 127 0 0 0 70
0 0 0 127 127 34 0 81 8.58937 9.81643 77.9179 0 0 14.7246 39.8792 24.57
41.1063 73.2512 0 0 25.7681 0 127 59.0911 1 0 0 0 0 0 0 0 16 16 0 0
0 0 0 0 127 51 0;
egregore_data 0 0 127 0 0 127 0 0 0 0 0 0 0 0 0 127 38 0 127 0 0 0
0 0 0 0 0 0 0 100 0 0 127 127 78 0 93 90 127 0 19 127 127 0 0 0 70
0 0 0 127 127 34 0 81 8.63107 9.86408 78.2961 0 0 14.7961 40.0728 24.5194
41.3058 73.2184 0 0 25.8932 0 127 59.0911 1 0 0 0 0 0 0 0 16 16 0 0
0 0 0 0 127 51 0;
egregore_data 0 0 127 0 0 127 0 0 0 0 0 0 0 0 0 127 38 0 127 0 0 0
0 0 0 0 0 0 0 100 0 0 127 127 78 0 93 90 127 0 19 127 127 0 0 0 70
0 0 0 127 127 34 0 81 8.63107 9.86408 78.2961 0 0 14.7961 40.0728 24.5194
41.3058 73.2184 0 0 25.8932 0 127 59.0911 1 0 0 0 0 0 0 0 16 16 0 0
0 0 0 0 127 51 0;
egregore_data 0 0 127 0 0 127 0 0 0 0 0 0 0 0 0 127 38 0 127 0 0 0
0 0 0 0 0 0 0 100 0 0 127 127 78 0 93 90 127 0 19 127 127 0 0 0 70
0 0 0 127 127 34 0 81 8.63107 9.86408 78.2961 0 0 14.7961 40.0728 24.5194
41.3058 73.2184 0 0 25.8932 0 127 59.0911 1 0 0 0 0 0 0 0 16 16 0 0
0 0 0 0 127 51 0;
egregore_data 0 0 127 0 0 127 0 0 0 0 0 0 0 0 0 127 38 0 127 0 0 0
0 0 0 0 0 0 0 100 0 0 127 127 78 0 93 90 127 0 19 127 127 0 0 0 70
0 0 0 127 127 34 0 81 8.63107 9.86408 78.2961 0 0 14.7961 40.0728 24.5194
41.3058 73.2184 0 0 25.8932 0 127 59.0911 1 0 0 0 0 0 0 0 16 16 0 0
0 0 0 0 127 51 0;
egregore_data 0 0 127 0 0 127 0 0 0 0 0 0 0 0 0 127 38 0 127 0 0 0
0 0 0 0 0 0 0 100 0 0 127 127 78 0 93 90 127 0 19 127 127 0 0 0 70
0 0 0 127 127 34 0 81 8.63107 9.86408 78.2961 0 0 14.7961 40.0728 24.5194
41.3058 73.2184 0 0 25.8932 0 127 59.0911 1 0 0 0 0 0 0 0 16 16 0 0
0 0 0 0 127 51 0;
egregore_data 0 0 127 0 0 127 0 0 0 0 0 0 0 0 0 127 38 0 127 0 0 0
0 0 0 0 0 0 0 100 0 0 127 127 78 0 93 90 127 0 19 127 127 0 0 0 70
0 0 0 127 127 34 0 81 8.67317 9.9122 78.678 0 0 14.8683 40.2683 24.4683
41.5073 73.1854 0 0 26.0195 0 127 59.0911 1 0 0 0 0 0 0 0 16 16 0 0
0 0 0 0 127 51 0;
egregore_data 0 0 127 0 0 127 0 0 0 0 0 0 0 0 0 127 38 0 127 0 0 0
0 0 0 0 0 0 0 100 0 0 127 127 78 0 93 90 127 0 19 127 127 0 0 0 70
0 0 0 127 127 34 0 81 8.67317 9.9122 78.678 0 0 14.8683 40.2683 24.4683
41.5073 73.1854 0 0 26.0195 0 127 59.0911 1 0 0 0 0 0 0 0 16 16 0 0
0 0 0 0 127 51 0;
egregore_data 0 0 127 0 0 127 0 0 0 0 0 0 0 0 0 127 38 0 127 0 0 0
0 0 0 0 0 0 0 100 0 0 127 127 78 0 93 90 127 0 19 127 127 0 0 0 70
0 0 0 127 127 34 0 81 8.67317 9.9122 78.678 0 0 14.8683 40.2683 24.4683
41.5073 73.1854 0 0 26.0195 0 127 59.0911 1 0 0 0 0 0 0 0 16 16 0 0
0 0 0 0 127 51 0;
egregore_data 0 0 127 0 0 127 0 0 0 0 0 0 0 0 0 127 38 0 127 0 0 0
0 0 0 0 0 0 0 100 0 0 127 127 78 0 93 90 127 0 19 127 127 0 0 0 70
0 0 0 127 127 34 0 81 8.67317 9.9122 78.678 0 0 14.8683 40.2683 24.4683
41.5073 73.1854 0 0 26.0195 0 127 59.0911 1 0 0 0 0 0 0 0 16 16 0 0
0 0 0 0 127 51 0;
egregore_data 0 0 127 0 0 127 0 0 0 0 0 0 0 0 0 127 38 0 127 0 0 0
0 0 0 0 0 0 0 100 0 0 127 127 78 0 93 90 127 0 19 127 127 0 0 0 70
0 0 0 127 127 34 0 81 8.67317 9.9122 78.678 0 0 14.8683 40.2683 24.4683
41.5073 73.1854 0 0 26.0195 0 127 59.0911 1 0 0 0 0 0 0 0 16 16 0 0
0 0 0 0 127 51 0;
egregore_data 0 0 127 0 0 127 0 0 0 0 0 0 0 0 0 127 38 0 127 0 0 0
0 0 0 0 0 0 0 100 0 0 127 127 78 0 93 90 127 0 19 127 127 0 0 0 70
0 0 0 127 127 34 0 81 8.67317 9.9122 78.678 0 0 14.8683 40.2683 24.4683
41.5073 73.1854 0 0 26.0195 0 127 59.0911 1 0 0 0 0 0 0 0 16 16 0 0
0 0 0 0 127 51 0;
egregore_data 0 0 127 0 0 127 0 0 0 0 0 0 0 0 0 127 38 0 127 0 0 0
0 0 0 0 0 0 0 100 0 0 127 127 78 0 93 90 127 0 19 127 127 0 0 0 70
0 0 0 127 127 34 0 81 8.67317 9.9122 78.678 0 0 14.8683 40.2683 24.4683
41.5073 73.1854 0 0 26.0195 0 127 59.0911 1 0 0 0 0 0 0 0 16 16 0 0
0 0 0 0 127 51 0;
egregore_data 0 0 127 0 0 127 0 0 0 0 0 0 0 0 0 127 38 0 127 0 0 0
0 0 0 0 0 0 0 100 0 0 127 127 78 0 93 90 127 0 19 127 127 0 0 0 70
0 0 0 127 127 34 0 81 8.67317 9.9122 78.678 0 0 14.8683 40.2683 24.4683
41.5073 73.1854 0 0 26.0195 0 127 59.0911 1 0 0 0 0 0 0 0 16 16 0 0
0 0 0 0 127 51 0;
egregore_data 0 0 127 0 0 127 0 0 0 0 0 0 0 0 0 127 38 0 127 0 0 0
0 0 0 0 0 0 0 100 0 0 127 127 78 0 93 90 127 0 19 127 127 0 0 0 70
0 0 0 127 127 34 0 81 8.71569 9.96078 79.0637 0 0 14.9412 40.4657 24.4167
41.7108 73.152 0 0 26.1471 0 127 59.0911 1 0 0 0 0 0 0 0 16 16 0 0
0 0 0 0 127 51 0;
egregore_data 0 0 127 0 0 127 0 0 0 0 0 0 0 0 0 127 38 0 127 0 0 0
0 0 0 0 0 0 0 100 0 0 127 127 78 0 93 90 127 0 19 127 127 0 0 0 70
0 0 0 127 127 34 0 81 8.80198 10.0594 79.8465 0 0 15.0891 40.8663 24.3119
42.1238 73.0842 0 0 26.4059 0 127 59.0911 1 0 0 0 0 0 0 0 16 16 0 0
0 0 0 0 127 51 0;
egregore_data 0 0 127 0 0 127 0 0 0 0 0 0 0 0 0 127 38 0 127 0 0 0
0 0 0 0 0 0 0 100 0 0 127 127 78 0 93 90 127 0 19 127 127 0 0 0 70
0 0 0 127 127 34 0 81 8.80198 10.0594 79.8465 0 0 15.0891 40.8663 24.3119
42.1238 73.0842 0 0 26.4059 0 127 59.0911 1 0 0 0 0 0 0 0 16 16 0 0
0 0 0 0 127 51 0;
egregore_data 0 0 127 0 0 127 0 0 0 0 0 0 0 0 0 127 38 0 127 0 0 0
0 0 0 0 0 0 0 100 0 0 127 127 78 0 93 90 127 0 19 127 127 0 0 0 70
0 0 0 127 127 34 0 81 8.80198 10.0594 79.8465 0 0 15.0891 40.8663 24.3119
42.1238 73.0842 0 0 26.4059 0 127 59.0911 1 0 0 0 0 0 0 0 16 16 0 0
0 0 0 0 127 51 0;
egregore_data 0 0 127 0 0 127 0 0 0 0 0 0 0 0 0 127 38 0 127 0 0 0
0 0 0 0 0 0 0 100 0 0 127 127 78 0 93 90 127 0 19 127 127 0 0 0 70
0 0 0 127 127 34 0 81 8.84577 10.1095 80.2438 0 0 15.1642 41.0697 24.2587
42.3333 73.0498 0 0 26.5373 0 127 59.0911 1 0 0 0 0 0 0 0 16 16 0 0
0 0 0 0 127 51 0;
egregore_data 0 0 127 0 0 127 0 0 0 0 0 0 0 0 0 127 38 0 127 0 0 0
0 0 0 0 0 0 0 100 0 0 127 127 78 0 93 90 127 0 19 127 127 0 0 0 70
0 0 0 127 127 34 0 81 8.84577 10.1095 80.2438 0 0 15.1642 41.0697 24.2587
42.3333 73.0498 0 0 26.5373 0 127 59.0911 1 0 0 0 0 0 0 0 16 16 0 0
0 0 0 0 127 51 0;
egregore_data 0 0 127 0 0 127 0 0 0 0 0 0 0 0 0 127 38 0 127 0 0 0
0 0 0 0 0 0 0 100 0 0 127 127 78 0 93 90 127 0 19 127 127 0 0 0 70
0 0 0 127 127 34 0 81 8.84577 10.1095 80.2438 0 0 15.1642 41.0697 24.2587
42.3333 73.0498 0 0 26.5373 0 127 59.0911 1 0 0 0 0 0 0 0 16 16 0 0
0 0 0 0 127 51 0;
egregore_data 0 0 127 0 0 127 0 0 0 0 0 0 0 0 0 127 38 0 127 0 0 0
0 0 0 0 0 0 0 100 0 0 127 127 78 0 93 90 127 0 19 127 127 0 0 0 70
0 0 0 127 127 34 0 81 8.89 10.16 80.645 0 0 15.24 41.275 24.205 42.545
73.015 0 0 26.67 0 127 59.0911 1 0 0 0 0 0 0 0 16 16 0 0 0 0 0 0 127
51 0;
egregore_data 0 0 127 0 0 127 0 0 0 0 0 0 0 0 0 127 38 0 127 0 0 0
0 0 0 0 0 0 0 100 0 0 127 127 78 0 93 90 127 0 19 127 127 0 0 0 70
0 0 0 127 127 34 0 81 8.89 10.16 80.645 0 0 15.24 41.275 24.205 42.545
73.015 0 0 26.67 0 127 59.0911 1 0 0 0 0 0 0 0 16 16 0 0 0 0 0 0 127
51 0;
egregore_data 0 0 127 0 0 127 0 0 0 0 0 0 0 0 0 127 38 0 127 0 0 0
0 0 0 0 0 0 0 100 0 0 127 127 78 0 93 90 127 0 19 127 127 0 0 0 70
0 0 0 127 127 34 0 81 8.93467 10.2111 81.0502 0 0 15.3166 41.4824 24.1508
42.7588 72.9799 0 0 26.804 0 127 59.0911 1 0 0 0 0 0 0 0 16 16 0 0
0 0 0 0 127 51 0;
egregore_data 0 0 127 0 0 127 0 0 0 0 0 0 0 0 0 127 38 0 127 0 0 0
0 0 0 0 0 0 0 100 0 0 127 127 78 0 93 90 127 0 19 127 127 0 0 0 70
0 0 0 127 127 34 0 81 8.93467 10.2111 81.0502 0 0 15.3166 41.4824 24.1508
42.7588 72.9799 0 0 26.804 0 127 59.0911 1 0 0 0 0 0 0 0 16 16 0 0
0 0 0 0 127 51 0;
egregore_data 0 0 127 0 0 127 0 0 0 0 0 0 0 0 0 127 38 0 127 0 0 0
0 0 0 0 0 0 0 100 0 0 127 127 78 0 93 90 127 0 19 127 127 0 0 0 70
0 0 0 127 127 34 0 81 8.93467 10.2111 81.0502 0 0 15.3166 41.4824 24.1508
42.7588 72.9799 0 0 26.804 0 127 59.0911 1 0 0 0 0 0 0 0 16 16 0 0
0 0 0 0 127 51 0;
egregore_data 0 0 127 0 0 127 0 0 0 0 0 0 0 0 0 127 38 0 127 0 0 0
0 0 0 0 0 0 0 100 0 0 127 127 78 0 93 90 127 0 19 127 127 0 0 0 70
0 0 0 127 127 34 0 81 8.9798 10.2626 81.4596 0 0 15.3939 41.6919 24.096
42.9748 72.9444 0 0 26.9394 0 127 59.0911 1 0 0 0 0 0 0 0 16 16 0 0
0 0 0 0 127 51 0;
egregore_data 0 0 127 0 0 127 0 0 0 0 0 0 0 0 0 127 38 0 127 0 0 0
0 0 0 0 0 0 0 100 0 0 127 127 78 0 93 90 127 0 19 127 127 0 0 0 70
0 0 0 127 127 34 0 81 8.9798 10.2626 81.4596 0 0 15.3939 41.6919 24.096
42.9748 72.9444 0 0 26.9394 0 127 59.0911 1 0 0 0 0 0 0 0 16 16 0 0
0 0 0 0 127 51 0;
egregore_data 0 0 127 0 0 127 0 0 0 0 0 0 0 0 0 127 38 0 127 0 0 0
0 0 0 0 0 0 0 100 0 0 127 127 78 0 93 90 127 0 19 127 127 0 0 0 70
0 0 0 127 127 34 0 81 8.9798 10.2626 81.4596 0 0 15.3939 41.6919 24.096
42.9748 72.9444 0 0 26.9394 0 127 59.0911 1 0 0 0 0 0 0 0 16 16 0 0
0 0 0 0 127 51 0;
egregore_data 0 0 127 0 0 127 0 0 0 0 0 0 0 0 0 127 38 0 127 0 0 0
0 0 0 0 0 0 0 100 0 0 127 127 78 0 93 90 127 0 19 127 127 0 0 0 70
0 0 0 127 127 34 0 81 9.02538 10.3147 81.8731 0 0 15.4721 41.9036 24.0406
43.1929 72.9086 0 0 27.0761 0 127 59.0911 1 0 0 0 0 0 0 0 16 16 0 0
0 0 0 0 127 51 0;
egregore_data 0 0 127 0 0 127 0 0 0 0 0 0 0 0 0 127 38 0 127 0 0 0
0 0 0 0 0 0 0 100 0 0 127 127 78 0 93 90 127 0 19 127 127 0 0 0 70
0 0 0 127 127 34 0 81 9.02538 10.3147 81.8731 0 0 15.4721 41.9036 24.0406
43.1929 72.9086 0 0 27.0761 0 127 59.0911 1 0 0 0 0 0 0 0 16 16 0 0
0 0 0 0 127 51 0;
egregore_data 0 0 127 0 0 127 0 0 0 0 0 0 0 0 0 127 38 0 127 0 0 0
0 0 0 0 0 0 0 100 0 0 127 127 78 0 93 90 127 0 19 127 127 0 0 0 70
0 0 0 127 127 34 0 81 9.02538 10.3147 81.8731 0 0 15.4721 41.9036 24.0406
43.1929 72.9086 0 0 27.0761 0 127 59.0911 1 0 0 0 0 0 0 0 16 16 0 0
0 0 0 0 127 51 0;
egregore_data 0 0 127 0 0 127 0 0 0 0 0 0 0 0 0 127 38 0 127 0 0 0
0 0 0 0 0 0 0 100 0 0 127 127 78 0 93 90 127 0 19 127 127 0 0 0 70
0 0 0 127 127 34 0 81 9.02538 10.3147 81.8731 0 0 15.4721 41.9036 24.0406
43.1929 72.9086 0 0 27.0761 0 127 59.0911 1 0 0 0 0 0 0 0 16 16 0 0
0 0 0 0 127 51 0;
egregore_data 0 0 127 0 0 127 0 0 0 0 0 0 0 0 0 127 38 0 127 0 0 0
0 0 0 0 0 0 0 100 0 0 127 127 78 0 93 90 127 0 19 127 127 0 0 0 70
0 0 0 127 127 34 0 81 9.02538 10.3147 81.8731 0 0 15.4721 41.9036 24.0406
43.1929 72.9086 0 0 27.0761 0 127 59.0911 1 0 0 0 0 0 0 0 16 16 0 0
0 0 0 0 127 51 0;
egregore_data 0 0 127 0 0 127 0 0 0 0 0 0 0 0 0 127 38 0 127 0 0 0
0 0 0 0 0 0 0 100 0 0 127 127 78 0 93 90 127 0 19 127 127 0 0 0 70
0 0 0 127 127 34 0 81 9.02538 10.3147 81.8731 0 0 15.4721 41.9036 24.0406
43.1929 72.9086 0 0 27.0761 0 127 59.0911 1 0 0 0 0 0 0 0 16 16 0 0
0 0 0 0 127 51 0;
egregore_data 0 0 127 0 0 127 0 0 0 0 0 0 0 0 0 127 38 0 127 0 0 0
0 0 0 0 0 0 0 100 0 0 127 127 78 0 93 90 127 0 19 127 127 0 0 0 70
0 0 0 127 127 34 0 81 9.02538 10.3147 81.8731 0 0 15.4721 41.9036 24.0406
43.1929 72.9086 0 0 27.0761 0 127 59.0911 1 0 0 0 0 0 0 0 16 16 0 0
0 0 0 0 127 51 0;
egregore_data 0 0 127 0 0 127 0 0 0 0 0 0 0 0 0 127 38 0 127 0 0 0
0 0 0 0 0 0 0 100 0 0 127 127 78 0 93 90 127 0 19 127 127 0 0 0 70
0 0 0 127 127 34 0 81 9.02538 10.3147 81.8731 0 0 15.4721 41.9036 24.0406
43.1929 72.9086 0 0 27.0761 0 127 59.0911 1 0 0 0 0 0 0 0 16 16 0 0
0 0 0 0 127 51 0;
egregore_data 0 0 127 0 0 127 0 0 0 0 0 0 0 0 0 127 38 0 127 0 0 0
0 0 0 0 0 0 0 100 0 0 127 127 78 0 93 90 127 0 19 127 127 0 0 0 70
0 0 0 127 127 34 0 81 9.11795 10.4205 82.7128 0 0 15.6308 42.3333 23.9282
43.6359 72.8359 0 0 27.3538 0 127 59.0911 1 0 0 0 0 0 0 0 16 16 0 0
0 0 0 0 127 51 0;
egregore_data 0 0 127 0 0 127 0 0 0 0 0 0 0 0 0 127 38 0 127 0 0 0
0 0 0 0 0 0 0 100 0 0 127 127 78 0 93 90 127 0 19 127 127 0 0 0 70
0 0 0 127 127 34 0 81 9.11795 10.4205 82.7128 0 0 15.6308 42.3333 23.9282
43.6359 72.8359 0 0 27.3538 0 127 59.0911 1 0 0 0 0 0 0 0 16 16 0 0
0 0 0 0 127 51 0;
END;
