HTTP/1.1 200 OK
Date: Thu, 28 May 2015 12:25:37 GMT
Server: Apache
Last-Modified: Wed, 27 May 2015 19:32:32 GMT
Accept-Ranges: bytes
Content-Length: 29295
Vary: Accept-Encoding
Connection: close
Content-Type: text/plain

chdh_egregore_live_data;
egregore_data 0 0 127 0 0 127 0 0 0 0 0 0 0 0 0 127 38 0 127 0 0 0
0 0 0 0 0 0 0 100 0 0 127 127 78 0 93 90 127 0 19 127 127 0 0 0 70
0 0 0 127 127 34 0 81 9.16495 10.4742 83.1392 0 0 15.7113 42.5515 23.8711
43.8608 72.799 0 0 27.4948 0 127 59.0911 1 0 0 0 0 0 0 0 16 16 0 0
0 0 0 0 127 51 0;
egregore_data 0 0 127 0 0 127 0 0 0 0 0 0 0 0 0 127 38 0 127 0 0 0
0 0 0 0 0 0 0 100 0 0 127 127 78 0 93 90 127 0 19 127 127 0 0 0 70
0 0 0 127 127 34 0 81 9.16495 10.4742 83.1392 0 0 15.7113 42.5515 23.8711
43.8608 72.799 0 0 27.4948 0 127 59.0911 1 0 0 0 0 0 0 0 16 16 0 0
0 0 0 0 127 51 0;
egregore_data 0 0 127 0 0 127 0 0 0 0 0 0 0 0 0 127 38 0 127 0 0 0
0 0 0 0 0 0 0 100 0 0 127 127 78 0 93 90 127 0 19 127 127 0 0 0 70
0 0 0 127 127 34 0 81 9.16495 10.4742 83.1392 0 0 15.7113 42.5515 23.8711
43.8608 72.799 0 0 27.4948 0 127 59.0911 1 0 0 0 0 0 0 0 16 16 0 0
0 0 0 0 127 51 0;
egregore_data 0 0 127 0 0 127 0 0 0 0 0 0 0 0 0 127 38 0 127 0 0 0
0 0 0 0 0 0 0 100 0 0 127 127 78 0 93 90 127 0 19 127 127 0 0 0 70
0 0 0 127 127 34 0 81 9.16495 10.4742 83.1392 0 0 15.7113 42.5515 23.8711
43.8608 72.799 0 0 27.4948 0 127 59.0911 1 0 0 0 0 0 0 0 16 16 0 0
0 0 0 0 127 51 0;
egregore_data 0 0 127 0 0 127 0 0 0 0 0 0 0 0 0 127 38 0 127 0 0 0
0 0 0 0 0 0 0 100 0 0 127 127 78 0 93 90 127 0 19 127 127 0 0 0 70
0 0 0 127 127 34 0 81 9.21244 10.5285 83.57 0 0 15.7927 42.772 23.8135
44.0881 72.7617 0 0 27.6373 0 127 59.0911 1 0 0 0 0 0 0 0 16 16 0 0
0 0 0 0 127 51 0;
egregore_data 0 0 127 0 0 127 0 0 0 0 0 0 0 0 0 127 38 0 127 0 0 0
0 0 0 0 0 0 0 100 0 0 127 127 78 0 93 90 127 0 19 127 127 0 0 0 70
0 0 0 127 127 34 0 81 9.16495 10.4742 83.1392 0 0 15.7113 42.5515 23.8711
43.8608 72.799 0 0 27.4948 0 127 59.0911 1 0 0 0 0 0 0 0 16 16 0 0
0 0 0 0 127 51 0;
egregore_data 0 0 127 0 0 127 0 0 0 0 0 0 0 0 0 127 38 0 127 0 0 0
0 0 0 0 0 0 0 100 0 0 127 127 78 0 93 90 127 0 19 127 127 0 0 0 70
0 0 0 127 127 34 0 81 9.16495 10.4742 83.1392 0 0 15.7113 42.5515 23.8711
43.8608 72.799 0 0 27.4948 0 127 59.0911 1 0 0 0 0 0 0 0 16 16 0 0
0 0 0 0 127 51 0;
egregore_data 0 0 127 0 0 127 0 0 0 0 0 0 0 0 0 127 38 0 127 0 0 0
0 0 0 0 0 0 0 100 0 0 127 127 78 0 93 90 127 0 19 127 127 0 0 0 70
0 0 0 127 127 34 0 81 9.16495 10.4742 83.1392 0 0 15.7113 42.5515 23.8711
43.8608 72.799 0 0 27.4948 0 127 59.0911 1 0 0 0 0 0 0 0 16 16 0 0
0 0 0 0 127 51 0;
egregore_data 0 0 127 0 0 127 0 0 0 0 0 0 0 0 0 127 38 0 127 0 0 0
0 0 0 0 0 0 0 100 0 0 127 127 78 0 93 90 127 0 19 127 127 0 0 0 70
0 0 0 127 127 34 0 81 9.16495 10.4742 83.1392 0 0 15.7113 42.5515 23.8711
43.8608 72.799 0 0 27.4948 0 127 59.0911 1 0 0 0 0 0 0 0 16 16 0 0
0 0 0 0 127 51 0;
egregore_data 0 0 127 0 0 127 0 0 0 0 0 0 0 0 0 127 38 0 127 0 0 0
0 0 0 0 0 0 0 100 0 0 127 127 78 0 93 90 127 0 19 127 127 0 0 0 70
0 0 0 127 127 34 0 81 9.16495 10.4742 83.1392 0 0 15.7113 42.5515 23.8711
43.8608 72.799 0 0 27.4948 0 127 59.0911 1 0 0 0 0 0 0 0 16 16 0 0
0 0 0 0 127 51 0;
egregore_data 0 0 127 0 0 127 0 0 0 0 0 0 0 0 0 127 38 0 127 0 0 0
0 0 0 0 0 0 0 100 0 0 127 127 78 0 93 90 127 0 19 127 127 0 0 0 70
0 0 0 127 127 34 0 81 9.16495 10.4742 83.1392 0 0 15.7113 42.5515 23.8711
43.8608 72.799 0 0 27.4948 0 127 59.0911 1 0 0 0 0 0 0 0 16 16 0 0
0 0 0 0 127 51 0;
egregore_data 0 0 127 0 0 127 0 0 0 0 0 0 0 0 0 127 38 0 127 0 0 0
0 0 0 0 0 0 0 100 0 0 127 127 78 0 93 90 127 0 19 127 127 0 0 0 70
0 0 0 127 127 34 0 81 9.21244 10.5285 83.57 0 0 15.7927 42.772 23.8135
44.0881 72.7617 0 0 27.6373 0 127 59.0911 1 0 0 0 0 0 0 0 16 16 0 0
0 0 0 0 127 51 0;
egregore_data 0 0 127 0 0 127 0 0 0 0 0 0 0 0 0 127 38 0 127 0 0 0
0 0 0 0 0 0 0 100 0 0 127 127 78 0 93 90 127 0 19 127 127 0 0 0 70
0 0 0 127 127 34 0 81 9.3089 10.6387 84.445 0 0 15.9581 43.2199 23.6963
44.5497 72.6859 0 0 27.9267 0 127 59.0911 1 0 0 0 0 0 0 0 16 16 0 0
0 0 0 0 127 51 0;
egregore_data 0 0 127 0 0 127 0 0 0 0 0 0 0 0 0 127 38 0 127 0 0 0
0 0 0 0 0 0 0 100 0 0 127 127 78 0 93 90 127 0 19 127 127 0 0 0 70
0 0 0 127 127 34 0 81 9.3089 10.6387 84.445 0 0 15.9581 43.2199 23.6963
44.5497 72.6859 0 0 27.9267 0 127 59.0911 1 0 0 0 0 0 0 0 16 16 0 0
0 0 0 0 127 51 0;
egregore_data 0 0 127 0 0 127 0 0 0 0 0 0 0 0 0 127 38 0 127 0 0 0
0 0 0 0 0 0 0 100 0 0 127 127 78 0 93 90 127 0 19 127 127 0 0 0 70
0 0 0 127 127 34 0 81 9.3089 10.6387 84.445 0 0 15.9581 43.2199 23.6963
44.5497 72.6859 0 0 27.9267 0 127 59.0911 1 0 0 0 0 0 0 0 16 16 0 0
0 0 0 0 127 51 0;
egregore_data 0 0 127 0 0 127 0 0 0 0 0 0 0 0 0 127 38 0 127 0 0 0
0 0 0 0 0 0 0 100 0 0 127 127 78 0 93 90 127 0 19 127 127 0 0 0 70
0 0 0 127 127 34 0 81 9.40741 10.7513 85.3386 0 0 16.127 43.6772 23.5767
45.0212 72.6085 0 0 28.2222 0 127 59.0911 1 0 0 0 0 0 0 0 16 16 0 0
0 0 0 0 127 51 0;
egregore_data 0 0 127 0 0 127 0 0 0 0 0 0 0 0 0 127 38 0 127 0 0 0
0 0 0 0 0 0 0 100 0 0 127 127 78 0 93 90 127 0 19 127 127 0 0 0 70
0 0 0 127 127 34 0 81 9.50802 10.8663 86.2513 0 0 16.2995 44.1444 23.4545
45.5027 72.5294 0 0 28.5241 0 127 59.0911 1 0 0 0 0 0 0 0 16 16 0 0
0 0 0 0 127 51 0;
egregore_data 0 0 127 0 0 127 0 0 0 0 0 0 0 0 0 127 38 0 127 0 0 0
0 0 0 0 0 0 0 100 0 0 127 127 78 0 93 90 127 0 19 127 127 0 0 0 70
0 0 0 127 127 34 0 81 9.50802 10.8663 86.2513 0 0 16.2995 44.1444 23.4545
45.5027 72.5294 0 0 28.5241 0 127 59.0911 1 0 0 0 0 0 0 0 16 16 0 0
0 0 0 0 127 51 0;
egregore_data 0 0 127 0 0 127 0 0 0 0 0 0 0 0 0 127 38 0 127 0 0 0
0 0 0 0 0 0 0 100 0 0 127 127 78 0 93 90 127 0 19 127 127 0 0 0 70
0 0 0 127 127 34 0 81 9.50802 10.8663 86.2513 0 0 16.2995 44.1444 23.4545
45.5027 72.5294 0 0 28.5241 0 127 59.0911 1 0 0 0 0 0 0 0 16 16 0 0
0 0 0 0 127 51 0;
egregore_data 0 0 127 0 0 127 0 0 0 0 0 0 0 0 0 127 38 0 127 0 0 0
0 0 0 0 0 0 0 100 0 0 127 127 78 0 93 90 127 0 19 127 127 0 0 0 70
0 0 0 127 127 34 0 81 9.50802 10.8663 86.2513 0 0 16.2995 44.1444 23.4545
45.5027 72.5294 0 0 28.5241 0 127 59.0911 1 0 0 0 0 0 0 0 16 16 0 0
0 0 0 0 127 51 0;
egregore_data 0 0 127 0 0 127 0 0 0 0 0 0 0 0 0 127 38 0 127 0 0 0
0 0 0 0 0 0 0 100 0 0 127 127 78 0 93 90 127 0 19 127 127 0 0 0 70
0 0 0 127 127 34 0 81 9.50802 10.8663 86.2513 0 0 16.2995 44.1444 23.4545
45.5027 72.5294 0 0 28.5241 0 127 59.0911 1 0 0 0 0 0 0 0 16 16 0 0
0 0 0 0 127 51 0;
egregore_data 0 0 127 0 0 127 0 0 0 0 0 0 0 0 0 127 38 0 127 0 0 0
0 0 0 0 0 0 0 100 0 0 127 127 78 0 93 90 127 0 19 127 127 0 0 0 70
0 0 0 127 127 34 0 81 9.50802 10.8663 86.2513 0 0 16.2995 44.1444 23.4545
45.5027 72.5294 0 0 28.5241 0 127 59.0911 1 0 0 0 0 0 0 0 16 16 0 0
0 0 0 0 127 51 0;
egregore_data 0 0 127 0 0 127 0 0 0 0 0 0 0 0 0 127 38 0 127 0 0 0
0 0 0 0 0 0 0 100 0 0 127 127 78 0 93 90 127 0 19 127 127 0 0 0 70
0 0 0 127 127 34 0 81 9.50802 10.8663 86.2513 0 0 16.2995 44.1444 23.4545
45.5027 72.5294 0 0 28.5241 0 127 59.0911 1 0 0 0 0 0 0 0 16 16 0 0
0 0 0 0 127 51 0;
egregore_data 0 0 127 0 0 127 0 0 0 0 0 0 0 0 0 127 38 0 127 0 0 0
0 0 0 0 0 0 0 100 0 0 127 127 78 0 93 90 127 0 19 127 127 0 0 0 70
0 0 0 127 127 34 0 81 9.50802 10.8663 86.2513 0 0 16.2995 44.1444 23.4545
45.5027 72.5294 0 0 28.5241 0 127 59.0911 1 0 0 0 0 0 0 0 16 16 0 0
0 0 0 0 127 51 0;
egregore_data 0 0 127 0 0 127 0 0 0 0 0 0 0 0 0 127 38 0 127 0 0 0
0 0 0 0 0 0 0 100 0 0 127 127 78 0 93 90 127 0 19 127 127 0 0 0 70
0 0 0 127 127 34 0 81 9.55914 10.9247 86.7151 0 0 16.3871 44.3817 23.3925
45.7473 72.4892 0 0 28.6774 0 127 59.0911 1 0 0 0 0 0 0 0 16 16 0 0
0 0 0 0 127 51 0;
egregore_data 0 0 127 0 0 127 0 0 0 0 0 0 0 0 0 127 38 0 127 0 0 0
0 0 0 0 0 0 0 100 0 0 127 127 78 0 93 90 127 0 19 127 127 0 0 0 70
0 0 0 127 127 34 0 81 9.55914 10.9247 86.7151 0 0 16.3871 44.3817 23.3925
45.7473 72.4892 0 0 28.6774 0 127 59.0911 1 0 0 0 0 0 0 0 16 16 0 0
0 0 0 0 127 51 0;
egregore_data 0 0 127 0 0 127 0 0 0 0 0 0 0 0 0 127 38 0 127 0 0 0
0 0 0 0 0 0 0 100 0 0 127 127 78 0 93 90 127 0 19 127 127 0 0 0 70
0 0 0 127 127 34 0 81 9.61081 10.9838 87.1838 0 0 16.4757 44.6216 23.3297
45.9946 72.4487 0 0 28.8324 0 127 59.0911 1 0 0 0 0 0 0 0 16 16 0 0
0 0 0 0 127 51 0;
egregore_data 0 0 127 0 0 127 0 0 0 0 0 0 0 0 0 127 38 0 127 0 0 0
0 0 0 0 0 0 0 100 0 0 127 127 78 0 93 90 127 0 19 127 127 0 0 0 70
0 0 0 127 127 34 0 81 9.71585 11.1038 88.1366 0 0 16.6557 45.1093 23.2022
46.4973 72.3661 0 0 29.1475 0 127 59.0911 1 0 0 0 0 0 0 0 16 16 0 0
0 0 0 0 127 51 0;
egregore_data 0 0 127 0 0 127 0 0 0 0 0 0 0 0 0 127 38 0 127 0 0 0
0 0 0 0 0 0 0 100 0 0 127 127 78 0 93 90 127 0 19 127 127 0 0 0 70
0 0 0 127 127 34 0 81 9.71585 11.1038 88.1366 0 0 16.6557 45.1093 23.2022
46.4973 72.3661 0 0 29.1475 0 127 59.0911 1 0 0 0 0 0 0 0 16 16 0 0
0 0 0 0 127 51 0;
egregore_data 0 0 127 0 0 127 0 0 0 0 0 0 0 0 0 127 38 0 127 0 0 0
0 0 0 0 0 0 0 100 0 0 127 127 78 0 93 90 127 0 19 127 127 0 0 0 70
0 0 0 127 127 34 0 81 9.71585 11.1038 88.1366 0 0 16.6557 45.1093 23.2022
46.4973 72.3661 0 0 29.1475 0 127 59.0911 1 0 0 0 0 0 0 0 16 16 0 0
0 0 0 0 127 51 0;
egregore_data 0 0 127 0 0 127 0 0 0 0 0 0 0 0 0 127 38 0 127 0 0 0
0 0 0 0 0 0 0 100 0 0 127 127 78 0 93 90 127 0 19 127 127 0 0 0 70
0 0 0 127 127 34 0 81 9.71585 11.1038 88.1366 0 0 16.6557 45.1093 23.2022
46.4973 72.3661 0 0 29.1475 0 127 59.0911 1 0 0 0 0 0 0 0 16 16 0 0
0 0 0 0 127 51 0;
egregore_data 0 0 127 0 0 127 0 0 0 0 0 0 0 0 0 127 38 0 127 0 0 0
0 0 0 0 0 0 0 100 0 0 127 127 78 0 93 90 127 0 19 127 127 0 0 0 70
0 0 0 127 127 34 0 81 9.71585 11.1038 88.1366 0 0 16.6557 45.1093 23.2022
46.4973 72.3661 0 0 29.1475 0 127 59.0911 1 0 0 0 0 0 0 0 16 16 0 0
0 0 0 0 127 51 0;
egregore_data 0 0 127 0 0 127 0 0 0 0 0 0 0 0 0 127 38 0 127 0 0 0
0 0 0 0 0 0 0 100 0 0 127 127 78 0 93 90 127 0 19 127 127 0 0 0 70
0 0 0 127 127 34 0 81 8 11.1038 88.1366 0 0 16.6557 45.1093 23.2022
46.4973 72.3661 0 0 29.1475 0 127 59.0911 1 0 0 0 0 0 0 0 16 16 0 0
0 0 0 0 127 51 0;
egregore_data 0 0 127 0 0 127 0 0 0 0 0 0 0 0 0 127 38 0 127 0 0 0
0 0 0 0 0 0 0 100 0 0 127 127 78 0 93 90 127 0 19 127 127 0 0 0 70
0 0 0 127 127 34 0 81 8 11.1038 88.1366 0 0 16.6557 45.1093 23.2022
46.4973 72.3661 0 0 29.1475 0 127 59.0911 1 0 0 0 0 0 0 0 16 16 0 0
0 0 0 0 127 51 0;
egregore_data 0 0 127 0 0 127 0 0 0 0 0 0 0 0 0 127 38 0 127 0 0 0
0 0 0 0 0 0 0 100 0 0 127 127 78 0 93 90 127 0 19 127 127 0 0 0 70
0 0 0 127 127 34 0 81 8 11.1038 88.1366 0 0 16.6557 45.1093 23.2022
46.4973 72.3661 0 0 29.1475 0 127 59.0911 1 0 0 0 0 0 0 0 16 16 0 0
0 0 0 0 127 51 0;
egregore_data 0 0 127 0 0 127 0 0 0 0 0 0 0 0 0 127 38 0 127 0 0 0
0 0 0 0 0 0 0 100 0 0 127 127 78 0 93 90 127 0 19 127 127 0 0 0 70
0 0 0 127 127 34 0 81 8 11.1038 88.1366 0 0 16.6557 45.1093 23.2022
46.4973 72.3661 0 0 29.1475 0 127 59.0911 1 0 0 0 0 0 0 0 16 16 0 0
0 0 0 0 127 51 0;
egregore_data 0 0 127 0 0 127 0 0 0 0 0 0 0 0 0 127 38 0 127 0 0 0
0 0 0 0 0 0 0 100 0 0 127 127 78 0 93 90 127 0 19 127 127 0 0 0 70
0 0 0 127 127 34 0 81 8 11.1038 88.1366 0 0 16.6557 45.1093 23.2022
46.4973 72.3661 0 0 29.1475 0 127 59.0911 1 0 0 0 0 0 0 0 16 16 0 0
0 0 0 0 127 51 0;
egregore_data 0 0 127 0 0 127 0 0 0 0 0 0 0 0 0 127 38 0 127 0 0 0
0 0 0 0 0 0 0 100 0 0 127 127 78 0 93 90 127 0 19 127 127 0 0 0 70
0 0 0 127 127 34 0 81 9.8232 11.2265 89.1105 0 0 16.8398 45.6077 23.0718
47.0111 72.2818 0 0 29.4696 0 127 59.0911 1 0 0 0 0 0 0 0 16 16 0 0
0 0 0 0 127 51 0;
egregore_data 0 0 127 0 0 127 0 0 0 0 0 0 0 0 0 127 38 0 127 0 0 0
0 0 0 0 0 0 0 100 0 0 127 127 78 0 93 90 127 0 19 127 127 0 0 0 70
0 0 0 127 127 34 0 81 9.8232 11.2265 89.1105 0 0 16.8398 45.6077 23.0718
47.0111 72.2818 0 0 29.4696 0 127 59.0911 1 0 0 0 0 0 0 0 16 16 0 0
0 0 0 0 127 51 0;
egregore_data 0 0 127 0 0 127 0 0 0 0 0 0 0 0 0 127 38 0 127 0 0 0
0 0 0 0 0 0 0 100 0 0 127 127 78 0 93 90 127 0 19 127 127 0 0 0 70
0 0 0 127 127 34 0 81 9.8232 11.2265 89.1105 0 0 16.8398 45.6077 23.0718
47.0111 72.2818 0 0 29.4696 0 127 59.0911 1 0 0 0 0 0 0 0 16 16 0 0
0 0 0 0 127 51 0;
egregore_data 0 0 127 0 0 127 0 0 0 0 0 0 0 0 0 127 38 0 127 0 0 0
0 0 0 0 0 0 0 100 0 0 127 127 78 0 93 90 127 0 19 127 127 0 0 0 70
0 0 0 127 127 34 0 81 9.87778 11.2889 89.6056 0 0 16.9333 45.8611 23.0056
47.2722 72.2389 0 0 29.6333 0 127 59.0911 1 0 0 0 0 0 0 0 16 16 0 0
0 0 0 0 127 51 0;
egregore_data 0 0 127 0 0 127 0 0 0 0 0 0 0 0 0 127 38 0 127 0 0 0
0 0 0 0 0 0 0 100 0 0 127 127 78 0 93 90 127 0 19 127 127 0 0 0 70
0 0 0 127 127 34 0 81 9.87778 11.2889 89.6056 0 0 16.9333 45.8611 23.0056
47.2722 72.2389 0 0 29.6333 0 127 59.0911 1 0 0 0 0 0 0 0 16 16 0 0
0 0 0 0 127 51 0;
egregore_data 0 0 127 0 0 127 0 0 0 0 0 0 0 0 0 127 38 0 127 0 0 0
0 0 0 0 0 0 0 100 0 0 127 127 78 0 93 90 127 0 19 127 127 0 0 0 70
0 0 0 127 127 34 0 81 9.87778 11.2889 89.6056 0 0 16.9333 45.8611 23.0056
47.2722 72.2389 0 0 29.6333 0 127 59.0911 1 0 0 0 0 0 0 0 16 16 0 0
0 0 0 0 127 51 0;
egregore_data 0 0 127 0 0 127 0 0 0 0 0 0 0 0 0 127 38 0 127 0 0 0
0 0 0 0 0 0 0 100 0 0 127 127 78 0 93 90 127 0 19 127 127 0 0 0 70
0 0 0 127 127 34 0 81 9.87778 11.2889 89.6056 0 0 16.9333 45.8611 23.0056
47.2722 72.2389 0 0 29.6333 0 127 59.0911 1 0 0 0 0 0 0 0 16 16 0 0
0 0 0 0 127 51 0;
egregore_data 0 0 127 0 0 127 0 0 0 0 0 0 0 0 0 127 38 0 127 0 0 0
0 0 0 0 0 0 0 100 0 0 127 127 78 0 93 90 127 0 19 127 127 0 0 0 70
0 0 0 127 127 34 0 81 9.93296 11.352 90.1061 0 0 17.0279 46.1173 22.9385
47.5363 72.1955 0 0 29.7989 0 127 59.0911 1 0 0 0 0 0 0 0 16 16 0 0
0 0 0 0 127 51 0;
egregore_data 0 0 127 0 0 127 0 0 0 0 0 0 0 0 0 127 38 0 127 0 0 0
0 0 0 0 0 0 0 100 0 0 127 127 78 0 93 90 127 0 19 127 127 0 0 0 70
0 0 0 127 127 34 0 81 9.93296 11.352 90.1061 0 0 17.0279 46.1173 22.9385
47.5363 72.1955 0 0 29.7989 0 127 59.0911 1 0 0 0 0 0 0 0 16 16 0 0
0 0 0 0 127 51 0;
egregore_data 0 0 127 0 0 127 0 0 0 0 0 0 0 0 0 127 38 0 127 0 0 0
0 0 0 0 0 0 0 100 0 0 127 127 78 0 93 90 127 0 19 127 127 0 0 0 70
0 0 0 127 127 34 0 81 9.93296 11.352 90.1061 0 0 17.0279 46.1173 22.9385
47.5363 72.1955 0 0 29.7989 0 127 59.0911 1 0 0 0 0 0 0 0 16 16 0 0
0 0 0 0 127 51 0;
egregore_data 0 0 127 0 0 127 0 0 0 0 0 0 0 0 0 127 38 0 127 0 0 0
0 0 0 0 0 0 0 100 0 0 127 127 78 0 93 90 127 0 19 127 127 0 0 0 70
0 0 0 127 127 34 0 81 9.98876 11.4157 90.6124 0 0 17.1236 46.3764 22.8708
47.8034 72.1517 0 0 29.9663 0 127 59.0911 1 0 0 0 0 0 0 0 16 16 0 0
0 0 0 0 127 51 0;
egregore_data 0 0 127 0 0 127 0 0 0 0 0 0 0 0 0 127 38 0 127 0 0 0
0 0 0 0 0 0 0 100 0 0 127 127 78 0 93 90 127 0 19 127 127 0 0 0 70
0 0 0 127 127 34 0 81 9.98876 11.4157 90.6124 0 0 17.1236 46.3764 22.8708
47.8034 72.1517 0 0 29.9663 0 127 59.0911 1 0 0 0 0 0 0 0 16 16 0 0
0 0 0 0 127 51 0;
egregore_data 0 0 127 0 0 127 0 0 0 0 0 0 0 0 0 127 38 0 127 0 0 0
0 0 0 0 0 0 0 100 0 0 127 127 78 0 93 90 127 0 19 127 127 0 0 0 70
0 0 0 127 127 34 0 81 9.98876 11.4157 90.6124 0 0 17.1236 46.3764 22.8708
47.8034 72.1517 0 0 29.9663 0 127 59.0911 1 0 0 0 0 0 0 0 16 16 0 0
0 0 0 0 127 51 0;
egregore_data 0 0 127 0 0 127 0 0 0 0 0 0 0 0 0 127 38 0 127 0 0 0
0 0 0 0 0 0 0 100 0 0 127 127 78 0 93 90 127 0 19 127 127 0 0 0 70
0 0 0 127 127 34 0 81 10.1023 11.5455 91.6421 0 0 17.3182 46.9034 22.733
48.3466 72.0625 0 0 30.3068 0 127 59.0911 1 0 0 0 0 0 0 0 16 16 0 0
0 0 0 0 127 51 0;
egregore_data 0 0 127 0 0 127 0 0 0 0 0 0 0 0 0 127 38 0 127 0 0 0
0 0 0 0 0 0 0 100 0 0 127 127 78 0 93 90 127 0 19 127 127 0 0 0 70
0 0 0 127 127 34 0 81 10.1023 11.5455 91.6421 0 0 17.3182 46.9034 22.733
48.3466 72.0625 0 0 30.3068 0 127 59.0911 1 0 0 0 0 0 0 0 16 16 0 0
0 0 0 0 127 51 0;
egregore_data 0 0 127 0 0 127 0 0 0 0 0 0 0 0 0 127 38 0 127 0 0 0
0 0 0 0 0 0 0 100 0 0 127 127 78 0 93 90 127 0 19 127 127 0 0 0 70
0 0 0 127 127 34 0 81 10.1023 11.5455 91.6421 0 0 17.3182 46.9034 22.733
48.3466 72.0625 0 0 30.3068 0 127 59.0911 1 0 0 0 0 0 0 0 16 16 0 0
0 0 0 0 127 51 0;
egregore_data 0 0 127 0 0 127 0 0 0 0 0 0 0 0 0 127 38 0 127 0 0 0
0 0 0 0 0 0 0 100 0 0 127 127 78 0 93 90 127 0 19 127 127 0 0 0 70
0 0 0 127 127 34 0 81 10.1023 11.5455 91.6421 0 0 17.3182 46.9034 22.733
48.3466 72.0625 0 0 30.3068 0 127 59.0911 1 0 0 0 0 0 0 0 16 16 0 0
0 0 0 0 127 51 0;
egregore_data 0 0 127 0 0 127 0 0 0 0 0 0 0 0 0 127 38 0 127 0 0 0
0 0 0 0 0 0 0 100 0 0 127 127 78 0 93 90 127 0 19 127 127 0 0 0 70
0 0 0 127 127 34 0 81 10.1023 11.5455 91.6421 0 0 17.3182 46.9034 22.733
48.3466 72.0625 0 0 30.3068 0 127 59.0911 1 0 0 0 0 0 0 0 16 16 0 0
0 0 0 0 127 51 0;
egregore_data 0 0 127 0 0 127 0 0 0 0 0 0 0 0 0 127 38 0 127 0 0 0
0 0 0 0 0 0 0 100 0 0 127 127 78 0 93 90 127 0 19 127 127 0 0 0 70
0 0 0 127 127 34 0 81 10.16 11.6114 92.1657 0 0 17.4171 47.1714 22.6629
48.6229 72.0171 0 0 30.48 0 127 59.0911 1 0 0 0 0 0 0 0 16 16 0 0 0
0 0 0 127 51 0;
egregore_data 0 0 127 0 0 127 0 0 0 0 0 0 0 0 0 127 38 0 127 0 0 0
0 0 0 0 0 0 0 100 0 0 127 127 78 0 93 90 127 0 19 127 127 0 0 0 70
0 0 0 127 127 34 0 81 10.16 11.6114 92.1657 0 0 17.4171 47.1714 22.6629
48.6229 72.0171 0 0 30.48 0 127 59.0911 1 0 0 0 0 0 0 0 16 16 0 0 0
0 0 0 127 51 0;
egregore_data 0 0 127 0 0 127 0 0 0 0 0 0 0 0 0 127 38 0 127 0 0 0
0 0 0 0 0 0 0 100 0 0 127 127 78 0 93 90 127 0 19 127 127 0 0 0 70
0 0 0 127 127 34 0 81 10.16 11.6114 92.1657 0 0 17.4171 47.1714 22.6629
48.6229 72.0171 0 0 30.48 0 127 59.0911 1 0 0 0 0 0 0 0 16 16 0 0 0
0 0 0 127 51 0;
egregore_data 0 0 127 0 0 127 0 0 0 0 0 0 0 0 0 127 38 0 127 0 0 0
0 0 0 0 0 0 0 100 0 0 127 127 78 0 93 90 127 0 19 127 127 0 0 0 70
0 0 0 127 127 34 0 81 10.16 11.6114 92.1657 0 0 17.4171 47.1714 22.6629
48.6229 72.0171 0 0 30.48 0 127 59.0911 1 0 0 0 0 0 0 0 16 16 0 0 0
0 0 0 127 51 0;
egregore_data 0 0 127 0 0 127 0 0 0 0 0 0 0 0 0 127 38 0 127 0 0 0
0 0 0 0 0 0 0 100 0 0 127 127 78 0 93 90 127 0 19 127 127 0 0 0 70
0 0 0 127 127 34 0 81 10.16 11.6114 92.1657 0 0 17.4171 47.1714 22.6629
48.6229 72.0171 0 0 30.48 0 127 59.0911 1 0 0 0 0 0 0 0 16 16 0 0 0
0 0 0 127 51 0;
egregore_data 0 0 127 0 0 127 0 0 0 0 0 0 0 0 0 127 38 0 127 0 0 0
0 0 0 0 0 0 0 100 0 0 127 127 78 0 93 90 127 0 19 127 127 0 0 0 70
0 0 0 127 127 34 0 81 10.16 11.6114 92.1657 0 0 17.4171 47.1714 22.6629
48.6229 72.0171 0 0 30.48 0 127 59.0911 1 0 0 0 0 0 0 0 16 16 0 0 0
0 0 0 127 51 0;
egregore_data 0 0 127 0 0 127 0 0 0 0 0 0 0 0 0 127 38 0 127 0 0 0
0 0 0 0 0 0 0 100 0 0 127 127 78 0 93 90 127 0 19 127 127 0 0 0 70
0 0 0 127 127 34 0 81 10.16 11.6114 92.1657 0 0 17.4171 47.1714 22.6629
48.6229 72.0171 0 0 30.48 0 127 59.0911 1 0 0 0 0 0 0 0 16 16 0 0 0
0 0 0 127 51 0;
egregore_data 0 0 127 0 0 127 0 0 0 0 0 0 0 0 0 127 38 0 127 0 0 0
0 0 0 0 0 0 0 100 0 0 127 127 78 0 93 90 127 0 19 127 127 0 0 0 70
0 0 0 127 127 34 0 81 10.2184 11.6782 92.6954 0 0 17.5172 47.4425 22.592
48.9023 71.9713 0 0 30.6552 0 127 59.0911 1 0 0 0 0 0 0 0 16 16 0 0
0 0 0 0 127 51 0;
egregore_data 0 0 127 0 0 127 0 0 0 0 0 0 0 0 0 127 38 0 127 0 0 0
0 0 0 0 0 0 0 100 0 0 127 127 78 0 93 90 127 0 19 127 127 0 0 0 70
0 0 0 127 127 34 0 81 10.2184 11.6782 92.6954 0 0 17.5172 47.4425 22.592
48.9023 71.9713 0 0 30.6552 0 127 59.0911 1 0 0 0 0 0 0 0 16 16 0 0
0 0 0 0 127 51 0;
egregore_data 0 0 127 0 0 127 0 0 0 0 0 0 0 0 0 127 38 0 127 0 0 0
0 0 0 0 0 0 0 100 0 0 127 127 78 0 93 90 127 0 19 127 127 0 0 0 70
0 0 0 127 127 34 0 81 10.2184 11.6782 92.6954 0 0 17.5172 47.4425 22.592
48.9023 71.9713 0 0 30.6552 0 127 59.0911 1 0 0 0 0 0 0 0 16 16 0 0
0 0 0 0 127 51 0;
egregore_data 0 0 127 0 0 127 0 0 0 0 0 0 0 0 0 127 38 0 127 0 0 0
0 0 0 0 0 0 0 100 0 0 127 127 78 0 93 90 127 0 19 127 127 0 0 0 70
0 0 0 127 127 34 0 81 10.2184 11.6782 92.6954 0 0 17.5172 47.4425 22.592
48.9023 71.9713 0 0 30.6552 0 127 59.0911 1 0 0 0 0 0 0 0 16 16 0 0
0 0 0 0 127 51 0;
egregore_data 0 0 127 0 0 127 0 0 0 0 0 0 0 0 0 127 38 0 127 0 0 0
0 0 0 0 0 0 0 100 0 0 127 127 78 0 93 90 127 0 19 127 127 0 0 0 70
0 0 0 127 127 34 0 81 10.2184 11.6782 92.6954 0 0 17.5172 47.4425 22.592
48.9023 71.9713 0 0 30.6552 0 127 59.0911 1 0 0 0 0 0 0 0 16 16 0 0
0 0 0 0 127 51 0;
egregore_data 0 0 127 0 0 127 0 0 0 0 0 0 0 0 0 127 38 0 127 0 0 0
0 0 0 0 0 0 0 100 0 0 127 127 78 0 93 90 127 0 19 127 127 0 0 0 70
0 0 0 127 127 34 0 81 10.2184 11.6782 92.6954 0 0 17.5172 47.4425 22.592
48.9023 71.9713 0 0 30.6552 0 127 59.0911 1 0 0 0 0 0 0 0 16 16 0 0
0 0 0 0 127 51 0;
egregore_data 0 0 127 0 0 127 0 0 0 0 0 0 0 0 0 127 38 0 127 0 0 0
0 0 0 0 0 0 0 100 0 0 127 127 78 0 93 90 127 0 19 127 127 0 0 0 70
0 0 0 127 127 34 0 81 10.2775 11.7457 93.2312 0 0 17.6185 47.7168 22.5202
49.185 71.9249 0 0 30.8324 0 127 59.0911 1 0 0 0 0 0 0 0 16 16 0 0
0 0 0 0 127 51 0;
egregore_data 0 0 127 0 0 127 0 0 0 0 0 0 0 0 0 127 38 0 127 0 0 0
0 0 0 0 0 0 0 100 0 0 127 127 78 0 93 90 127 0 19 127 127 0 0 0 70
0 0 0 127 127 34 0 81 10.2775 11.7457 93.2312 0 0 17.6185 47.7168 22.5202
49.185 71.9249 0 0 30.8324 0 127 59.0911 1 0 0 0 0 0 0 0 16 16 0 0
0 0 0 0 127 51 0;
egregore_data 0 0 127 0 0 127 0 0 0 0 0 0 0 0 0 127 38 0 127 0 0 0
0 0 0 0 0 0 0 100 0 0 127 127 78 0 93 90 127 0 19 127 127 0 0 0 70
0 0 0 127 127 34 0 81 10.2775 11.7457 93.2312 0 0 17.6185 47.7168 22.5202
49.185 71.9249 0 0 30.8324 0 127 59.0911 1 0 0 0 0 0 0 0 16 16 0 0
0 0 0 0 127 51 0;
egregore_data 0 0 127 0 0 127 0 0 0 0 0 0 0 0 0 127 38 0 127 0 0 0
0 0 0 0 0 0 0 100 0 0 127 127 78 0 93 90 127 0 19 127 127 0 0 0 70
0 0 0 127 127 34 0 81 10.2775 11.7457 93.2312 0 0 17.6185 47.7168 22.5202
49.185 71.9249 0 0 30.8324 0 127 59.0911 1 0 0 0 0 0 0 0 16 16 0 0
0 0 0 0 127 51 0;
egregore_data 0 0 127 0 0 127 0 0 0 0 0 0 0 0 0 127 38 0 127 0 0 0
0 0 0 0 0 0 0 100 0 0 127 127 78 0 93 90 127 0 19 127 127 0 0 0 70
0 0 0 127 127 34 0 81 10.2775 11.7457 93.2312 0 0 17.6185 47.7168 22.5202
49.185 71.9249 0 0 30.8324 0 127 59.0911 1 0 0 0 0 0 0 0 16 16 0 0
0 0 0 0 127 51 0;
egregore_data 0 0 127 0 0 127 0 0 0 0 0 0 0 0 0 127 38 0 127 0 0 0
0 0 0 0 0 0 0 100 0 0 127 127 78 0 93 90 127 0 19 127 127 0 0 0 70
0 0 0 127 127 34 0 81 10.3372 11.814 93.7733 0 0 17.7209 47.9942 22.4477
49.4709 71.8779 0 0 31.0116 0 127 59.0911 1 0 0 0 0 0 0 0 16 16 0 0
0 0 0 0 127 51 0;
egregore_data 0 0 127 0 0 127 0 0 0 0 0 0 0 0 0 127 38 0 127 0 0 0
0 0 0 0 0 0 0 100 0 0 127 127 78 0 93 90 127 0 19 127 127 0 0 0 70
0 0 0 127 127 34 0 81 10.3372 11.814 93.7733 0 0 17.7209 47.9942 22.4477
49.4709 71.8779 0 0 31.0116 0 127 59.0911 1 0 0 0 0 0 0 0 16 16 0 0
0 0 0 0 127 51 0;
egregore_data 0 0 127 0 0 127 0 0 0 0 0 0 0 0 0 127 38 0 127 0 0 0
0 0 0 0 0 0 0 100 0 0 127 127 78 0 93 90 127 0 19 127 127 0 0 0 70
0 0 0 127 127 34 0 81 10.4588 11.9529 94.8765 0 0 17.9294 48.5588 22.3
50.0529 71.7823 0 0 31.3765 0 127 59.0911 1 0 0 0 0 0 0 0 16 16 0 0
0 0 0 0 127 51 0;
egregore_data 0 0 127 0 0 127 0 0 0 0 0 0 0 0 0 127 38 0 127 0 0 0
0 0 0 0 0 0 0 100 0 0 127 127 78 0 93 90 127 0 19 127 127 0 0 0 70
0 0 0 127 127 34 0 81 10.4588 11.9529 94.8765 0 0 17.9294 48.5588 22.3
50.0529 71.7823 0 0 31.3765 0 127 59.0911 1 0 0 0 0 0 0 0 16 16 0 0
0 0 0 0 127 51 0;
egregore_data 0 0 127 0 0 127 0 0 0 0 0 0 0 0 0 127 38 0 127 0 0 0
0 0 0 0 0 0 0 100 0 0 127 127 78 0 93 90 127 0 19 127 127 0 0 0 70
0 0 0 127 127 34 0 81 10.4588 11.9529 94.8765 0 0 17.9294 48.5588 22.3
50.0529 71.7823 0 0 31.3765 0 127 59.0911 1 0 0 0 0 0 0 0 16 16 0 0
0 0 0 0 127 51 0;
egregore_data 0 0 127 0 0 127 0 0 0 0 0 0 0 0 0 127 38 0 127 0 0 0
0 0 0 0 0 0 0 100 0 0 127 127 78 0 93 90 127 0 19 127 127 0 0 0 70
0 0 0 127 127 34 0 81 10.4588 11.9529 94.8765 0 0 17.9294 48.5588 22.3
50.0529 71.7823 0 0 31.3765 0 127 59.0911 1 0 0 0 0 0 0 0 16 16 0 0
0 0 0 0 127 51 0;
egregore_data 0 0 127 0 0 127 0 0 0 0 0 0 0 0 0 127 38 0 127 0 0 0
0 0 0 0 0 0 0 100 0 0 127 127 78 0 93 90 127 0 19 127 127 0 0 0 70
0 0 0 127 127 34 0 81 10.4588 11.9529 94.8765 0 0 17.9294 48.5588 22.3
50.0529 71.7823 0 0 31.3765 0 127 59.0911 1 0 0 0 0 0 0 0 16 16 0 0
0 0 0 0 127 51 0;
egregore_data 0 0 127 0 0 127 0 0 0 0 0 0 0 0 0 127 38 0 127 0 0 0
0 0 0 0 0 0 0 100 0 0 127 127 78 0 93 90 127 0 19 127 127 0 0 0 70
0 0 0 127 127 34 0 81 10.5207 12.0237 95.4379 0 0 18.0355 48.8462 22.2249
50.3491 71.7337 0 0 31.5621 0 127 59.0911 1 0 0 0 0 0 0 0 16 16 0 0
0 0 0 0 127 51 0;
egregore_data 0 0 127 0 0 127 0 0 0 0 0 0 0 0 0 127 38 0 127 0 0 0
0 0 0 0 0 0 0 100 0 0 127 127 78 0 93 90 127 0 19 127 127 0 0 0 70
0 0 0 127 127 34 0 81 10.5207 12.0237 95.4379 0 0 18.0355 48.8462 22.2249
50.3491 71.7337 0 0 31.5621 0 127 59.0911 1 0 0 0 0 0 0 0 16 16 0 0
0 0 0 0 127 51 0;
egregore_data 0 0 127 0 0 127 0 0 0 0 0 0 0 0 0 127 38 0 127 0 0 0
0 0 0 0 0 0 0 100 0 0 127 127 78 0 93 90 127 0 19 127 127 0 0 0 70
0 0 0 127 127 34 0 81 10.5833 12.0952 96.006 0 0 18.1429 49.1369 22.1488
50.6488 71.6845 0 0 31.75 0 127 59.0911 1 0 0 0 0 0 0 0 16 16 0 0 0
0 0 0 127 51 0;
egregore_data 0 0 127 0 0 127 0 0 0 0 0 0 0 0 0 127 38 0 127 0 0 0
0 0 0 0 0 0 0 100 0 0 127 127 78 0 93 90 127 0 19 127 127 0 0 0 70
0 0 0 127 127 34 0 81 10.5833 12.0952 96.006 0 0 18.1429 49.1369 22.1488
50.6488 71.6845 0 0 31.75 0 127 59.0911 1 0 0 0 0 0 0 0 16 16 0 0 0
0 0 0 127 51 0;
egregore_data 0 0 127 0 0 127 0 0 0 0 0 0 0 0 0 127 38 0 127 0 0 0
0 0 0 0 0 0 0 100 0 0 127 127 78 0 93 90 127 0 19 127 127 0 0 0 70
0 0 0 127 127 34 0 81 10.5833 12.0952 96.006 0 0 18.1429 49.1369 22.1488
50.6488 71.6845 0 0 31.75 0 127 59.0911 1 0 0 0 0 0 0 0 16 16 0 0 0
0 0 0 127 51 0;
egregore_data 0 0 127 0 0 127 0 0 0 0 0 0 0 0 0 127 38 0 127 0 0 0
0 0 0 0 0 0 0 100 0 0 127 127 78 0 93 90 127 0 19 127 127 0 0 0 70
0 0 0 127 127 34 0 81 10.5833 12.0952 96.006 0 0 18.1429 49.1369 22.1488
50.6488 71.6845 0 0 31.75 0 127 59.0911 1 0 0 0 0 0 0 0 16 16 0 0 0
0 0 0 127 51 0;
egregore_data 0 0 127 0 0 127 0 0 0 0 0 0 0 0 0 127 38 0 127 0 0 0
0 0 0 0 0 0 0 100 0 0 127 127 78 0 93 90 127 0 19 127 127 0 0 0 70
0 0 0 127 127 34 0 81 10.6467 12.1677 96.5808 0 0 18.2515 49.4311 22.0719
50.9521 71.6347 0 0 31.9401 0 127 59.0911 1 0 0 0 0 0 0 0 16 16 0 0
0 0 0 0 127 51 0;
egregore_data 0 0 127 0 0 127 0 0 0 0 0 0 0 0 0 127 38 0 127 0 0 0
0 0 0 0 0 0 0 100 0 0 127 127 78 0 93 90 127 0 19 127 127 0 0 0 70
0 0 0 127 127 34 0 81 10.6467 12.1677 96.5808 0 0 18.2515 49.4311 22.0719
50.9521 71.6347 0 0 31.9401 0 127 59.0911 1 0 0 0 0 0 0 0 16 16 0 0
0 0 0 0 127 51 0;
egregore_data 0 0 127 0 0 127 0 0 0 0 0 0 0 0 0 127 38 0 127 0 0 0
0 0 0 0 0 0 0 100 0 0 127 127 78 0 93 90 127 0 19 127 127 0 0 0 70
0 0 0 127 127 34 0 81 10.6467 12.1677 96.5808 0 0 18.2515 49.4311 22.0719
50.9521 71.6347 0 0 31.9401 0 127 59.0911 1 0 0 0 0 0 0 0 16 16 0 0
0 0 0 0 127 51 0;
egregore_data 0 0 127 0 0 127 0 0 0 0 0 0 0 0 0 127 38 0 127 0 0 0
0 0 0 0 0 0 0 100 0 0 127 127 78 0 93 90 127 0 19 127 127 0 0 0 70
0 0 0 127 127 34 0 81 10.6467 12.1677 96.5808 0 0 18.2515 49.4311 22.0719
50.9521 71.6347 0 0 31.9401 0 127 59.0911 1 0 0 0 0 0 0 0 16 16 0 0
0 0 0 0 127 51 0;
egregore_data 0 0 127 0 0 127 0 0 0 0 0 0 0 0 0 127 38 0 127 0 0 0
0 0 0 0 0 0 0 100 0 0 127 127 78 0 93 90 127 0 19 127 127 0 0 0 70
0 0 0 127 127 34 0 81 10.6467 12.1677 96.5808 0 0 18.2515 49.4311 22.0719
50.9521 71.6347 0 0 31.9401 0 127 59.0911 1 0 0 0 0 0 0 0 16 16 0 0
0 0 0 0 127 51 0;
egregore_data 0 0 127 0 0 127 0 0 0 0 0 0 0 0 0 127 38 0 127 0 0 0
0 0 0 0 0 0 0 100 0 0 127 127 78 0 93 90 127 0 19 127 127 0 0 0 70
0 0 0 127 127 34 0 81 10.6467 12.1677 96.5808 0 0 18.2515 49.4311 22.0719
50.9521 71.6347 0 0 31.9401 0 127 59.0911 1 0 0 0 0 0 0 0 16 16 0 0
0 0 0 0 127 51 0;
egregore_data 0 0 127 0 0 127 0 0 0 0 0 0 0 0 0 127 38 0 127 0 0 0
0 0 0 0 0 0 0 100 0 0 127 127 78 0 93 90 127 0 19 127 127 0 0 0 70
0 0 0 127 127 34 0 81 10.6467 12.1677 96.5808 0 0 18.2515 49.4311 22.0719
50.9521 71.6347 0 0 31.9401 0 127 59.0911 1 0 0 0 0 0 0 0 16 16 0 0
0 0 0 0 127 51 0;
egregore_data 0 0 127 0 0 127 0 0 0 0 0 0 0 0 0 127 38 0 127 0 0 0
0 0 0 0 0 0 0 100 0 0 127 127 78 0 93 90 127 0 19 127 127 0 0 0 70
0 0 0 127 127 34 0 81 10.6467 12.1677 96.5808 0 0 18.2515 49.4311 22.0719
50.9521 71.6347 0 0 31.9401 0 127 59.0911 1 0 0 0 0 0 0 0 16 16 0 0
0 0 0 0 127 51 0;
egregore_data 0 0 127 0 0 127 0 0 0 0 0 0 0 0 0 127 38 0 127 0 0 0
0 0 0 0 0 0 0 100 0 0 127 127 78 0 93 90 127 0 19 127 127 0 0 0 70
0 0 0 127 127 34 0 81 10.6467 12.1677 96.5808 0 0 18.2515 49.4311 22.0719
50.9521 71.6347 0 0 31.9401 0 127 59.0911 1 0 0 0 0 0 0 0 16 16 0 0
0 0 0 0 127 51 0;
egregore_data 0 0 127 0 0 127 0 0 0 0 0 0 0 0 0 127 38 0 127 0 0 0
0 0 0 0 0 0 0 100 0 0 127 127 78 0 93 90 127 0 19 127 127 0 0 0 70
0 0 0 127 127 34 0 81 10.6467 12.1677 96.5808 0 0 18.2515 49.4311 22.0719
50.9521 71.6347 0 0 31.9401 0 127 59.0911 1 0 0 0 0 0 0 0 16 16 0 0
0 0 0 0 127 51 0;
egregore_data 0 0 127 0 0 127 0 0 0 0 0 0 0 0 0 127 38 0 127 0 0 0
0 0 0 0 0 0 0 100 0 0 127 127 78 0 93 90 127 0 19 127 127 0 0 0 70
0 0 0 127 127 34 0 81 10.7108 12.241 97.1627 0 0 18.3614 49.7289 21.994
51.259 71.5843 0 0 32.1325 0 127 59.0911 1 0 0 0 0 0 0 0 16 16 0 0
0 0 0 0 127 51 0;
egregore_data 0 0 127 0 0 127 0 0 0 0 0 0 0 0 0 127 38 0 127 0 0 0
0 0 0 0 0 0 0 100 0 0 127 127 78 0 93 90 127 0 19 127 127 0 0 0 70
0 0 0 127 127 34 0 81 10.8415 12.3902 98.3476 0 0 18.5854 50.3354 21.8354
51.8841 71.4817 0 0 32.5244 0 127 59.0911 1 0 0 0 0 0 0 0 16 16 0 0
0 0 0 0 127 51 0;
egregore_data 0 0 127 0 0 127 0 0 0 0 0 0 0 0 0 127 38 0 127 0 0 0
0 0 0 0 0 0 0 100 0 0 127 127 78 0 93 90 127 0 19 127 127 0 0 0 70
0 0 0 127 127 34 0 81 10.8415 12.3902 98.3476 0 0 18.5854 50.3354 21.8354
51.8841 71.4817 0 0 32.5244 0 127 59.0911 1 0 0 0 0 0 0 0 16 16 0 0
0 0 0 0 127 51 0;
egregore_data 0 0 127 0 0 127 0 0 0 0 0 0 0 0 0 127 38 0 127 0 0 0
0 0 0 0 0 0 0 100 0 0 127 127 78 0 93 90 127 0 19 127 127 0 0 0 70
0 0 0 127 127 34 0 81 10.8415 12.3902 98.3476 0 0 18.5854 50.3354 21.8354
51.8841 71.4817 0 0 32.5244 0 127 59.0911 1 0 0 0 0 0 0 0 16 16 0 0
0 0 0 0 127 51 0;
END;
