HTTP/1.1 200 OK
Date: Thu, 28 May 2015 12:25:30 GMT
Server: Apache
Last-Modified: Wed, 27 May 2015 19:30:12 GMT
Accept-Ranges: bytes
Content-Length: 30373
Vary: Accept-Encoding
Connection: close
Content-Type: text/plain

chdh_egregore_live_data;
egregore_data 0 0 127 0 0 127 0 0 0 0 0 0 0 0 0 127 38 0 127 0 0 0
0 0 0 0 0 0 0 100 0 0 127 127 78 0 93 90 127 0 19 127 127 0 0 0 70
0 0 0 127 127 34 0 83.7083 29.4531 23.0208 18.9583 41.5966 0 42.9948
0 41.4323 42.9948 53.7974 0 0 13.2031 1.35417 127 74.5789 1 0 0 0 0
0 0 0 16 16 0 0 0 0 0 0 127 51 0;
egregore_data 0 0 127 0 0 127 0 0 0 0 0 0 0 0 0 127 38 0 127 0 0 0
0 0 0 0 0 0 0 100 0 0 127 127 78 0 93 90 127 0 19 127 127 0 0 0 70
0 0 0 127 127 34 0 83.7083 29.4531 23.0208 18.9583 41.5966 0 42.9948
0 41.4323 42.9948 53.7974 0 0 13.2031 1.35417 127 74.5789 1 0 0 0 0
0 0 0 16 16 0 0 0 0 0 0 127 51 0;
egregore_data 0 0 127 0 0 127 0 0 0 0 0 0 0 0 0 127 38 0 127 0 0 0
0 0 0 0 0 0 0 100 0 0 127 127 78 0 93 90 127 0 19 127 127 0 0 0 70
0 0 0 127 127 34 0 83.7083 29.4531 23.0208 18.9583 41.5966 0 42.9948
0 41.4323 42.9948 53.7974 0 0 13.2031 1.35417 127 74.5789 1 0 0 0 0
0 0 0 16 16 0 0 0 0 0 0 127 51 0;
egregore_data 0 0 127 0 0 127 0 0 0 0 0 0 0 0 0 127 38 0 127 0 0 0
0 0 0 0 0 0 0 100 0 0 127 127 78 0 93 90 127 0 19 127 127 0 0 0 70
0 0 0 127 127 34 0 83.7083 29.4531 23.0208 18.9583 41.5966 0 42.9948
0 41.4323 42.9948 53.7974 0 0 13.2031 1.35417 127 74.5789 1 0 0 0 0
0 0 0 16 16 0 0 0 0 0 0 127 51 0;
egregore_data 0 0 127 0 0 127 0 0 0 0 0 0 0 0 0 127 38 0 127 0 0 0
0 0 0 0 0 0 0 100 0 0 127 127 78 0 93 90 127 0 19 127 127 0 0 0 70
0 0 0 127 127 34 0 83.7083 29.4531 23.0208 18.9583 41.5966 0 42.9948
0 41.4323 42.9948 53.7974 0 0 13.2031 1.35417 127 74.5789 1 0 0 0 0
0 0 0 16 16 0 0 0 0 0 0 127 51 0;
egregore_data 0 0 127 0 0 127 0 0 0 0 0 0 0 0 0 127 38 0 127 0 0 0
0 0 0 0 0 0 0 100 0 0 127 127 78 0 93 90 127 0 19 127 127 0 0 0 70
0 0 0 127 127 34 0 83.7083 29.4531 23.0208 18.9583 41.5966 0 42.9948
0 41.4323 42.9948 53.7974 0 0 13.2031 1.35417 127 74.5789 1 0 0 0 0
0 0 0 16 16 0 0 0 0 0 0 127 51 0;
egregore_data 0 0 127 0 0 127 0 0 0 0 0 0 0 0 0 127 38 0 127 0 0 0
0 0 0 0 0 0 0 100 0 0 127 127 78 0 93 90 127 0 19 127 127 0 0 0 70
0 0 0 127 127 34 0 83.6806 29.1518 22.7853 18.7644 41.1711 0 42.555
0 41.3665 42.555 54.0655 0 0 13.0681 1.34031 127 74.5789 1 0 0 0 0
0 0 0 16 16 0 0 0 0 0 0 127 51 0;
egregore_data 0 0 127 0 0 127 0 0 0 0 0 0 0 0 0 127 38 0 127 0 0 0
0 0 0 0 0 0 0 100 0 0 127 127 78 0 93 90 127 0 19 127 127 0 0 0 70
0 0 0 127 127 34 0 83.6806 29.1518 22.7853 18.7644 41.1711 0 42.555
0 41.3665 42.555 54.0655 0 0 13.0681 1.34031 127 74.5789 1 0 0 0 0
0 0 0 16 16 0 0 0 0 0 0 127 51 0;
egregore_data 0 0 127 0 0 127 0 0 0 0 0 0 0 0 0 127 38 0 127 0 0 0
0 0 0 0 0 0 0 100 0 0 127 127 78 0 93 90 127 0 19 127 127 0 0 0 70
0 0 0 127 127 34 0 83.6806 29.1518 22.7853 18.7644 41.1711 0 42.555
0 41.3665 42.555 54.0655 0 0 13.0681 1.34031 127 74.5789 1 0 0 0 0
0 0 0 16 16 0 0 0 0 0 0 127 51 0;
egregore_data 0 0 127 0 0 127 0 0 0 0 0 0 0 0 0 127 38 0 127 0 0 0
0 0 0 0 0 0 0 100 0 0 127 127 78 0 93 90 127 0 19 127 127 0 0 0 70
0 0 0 127 127 34 0 83.6806 29.1518 22.7853 18.7644 41.1711 0 42.555
0 41.3665 42.555 54.0655 0 0 13.0681 1.34031 127 74.5789 1 0 0 0 0
0 0 0 16 16 0 0 0 0 0 0 127 51 0;
egregore_data 0 0 127 0 0 127 0 0 0 0 0 0 0 0 0 127 38 0 127 0 0 0
0 0 0 0 0 0 0 100 0 0 127 127 78 0 93 90 127 0 19 127 127 0 0 0 70
0 0 0 127 127 34 0 83.6243 28.5397 22.3069 18.3704 40.3066 0 41.6614
0 41.2328 41.6614 54.6101 0 0 12.7937 1.31217 127 74.5789 1 0 0 0 0
0 0 0 16 16 0 0 0 0 0 0 127 51 0;
egregore_data 0 0 127 0 0 127 0 0 0 0 0 0 0 0 0 127 38 0 127 0 0 0
0 0 0 0 0 0 0 100 0 0 127 127 78 0 93 90 127 0 19 127 127 0 0 0 70
0 0 0 127 127 34 0 83.6243 28.5397 22.3069 18.3704 40.3066 0 41.6614
0 41.2328 41.6614 54.6101 0 0 12.7937 1.31217 127 74.5789 1 0 0 0 0
0 0 0 16 16 0 0 0 0 0 0 127 51 0;
egregore_data 0 0 127 0 0 127 0 0 0 0 0 0 0 0 0 127 38 0 127 0 0 0
0 0 0 0 0 0 0 100 0 0 127 127 78 0 93 90 127 0 19 127 127 0 0 0 70
0 0 0 127 127 34 0 83.6243 28.5397 22.3069 18.3704 40.3066 0 41.6614
0 41.2328 41.6614 54.6101 0 0 12.7937 1.31217 127 74.5789 1 0 0 0 0
0 0 0 16 16 0 0 0 0 0 0 127 51 0;
egregore_data 0 0 127 0 0 127 0 0 0 0 0 0 0 0 0 127 38 0 127 0 0 0
0 0 0 0 0 0 0 100 0 0 127 127 78 0 93 90 127 0 19 127 127 0 0 0 70
0 0 0 127 127 34 0 83.6243 28.5397 22.3069 18.3704 40.3066 0 41.6614
0 41.2328 41.6614 54.6101 0 0 12.7937 1.31217 127 74.5789 1 0 0 0 0
0 0 0 16 16 0 0 0 0 0 0 127 51 0;
egregore_data 0 0 127 0 0 127 0 0 0 0 0 0 0 0 0 127 38 0 127 0 0 0
0 0 0 0 0 0 0 100 0 0 127 127 78 0 93 90 127 0 19 127 127 0 0 0 70
0 0 0 127 127 34 0 83.6243 28.5397 22.3069 18.3704 40.3066 0 41.6614
0 41.2328 41.6614 54.6101 0 0 12.7937 1.31217 127 74.5789 1 0 0 0 0
0 0 0 16 16 0 0 0 0 0 0 127 51 0;
egregore_data 0 0 127 0 0 127 0 0 0 0 0 0 0 0 0 127 38 0 127 0 0 0
0 0 0 0 0 0 0 100 0 0 127 127 78 0 93 90 127 0 19 127 127 0 0 0 70
0 0 0 127 127 34 0 83.6243 28.5397 22.3069 18.3704 40.3066 0 41.6614
0 41.2328 41.6614 54.6101 0 0 12.7937 1.31217 127 74.5789 1 0 0 0 0
0 0 0 16 16 0 0 0 0 0 0 127 51 0;
egregore_data 0 0 127 0 0 127 0 0 0 0 0 0 0 0 0 127 38 0 127 0 0 0
0 0 0 0 0 0 0 100 0 0 127 127 78 0 93 90 127 0 19 127 127 0 0 0 70
0 0 0 127 127 34 0 83.5668 27.9144 21.8182 17.9679 39.4235 0 40.7487
0 41.0963 40.7487 55.1663 0 0 12.5134 1.28342 127 74.5789 1 0 0 0 0
0 0 0 16 16 0 0 0 0 0 0 127 51 0;
egregore_data 0 0 127 0 0 127 0 0 0 0 0 0 0 0 0 127 38 0 127 0 0 0
0 0 0 0 0 0 0 100 0 0 127 127 78 0 93 90 127 0 19 127 127 0 0 0 70
0 0 0 127 127 34 0 83.5668 27.9144 21.8182 17.9679 39.4235 0 40.7487
0 41.0963 40.7487 55.1663 0 0 12.5134 1.28342 127 74.5789 1 0 0 0 0
0 0 0 16 16 0 0 0 0 0 0 127 51 0;
egregore_data 0 0 127 0 0 127 0 0 0 0 0 0 0 0 0 127 38 0 127 0 0 0
0 0 0 0 0 0 0 100 0 0 127 127 78 0 93 90 127 0 19 127 127 0 0 0 70
0 0 0 127 127 34 0 83.5668 27.9144 21.8182 17.9679 39.4235 0 40.7487
0 41.0963 40.7487 55.1663 0 0 12.5134 1.28342 127 74.5789 1 0 0 0 0
0 0 0 16 16 0 0 0 0 0 0 127 51 0;
egregore_data 0 0 127 0 0 127 0 0 0 0 0 0 0 0 0 127 38 0 127 0 0 0
0 0 0 0 0 0 0 100 0 0 127 127 78 0 93 90 127 0 19 127 127 0 0 0 70
0 0 0 127 127 34 0 83.5668 27.9144 21.8182 17.9679 39.4235 0 40.7487
0 41.0963 40.7487 55.1663 0 0 12.5134 1.28342 127 74.2348 1 0 0 0 0
0 0 0 16 16 0 0 0 0 0 0 127 51 0;
egregore_data 0 0 127 0 0 127 0 0 0 0 0 0 0 0 0 127 38 0 127 0 0 0
0 0 0 0 0 0 0 100 0 0 127 127 78 0 93 90 127 0 19 127 127 0 0 0 70
0 0 0 127 127 34 0 83.5668 27.9144 21.8182 17.9679 39.4235 0 40.7487
0 41.0963 40.7487 55.1663 0 0 12.5134 1.28342 127 73.8906 1 0 0 0 0
0 0 0 16 16 0 0 0 0 0 0 127 51 0;
egregore_data 0 0 127 0 0 127 0 0 0 0 0 0 0 0 0 127 38 0 127 0 0 0
0 0 0 0 0 0 0 100 0 0 127 127 78 0 93 90 127 0 19 127 127 0 0 0 70
0 0 0 127 127 34 0 83.5668 27.9144 21.8182 17.9679 39.4235 0 40.7487
0 41.0963 40.7487 55.1663 0 0 12.5134 1.28342 127 73.5464 1 0 0 0 0
0 0 0 16 16 0 0 0 0 0 0 127 51 0;
egregore_data 0 0 127 0 0 127 0 0 0 0 0 0 0 0 0 127 38 0 127 0 0 0
0 0 0 0 0 0 0 100 0 0 127 127 78 0 93 90 127 0 19 127 127 0 0 0 70
0 0 0 127 127 34 0 83.5376 27.5968 21.5699 17.7634 38.9749 0 40.2849
0 41.0269 40.2849 55.4489 0 0 12.371 1.26882 127 73.2022 1 0 0 0 0
0 0 0 16 16 0 0 0 0 0 0 127 51 0;
egregore_data 0 0 127 0 0 127 0 0 0 0 0 0 0 0 0 127 38 0 127 0 0 0
0 0 0 0 0 0 0 100 0 0 127 127 78 0 93 90 127 0 19 127 127 0 0 0 70
0 0 0 127 127 34 0 83.5081 27.2757 21.3189 17.5568 38.5214 0 39.8162
0 40.9568 39.8162 55.7346 0 0 12.227 1.25405 127 73.2022 1 0 0 0 0
0 0 0 16 16 0 0 0 0 0 0 127 51 0;
egregore_data 0 0 127 0 0 127 0 0 0 0 0 0 0 0 0 127 38 0 127 0 0 0
0 0 0 0 0 0 0 100 0 0 127 127 78 0 93 90 127 0 19 127 127 0 0 0 70
0 0 0 127 127 34 0 83.5081 27.2757 21.3189 17.5568 38.5214 0 39.8162
0 40.9568 39.8162 55.7346 0 0 12.227 1.25405 127 73.2022 1 0 0 0 0
0 0 0 16 16 0 0 0 0 0 0 127 51 0;
egregore_data 0 0 127 0 0 127 0 0 0 0 0 0 0 0 0 127 38 0 127 0 0 0
0 0 0 0 0 0 0 100 0 0 127 127 78 0 93 90 127 0 19 127 127 0 0 0 70
0 0 0 127 127 34 0 83.5081 27.2757 21.3189 17.5568 38.5214 0 39.8162
0 40.9568 39.8162 55.7346 0 0 12.227 1.25405 127 73.2022 1 0 0 0 0
0 0 0 16 16 0 0 0 0 0 0 127 51 0;
egregore_data 0 0 127 0 0 127 0 0 0 0 0 0 0 0 0 127 38 0 127 0 0 0
0 0 0 0 0 0 0 100 0 0 127 127 78 0 93 90 127 0 19 127 127 0 0 0 70
0 0 0 127 127 34 0 83.4481 26.623 20.8087 17.1366 37.5996 0 38.8634
0 40.8142 38.8634 56.3153 0 0 11.9344 1.22404 127 73.2022 1 0 0 0 0
0 0 0 16 16 0 0 0 0 0 0 127 51 0;
egregore_data 0 0 127 0 0 127 0 0 0 0 0 0 0 0 0 127 38 0 127 0 0 0
0 0 0 0 0 0 0 100 0 0 127 127 78 0 93 90 127 0 19 127 127 0 0 0 70
0 0 0 127 127 34 0 83.4481 26.623 20.8087 17.1366 37.5996 0 38.8634
0 40.8142 38.8634 56.3153 0 0 11.9344 1.22404 127 73.2022 1 0 0 0 0
0 0 0 16 16 0 0 0 0 0 0 127 51 0;
egregore_data 0 0 127 0 0 127 0 0 0 0 0 0 0 0 0 127 38 0 127 0 0 0
0 0 0 0 0 0 0 100 0 0 127 127 78 0 93 90 127 0 19 127 127 0 0 0 70
0 0 0 127 127 34 0 83.4481 26.623 20.8087 17.1366 37.5996 0 38.8634
0 40.8142 38.8634 56.3153 0 0 11.9344 1.22404 127 73.2022 1 0 0 0 0
0 0 0 16 16 0 0 0 0 0 0 127 51 0;
egregore_data 0 0 127 0 0 127 0 0 0 0 0 0 0 0 0 127 38 0 127 0 0 0
0 0 0 0 0 0 0 100 0 0 127 127 78 0 93 90 127 0 19 127 127 0 0 0 70
0 0 0 127 127 34 0 83.4481 26.623 20.8087 17.1366 37.5996 0 38.8634
0 40.8142 38.8634 56.3153 0 0 11.9344 1.22404 127 73.2022 1 0 0 0 0
0 0 0 16 16 0 0 0 0 0 0 127 51 0;
egregore_data 0 0 127 0 0 127 0 0 0 0 0 0 0 0 0 127 38 0 127 0 0 0
0 0 0 0 0 0 0 100 0 0 127 127 78 0 93 90 127 0 19 127 127 0 0 0 70
0 0 0 127 127 34 0 83.4481 26.623 20.8087 17.1366 37.5996 0 38.8634
0 40.8142 38.8634 56.3153 0 0 11.9344 1.22404 127 73.2022 1 0 0 0 0
0 0 0 16 16 0 0 0 0 0 0 127 51 0;
egregore_data 0 0 127 0 0 127 0 0 0 0 0 0 0 0 0 127 38 0 127 0 0 0
0 0 0 0 0 0 0 100 0 0 127 127 78 0 93 90 127 0 19 127 127 0 0 0 70
0 0 0 127 127 34 0 83.4481 26.623 20.8087 17.1366 37.5996 0 38.8634
0 40.8142 38.8634 56.3153 0 0 11.9344 1.22404 127 73.2022 1 0 0 0 0
0 0 0 16 16 0 0 0 0 0 0 127 51 0;
egregore_data 0 0 127 0 0 127 0 0 0 0 0 0 0 0 0 127 38 0 127 0 0 0
0 0 0 0 0 0 0 100 0 0 127 127 78 0 93 90 127 0 19 127 127 0 0 0 70
0 0 0 127 127 34 0 83.4176 26.2912 20.5495 16.9231 37.131 0 38.3791
0 40.7418 38.3791 56.6104 0 0 11.7857 1.20879 127 73.2022 1 0 0 0 0
0 0 0 16 16 0 0 0 0 0 0 127 51 0;
egregore_data 0 0 127 0 0 127 0 0 0 0 0 0 0 0 0 127 38 0 127 0 0 0
0 0 0 0 0 0 0 100 0 0 127 127 78 0 93 90 127 0 19 127 127 0 0 0 70
0 0 0 127 127 34 0 83.4176 26.2912 20.5495 16.9231 37.131 0 38.3791
0 40.7418 38.3791 56.6104 0 0 11.7857 1.20879 127 73.2022 1 0 0 0 0
0 0 0 16 16 0 0 0 0 0 0 127 51 0;
egregore_data 0 0 127 0 0 127 0 0 0 0 0 0 0 0 0 127 38 0 127 0 0 0
0 0 0 0 0 0 0 100 0 0 127 127 78 0 93 90 127 0 19 127 127 0 0 0 70
0 0 0 127 127 34 0 83.4176 26.2912 20.5495 16.9231 37.131 0 38.3791
0 40.7418 38.3791 56.6104 0 0 11.7857 1.20879 127 73.2022 1 0 0 0 0
0 0 0 16 16 0 0 0 0 0 0 127 51 0;
egregore_data 0 0 127 0 0 127 0 0 0 0 0 0 0 0 0 127 38 0 127 0 0 0
0 0 0 0 0 0 0 100 0 0 127 127 78 0 93 90 127 0 19 127 127 0 0 0 70
0 0 0 127 127 34 0 83.4176 26.2912 20.5495 16.9231 37.131 0 38.3791
0 40.7418 38.3791 56.6104 0 0 11.7857 1.20879 127 73.2022 1 0 0 0 0
0 0 0 16 16 0 0 0 0 0 0 127 51 0;
egregore_data 0 0 127 0 0 127 0 0 0 0 0 0 0 0 0 127 38 0 127 0 0 0
0 0 0 0 0 0 0 100 0 0 127 127 78 0 93 90 127 0 19 127 127 0 0 0 70
0 0 0 127 127 34 0 83.3867 25.9558 20.2873 16.7072 36.6574 0 37.8895
0 40.6685 37.8895 56.9088 0 0 11.6354 1.19337 127 73.2022 1 0 0 0 0
0 0 0 16 16 0 0 0 0 0 0 127 51 0;
egregore_data 0 0 127 0 0 127 0 0 0 0 0 0 0 0 0 127 38 0 127 0 0 0
0 0 0 0 0 0 0 100 0 0 127 127 78 0 93 90 127 0 19 127 127 0 0 0 70
0 0 0 127 127 34 0 83.3867 25.9558 20.2873 16.7072 36.6574 0 37.8895
0 40.6685 37.8895 56.9088 0 0 11.6354 1.19337 127 73.2022 1 0 0 0 0
0 0 0 16 16 0 0 0 0 0 0 127 51 0;
egregore_data 0 0 127 0 0 127 0 0 0 0 0 0 0 0 0 127 38 0 127 0 0 0
0 0 0 0 0 0 0 100 0 0 127 127 78 0 93 90 127 0 19 127 127 0 0 0 70
0 0 0 127 127 34 0 83.3867 25.9558 20.2873 16.7072 36.6574 0 37.8895
0 40.6685 37.8895 56.9088 0 0 11.6354 1.19337 127 73.2022 1 0 0 0 0
0 0 0 16 16 0 0 0 0 0 0 127 51 0;
egregore_data 0 0 127 0 0 127 0 0 0 0 0 0 0 0 0 127 38 0 127 0 0 0
0 0 0 0 0 0 0 100 0 0 127 127 78 0 93 90 127 0 19 127 127 0 0 0 70
0 0 0 127 127 34 0 83.3867 25.9558 20.2873 16.7072 36.6574 0 37.8895
0 40.6685 37.8895 56.9088 0 0 11.6354 1.19337 127 73.2022 1 0 0 0 0
0 0 0 16 16 0 0 0 0 0 0 127 51 0;
egregore_data 0 0 127 0 0 127 0 0 0 0 0 0 0 0 0 127 38 0 127 0 0 0
0 0 0 0 0 0 0 100 0 0 127 127 78 0 93 90 127 0 19 127 127 0 0 0 70
0 0 0 127 127 34 0 83.3867 25.9558 20.2873 16.7072 36.6574 0 37.8895
0 40.6685 37.8895 56.9088 0 0 11.6354 1.19337 127 73.2022 1 0 0 0 0
0 0 0 16 16 0 0 0 0 0 0 127 51 0;
egregore_data 0 0 127 0 0 127 0 0 0 0 0 0 0 0 0 127 38 0 127 0 0 0
0 0 0 0 0 0 0 100 0 0 127 127 78 0 93 90 127 0 19 127 127 0 0 0 70
0 0 0 127 127 34 0 83.3867 25.9558 20.2873 16.7072 36.6574 0 37.8895
0 40.6685 37.8895 56.9088 0 0 11.6354 1.19337 127 73.2022 1 0 0 0 0
0 0 0 16 16 0 0 0 0 0 0 127 51 0;
egregore_data 0 0 127 0 0 127 0 0 0 0 0 0 0 0 0 127 38 0 127 0 0 0
0 0 0 0 0 0 0 100 0 0 127 127 78 0 93 90 127 0 19 127 127 0 0 0 70
0 0 0 127 127 34 0 83.3556 25.6167 20.0222 16.4889 36.1784 0 37.3944
0 40.5944 37.3944 57.2105 0 0 11.4833 1.17778 127 73.2022 1 0 0 0 0
0 0 0 16 16 0 0 0 0 0 0 127 51 0;
egregore_data 0 0 127 0 0 127 0 0 0 0 0 0 0 0 0 127 38 0 127 0 0 0
0 0 0 0 0 0 0 100 0 0 127 127 78 0 93 90 127 0 19 127 127 0 0 0 70
0 0 0 127 127 34 0 83.3556 25.6167 20.0222 16.4889 36.1784 0 37.3944
0 40.5944 37.3944 57.2105 0 0 11.4833 1.17778 127 73.2022 1 0 0 0 0
0 0 0 16 16 0 0 0 0 0 0 127 51 0;
egregore_data 0 0 127 0 0 127 0 0 0 0 0 0 0 0 0 127 38 0 127 0 0 0
0 0 0 0 0 0 0 100 0 0 127 127 78 0 93 90 127 0 19 127 127 0 0 0 70
0 0 0 127 127 34 0 83.3556 25.6167 20.0222 16.4889 36.1784 0 37.3944
0 40.5944 37.3944 57.2105 0 0 11.4833 1.17778 127 73.2022 1 0 0 0 0
0 0 0 16 16 0 0 0 0 0 0 127 51 0;
egregore_data 0 0 127 0 0 127 0 0 0 0 0 0 0 0 0 127 38 0 127 0 0 0
0 0 0 0 0 0 0 100 0 0 127 127 78 0 93 90 127 0 19 127 127 0 0 0 70
0 0 0 127 127 34 0 83.3556 25.6167 20.0222 16.4889 36.1784 0 37.3944
0 40.5944 37.3944 57.2105 0 0 11.4833 1.17778 127 73.2022 1 0 0 0 0
0 0 0 16 16 0 0 0 0 0 0 127 51 0;
egregore_data 0 0 127 0 0 127 0 0 0 0 0 0 0 0 0 127 38 0 127 0 0 0
0 0 0 0 0 0 0 100 0 0 127 127 78 0 93 90 127 0 19 127 127 0 0 0 70
0 0 0 127 127 34 0 83.3556 25.6167 20.0222 16.4889 36.1784 0 37.3944
0 40.5944 37.3944 57.2105 0 0 11.4833 1.17778 127 73.2022 1 0 0 0 0
0 0 0 16 16 0 0 0 0 0 0 127 51 0;
egregore_data 0 0 127 0 0 127 0 0 0 0 0 0 0 0 0 127 38 0 127 0 0 0
0 0 0 0 0 0 0 100 0 0 127 127 78 0 93 90 127 0 19 127 127 0 0 0 70
0 0 0 127 127 34 0 83.3556 25.6167 20.0222 16.4889 36.1784 0 37.3944
0 40.5944 37.3944 57.2105 0 0 11.4833 1.17778 127 73.2022 1 0 0 0 0
0 0 0 16 16 0 0 0 0 0 0 127 51 0;
egregore_data 0 0 127 0 0 127 0 0 0 0 0 0 0 0 0 127 38 0 127 0 0 0
0 0 0 0 0 0 0 100 0 0 127 127 78 0 93 90 127 0 19 127 127 0 0 0 70
0 0 0 127 127 34 0 83.3556 25.6167 20.0222 16.4889 36.1784 0 37.3944
0 40.5944 37.3944 57.2105 0 0 11.4833 1.17778 127 73.2022 1 0 0 0 0
0 0 0 16 16 0 0 0 0 0 0 127 51 0;
egregore_data 0 0 127 0 0 127 0 0 0 0 0 0 0 0 0 127 38 0 127 0 0 0
0 0 0 0 0 0 0 100 0 0 127 127 78 0 93 90 127 0 19 127 127 0 0 0 70
0 0 0 127 127 34 0 83.324 25.2737 19.7542 16.2682 35.6941 0 36.8939
0 40.5196 36.8939 57.5156 0 0 11.3296 1.16201 127 73.2022 1 0 0 0 0
0 0 0 16 16 0 0 0 0 0 0 127 51 0;
egregore_data 0 0 127 0 0 127 0 0 0 0 0 0 0 0 0 127 38 0 127 0 0 0
0 0 0 0 0 0 0 100 0 0 127 127 78 0 93 90 127 0 19 127 127 0 0 0 70
0 0 0 127 127 34 0 83.324 25.2737 19.7542 16.2682 35.6941 0 36.8939
0 40.5196 36.8939 57.5156 0 0 11.3296 1.16201 127 73.2022 1 0 0 0 0
0 0 0 16 16 0 0 0 0 0 0 127 51 0;
egregore_data 0 0 127 0 0 127 0 0 0 0 0 0 0 0 0 127 38 0 127 0 0 0
0 0 0 0 0 0 0 100 0 0 127 127 78 0 93 90 127 0 19 127 127 0 0 0 70
0 0 0 127 127 34 0 83.324 25.2737 19.7542 16.2682 35.6941 0 36.8939
0 40.5196 36.8939 57.5156 0 0 11.3296 1.16201 127 73.2022 1 0 0 0 0
0 0 0 16 16 0 0 0 0 0 0 127 51 0;
egregore_data 0 0 127 0 0 127 0 0 0 0 0 0 0 0 0 127 38 0 127 0 0 0
0 0 0 0 0 0 0 100 0 0 127 127 78 0 93 90 127 0 19 127 127 0 0 0 70
0 0 0 127 127 34 0 83.2921 24.927 19.4831 16.0449 35.2043 0 36.3876
0 40.4438 36.3876 57.8241 0 0 11.1742 1.14607 127 73.2022 1 0 0 0 0
0 0 0 16 16 0 0 0 0 0 0 127 51 0;
egregore_data 0 0 127 0 0 127 0 0 0 0 0 0 0 0 0 127 38 0 127 0 0 0
0 0 0 0 0 0 0 100 0 0 127 127 78 0 93 90 127 0 19 127 127 0 0 0 70
0 0 0 127 127 34 0 83.2921 24.927 19.4831 16.0449 35.2043 0 36.3876
0 40.4438 36.3876 57.8241 0 0 11.1742 1.14607 127 73.2022 1 0 0 0 0
0 0 0 16 16 0 0 0 0 0 0 127 51 0;
egregore_data 0 0 127 0 0 127 0 0 0 0 0 0 0 0 0 127 38 0 127 0 0 0
0 0 0 0 0 0 0 100 0 0 127 127 78 0 93 90 127 0 19 127 127 0 0 0 70
0 0 0 127 127 34 0 83.2921 24.927 19.4831 16.0449 35.2043 0 36.3876
0 40.4438 36.3876 57.8241 0 0 11.1742 1.14607 127 73.2022 1 0 0 0 0
0 0 0 16 16 0 0 0 0 0 0 127 51 0;
egregore_data 0 0 127 0 0 127 0 0 0 0 0 0 0 0 0 127 38 0 127 0 0 0
0 0 0 0 0 0 0 100 0 0 127 127 78 0 93 90 127 0 19 127 127 0 0 0 70
0 0 0 127 127 34 0 83.2921 24.927 19.4831 16.0449 35.2043 0 36.3876
0 40.4438 36.3876 57.8241 0 0 11.1742 1.14607 127 73.2022 1 0 0 0 0
0 0 0 16 16 0 0 0 0 0 0 127 51 0;
egregore_data 0 0 127 0 0 127 0 0 0 0 0 0 0 0 0 127 38 0 127 0 0 0
0 0 0 0 0 0 0 100 0 0 127 127 78 0 93 90 127 0 19 127 127 0 0 0 70
0 0 0 127 127 34 0 83.2921 24.927 19.4831 16.0449 35.2043 0 36.3876
0 40.4438 36.3876 57.8241 0 0 11.1742 1.14607 127 73.2022 1 0 0 0 0
0 0 0 16 16 0 0 0 0 0 0 127 51 0;
egregore_data 0 0 127 0 0 127 0 0 0 0 0 0 0 0 0 127 38 0 127 0 0 0
0 0 0 0 0 0 0 100 0 0 127 127 78 0 93 90 127 0 19 127 127 0 0 0 70
0 0 0 127 127 34 0 83.2921 24.927 19.4831 16.0449 35.2043 0 36.3876
0 40.4438 36.3876 57.8241 0 0 11.1742 1.14607 127 73.2022 1 0 0 0 0
0 0 0 16 16 0 0 0 0 0 0 127 51 0;
egregore_data 0 0 127 0 0 127 0 0 0 0 0 0 0 0 0 127 38 0 127 0 0 0
0 0 0 0 0 0 0 100 0 0 127 127 78 0 93 90 127 0 19 127 127 0 0 0 70
0 0 0 127 127 34 0 83.2921 24.927 19.4831 16.0449 35.2043 0 36.3876
0 40.4438 36.3876 57.8241 0 0 11.1742 1.14607 127 73.2022 1 0 0 0 0
0 0 0 16 16 0 0 0 0 0 0 127 51 0;
egregore_data 0 0 127 0 0 127 0 0 0 0 0 0 0 0 0 127 38 0 127 0 0 0
0 0 0 0 0 0 0 100 0 0 127 127 78 0 93 90 127 0 19 127 127 0 0 0 70
0 0 0 127 127 34 0 83.2921 24.927 19.4831 16.0449 35.2043 0 36.3876
0 40.4438 36.3876 57.8241 0 0 11.1742 1.14607 127 73.2022 1 0 0 0 0
0 0 0 16 16 0 0 0 0 0 0 127 51 0;
egregore_data 0 0 127 0 0 127 0 0 0 0 0 0 0 0 0 127 38 0 127 0 0 0
0 0 0 0 0 0 0 100 0 0 127 127 78 0 93 90 127 0 19 127 127 0 0 0 70
0 0 0 127 127 34 0 83.2921 24.927 19.4831 16.0449 35.2043 0 36.3876
0 40.4438 36.3876 57.8241 0 0 11.1742 1.14607 127 73.2022 1 0 0 0 0
0 0 0 16 16 0 0 0 0 0 0 127 51 0;
egregore_data 0 0 127 0 0 127 0 0 0 0 0 0 0 0 0 127 38 0 127 0 0 0
0 0 0 0 0 0 0 100 0 0 127 127 78 0 93 90 127 0 19 127 127 0 0 0 70
0 0 0 127 127 34 0 83.2921 24.927 19.4831 16.0449 35.2043 0 36.3876
0 40.4438 36.3876 57.8241 0 0 11.1742 1.14607 127 73.2022 1 0 0 0 0
0 0 0 16 16 0 0 0 0 0 0 127 51 0;
egregore_data 0 0 127 0 0 127 0 0 0 0 0 0 0 0 0 127 38 0 127 0 0 0
0 0 0 0 0 0 0 100 0 0 127 127 78 0 93 90 127 0 19 127 127 0 0 0 70
0 0 0 127 127 34 0 83.2921 24.927 19.4831 16.0449 35.2043 0 36.3876
0 40.4438 36.3876 57.8241 0 0 11.1742 1.14607 127 73.2022 1 0 0 0 0
0 0 0 16 16 0 0 0 0 0 0 127 51 0;
egregore_data 0 0 127 0 0 127 0 0 0 0 0 0 0 0 0 127 38 0 127 0 0 0
0 0 0 0 0 0 0 100 0 0 127 127 78 0 93 90 127 0 19 127 127 0 0 0 70
0 0 0 127 127 34 0 83.2921 24.927 19.4831 16.0449 35.2043 0 36.3876
0 40.4438 36.3876 57.8241 0 0 11.1742 1.14607 127 73.2022 1 0 0 0 0
0 0 0 16 16 0 0 0 0 0 0 127 51 0;
egregore_data 0 0 127 0 0 127 0 0 0 0 0 0 0 0 0 127 38 0 127 0 0 0
0 0 0 0 0 0 0 100 0 0 127 127 78 0 93 90 127 0 19 127 127 0 0 0 70
0 0 0 127 127 34 0 83.2921 24.927 19.4831 16.0449 35.2043 0 36.3876
0 40.4438 36.3876 57.8241 0 0 11.1742 1.14607 127 73.2022 1 0 0 0 0
0 0 0 16 16 0 0 0 0 0 0 127 51 0;
egregore_data 0 0 127 0 0 127 0 0 0 0 0 0 0 0 0 127 38 0 127 0 0 0
0 0 0 0 0 0 0 100 0 0 127 127 78 0 93 90 127 0 19 127 127 0 0 0 70
0 0 0 127 127 34 0 83.2921 24.927 19.4831 16.0449 35.2043 0 36.3876
0 40.4438 36.3876 57.8241 0 0 11.1742 1.14607 127 73.2022 1 0 0 0 0
0 0 0 16 16 0 0 0 0 0 0 127 51 0;
egregore_data 0 0 127 0 0 127 0 0 0 0 0 0 0 0 0 127 38 0 127 0 0 0
0 0 0 0 0 0 0 100 0 0 127 127 78 0 93 90 127 0 19 127 127 0 0 0 70
0 0 0 127 127 34 0 83.2273 24.2216 18.9318 15.5909 34.2081 0 35.358
0 40.2898 35.358 58.4516 0 0 10.858 1.11364 127 73.2022 1 0 0 0 0 0
0 0 16 16 0 0 0 0 0 0 127 51 0;
egregore_data 0 0 127 0 0 127 0 0 0 0 0 0 0 0 0 127 38 0 127 0 0 0
0 0 0 0 0 0 0 100 0 0 127 127 78 0 93 90 127 0 19 127 127 0 0 0 70
0 0 0 127 127 34 0 83.2273 24.2216 18.9318 15.5909 34.2081 0 35.358
0 40.2898 35.358 58.4516 0 0 10.858 1.11364 127 73.2022 1 0 0 0 0 0
0 0 16 16 0 0 0 0 0 0 127 51 0;
egregore_data 0 0 127 0 0 127 0 0 0 0 0 0 0 0 0 127 38 0 127 0 0 0
0 0 0 0 0 0 0 100 0 0 127 127 78 0 93 90 127 0 19 127 127 0 0 0 70
0 0 0 127 127 34 0 83.2273 24.2216 18.9318 15.5909 34.2081 0 35.358
0 40.2898 35.358 58.4516 0 0 10.858 1.11364 127 73.2022 1 0 0 0 0 0
0 0 16 16 0 0 0 0 0 0 127 51 0;
egregore_data 0 0 127 0 0 127 0 0 0 0 0 0 0 0 0 127 38 0 127 0 0 0
0 0 0 0 0 0 0 100 0 0 127 127 78 0 93 90 127 0 19 127 127 0 0 0 70
0 0 0 127 127 34 0 83.2273 24.2216 18.9318 15.5909 34.2081 0 35.358
0 40.2898 35.358 58.4516 0 0 10.858 1.11364 127 73.2022 1 0 0 0 0 0
0 0 16 16 0 0 0 0 0 0 127 51 0;
egregore_data 0 0 127 0 0 127 0 0 0 0 0 0 0 0 0 127 38 0 127 0 0 0
0 0 0 0 0 0 0 100 0 0 127 127 78 0 93 90 127 0 19 127 127 0 0 0 70
0 0 0 127 127 34 0 83.2273 24.2216 18.9318 15.5909 34.2081 0 35.358
0 40.2898 35.358 58.4516 0 0 10.858 1.11364 127 73.2022 1 0 0 0 0 0
0 0 16 16 0 0 0 0 0 0 127 51 0;
egregore_data 0 0 127 0 0 127 0 0 0 0 0 0 0 0 0 127 38 0 127 0 0 0
0 0 0 0 0 0 0 100 0 0 127 127 78 0 93 90 127 0 19 127 127 0 0 0 70
0 0 0 127 127 34 0 83.2273 24.2216 18.9318 15.5909 34.2081 0 35.358
0 40.2898 35.358 58.4516 0 0 10.858 1.11364 127 73.2022 1 0 0 0 0 0
0 0 16 16 0 0 0 0 0 0 127 51 0;
egregore_data 0 0 127 0 0 127 0 0 0 0 0 0 0 0 0 127 38 0 127 0 0 0
0 0 0 0 0 0 0 100 0 0 127 127 78 0 93 90 127 0 19 127 127 0 0 0 70
0 0 0 127 127 34 0 83.2273 24.2216 18.9318 15.5909 34.2081 0 35.358
0 40.2898 35.358 58.4516 0 0 10.858 1.11364 127 73.2022 1 0 0 0 0 0
0 0 16 16 0 0 0 0 0 0 127 51 0;
egregore_data 0 0 127 0 0 127 0 0 0 0 0 0 0 0 0 127 38 0 127 0 0 0
0 0 0 0 0 0 0 100 0 0 127 127 78 0 93 90 127 0 19 127 127 0 0 0 70
0 0 0 127 127 34 0 83.2273 24.2216 18.9318 15.5909 34.2081 0 35.358
0 40.2898 35.358 58.4516 0 0 10.858 1.11364 127 73.2022 1 0 0 0 0 0
0 0 16 16 0 0 0 0 0 0 127 51 0;
egregore_data 0 0 127 0 0 127 0 0 0 0 0 0 0 0 0 127 38 0 127 0 0 0
0 0 0 0 0 0 0 100 0 0 127 127 78 0 93 90 127 0 19 127 127 0 0 0 70
0 0 0 127 127 34 0 83.1943 23.8629 18.6514 15.36 33.7015 0 34.8343
0 40.2114 34.8343 58.7707 0 0 10.6971 1.09714 127 73.2022 1 0 0 0 0
0 0 0 16 16 0 0 0 0 0 0 127 51 0;
egregore_data 0 0 127 0 0 127 0 0 0 0 0 0 0 0 0 127 38 0 127 0 0 0
0 0 0 0 0 0 0 100 0 0 127 127 78 0 93 90 127 0 19 127 127 0 0 0 70
0 0 0 127 127 34 0 83.1943 23.8629 18.6514 15.36 33.7015 0 34.8343
0 40.2114 34.8343 58.7707 0 0 10.6971 1.09714 127 73.2022 1 0 0 0 0
0 0 0 16 16 0 0 0 0 0 0 127 51 0;
egregore_data 0 0 127 0 0 127 0 0 0 0 0 0 0 0 0 127 38 0 127 0 0 0
0 0 0 0 0 0 0 100 0 0 127 127 78 0 93 90 127 0 19 127 127 0 0 0 70
0 0 0 127 127 34 0 83.1943 23.8629 18.6514 15.36 33.7015 0 34.8343
0 40.2114 34.8343 58.7707 0 0 10.6971 1.09714 127 73.2022 1 0 0 0 0
0 0 0 16 16 0 0 0 0 0 0 127 51 0;
egregore_data 0 0 127 0 0 127 0 0 0 0 0 0 0 0 0 127 38 0 127 0 0 0
0 0 0 0 0 0 0 100 0 0 127 127 78 0 93 90 127 0 19 127 127 0 0 0 70
0 0 0 127 127 34 0 83.1943 23.8629 18.6514 15.36 33.7015 0 34.8343
0 40.2114 34.8343 58.7707 0 0 10.6971 1.09714 127 73.2022 1 0 0 0 0
0 0 0 16 16 0 0 0 0 0 0 127 51 0;
egregore_data 0 0 127 0 0 127 0 0 0 0 0 0 0 0 0 127 38 0 127 0 0 0
0 0 0 0 0 0 0 100 0 0 127 127 78 0 93 90 127 0 19 127 127 0 0 0 70
0 0 0 127 127 34 0 83.1943 23.8629 18.6514 15.36 33.7015 0 34.8343
0 40.2114 34.8343 58.7707 0 0 10.6971 1.09714 127 73.2022 1 0 0 0 0
0 0 0 16 16 0 0 0 0 0 0 127 51 0;
egregore_data 0 0 127 0 0 127 0 0 0 0 0 0 0 0 0 127 38 0 127 0 0 0
0 0 0 0 0 0 0 100 0 0 127 127 78 0 93 90 127 0 19 127 127 0 0 0 70
0 0 0 127 127 34 0 83.1609 23.5 18.3678 15.1264 33.189 0 34.3046 0
40.1322 34.3046 59.0935 0 0 10.5345 1.08046 127 73.2022 1 0 0 0 0 0
0 0 16 16 0 0 0 0 0 0 127 51 0;
egregore_data 0 0 127 0 0 127 0 0 0 0 0 0 0 0 0 127 38 0 127 0 0 0
0 0 0 0 0 0 0 100 0 0 127 127 78 0 93 90 127 0 19 127 127 0 0 0 70
0 0 0 127 127 34 0 83.1609 23.5 18.3678 15.1264 33.189 0 34.3046 0
40.1322 34.3046 59.0935 0 0 10.5345 1.08046 127 73.2022 1 0 0 0 0 0
0 0 16 16 0 0 0 0 0 0 127 51 0;
egregore_data 0 0 127 0 0 127 0 0 0 0 0 0 0 0 0 127 38 0 127 0 0 0
0 0 0 0 0 0 0 100 0 0 127 127 78 0 93 90 127 0 19 127 127 0 0 0 70
0 0 0 127 127 34 0 83.1609 23.5 18.3678 15.1264 33.189 0 34.3046 0
40.1322 34.3046 59.0935 0 0 10.5345 1.08046 127 73.2022 1 0 0 0 0 0
0 0 16 16 0 0 0 0 0 0 127 51 0;
egregore_data 0 0 127 0 0 127 0 0 0 0 0 0 0 0 0 127 38 0 127 0 0 0
0 0 0 0 0 0 0 100 0 0 127 127 78 0 93 90 127 0 19 127 127 0 0 0 70
0 0 0 127 127 34 0 83.1609 23.5 18.3678 15.1264 33.189 0 34.3046 0
40.1322 34.3046 59.0935 0 0 10.5345 1.08046 127 73.2022 1 0 0 0 0 0
0 0 16 16 0 0 0 0 0 0 127 51 0;
egregore_data 0 0 127 0 0 127 0 0 0 0 0 0 0 0 0 127 38 0 127 0 0 0
0 0 0 0 0 0 0 100 0 0 127 127 78 0 93 90 127 0 19 127 127 0 0 0 70
0 0 0 127 127 34 0 83.1609 23.5 18.3678 15.1264 33.189 0 34.3046 0
40.1322 34.3046 59.0935 0 0 10.5345 1.08046 127 73.2022 1 0 0 0 0 0
0 0 16 16 0 0 0 0 0 0 127 51 0;
egregore_data 0 0 127 0 0 127 0 0 0 0 0 0 0 0 0 127 38 0 127 0 0 0
0 0 0 0 0 0 0 100 0 0 127 127 78 0 93 90 127 0 19 127 127 0 0 0 70
0 0 0 127 127 34 0 83.1609 23.5 18.3678 15.1264 33.189 0 34.3046 0
40.1322 34.3046 59.0935 0 0 10.5345 1.08046 127 73.2022 1 0 0 0 0 0
0 0 16 16 0 0 0 0 0 0 127 51 0;
egregore_data 0 0 127 0 0 127 0 0 0 0 0 0 0 0 0 127 38 0 127 0 0 0
0 0 0 0 0 0 0 100 0 0 127 127 78 0 93 90 127 0 19 127 127 0 0 0 70
0 0 0 127 127 34 0 83.1609 23.5 18.3678 15.1264 33.189 0 34.3046 0
40.1322 34.3046 59.0935 0 0 10.5345 1.08046 127 73.2022 1 0 0 0 0 0
0 0 16 16 0 0 0 0 0 0 127 51 0;
egregore_data 0 0 127 0 0 127 0 0 0 0 0 0 0 0 0 127 38 0 127 0 0 0
0 0 0 0 0 0 0 100 0 0 127 127 78 0 93 90 127 0 19 127 127 0 0 0 70
0 0 0 127 127 34 0 83.1609 23.5 18.3678 15.1264 33.189 0 34.3046 0
40.1322 34.3046 59.0935 0 0 10.5345 1.08046 127 73.2022 1 0 0 0 0 0
0 0 16 16 0 0 0 0 0 0 127 51 0;
egregore_data 0 0 127 0 0 127 0 0 0 0 0 0 0 0 0 127 38 0 127 0 0 0
0 0 0 0 0 0 0 100 0 0 127 127 78 0 93 90 127 0 19 127 127 0 0 0 70
0 0 0 127 127 34 0 83.1609 23.5 18.3678 15.1264 33.189 0 34.3046 0
40.1322 34.3046 59.0935 0 0 10.5345 1.08046 127 73.2022 1 0 0 0 0 0
0 0 16 16 0 0 0 0 0 0 127 51 0;
egregore_data 0 0 127 0 0 127 0 0 0 0 0 0 0 0 0 127 38 0 127 0 0 0
0 0 0 0 0 0 0 100 0 0 127 127 78 0 93 90 127 0 19 127 127 0 0 0 70
0 0 0 127 127 34 0 83.1609 23.5 18.3678 15.1264 33.189 0 34.3046 0
40.1322 34.3046 59.0935 0 0 10.5345 1.08046 127 73.2022 1 0 0 0 0 0
0 0 16 16 0 0 0 0 0 0 127 51 0;
egregore_data 0 0 127 0 0 127 0 0 0 0 0 0 0 0 0 127 38 0 127 0 0 0
0 0 0 0 0 0 0 100 0 0 127 127 78 0 93 90 127 0 19 127 127 0 0 0 70
0 0 0 127 127 34 0 83.1609 23.5 18.3678 15.1264 33.189 0 34.3046 0
40.1322 34.3046 59.0935 0 0 10.5345 1.08046 127 73.2022 1 0 0 0 0 0
0 0 16 16 0 0 0 0 0 0 127 51 0;
egregore_data 0 0 127 0 0 127 0 0 0 0 0 0 0 0 0 127 38 0 127 0 0 0
0 0 0 0 0 0 0 100 0 0 127 127 78 0 93 90 127 0 19 127 127 0 0 0 70
0 0 0 127 127 34 0 83.1609 23.5 18.3678 15.1264 33.189 0 34.3046 0
40.1322 34.3046 59.0935 0 0 10.5345 1.08046 127 73.2022 1 0 0 0 0 0
0 0 16 16 0 0 0 0 0 0 127 51 0;
egregore_data 0 0 127 0 0 127 0 0 0 0 0 0 0 0 0 127 38 0 127 0 0 0
0 0 0 0 0 0 0 100 0 0 127 127 78 0 93 90 127 0 19 127 127 0 0 0 70
0 0 0 127 127 34 0 83.1609 23.5 18.3678 15.1264 33.189 0 34.3046 0
40.1322 34.3046 59.0935 0 0 10.5345 1.08046 127 73.2022 1 0 0 0 0 0
0 0 16 16 0 0 0 0 0 0 127 51 0;
egregore_data 0 0 127 0 0 127 0 0 0 0 0 0 0 0 0 127 38 0 127 0 0 0
0 0 0 0 0 0 0 100 0 0 127 127 78 0 93 90 127 0 19 127 127 0 0 0 70
0 0 0 127 127 34 0 83.1609 23.5 18.3678 15.1264 33.189 0 34.3046 0
40.1322 34.3046 59.0935 0 0 10.5345 1.08046 127 73.2022 1 0 0 0 0 0
0 0 16 16 0 0 0 0 0 0 127 51 0;
egregore_data 0 0 127 0 0 127 0 0 0 0 0 0 0 0 0 127 38 0 127 0 0 0
0 0 0 0 0 0 0 100 0 0 127 127 78 0 93 90 127 0 19 127 127 0 0 0 70
0 0 0 127 127 34 0 83.1609 23.5 18.3678 15.1264 33.189 0 34.3046 0
40.1322 34.3046 59.0935 0 0 10.5345 1.08046 127 73.2022 1 0 0 0 0 0
0 0 16 16 0 0 0 0 0 0 127 51 0;
egregore_data 0 0 127 0 0 127 0 0 0 0 0 0 0 0 0 127 38 0 127 0 0 0
0 0 0 0 0 0 0 100 0 0 127 127 78 0 93 90 127 0 19 127 127 0 0 0 70
0 0 0 127 127 34 0 83.1609 23.5 18.3678 15.1264 33.189 0 34.3046 0
40.1322 34.3046 59.0935 0 0 10.5345 1.08046 127 73.2022 1 0 0 0 0 0
0 0 16 16 0 0 0 0 0 0 127 51 0;
egregore_data 0 0 127 0 0 127 0 0 0 0 0 0 0 0 0 127 38 0 127 0 0 0
0 0 0 0 0 0 0 100 0 0 127 127 78 0 93 90 127 0 19 127 127 0 0 0 70
0 0 0 127 127 34 0 83.1609 23.5 18.3678 15.1264 33.189 0 34.3046 0
40.1322 34.3046 59.0935 0 0 10.5345 1.08046 127 73.2022 1 0 0 0 0 0
0 0 16 16 0 0 0 0 0 0 127 51 0;
egregore_data 0 0 127 0 0 127 0 0 0 0 0 0 0 0 0 127 38 0 127 0 0 0
0 0 0 0 0 0 0 100 0 0 127 127 78 0 93 90 127 0 19 127 127 0 0 0 70
0 0 0 127 127 34 0 83.1609 23.5 18.3678 15.1264 33.189 0 34.3046 0
40.1322 34.3046 59.0935 0 0 10.5345 1.08046 127 73.2022 1 0 0 0 0 0
0 0 16 16 0 0 0 0 0 0 127 51 0;
egregore_data 0 0 127 0 0 127 0 0 0 0 0 0 0 0 0 127 38 0 127 0 0 0
0 0 0 0 0 0 0 100 0 0 127 127 78 0 93 90 127 0 19 127 127 0 0 0 70
0 0 0 127 127 34 0 83.1609 23.5 18.3678 15.1264 33.189 0 34.3046 0
40.1322 34.3046 59.0935 0 0 10.5345 1.08046 127 73.2022 1 0 0 0 0 0
0 0 16 16 0 0 0 0 0 0 127 51 0;
egregore_data 0 0 127 0 0 127 0 0 0 0 0 0 0 0 0 127 38 0 127 0 0 0
0 0 0 0 0 0 0 100 0 0 127 127 78 0 93 90 127 0 19 127 127 0 0 0 70
0 0 0 127 127 34 0 83.1609 23.5 18.3678 15.1264 33.189 0 34.3046 0
40.1322 34.3046 59.0935 0 0 10.5345 1.08046 127 73.2022 1 0 0 0 0 0
0 0 16 16 0 0 0 0 0 0 127 51 0;
egregore_data 0 0 127 0 0 127 0 0 0 0 0 0 0 0 0 127 38 0 127 0 0 0
0 0 0 0 0 0 0 100 0 0 127 127 78 0 93 90 127 0 19 127 127 0 0 0 70
0 0 0 127 127 34 0 83.1609 23.5 18.3678 15.1264 33.189 0 34.3046 0
40.1322 34.3046 59.0935 0 0 10.5345 1.08046 127 73.2022 1 0 0 0 0 0
0 0 16 16 0 0 0 0 0 0 127 51 0;
END;
