HTTP/1.1 200 OK
Date: Thu, 28 May 2015 12:25:29 GMT
Server: Apache
Last-Modified: Wed, 27 May 2015 19:29:52 GMT
Accept-Ranges: bytes
Content-Length: 30449
Vary: Accept-Encoding
Connection: close
Content-Type: text/plain

chdh_egregore_live_data;
egregore_data 0 0 127 0 0 127 0 0 0 0 0 0 0 0 0 127 38 0 127 0 0 0
0 0 0 0 0 0 0 100 0 0 127 127 78 0 93 90 127 0 19 127 127 0 0 0 70
0 0 0 127 127 34 0 84.6766 39.983 31.2511 25.7362 56.4679 0 58.366
0 43.7319 58.366 44.4297 0 0 17.9234 1.8383 127 80.4299 1 0 0 0 0 0
0 0 16 16 0 0 0 0 0 0 127 51 0;
egregore_data 0 0 127 0 0 127 0 0 0 0 0 0 0 0 0 127 38 0 127 0 0 0
0 0 0 0 0 0 0 100 0 0 127 127 78 0 93 90 127 0 19 127 127 0 0 0 70
0 0 0 127 127 34 0 84.6766 39.983 31.2511 25.7362 56.4679 0 58.366
0 43.7319 58.366 44.4297 0 0 17.9234 1.8383 127 80.4299 1 0 0 0 0 0
0 0 16 16 0 0 0 0 0 0 127 51 0;
egregore_data 0 0 127 0 0 127 0 0 0 0 0 0 0 0 0 127 38 0 127 0 0 0
0 0 0 0 0 0 0 100 0 0 127 127 78 0 93 90 127 0 19 127 127 0 0 0 70
0 0 0 127 127 34 0 84.6395 39.5794 30.9356 25.4764 55.8979 0 57.7768
0 43.6438 57.7768 44.7887 0 0 17.7425 1.81974 127 80.4299 1 0 0 0 0
0 0 0 16 16 0 0 0 0 0 0 127 51 0;
egregore_data 0 0 127 0 0 127 0 0 0 0 0 0 0 0 0 127 38 0 127 0 0 0
0 0 0 0 0 0 0 100 0 0 127 127 78 0 93 90 127 0 19 127 127 0 0 0 70
0 0 0 127 127 34 0 84.6395 39.5794 30.9356 25.4764 55.8979 0 57.7768
0 43.6438 57.7768 44.7887 0 0 17.7425 1.81974 127 80.4299 1 0 0 0 0
0 0 0 16 16 0 0 0 0 0 0 127 51 0;
egregore_data 0 0 127 0 0 127 0 0 0 0 0 0 0 0 0 127 38 0 127 0 0 0
0 0 0 0 0 0 0 100 0 0 127 127 78 0 93 90 127 0 19 127 127 0 0 0 70
0 0 0 127 127 34 0 84.6395 39.5794 30.9356 25.4764 55.8979 0 57.7768
0 43.6438 57.7768 44.7887 0 0 17.7425 1.81974 127 80.4299 1 0 0 0 0
0 0 0 16 16 0 0 0 0 0 0 127 51 0;
egregore_data 0 0 127 0 0 127 0 0 0 0 0 0 0 0 0 127 38 0 127 0 0 0
0 0 0 0 0 0 0 100 0 0 127 127 78 0 93 90 127 0 19 127 127 0 0 0 70
0 0 0 127 127 34 0 84.6395 39.5794 30.9356 25.4764 55.8979 0 57.7768
0 43.6438 57.7768 44.7887 0 0 17.7425 1.81974 127 80.4299 1 0 0 0 0
0 0 0 16 16 0 0 0 0 0 0 127 51 0;
egregore_data 0 0 127 0 0 127 0 0 0 0 0 0 0 0 0 127 38 0 127 0 0 0
0 0 0 0 0 0 0 100 0 0 127 127 78 0 93 90 127 0 19 127 127 0 0 0 70
0 0 0 127 127 34 0 84.6395 39.5794 30.9356 25.4764 55.8979 0 57.7768
0 43.6438 57.7768 44.7887 0 0 17.7425 1.81974 127 80.4299 1 0 0 0 0
0 0 0 16 16 0 0 0 0 0 0 127 51 0;
egregore_data 0 0 127 0 0 127 0 0 0 0 0 0 0 0 0 127 38 0 127 0 0 0
0 0 0 0 0 0 0 100 0 0 127 127 78 0 93 90 127 0 19 127 127 0 0 0 70
0 0 0 127 127 34 0 84.6395 39.5794 30.9356 25.4764 55.8979 0 57.7768
0 43.6438 57.7768 44.7887 0 0 17.7425 1.81974 127 80.4299 1 0 0 0 0
0 0 0 16 16 0 0 0 0 0 0 127 51 0;
egregore_data 0 0 127 0 0 127 0 0 0 0 0 0 0 0 0 127 38 0 127 0 0 0
0 0 0 0 0 0 0 100 0 0 127 127 78 0 93 90 127 0 19 127 127 0 0 0 70
0 0 0 127 127 34 0 84.6207 39.375 30.7759 25.3448 55.6093 0 57.4784
0 43.5991 57.4784 44.9706 0 0 17.6509 1.81034 127 80.4299 1 0 0 0 0
0 0 0 16 16 0 0 0 0 0 0 127 51 0;
egregore_data 0 0 127 0 0 127 0 0 0 0 0 0 0 0 0 127 38 0 127 0 0 0
0 0 0 0 0 0 0 100 0 0 127 127 78 0 93 90 127 0 19 127 127 0 0 0 70
0 0 0 127 127 34 0 84.6207 39.375 30.7759 25.3448 55.6093 0 57.4784
0 43.5991 57.4784 44.9706 0 0 17.6509 1.81034 127 80.4299 1 0 0 0 0
0 0 0 16 16 0 0 0 0 0 0 127 51 0;
egregore_data 0 0 127 0 0 127 0 0 0 0 0 0 0 0 0 127 38 0 127 0 0 0
0 0 0 0 0 0 0 100 0 0 127 127 78 0 93 90 127 0 19 127 127 0 0 0 70
0 0 0 127 127 34 0 84.6207 39.375 30.7759 25.3448 55.6093 0 57.4784
0 43.5991 57.4784 44.9706 0 0 17.6509 1.81034 127 80.4299 1 0 0 0 0
0 0 0 16 16 0 0 0 0 0 0 127 51 0;
egregore_data 0 0 127 0 0 127 0 0 0 0 0 0 0 0 0 127 38 0 127 0 0 0
0 0 0 0 0 0 0 100 0 0 127 127 78 0 93 90 127 0 19 127 127 0 0 0 70
0 0 0 127 127 34 0 84.6207 39.375 30.7759 25.3448 55.6093 0 57.4784
0 43.5991 57.4784 44.9706 0 0 17.6509 1.81034 127 80.4299 1 0 0 0 0
0 0 0 16 16 0 0 0 0 0 0 127 51 0;
egregore_data 0 0 127 0 0 127 0 0 0 0 0 0 0 0 0 127 38 0 127 0 0 0
0 0 0 0 0 0 0 100 0 0 127 127 78 0 93 90 127 0 19 127 127 0 0 0 70
0 0 0 127 127 34 0 84.6207 39.375 30.7759 25.3448 55.6093 0 57.4784
0 43.5991 57.4784 44.9706 0 0 17.6509 1.81034 127 80.4299 1 0 0 0 0
0 0 0 16 16 0 0 0 0 0 0 127 51 0;
egregore_data 0 0 127 0 0 127 0 0 0 0 0 0 0 0 0 127 38 0 127 0 0 0
0 0 0 0 0 0 0 100 0 0 127 127 78 0 93 90 127 0 19 127 127 0 0 0 70
0 0 0 127 127 34 0 84.6017 39.1688 30.6147 25.2121 55.3181 0 57.1775
0 43.5541 57.1775 45.154 0 0 17.5584 1.80087 127 80.4299 1 0 0 0 0
0 0 0 16 16 0 0 0 0 0 0 127 51 0;
egregore_data 0 0 127 0 0 127 0 0 0 0 0 0 0 0 0 127 38 0 127 0 0 0
0 0 0 0 0 0 0 100 0 0 127 127 78 0 93 90 127 0 19 127 127 0 0 0 70
0 0 0 127 127 34 0 84.6017 39.1688 30.6147 25.2121 55.3181 0 57.1775
0 43.5541 57.1775 45.154 0 0 17.5584 1.80087 127 80.4299 1 0 0 0 0
0 0 0 16 16 0 0 0 0 0 0 127 51 0;
egregore_data 0 0 127 0 0 127 0 0 0 0 0 0 0 0 0 127 38 0 127 0 0 0
0 0 0 0 0 0 0 100 0 0 127 127 78 0 93 90 127 0 19 127 127 0 0 0 70
0 0 0 127 127 34 0 84.6017 39.1688 30.6147 25.2121 55.3181 0 57.1775
0 43.5541 57.1775 45.154 0 0 17.5584 1.80087 127 80.4299 1 0 0 0 0
0 0 0 16 16 0 0 0 0 0 0 127 51 0;
egregore_data 0 0 127 0 0 127 0 0 0 0 0 0 0 0 0 127 38 0 127 0 0 0
0 0 0 0 0 0 0 100 0 0 127 127 78 0 93 90 127 0 19 127 127 0 0 0 70
0 0 0 127 127 34 0 84.6017 39.1688 30.6147 25.2121 55.3181 0 57.1775
0 43.5541 57.1775 45.154 0 0 17.5584 1.80087 127 80.4299 1 0 0 0 0
0 0 0 16 16 0 0 0 0 0 0 127 51 0;
egregore_data 0 0 127 0 0 127 0 0 0 0 0 0 0 0 0 127 38 0 127 0 0 0
0 0 0 0 0 0 0 100 0 0 127 127 78 0 93 90 127 0 19 127 127 0 0 0 70
0 0 0 127 127 34 0 84.6017 39.1688 30.6147 25.2121 55.3181 0 57.1775
0 43.5541 57.1775 45.154 0 0 17.5584 1.80087 127 80.4299 1 0 0 0 0
0 0 0 16 16 0 0 0 0 0 0 127 51 0;
egregore_data 0 0 127 0 0 127 0 0 0 0 0 0 0 0 0 127 38 0 127 0 0 0
0 0 0 0 0 0 0 100 0 0 127 127 78 0 93 90 127 0 19 127 127 0 0 0 70
0 0 0 127 127 34 0 84.6017 39.1688 30.6147 25.2121 55.3181 0 57.1775
0 43.5541 57.1775 45.154 0 0 17.5584 1.80087 127 80.4299 1 0 0 0 0
0 0 0 16 16 0 0 0 0 0 0 127 51 0;
egregore_data 0 0 127 0 0 127 0 0 0 0 0 0 0 0 0 127 38 0 127 0 0 0
0 0 0 0 0 0 0 100 0 0 127 127 78 0 93 90 127 0 19 127 127 0 0 0 70
0 0 0 127 127 34 0 84.6017 39.1688 30.6147 25.2121 55.3181 0 57.1775
0 43.5541 57.1775 45.154 0 0 17.5584 1.80087 127 80.4299 1 0 0 0 0
0 0 0 16 16 0 0 0 0 0 0 127 51 0;
egregore_data 0 0 127 0 0 127 0 0 0 0 0 0 0 0 0 127 38 0 127 0 0 0
0 0 0 0 0 0 0 100 0 0 127 127 78 0 93 90 127 0 19 127 127 0 0 0 70
0 0 0 127 127 34 0 84.6017 39.1688 30.6147 25.2121 55.3181 0 57.1775
0 43.5541 57.1775 45.154 0 0 17.5584 1.80087 127 80.4299 1 0 0 0 0
0 0 0 16 16 0 0 0 0 0 0 127 51 0;
egregore_data 0 0 127 0 0 127 0 0 0 0 0 0 0 0 0 127 38 0 127 0 0 0
0 0 0 0 0 0 0 100 0 0 127 127 78 0 93 90 127 0 19 127 127 0 0 0 70
0 0 0 127 127 34 0 84.6017 39.1688 30.6147 25.2121 55.3181 0 57.1775
0 43.5541 57.1775 45.154 0 0 17.5584 1.80087 127 80.4299 1 0 0 0 0
0 0 0 16 16 0 0 0 0 0 0 127 51 0;
egregore_data 0 0 127 0 0 127 0 0 0 0 0 0 0 0 0 127 38 0 127 0 0 0
0 0 0 0 0 0 0 100 0 0 127 127 78 0 93 90 127 0 19 127 127 0 0 0 70
0 0 0 127 127 34 0 84.6017 39.1688 30.6147 25.2121 55.3181 0 57.1775
0 43.5541 57.1775 45.154 0 0 17.5584 1.80087 127 80.4299 1 0 0 0 0
0 0 0 16 16 0 0 0 0 0 0 127 51 0;
egregore_data 0 0 127 0 0 127 0 0 0 0 0 0 0 0 0 127 38 0 127 0 0 0
0 0 0 0 0 0 0 100 0 0 127 127 78 0 93 90 127 0 19 127 127 0 0 0 70
0 0 0 127 127 34 0 84.6017 39.1688 30.6147 25.2121 55.3181 0 57.1775
0 43.5541 57.1775 45.154 0 0 17.5584 1.80087 127 80.4299 1 0 0 0 0
0 0 0 16 16 0 0 0 0 0 0 127 51 0;
egregore_data 0 0 127 0 0 127 0 0 0 0 0 0 0 0 0 127 38 0 127 0 0 0
0 0 0 0 0 0 0 100 0 0 127 127 78 0 93 90 127 0 19 127 127 0 0 0 70
0 0 0 127 127 34 0 84.6017 39.1688 30.6147 25.2121 55.3181 0 57.1775
0 43.5541 57.1775 45.154 0 0 17.5584 1.80087 127 80.4299 1 0 0 0 0
0 0 0 16 16 0 0 0 0 0 0 127 51 0;
egregore_data 0 0 127 0 0 127 0 0 0 0 0 0 0 0 0 127 38 0 127 0 0 0
0 0 0 0 0 0 0 100 0 0 127 127 78 0 93 90 127 0 19 127 127 0 0 0 70
0 0 0 127 127 34 0 84.6017 39.1688 30.6147 25.2121 55.3181 0 57.1775
0 43.5541 57.1775 45.154 0 0 17.5584 1.80087 127 80.4299 1 0 0 0 0
0 0 0 16 16 0 0 0 0 0 0 127 51 0;
egregore_data 0 0 127 0 0 127 0 0 0 0 0 0 0 0 0 127 38 0 127 0 0 0
0 0 0 0 0 0 0 100 0 0 127 127 78 0 93 90 127 0 19 127 127 0 0 0 70
0 0 0 127 127 34 0 84.5633 38.7511 30.2882 24.9432 54.7281 0 56.5677
0 43.4629 56.5677 45.5256 0 0 17.3712 1.78166 127 80.4299 1 0 0 0 0
0 0 0 16 16 0 0 0 0 0 0 127 51 0;
egregore_data 0 0 127 0 0 127 0 0 0 0 0 0 0 0 0 127 38 0 127 0 0 0
0 0 0 0 0 0 0 100 0 0 127 127 78 0 93 90 127 0 19 127 127 0 0 0 70
0 0 0 127 127 34 0 84.5633 38.7511 30.2882 24.9432 54.7281 0 56.5677
0 43.4629 56.5677 45.5256 0 0 17.3712 1.78166 127 80.4299 1 0 0 0 0
0 0 0 16 16 0 0 0 0 0 0 127 51 0;
egregore_data 0 0 127 0 0 127 0 0 0 0 0 0 0 0 0 127 38 0 127 0 0 0
0 0 0 0 0 0 0 100 0 0 127 127 78 0 93 90 127 0 19 127 127 0 0 0 70
0 0 0 127 127 34 0 84.5633 38.7511 30.2882 24.9432 54.7281 0 56.5677
0 43.4629 56.5677 45.5256 0 0 17.3712 1.78166 127 80.4299 1 0 0 0 0
0 0 0 16 16 0 0 0 0 0 0 127 51 0;
egregore_data 0 0 127 0 0 127 0 0 0 0 0 0 0 0 0 127 38 0 127 0 0 0
0 0 0 0 0 0 0 100 0 0 127 127 78 0 93 90 127 0 19 127 127 0 0 0 70
0 0 0 127 127 34 0 84.5633 38.7511 30.2882 24.9432 54.7281 0 56.5677
0 43.4629 56.5677 45.5256 0 0 17.3712 1.78166 127 80.4299 1 0 0 0 0
0 0 0 16 16 0 0 0 0 0 0 127 51 0;
egregore_data 0 0 127 0 0 127 0 0 0 0 0 0 0 0 0 127 38 0 127 0 0 0
0 0 0 0 0 0 0 100 0 0 127 127 78 0 93 90 127 0 19 127 127 0 0 0 70
0 0 0 127 127 34 0 84.5633 38.7511 30.2882 24.9432 54.7281 0 56.5677
0 43.4629 56.5677 45.5256 0 0 17.3712 1.78166 127 80.4299 1 0 0 0 0
0 0 0 16 16 0 0 0 0 0 0 127 51 0;
egregore_data 0 0 127 0 0 127 0 0 0 0 0 0 0 0 0 127 38 0 127 0 0 0
0 0 0 0 0 0 0 100 0 0 127 127 78 0 93 90 127 0 19 127 127 0 0 0 70
0 0 0 127 127 34 0 84.5242 38.326 29.9559 24.6696 54.1278 0 55.9471
0 43.37 55.9471 45.9038 0 0 17.1806 1.76211 127 80.4299 1 0 0 0 0 0
0 0 16 16 0 0 0 0 0 0 127 51 0;
egregore_data 0 0 127 0 0 127 0 0 0 0 0 0 0 0 0 127 38 0 127 0 0 0
0 0 0 0 0 0 0 100 0 0 127 127 78 0 93 90 127 0 19 127 127 0 0 0 70
0 0 0 127 127 34 0 84.5242 38.326 29.9559 24.6696 54.1278 0 55.9471
0 43.37 55.9471 45.9038 0 0 17.1806 1.76211 127 80.4299 1 0 0 0 0 0
0 0 16 16 0 0 0 0 0 0 127 51 0;
egregore_data 0 0 127 0 0 127 0 0 0 0 0 0 0 0 0 127 38 0 127 0 0 0
0 0 0 0 0 0 0 100 0 0 127 127 78 0 93 90 127 0 19 127 127 0 0 0 70
0 0 0 127 127 34 0 84.5242 38.326 29.9559 24.6696 54.1278 0 55.9471
0 43.37 55.9471 45.9038 0 0 17.1806 1.76211 127 80.4299 1 0 0 0 0 0
0 0 16 16 0 0 0 0 0 0 127 51 0;
egregore_data 0 0 127 0 0 127 0 0 0 0 0 0 0 0 0 127 38 0 127 0 0 0
0 0 0 0 0 0 0 100 0 0 127 127 78 0 93 90 127 0 19 127 127 0 0 0 70
0 0 0 127 127 34 0 84.5242 38.326 29.9559 24.6696 54.1278 0 55.9471
0 43.37 55.9471 45.9038 0 0 17.1806 1.76211 127 80.4299 1 0 0 0 0 0
0 0 16 16 0 0 0 0 0 0 127 51 0;
egregore_data 0 0 127 0 0 127 0 0 0 0 0 0 0 0 0 127 38 0 127 0 0 0
0 0 0 0 0 0 0 100 0 0 127 127 78 0 93 90 127 0 19 127 127 0 0 0 70
0 0 0 127 127 34 0 84.5242 38.326 29.9559 24.6696 54.1278 0 55.9471
0 43.37 55.9471 45.9038 0 0 17.1806 1.76211 127 80.4299 1 0 0 0 0 0
0 0 16 16 0 0 0 0 0 0 127 51 0;
egregore_data 0 0 127 0 0 127 0 0 0 0 0 0 0 0 0 127 38 0 127 0 0 0
0 0 0 0 0 0 0 100 0 0 127 127 78 0 93 90 127 0 19 127 127 0 0 0 70
0 0 0 127 127 34 0 84.5044 38.1106 29.7876 24.531 53.8236 0 55.6327
0 43.323 55.6327 46.0954 0 0 17.0841 1.75221 127 80.4299 1 0 0 0 0
0 0 0 16 16 0 0 0 0 0 0 127 51 0;
egregore_data 0 0 127 0 0 127 0 0 0 0 0 0 0 0 0 127 38 0 127 0 0 0
0 0 0 0 0 0 0 100 0 0 127 127 78 0 93 90 127 0 19 127 127 0 0 0 70
0 0 0 127 127 34 0 84.5044 38.1106 29.7876 24.531 53.8236 0 55.6327
0 43.323 55.6327 46.0954 0 0 17.0841 1.75221 127 80.4299 1 0 0 0 0
0 0 0 16 16 0 0 0 0 0 0 127 51 0;
egregore_data 0 0 127 0 0 127 0 0 0 0 0 0 0 0 0 127 38 0 127 0 0 0
0 0 0 0 0 0 0 100 0 0 127 127 78 0 93 90 127 0 19 127 127 0 0 0 70
0 0 0 127 127 34 0 84.5044 38.1106 29.7876 24.531 53.8236 0 55.6327
0 43.323 55.6327 46.0954 0 0 17.0841 1.75221 127 80.4299 1 0 0 0 0
0 0 0 16 16 0 0 0 0 0 0 127 51 0;
egregore_data 0 0 127 0 0 127 0 0 0 0 0 0 0 0 0 127 38 0 127 0 0 0
0 0 0 0 0 0 0 100 0 0 127 127 78 0 93 90 127 0 19 127 127 0 0 0 70
0 0 0 127 127 34 0 84.5044 38.1106 29.7876 24.531 53.8236 0 55.6327
0 43.323 55.6327 46.0954 0 0 17.0841 1.75221 127 80.4299 1 0 0 0 0
0 0 0 16 16 0 0 0 0 0 0 127 51 0;
egregore_data 0 0 127 0 0 127 0 0 0 0 0 0 0 0 0 127 38 0 127 0 0 0
0 0 0 0 0 0 0 100 0 0 127 127 78 0 93 90 127 0 19 127 127 0 0 0 70
0 0 0 127 127 34 0 84.5044 38.1106 29.7876 24.531 53.8236 0 55.6327
0 43.323 55.6327 46.0954 0 0 17.0841 1.75221 127 80.4299 1 0 0 0 0
0 0 0 16 16 0 0 0 0 0 0 127 51 0;
egregore_data 0 0 127 0 0 127 0 0 0 0 0 0 0 0 0 127 38 0 127 0 0 0
0 0 0 0 0 0 0 100 0 0 127 127 78 0 93 90 127 0 19 127 127 0 0 0 70
0 0 0 127 127 34 0 84.5044 38.1106 29.7876 24.531 53.8236 0 55.6327
0 43.323 55.6327 46.0954 0 0 17.0841 1.75221 127 80.4299 1 0 0 0 0
0 0 0 16 16 0 0 0 0 0 0 127 51 0;
egregore_data 0 0 127 0 0 127 0 0 0 0 0 0 0 0 0 127 38 0 127 0 0 0
0 0 0 0 0 0 0 100 0 0 127 127 78 0 93 90 127 0 19 127 127 0 0 0 70
0 0 0 127 127 34 0 84.5044 38.1106 29.7876 24.531 53.8236 0 55.6327
0 43.323 55.6327 46.0954 0 0 17.0841 1.75221 127 80.4299 1 0 0 0 0
0 0 0 16 16 0 0 0 0 0 0 127 51 0;
egregore_data 0 0 127 0 0 127 0 0 0 0 0 0 0 0 0 127 38 0 127 0 0 0
0 0 0 0 0 0 0 100 0 0 127 127 78 0 93 90 127 0 19 127 127 0 0 0 70
0 0 0 127 127 34 0 84.4844 37.8933 29.6178 24.3911 53.5167 0 55.3156
0 43.2756 55.3156 46.2887 0 0 16.9867 1.74222 127 80.4299 1 0 0 0 0
0 0 0 16 16 0 0 0 0 0 0 127 51 0;
egregore_data 0 0 127 0 0 127 0 0 0 0 0 0 0 0 0 127 38 0 127 0 0 0
0 0 0 0 0 0 0 100 0 0 127 127 78 0 93 90 127 0 19 127 127 0 0 0 70
0 0 0 127 127 34 0 84.4844 37.8933 29.6178 24.3911 53.5167 0 55.3156
0 43.2756 55.3156 46.2887 0 0 16.9867 1.74222 127 80.4299 1 0 0 0 0
0 0 0 16 16 0 0 0 0 0 0 127 51 0;
egregore_data 0 0 127 0 0 127 0 0 0 0 0 0 0 0 0 127 38 0 127 0 0 0
0 0 0 0 0 0 0 100 0 0 127 127 78 0 93 90 127 0 19 127 127 0 0 0 70
0 0 0 127 127 34 0 84.4844 37.8933 29.6178 24.3911 53.5167 0 55.3156
0 43.2756 55.3156 46.2887 0 0 16.9867 1.74222 127 80.4299 1 0 0 0 0
0 0 0 16 16 0 0 0 0 0 0 127 51 0;
egregore_data 0 0 127 0 0 127 0 0 0 0 0 0 0 0 0 127 38 0 127 0 0 0
0 0 0 0 0 0 0 100 0 0 127 127 78 0 93 90 127 0 19 127 127 0 0 0 70
0 0 0 127 127 34 0 84.4844 37.8933 29.6178 24.3911 53.5167 0 55.3156
0 43.2756 55.3156 46.2887 0 0 16.9867 1.74222 127 80.4299 1 0 0 0 0
0 0 0 16 16 0 0 0 0 0 0 127 51 0;
egregore_data 0 0 127 0 0 127 0 0 0 0 0 0 0 0 0 127 38 0 127 0 0 0
0 0 0 0 0 0 0 100 0 0 127 127 78 0 93 90 127 0 19 127 127 0 0 0 70
0 0 0 127 127 34 0 84.4844 37.8933 29.6178 24.3911 53.5167 0 55.3156
0 43.2756 55.3156 46.2887 0 0 16.9867 1.74222 127 80.4299 1 0 0 0 0
0 0 0 16 16 0 0 0 0 0 0 127 51 0;
egregore_data 0 0 127 0 0 127 0 0 0 0 0 0 0 0 0 127 38 0 127 0 0 0
0 0 0 0 0 0 0 100 0 0 127 127 78 0 93 90 127 0 19 127 127 0 0 0 70
0 0 0 127 127 34 0 84.4844 37.8933 29.6178 24.3911 53.5167 0 55.3156
0 43.2756 55.3156 46.2887 0 0 16.9867 1.74222 127 80.4299 1 0 0 0 0
0 0 0 16 16 0 0 0 0 0 0 127 51 0;
egregore_data 0 0 127 0 0 127 0 0 0 0 0 0 0 0 0 127 38 0 127 0 0 0
0 0 0 0 0 0 0 100 0 0 127 127 78 0 93 90 127 0 19 127 127 0 0 0 70
0 0 0 127 127 34 0 84.4643 37.6741 29.4464 24.25 53.2071 0 54.9955
0 43.2277 54.9955 46.4837 0 0 16.8884 1.73214 127 80.4299 1 0 0 0 0
0 0 0 16 16 0 0 0 0 0 0 127 51 0;
egregore_data 0 0 127 0 0 127 0 0 0 0 0 0 0 0 0 127 38 0 127 0 0 0
0 0 0 0 0 0 0 100 0 0 127 127 78 0 93 90 127 0 19 127 127 0 0 0 70
0 0 0 127 127 34 0 84.4643 37.6741 29.4464 24.25 53.2071 0 54.9955
0 43.2277 54.9955 46.4837 0 0 16.8884 1.73214 127 80.4299 1 0 0 0 0
0 0 0 16 16 0 0 0 0 0 0 127 51 0;
egregore_data 0 0 127 0 0 127 0 0 0 0 0 0 0 0 0 127 38 0 127 0 0 0
0 0 0 0 0 0 0 100 0 0 127 127 78 0 93 90 127 0 19 127 127 0 0 0 70
0 0 0 127 127 34 0 84.4643 37.6741 29.4464 24.25 53.2071 0 54.9955
0 43.2277 54.9955 46.4837 0 0 16.8884 1.73214 127 80.4299 1 0 0 0 0
0 0 0 16 16 0 0 0 0 0 0 127 51 0;
egregore_data 0 0 127 0 0 127 0 0 0 0 0 0 0 0 0 127 38 0 127 0 0 0
0 0 0 0 0 0 0 100 0 0 127 127 78 0 93 90 127 0 19 127 127 0 0 0 70
0 0 0 127 127 34 0 84.4643 37.6741 29.4464 24.25 53.2071 0 54.9955
0 43.2277 54.9955 46.4837 0 0 16.8884 1.73214 127 80.4299 1 0 0 0 0
0 0 0 16 16 0 0 0 0 0 0 127 51 0;
egregore_data 0 0 127 0 0 127 0 0 0 0 0 0 0 0 0 127 38 0 127 0 0 0
0 0 0 0 0 0 0 100 0 0 127 127 78 0 93 90 127 0 19 127 127 0 0 0 70
0 0 0 127 127 34 0 84.4643 37.6741 29.4464 24.25 53.2071 0 54.9955
0 43.2277 54.9955 46.4837 0 0 16.8884 1.73214 127 80.4299 1 0 0 0 0
0 0 0 16 16 0 0 0 0 0 0 127 51 0;
egregore_data 0 0 127 0 0 127 0 0 0 0 0 0 0 0 0 127 38 0 127 0 0 0
0 0 0 0 0 0 0 100 0 0 127 127 78 0 93 90 127 0 19 127 127 0 0 0 70
0 0 0 127 127 34 0 84.4439 37.4529 29.2735 24.1076 52.8947 0 54.6726
0 43.1794 54.6726 46.6805 0 0 16.7892 1.72197 127 80.4299 1 0 0 0 0
0 0 0 16 16 0 0 0 0 0 0 127 51 0;
egregore_data 0 0 127 0 0 127 0 0 0 0 0 0 0 0 0 127 38 0 127 0 0 0
0 0 0 0 0 0 0 100 0 0 127 127 78 0 93 90 127 0 19 127 127 0 0 0 70
0 0 0 127 127 34 0 84.4439 37.4529 29.2735 24.1076 52.8947 0 54.6726
0 43.1794 54.6726 46.6805 0 0 16.7892 1.72197 127 80.4299 1 0 0 0 0
0 0 0 16 16 0 0 0 0 0 0 127 51 0;
egregore_data 0 0 127 0 0 127 0 0 0 0 0 0 0 0 0 127 38 0 127 0 0 0
0 0 0 0 0 0 0 100 0 0 127 127 78 0 93 90 127 0 19 127 127 0 0 0 70
0 0 0 127 127 34 0 84.4439 37.4529 29.2735 24.1076 52.8947 0 54.6726
0 43.1794 54.6726 46.6805 0 0 16.7892 1.72197 127 80.4299 1 0 0 0 0
0 0 0 16 16 0 0 0 0 0 0 127 51 0;
egregore_data 0 0 127 0 0 127 0 0 0 0 0 0 0 0 0 127 38 0 127 0 0 0
0 0 0 0 0 0 0 100 0 0 127 127 78 0 93 90 127 0 19 127 127 0 0 0 70
0 0 0 127 127 34 0 84.4439 37.4529 29.2735 24.1076 52.8947 0 54.6726
0 43.1794 54.6726 46.6805 0 0 16.7892 1.72197 127 80.4299 1 0 0 0 0
0 0 0 16 16 0 0 0 0 0 0 127 51 0;
egregore_data 0 0 127 0 0 127 0 0 0 0 0 0 0 0 0 127 38 0 127 0 0 0
0 0 0 0 0 0 0 100 0 0 127 127 78 0 93 90 127 0 19 127 127 0 0 0 70
0 0 0 127 127 34 0 84.4439 37.4529 29.2735 24.1076 52.8947 0 54.6726
0 43.1794 54.6726 46.6805 0 0 16.7892 1.72197 127 80.4299 1 0 0 0 0
0 0 0 16 16 0 0 0 0 0 0 127 51 0;
egregore_data 0 0 127 0 0 127 0 0 0 0 0 0 0 0 0 127 38 0 127 0 0 0
0 0 0 0 0 0 0 100 0 0 127 127 78 0 93 90 127 0 19 127 127 0 0 0 70
0 0 0 127 127 34 0 84.4027 37.0045 28.9231 23.819 52.2614 0 54.0181
0 43.0815 54.0181 47.0794 0 0 16.5882 1.70136 127 80.4299 1 0 0 0 0
0 0 0 16 16 0 0 0 0 0 0 127 51 0;
egregore_data 0 0 127 0 0 127 0 0 0 0 0 0 0 0 0 127 38 0 127 0 0 0
0 0 0 0 0 0 0 100 0 0 127 127 78 0 93 90 127 0 19 127 127 0 0 0 70
0 0 0 127 127 34 0 84.4027 37.0045 28.9231 23.819 52.2614 0 54.0181
0 43.0815 54.0181 47.0794 0 0 16.5882 1.70136 127 80.4299 1 0 0 0 0
0 0 0 16 16 0 0 0 0 0 0 127 51 0;
egregore_data 0 0 127 0 0 127 0 0 0 0 0 0 0 0 0 127 38 0 127 0 0 0
0 0 0 0 0 0 0 100 0 0 127 127 78 0 93 90 127 0 19 127 127 0 0 0 70
0 0 0 127 127 34 0 84.4027 37.0045 28.9231 23.819 52.2614 0 54.0181
0 43.0815 54.0181 47.0794 0 0 16.5882 1.70136 127 80.4299 1 0 0 0 0
0 0 0 16 16 0 0 0 0 0 0 127 51 0;
egregore_data 0 0 127 0 0 127 0 0 0 0 0 0 0 0 0 127 38 0 127 0 0 0
0 0 0 0 0 0 0 100 0 0 127 127 78 0 93 90 127 0 19 127 127 0 0 0 70
0 0 0 127 127 34 0 84.4027 37.0045 28.9231 23.819 52.2614 0 54.0181
0 43.0815 54.0181 47.0794 0 0 16.5882 1.70136 127 80.4299 1 0 0 0 0
0 0 0 16 16 0 0 0 0 0 0 127 51 0;
egregore_data 0 0 127 0 0 127 0 0 0 0 0 0 0 0 0 127 38 0 127 0 0 0
0 0 0 0 0 0 0 100 0 0 127 127 78 0 93 90 127 0 19 127 127 0 0 0 70
0 0 0 127 127 34 0 84.4027 37.0045 28.9231 23.819 52.2614 0 54.0181
0 43.0815 54.0181 47.0794 0 0 16.5882 1.70136 127 80.4299 1 0 0 0 0
0 0 0 16 16 0 0 0 0 0 0 127 51 0;
egregore_data 0 0 127 0 0 127 0 0 0 0 0 0 0 0 0 127 38 0 127 0 0 0
0 0 0 0 0 0 0 100 0 0 127 127 78 0 93 90 127 0 19 127 127 0 0 0 70
0 0 0 127 127 34 0 84.4027 37.0045 28.9231 23.819 52.2614 0 54.0181
0 43.0815 54.0181 47.0794 0 0 16.5882 1.70136 127 80.4299 1 0 0 0 0
0 0 0 16 16 0 0 0 0 0 0 127 51 0;
egregore_data 0 0 127 0 0 127 0 0 0 0 0 0 0 0 0 127 38 0 127 0 0 0
0 0 0 0 0 0 0 100 0 0 127 127 78 0 93 90 127 0 19 127 127 0 0 0 70
0 0 0 127 127 34 0 84.3818 36.7773 28.7455 23.6727 51.9405 0 53.6864
0 43.0318 53.6864 47.2816 0 0 16.4864 1.69091 127 80.4299 1 0 0 0 0
0 0 0 16 16 0 0 0 0 0 0 127 51 0;
egregore_data 0 0 127 0 0 127 0 0 0 0 0 0 0 0 0 127 38 0 127 0 0 0
0 0 0 0 0 0 0 100 0 0 127 127 78 0 93 90 127 0 19 127 127 0 0 0 70
0 0 0 127 127 34 0 84.3818 36.7773 28.7455 23.6727 51.9405 0 53.6864
0 43.0318 53.6864 47.2816 0 0 16.4864 1.69091 127 80.4299 1 0 0 0 0
0 0 0 16 16 0 0 0 0 0 0 127 51 0;
egregore_data 0 0 127 0 0 127 0 0 0 0 0 0 0 0 0 127 38 0 127 0 0 0
0 0 0 0 0 0 0 100 0 0 127 127 78 0 93 90 127 0 19 127 127 0 0 0 70
0 0 0 127 127 34 0 84.3818 36.7773 28.7455 23.6727 51.9405 0 53.6864
0 43.0318 53.6864 47.2816 0 0 16.4864 1.69091 127 80.4299 1 0 0 0 0
0 0 0 16 16 0 0 0 0 0 0 127 51 0;
egregore_data 0 0 127 0 0 127 0 0 0 0 0 0 0 0 0 127 38 0 127 0 0 0
0 0 0 0 0 0 0 100 0 0 127 127 78 0 93 90 127 0 19 127 127 0 0 0 70
0 0 0 127 127 34 0 84.3818 36.7773 28.7455 23.6727 51.9405 0 53.6864
0 43.0318 53.6864 47.2816 0 0 16.4864 1.69091 127 80.4299 1 0 0 0 0
0 0 0 16 16 0 0 0 0 0 0 127 51 0;
egregore_data 0 0 127 0 0 127 0 0 0 0 0 0 0 0 0 127 38 0 127 0 0 0
0 0 0 0 0 0 0 100 0 0 127 127 78 0 93 90 127 0 19 127 127 0 0 0 70
0 0 0 127 127 34 0 84.3818 36.7773 28.7455 23.6727 51.9405 0 53.6864
0 43.0318 53.6864 47.2816 0 0 16.4864 1.69091 127 80.4299 1 0 0 0 0
0 0 0 16 16 0 0 0 0 0 0 127 51 0;
egregore_data 0 0 127 0 0 127 0 0 0 0 0 0 0 0 0 127 38 0 127 0 0 0
0 0 0 0 0 0 0 100 0 0 127 127 78 0 93 90 127 0 19 127 127 0 0 0 70
0 0 0 127 127 34 0 84.3818 36.7773 28.7455 23.6727 51.9405 0 53.6864
0 43.0318 53.6864 47.2816 0 0 16.4864 1.69091 127 80.4299 1 0 0 0 0
0 0 0 16 16 0 0 0 0 0 0 127 51 0;
egregore_data 0 0 127 0 0 127 0 0 0 0 0 0 0 0 0 127 38 0 127 0 0 0
0 0 0 0 0 0 0 100 0 0 127 127 78 0 93 90 127 0 19 127 127 0 0 0 70
0 0 0 127 127 34 0 84.3607 36.5479 28.5662 23.5251 51.6166 0 53.3516
0 42.9817 53.3516 47.4856 0 0 16.3836 1.68037 127 80.4299 1 0 0 0 0
0 0 0 16 16 0 0 0 0 0 0 127 51 0;
egregore_data 0 0 127 0 0 127 0 0 0 0 0 0 0 0 0 127 38 0 127 0 0 0
0 0 0 0 0 0 0 100 0 0 127 127 78 0 93 90 127 0 19 127 127 0 0 0 70
0 0 0 127 127 34 0 84.3607 36.5479 28.5662 23.5251 51.6166 0 53.3516
0 42.9817 53.3516 47.4856 0 0 16.3836 1.68037 127 80.4299 1 0 0 0 0
0 0 0 16 16 0 0 0 0 0 0 127 51 0;
egregore_data 0 0 127 0 0 127 0 0 0 0 0 0 0 0 0 127 38 0 127 0 0 0
0 0 0 0 0 0 0 100 0 0 127 127 78 0 93 90 127 0 19 127 127 0 0 0 70
0 0 0 127 127 34 0 84.3607 36.5479 28.5662 23.5251 51.6166 0 53.3516
0 42.9817 53.3516 47.4856 0 0 16.3836 1.68037 127 80.4299 1 0 0 0 0
0 0 0 16 16 0 0 0 0 0 0 127 51 0;
egregore_data 0 0 127 0 0 127 0 0 0 0 0 0 0 0 0 127 38 0 127 0 0 0
0 0 0 0 0 0 0 100 0 0 127 127 78 0 93 90 127 0 19 127 127 0 0 0 70
0 0 0 127 127 34 0 84.3607 36.5479 28.5662 23.5251 51.6166 0 53.3516
0 42.9817 53.3516 47.4856 0 0 16.3836 1.68037 127 80.4299 1 0 0 0 0
0 0 0 16 16 0 0 0 0 0 0 127 51 0;
egregore_data 0 0 127 0 0 127 0 0 0 0 0 0 0 0 0 127 38 0 127 0 0 0
0 0 0 0 0 0 0 100 0 0 127 127 78 0 93 90 127 0 19 127 127 0 0 0 70
0 0 0 127 127 34 0 84.3607 36.5479 28.5662 23.5251 51.6166 0 53.3516
0 42.9817 53.3516 47.4856 0 0 16.3836 1.68037 127 80.4299 1 0 0 0 0
0 0 0 16 16 0 0 0 0 0 0 127 51 0;
egregore_data 0 0 127 0 0 127 0 0 0 0 0 0 0 0 0 127 38 0 127 0 0 0
0 0 0 0 0 0 0 100 0 0 127 127 78 0 93 90 127 0 19 127 127 0 0 0 70
0 0 0 127 127 34 0 84.3607 36.5479 28.5662 23.5251 51.6166 0 53.3516
0 42.9817 53.3516 47.4856 0 0 16.3836 1.68037 127 80.4299 1 0 0 0 0
0 0 0 16 16 0 0 0 0 0 0 127 51 0;
egregore_data 0 0 127 0 0 127 0 0 0 0 0 0 0 0 0 127 38 0 127 0 0 0
0 0 0 0 0 0 0 100 0 0 127 127 78 0 93 90 127 0 19 127 127 0 0 0 70
0 0 0 127 127 34 0 84.3607 36.5479 28.5662 23.5251 51.6166 0 53.3516
0 42.9817 53.3516 47.4856 0 0 16.3836 1.68037 127 80.4299 1 0 0 0 0
0 0 0 16 16 0 0 0 0 0 0 127 51 0;
egregore_data 0 0 127 0 0 127 0 0 0 0 0 0 0 0 0 127 38 0 127 0 0 0
0 0 0 0 0 0 0 100 0 0 127 127 78 0 93 90 127 0 19 127 127 0 0 0 70
0 0 0 127 127 34 0 84.3607 36.5479 28.5662 23.5251 51.6166 0 53.3516
0 42.9817 53.3516 47.4856 0 0 16.3836 1.68037 127 80.4299 1 0 0 0 0
0 0 0 16 16 0 0 0 0 0 0 127 51 0;
egregore_data 0 0 127 0 0 127 0 0 0 0 0 0 0 0 0 127 38 0 127 0 0 0
0 0 0 0 0 0 0 100 0 0 127 127 78 0 93 90 127 0 19 127 127 0 0 0 70
0 0 0 127 127 34 0 84.3607 36.5479 28.5662 23.5251 51.6166 0 53.3516
0 42.9817 53.3516 47.4856 0 0 16.3836 1.68037 127 80.4299 1 0 0 0 0
0 0 0 16 16 0 0 0 0 0 0 127 51 0;
egregore_data 0 0 127 0 0 127 0 0 0 0 0 0 0 0 0 127 38 0 127 0 0 0
0 0 0 0 0 0 0 100 0 0 127 127 78 0 93 90 127 0 19 127 127 0 0 0 70
0 0 0 127 127 34 0 84.3607 36.5479 28.5662 23.5251 51.6166 0 53.3516
0 42.9817 53.3516 47.4856 0 0 16.3836 1.68037 127 80.4299 1 0 0 0 0
0 0 0 16 16 0 0 0 0 0 0 127 51 0;
egregore_data 0 0 127 0 0 127 0 0 0 0 0 0 0 0 0 127 38 0 127 0 0 0
0 0 0 0 0 0 0 100 0 0 127 127 78 0 93 90 127 0 19 127 127 0 0 0 70
0 0 0 127 127 34 0 84.3607 36.5479 28.5662 23.5251 51.6166 0 53.3516
0 42.9817 53.3516 47.4856 0 0 16.3836 1.68037 127 80.4299 1 0 0 0 0
0 0 0 16 16 0 0 0 0 0 0 127 51 0;
egregore_data 0 0 127 0 0 127 0 0 0 0 0 0 0 0 0 127 38 0 127 0 0 0
0 0 0 0 0 0 0 100 0 0 127 127 78 0 93 90 127 0 19 127 127 0 0 0 70
0 0 0 127 127 34 0 84.3607 36.5479 28.5662 23.5251 51.6166 0 53.3516
0 42.9817 53.3516 47.4856 0 0 16.3836 1.68037 127 80.4299 1 0 0 0 0
0 0 0 16 16 0 0 0 0 0 0 127 51 0;
egregore_data 0 0 127 0 0 127 0 0 0 0 0 0 0 0 0 127 38 0 127 0 0 0
0 0 0 0 0 0 0 100 0 0 127 127 78 0 93 90 127 0 19 127 127 0 0 0 70
0 0 0 127 127 34 0 84.3607 36.5479 28.5662 23.5251 51.6166 0 53.3516
0 42.9817 53.3516 47.4856 0 0 16.3836 1.68037 127 80.4299 1 0 0 0 0
0 0 0 16 16 0 0 0 0 0 0 127 51 0;
egregore_data 0 0 127 0 0 127 0 0 0 0 0 0 0 0 0 127 38 0 127 0 0 0
0 0 0 0 0 0 0 100 0 0 127 127 78 0 93 90 127 0 19 127 127 0 0 0 70
0 0 0 127 127 34 0 84.3607 36.5479 28.5662 23.5251 51.6166 0 53.3516
0 42.9817 53.3516 47.4856 0 0 16.3836 1.68037 127 80.4299 1 0 0 0 0
0 0 0 16 16 0 0 0 0 0 0 127 51 0;
egregore_data 0 0 127 0 0 127 0 0 0 0 0 0 0 0 0 127 38 0 127 0 0 0
0 0 0 0 0 0 0 100 0 0 127 127 78 0 93 90 127 0 19 127 127 0 0 0 70
0 0 0 127 127 34 0 84.3607 36.5479 28.5662 23.5251 51.6166 0 53.3516
0 42.9817 53.3516 47.4856 0 0 16.3836 1.68037 127 80.4299 1 0 0 0 0
0 0 0 16 16 0 0 0 0 0 0 127 51 0;
egregore_data 0 0 127 0 0 127 0 0 0 0 0 0 0 0 0 127 38 0 127 0 0 0
0 0 0 0 0 0 0 100 0 0 127 127 78 0 93 90 127 0 19 127 127 0 0 0 70
0 0 0 127 127 34 0 84.3607 36.5479 28.5662 23.5251 51.6166 0 53.3516
0 42.9817 53.3516 47.4856 0 0 16.3836 1.68037 127 80.4299 1 0 0 0 0
0 0 0 16 16 0 0 0 0 0 0 127 51 0;
egregore_data 0 0 127 0 0 127 0 0 0 0 0 0 0 0 0 127 38 0 127 0 0 0
0 0 0 0 0 0 0 100 0 0 127 127 78 0 93 90 127 0 19 127 127 0 0 0 70
0 0 0 127 127 34 0 84.3607 36.5479 28.5662 23.5251 51.6166 0 53.3516
0 42.9817 53.3516 47.4856 0 0 16.3836 1.68037 127 80.4299 1 0 0 0 0
0 0 0 16 16 0 0 0 0 0 0 127 51 0;
egregore_data 0 0 127 0 0 127 0 0 0 0 0 0 0 0 0 127 38 0 127 0 0 0
0 0 0 0 0 0 0 100 0 0 127 127 78 0 93 90 127 0 19 127 127 0 0 0 70
0 0 0 127 127 34 0 84.3607 36.5479 28.5662 23.5251 51.6166 0 53.3516
0 42.9817 53.3516 47.4856 0 0 16.3836 1.68037 127 80.4299 1 0 0 0 0
0 0 0 16 16 0 0 0 0 0 0 127 51 0;
egregore_data 0 0 127 0 0 127 0 0 0 0 0 0 0 0 0 127 38 0 127 0 0 0
0 0 0 0 0 0 0 100 0 0 127 127 78 0 93 90 127 0 19 127 127 0 0 0 70
0 0 0 127 127 34 0 84.3607 36.5479 28.5662 23.5251 51.6166 0 53.3516
0 42.9817 53.3516 47.4856 0 0 16.3836 1.68037 127 80.4299 1 0 0 0 0
0 0 0 16 16 0 0 0 0 0 0 127 51 0;
egregore_data 0 0 127 0 0 127 0 0 0 0 0 0 0 0 0 127 38 0 127 0 0 0
0 0 0 0 0 0 0 100 0 0 127 127 78 0 93 90 127 0 19 127 127 0 0 0 70
0 0 0 127 127 34 0 84.3395 36.3165 28.3853 23.3761 51.2898 0 53.0138
0 42.9312 53.0138 47.6915 0 0 16.2798 1.66972 127 80.4299 1 0 0 0 0
0 0 0 16 16 0 0 0 0 0 0 127 51 0;
egregore_data 0 0 127 0 0 127 0 0 0 0 0 0 0 0 0 127 38 0 127 0 0 0
0 0 0 0 0 0 0 100 0 0 127 127 78 0 93 90 127 0 19 127 127 0 0 0 70
0 0 0 127 127 34 0 84.3395 36.3165 28.3853 23.3761 51.2898 0 53.0138
0 42.9312 53.0138 47.6915 0 0 16.2798 1.66972 127 80.4299 1 0 0 0 0
0 0 0 16 16 0 0 0 0 0 0 127 51 0;
egregore_data 0 0 127 0 0 127 0 0 0 0 0 0 0 0 0 127 38 0 127 0 0 0
0 0 0 0 0 0 0 100 0 0 127 127 78 0 93 90 127 0 19 127 127 0 0 0 70
0 0 0 127 127 34 0 84.3395 36.3165 28.3853 23.3761 51.2898 0 53.0138
0 42.9312 53.0138 47.6915 0 0 16.2798 1.66972 127 80.4299 1 0 0 0 0
0 0 0 16 16 0 0 0 0 0 0 127 51 0;
egregore_data 0 0 127 0 0 127 0 0 0 0 0 0 0 0 0 127 38 0 127 0 0 0
0 0 0 0 0 0 0 100 0 0 127 127 78 0 93 90 127 0 19 127 127 0 0 0 70
0 0 0 127 127 34 0 84.318 36.083 28.2028 23.2258 50.9599 0 52.6728
0 42.8802 52.6728 47.8993 0 0 16.1751 1.65899 127 80.4299 1 0 0 0 0
0 0 0 16 16 0 0 0 0 0 0 127 51 0;
egregore_data 0 0 127 0 0 127 0 0 0 0 0 0 0 0 0 127 38 0 127 0 0 0
0 0 0 0 0 0 0 100 0 0 127 127 78 0 93 90 127 0 19 127 127 0 0 0 70
0 0 0 127 127 34 0 84.318 36.083 28.2028 23.2258 50.9599 0 52.6728
0 42.8802 52.6728 47.8993 0 0 16.1751 1.65899 127 80.4299 1 0 0 0 0
0 0 0 16 16 0 0 0 0 0 0 127 51 0;
egregore_data 0 0 127 0 0 127 0 0 0 0 0 0 0 0 0 127 38 0 127 0 0 0
0 0 0 0 0 0 0 100 0 0 127 127 78 0 93 90 127 0 19 127 127 0 0 0 70
0 0 0 127 127 34 0 84.318 36.083 28.2028 23.2258 50.9599 0 52.6728
0 42.8802 52.6728 47.8993 0 0 16.1751 1.65899 127 80.4299 1 0 0 0 0
0 0 0 16 16 0 0 0 0 0 0 127 51 0;
egregore_data 0 0 127 0 0 127 0 0 0 0 0 0 0 0 0 127 38 0 127 0 0 0
0 0 0 0 0 0 0 100 0 0 127 127 78 0 93 90 127 0 19 127 127 0 0 0 70
0 0 0 127 127 34 0 84.318 36.083 28.2028 23.2258 50.9599 0 52.6728
0 42.8802 52.6728 47.8993 0 0 16.1751 1.65899 127 80.4299 1 0 0 0 0
0 0 0 16 16 0 0 0 0 0 0 127 51 0;
egregore_data 0 0 127 0 0 127 0 0 0 0 0 0 0 0 0 127 38 0 127 0 0 0
0 0 0 0 0 0 0 100 0 0 127 127 78 0 93 90 127 0 19 127 127 0 0 0 70
0 0 0 127 127 34 0 84.2963 35.8472 28.0185 23.0741 50.627 0 52.3287
0 42.8287 52.3287 48.109 0 0 16.0694 1.64815 127 80.4299 1 0 0 0 0
0 0 0 16 16 0 0 0 0 0 0 127 51 0;
egregore_data 0 0 127 0 0 127 0 0 0 0 0 0 0 0 0 127 38 0 127 0 0 0
0 0 0 0 0 0 0 100 0 0 127 127 78 0 93 90 127 0 19 127 127 0 0 0 70
0 0 0 127 127 34 0 84.2523 35.3692 27.6449 22.7664 49.9518 0 51.6308
0 42.7243 51.6308 48.5343 0 0 15.8551 1.62617 127 80.4299 1 0 0 0 0
0 0 0 16 16 0 0 0 0 0 0 127 51 0;
egregore_data 0 0 127 0 0 127 0 0 0 0 0 0 0 0 0 127 38 0 127 0 0 0
0 0 0 0 0 0 0 100 0 0 127 127 78 0 93 90 127 0 19 127 127 0 0 0 70
0 0 0 127 127 34 0 84.2523 35.3692 27.6449 22.7664 49.9518 0 51.6308
0 42.7243 51.6308 48.5343 0 0 15.8551 1.62617 127 80.4299 1 0 0 0 0
0 0 0 16 16 0 0 0 0 0 0 127 51 0;
END;
