HTTP/1.1 200 OK
Date: Thu, 28 May 2015 12:25:48 GMT
Server: Apache
Last-Modified: Wed, 27 May 2015 19:36:02 GMT
Accept-Ranges: bytes
Content-Length: 31152
Vary: Accept-Encoding
Connection: close
Content-Type: text/plain

chdh_egregore_live_data;
egregore_data 0 0 127 0 0 127 0 0 0 0 0 0 0 0 0 127 38 0 127 0 0 0
0 0 0 0 0 0 0 100 0 0 127 127 78 0 93 90 127 0 19 127 127 0 0 0 70
0 0 0 127 127 34 0 123.956 61.3512 18.478 0 92.9024 25.4 0 99.3988
11.0341 65.1415 72.1756 6.19512 3.71707 39.5317 0 127 43.9337 1 56
0 0 0 0 0 13 16 16 0 0 0 0 0 0 127 51 1;
egregore_data 0 0 127 0 0 127 0 0 0 0 0 0 0 0 0 127 38 0 127 0 0 0
0 0 0 0 0 0 0 100 0 0 127 127 78 0 93 90 127 0 19 127 127 0 0 0 70
0 0 0 127 127 34 0 123.956 61.3512 18.478 0 92.9024 25.4 0 99.3988
11.0341 65.1415 72.1756 6.19512 3.71707 39.5317 0 127 43.9337 1 56
0 0 0 0 0 13 16 16 0 0 0 0 0 0 127 51 1;
egregore_data 0 0 127 0 0 127 0 0 0 0 0 0 0 0 0 127 38 0 127 0 0 0
0 0 0 0 0 0 0 100 0 0 127 127 78 0 93 90 127 0 19 127 127 0 0 0 70
0 0 0 127 127 34 0 123.98 61.1569 18.4902 0 92.8873 25.5245 0 99.3517
10.9461 65.1324 72.0784 6.22549 3.73529 39.5833 0 127 43.9337 1 56
0 0 0 0 0 13 16 16 0 0 0 0 0 0 127 51 1;
egregore_data 0 0 127 0 0 127 0 0 0 0 0 0 0 0 0 127 38 0 127 0 0 0
0 0 0 0 0 0 0 100 0 0 127 127 78 0 93 90 127 0 19 127 127 0 0 0 70
0 0 0 127 127 34 0 123.98 61.1569 18.4902 0 92.8873 25.5245 0 99.3517
10.9461 65.1324 72.0784 6.22549 3.73529 39.5833 0 127 43.9337 1 56
0 0 0 0 0 13 16 16 0 0 0 0 0 0 127 51 1;
egregore_data 0 0 127 0 0 127 0 0 0 0 0 0 0 0 0 127 38 0 127 0 0 0
0 0 0 0 0 0 0 100 0 0 127 127 78 0 93 90 127 0 19 127 127 0 0 0 70
0 0 0 127 127 34 0 124.03 60.7624 18.5149 0 92.8564 25.7772 0 99.2562
10.7673 65.1139 71.8812 6.28713 3.77228 39.6881 0 127 43.9337 1 56
0 0 0 0 0 13 16 16 0 0 0 0 0 0 127 51 1;
egregore_data 0 0 127 0 0 127 0 0 0 0 0 0 0 0 0 127 38 0 127 0 0 0
0 0 0 0 0 0 0 100 0 0 127 127 78 0 93 90 127 0 19 127 127 0 0 0 70
0 0 0 127 127 34 0 124.055 60.5622 18.5274 0 92.8408 25.9055 0 99.2077
10.6766 65.1045 71.7811 6.31841 3.79104 39.7413 0 127 43.9337 1 56
0 0 0 0 0 13 16 16 0 0 0 0 0 0 127 51 1;
egregore_data 0 0 127 0 0 127 0 0 0 0 0 0 0 0 0 127 38 0 127 0 0 0
0 0 0 0 0 0 0 100 0 0 127 127 78 0 93 90 127 0 19 127 127 0 0 0 70
0 0 0 127 127 34 0 124.08 60.36 18.54 0 92.825 26.035 0 99.1588 10.585
65.095 71.68 6.35 3.81 39.795 0 127 43.9337 1 56 0 0 0 0 0 13 16 16
0 0 0 0 0 0 127 51 1;
egregore_data 0 0 127 0 0 127 0 0 0 0 0 0 0 0 0 127 38 0 127 0 0 0
0 0 0 0 0 0 0 100 0 0 127 127 78 0 93 90 127 0 19 127 127 0 0 0 70
0 0 0 127 127 34 0 124.106 60.1558 18.5528 0 92.809 26.1658 0 99.1093
10.4925 65.0854 71.5779 6.38191 3.82915 39.8492 0 127 43.9337 1 56
0 0 0 0 0 13 16 16 0 0 0 0 0 0 127 51 1;
egregore_data 0 0 127 0 0 127 0 0 0 0 0 0 0 0 0 127 38 0 127 0 0 0
0 0 0 0 0 0 0 100 0 0 127 127 78 0 93 90 127 0 19 127 127 0 0 0 70
0 0 0 127 127 34 0 124.106 60.1558 18.5528 0 92.809 26.1658 0 99.1093
10.4925 65.0854 71.5779 6.38191 3.82915 39.8492 0 127 43.9337 1 56
0 0 0 0 0 13 16 16 0 0 0 0 0 0 127 51 1;
egregore_data 0 0 127 0 0 127 0 0 0 0 0 0 0 0 0 127 38 0 127 0 0 0
0 0 0 0 0 0 0 100 0 0 127 127 78 0 93 90 127 0 19 127 127 0 0 0 70
0 0 0 127 127 34 0 124.106 60.1558 18.5528 0 92.809 26.1658 0 99.1093
10.4925 65.0854 71.5779 6.38191 3.82915 39.8492 0 127 43.9337 1 56
0 0 0 0 0 13 16 16 0 0 0 0 0 0 127 51 1;
egregore_data 0 0 127 0 0 127 0 0 0 0 0 0 0 0 0 127 38 0 127 0 0 0
0 0 0 0 0 0 0 100 0 0 127 127 78 0 93 90 127 0 19 127 127 0 0 0 70
0 0 0 127 127 34 0 124.106 60.1558 18.5528 0 92.809 26.1658 0 99.1093
10.4925 65.0854 71.5779 6.38191 3.82915 39.8492 0 127 43.9337 1 56
0 0 0 0 0 13 16 16 0 0 0 0 0 0 127 51 1;
egregore_data 0 0 127 0 0 127 0 0 0 0 0 0 0 0 0 127 38 0 127 0 0 0
0 0 0 0 0 0 0 100 0 0 127 127 78 0 93 90 127 0 19 127 127 0 0 0 70
0 0 0 127 127 34 0 124.106 60.1558 18.5528 0 92.809 26.1658 0 99.1093
10.4925 65.0854 71.5779 6.38191 3.82915 39.8492 0 127 43.9337 1 56
1 0 0 0 0 13 16 16 0 0 0 0 0 0 127 51 1;
egregore_data 0 0 127 0 0 127 0 0 0 0 0 0 0 0 0 127 38 0 127 0 0 0
0 0 0 0 0 0 0 100 0 0 127 127 78 0 93 90 127 0 19 127 127 0 0 0 70
0 0 0 127 127 34 0 124.131 59.9495 18.5657 0 92.7929 26.298 0 99.0594
10.399 65.0758 71.4747 6.41414 3.84848 39.904 0 127 43.9337 1 56 1
0 0 0 0 13 16 16 0 0 0 0 0 0 127 51 1;
egregore_data 0 0 127 0 0 127 0 0 0 0 0 0 0 0 0 127 38 0 127 0 0 0
0 0 0 0 0 0 0 100 0 0 127 127 78 0 93 90 127 0 19 127 127 0 0 0 70
0 0 0 127 127 34 0 124.131 59.9495 18.5657 0 92.7929 26.298 0 99.0594
10.399 65.0758 71.4747 6.41414 3.84848 39.904 0 127 43.9337 1 56 1
0 0 0 0 13 16 16 0 0 0 0 0 0 127 51 1;
egregore_data 0 0 127 0 0 127 0 0 0 0 0 0 0 0 0 127 38 0 127 0 0 0
0 0 0 0 0 0 0 100 0 0 127 127 78 0 93 90 127 0 19 127 127 0 0 0 70
0 0 0 127 127 34 0 124.21 59.3179 18.6051 0 92.7436 26.7026 0 98.9064
10.1128 65.0462 71.159 6.51282 3.90769 40.0718 0 127 43.9337 1 56 1
0 0 0 0 13 16 16 0 0 0 0 0 0 127 51 1;
egregore_data 0 0 127 0 0 127 0 0 0 0 0 0 0 0 0 127 38 0 127 0 0 0
0 0 0 0 0 0 0 100 0 0 127 127 78 0 93 90 127 0 19 127 127 0 0 0 70
0 0 0 127 127 34 0 124.21 59.3179 18.6051 0 92.7436 26.7026 0 98.9064
10.1128 65.0462 71.159 6.51282 3.90769 40.0718 0 127 43.9337 1 56 1
0 0 0 0 13 16 16 0 0 0 0 0 0 127 51 1;
egregore_data 0 0 127 0 0 127 0 0 0 0 0 0 0 0 0 127 38 0 127 0 0 0
0 0 0 0 0 0 0 100 0 0 127 127 78 0 93 90 127 0 19 127 127 0 0 0 70
0 0 0 127 127 34 0 124.237 59.1031 18.6186 0 92.7268 26.8402 0 98.8544
10.0155 65.0361 71.0515 6.54639 3.92783 40.1289 0 127 43.9337 1 56
2 0 0 0 0 13 16 16 0 0 0 0 0 0 127 51 1;
egregore_data 0 0 127 0 0 127 0 0 0 0 0 0 0 0 0 127 38 0 127 0 0 0
0 0 0 0 0 0 0 100 0 0 127 127 78 0 93 90 127 0 19 127 127 0 0 0 70
0 0 0 127 127 34 0 124.264 58.886 18.6321 0 92.7098 26.9793 0 98.8018
9.9171 65.0259 70.943 6.58031 3.94819 40.1865 0 127 43.9337 1 56 2
0 0 0 0 13 16 16 0 0 0 0 0 0 127 51 1;
egregore_data 0 0 127 0 0 127 0 0 0 0 0 0 0 0 0 127 38 0 127 0 0 0
0 0 0 0 0 0 0 100 0 0 127 127 78 0 93 90 127 0 19 127 127 0 0 0 70
0 0 0 127 127 34 0 124.264 58.886 18.6321 0 92.7098 26.9793 0 98.8018
9.9171 65.0259 70.943 6.58031 3.94819 40.1865 0 127 43.9337 1 56 2
0 0 0 0 13 16 16 0 0 0 0 0 0 127 51 1;
egregore_data 0 0 127 0 0 127 0 0 0 0 0 0 0 0 0 127 38 0 127 0 0 0
0 0 0 0 0 0 0 100 0 0 127 127 78 0 93 90 127 0 19 127 127 0 0 0 70
0 0 0 127 127 34 0 124.264 58.886 18.6321 0 92.7098 26.9793 0 98.8018
9.9171 65.0259 70.943 6.58031 3.94819 40.1865 0 127 43.9337 1 56 2
0 0 0 0 13 16 16 0 0 0 0 0 0 127 51 1;
egregore_data 0 0 127 0 0 127 0 0 0 0 0 0 0 0 0 127 38 0 127 0 0 0
0 0 0 0 0 0 0 100 0 0 127 127 78 0 93 90 127 0 19 127 127 0 0 0 70
0 0 0 127 127 34 0 124.264 58.886 18.6321 0 92.7098 26.9793 0 98.8018
9.9171 65.0259 70.943 6.58031 3.94819 40.1865 0 127 43.9337 1 56 2
0 0 0 0 14 16 16 0 0 0 0 0 0 127 51 1;
egregore_data 0 0 127 0 0 127 0 0 0 0 0 0 0 0 0 127 38 0 127 0 0 0
0 0 0 0 0 0 0 100 0 0 127 127 78 0 93 90 127 0 19 127 127 0 0 0 70
0 0 0 127 127 34 0 124.264 58.886 18.6321 0 92.7098 26.9793 0 98.8018
9.9171 65.0259 70.943 6.58031 3.94819 40.1865 0 127 43.9337 1 56 3
0 0 0 0 14 16 16 0 0 0 0 0 0 127 51 1;
egregore_data 0 0 127 0 0 127 0 0 0 0 0 0 0 0 0 127 38 0 127 0 0 0
0 0 0 0 0 0 0 100 0 0 127 127 78 0 93 90 127 0 19 127 127 0 0 0 70
0 0 0 127 127 34 0 124.264 58.886 18.6321 0 92.7098 26.9793 0 98.8018
9.9171 65.0259 70.943 6.58031 3.94819 40.1865 0 127 43.9337 1 56 3
0 0 0 0 14 16 16 0 0 0 0 0 0 127 51 1;
egregore_data 0 0 127 0 0 127 0 0 0 0 0 0 0 0 0 127 38 0 127 0 0 0
0 0 0 0 0 0 0 100 0 0 127 127 78 0 93 90 127 0 19 127 127 0 0 0 70
0 0 0 127 127 34 0 124.264 58.886 18.6321 0 92.7098 26.9793 0 98.8018
9.9171 65.0259 70.943 6.58031 3.94819 40.1865 0 127 43.9337 1 56 3
0 0 0 0 14 16 16 0 0 0 0 0 0 127 51 1;
egregore_data 0 0 127 0 0 127 0 0 0 0 0 0 0 0 0 127 38 0 127 0 0 0
0 0 0 0 0 0 0 100 0 0 127 127 78 0 93 90 127 0 19 127 127 0 0 0 70
0 0 0 127 127 34 0 124.292 58.6667 18.6458 0 92.6927 27.1198 0 98.7487
9.81771 65.0156 70.8333 6.61458 3.96875 40.2448 0 127 43.9337 1 56
3 0 0 0 0 14 16 16 0 0 0 0 0 0 127 51 1;
egregore_data 0 0 127 0 0 127 0 0 0 0 0 0 0 0 0 127 38 0 127 0 0 0
0 0 0 0 0 0 0 100 0 0 127 127 78 0 93 90 127 0 19 127 127 0 0 0 70
0 0 0 127 127 34 0 124.319 58.445 18.6597 0 92.6754 27.2618 0 98.695
9.71728 65.0052 70.7225 6.64921 3.98953 40.3037 0 127 43.9337 1 56
3 0 0 0 0 14 16 16 0 0 0 0 0 0 127 51 1;
egregore_data 0 0 127 0 0 127 0 0 0 0 0 0 0 0 0 127 38 0 127 0 0 0
0 0 0 0 0 0 0 100 0 0 127 127 78 0 93 90 127 0 19 127 127 0 0 0 70
0 0 0 127 127 34 0 124.404 57.766 18.7021 0 92.6223 27.6968 0 98.5306
9.40957 64.9734 70.383 6.75532 4.05319 40.484 0 127 43.9337 1 56 3
0 0 0 0 14 16 16 0 0 0 0 0 0 127 51 1;
egregore_data 0 0 127 0 0 127 0 0 0 0 0 0 0 0 0 127 38 0 127 0 0 0
0 0 0 0 0 0 0 100 0 0 127 127 78 0 93 90 127 0 19 127 127 0 0 0 70
0 0 0 127 127 34 0 124.404 57.766 18.7021 0 92.6223 27.6968 0 98.5306
9.40957 64.9734 70.383 6.75532 4.05319 40.484 0 127 43.9337 1 56 3
0 0 0 0 14 16 16 0 0 0 0 0 0 127 51 1;
egregore_data 0 0 127 0 0 127 0 0 0 0 0 0 0 0 0 127 38 0 127 0 0 0
0 0 0 0 0 0 0 100 0 0 127 127 78 0 93 90 127 0 19 127 127 0 0 0 70
0 0 0 127 127 34 0 124.404 57.766 18.7021 0 92.6223 27.6968 0 98.5306
9.40957 64.9734 70.383 6.75532 4.05319 40.484 0 127 43.9337 1 56 3
0 0 0 0 14 16 16 0 0 0 0 0 0 127 51 1;
egregore_data 0 0 127 0 0 127 0 0 0 0 0 0 0 0 0 127 38 0 127 0 0 0
0 0 0 0 0 0 0 100 0 0 127 127 78 0 93 90 127 0 19 127 127 0 0 0 70
0 0 0 127 127 34 0 124.404 57.766 18.7021 0 92.6223 27.6968 0 98.5306
9.40957 64.9734 70.383 6.75532 4.05319 40.484 0 127 43.9337 1 56 3
0 0 0 0 14 16 16 0 0 0 0 0 0 127 51 1;
egregore_data 0 0 127 0 0 127 0 0 0 0 0 0 0 0 0 127 38 0 127 0 0 0
0 0 0 0 0 0 0 100 0 0 127 127 78 0 93 90 127 0 19 127 127 0 0 0 70
0 0 0 127 127 34 0 124.404 57.766 18.7021 0 92.6223 27.6968 0 98.5306
9.40957 64.9734 70.383 6.75532 4.05319 40.484 0 127 43.9337 1 56 3
0 0 0 0 14 16 16 0 0 0 0 0 0 127 51 1;
egregore_data 0 0 127 0 0 127 0 0 0 0 0 0 0 0 0 127 38 0 127 0 0 0
0 0 0 0 0 0 0 100 0 0 127 127 78 0 93 90 127 0 19 127 127 0 0 0 70
0 0 0 127 127 34 0 124.433 57.5348 18.7166 0 92.6043 27.8449 0 98.4746
9.30481 64.9626 70.2674 6.79144 4.07487 40.5455 0 127 43.9337 1 56
3 0 0 0 0 14 16 16 0 0 0 0 0 0 127 51 1;
egregore_data 0 0 127 0 0 127 0 0 0 0 0 0 0 0 0 127 38 0 127 0 0 0
0 0 0 0 0 0 0 100 0 0 127 127 78 0 93 90 127 0 19 127 127 0 0 0 70
0 0 0 127 127 34 0 124.433 57.5348 18.7166 0 92.6043 27.8449 0 98.4746
9.30481 64.9626 70.2674 6.79144 4.07487 40.5455 0 127 43.9337 1 56
3 0 0 0 0 14 16 16 0 0 0 0 0 0 127 51 1;
egregore_data 0 0 127 0 0 127 0 0 0 0 0 0 0 0 0 127 38 0 127 0 0 0
0 0 0 0 0 0 0 100 0 0 127 127 78 0 93 90 127 0 19 127 127 0 0 0 70
0 0 0 127 127 34 0 124.462 57.3011 18.7312 0 92.586 27.9946 0 98.418
9.19893 64.9516 70.1505 6.82796 4.09677 40.6075 0 127 43.9337 1 56
3 0 0 0 0 14 16 16 0 0 0 0 0 0 127 51 1;
egregore_data 0 0 127 0 0 127 0 0 0 0 0 0 0 0 0 127 38 0 127 0 0 0
0 0 0 0 0 0 0 100 0 0 127 127 78 0 93 90 127 0 19 127 127 0 0 0 70
0 0 0 127 127 34 0 124.492 57.0649 18.7459 0 92.5676 28.1459 0 98.3608
9.09189 64.9405 70.0324 6.86486 4.11892 40.6703 0 127 43.9337 1 56
3 0 0 0 0 14 16 16 0 0 0 0 0 0 127 51 1;
egregore_data 0 0 127 0 0 127 0 0 0 0 0 0 0 0 0 127 38 0 127 0 0 0
0 0 0 0 0 0 0 100 0 0 127 127 78 0 93 90 127 0 19 127 127 0 0 0 70
0 0 0 127 127 34 0 124.492 57.0649 18.7459 0 92.5676 28.1459 0 98.3608
9.09189 64.9405 70.0324 6.86486 4.11892 40.6703 0 127 43.9337 1 56
3 0 0 0 0 14 16 16 0 0 0 0 0 0 127 51 1;
egregore_data 0 0 127 0 0 127 0 0 0 0 0 0 0 0 0 127 38 0 127 0 0 0
0 0 0 0 0 0 0 100 0 0 127 127 78 0 93 90 127 0 19 127 127 0 0 0 70
0 0 0 127 127 34 0 124.552 56.5847 18.776 0 92.5301 28.4536 0 98.2446
8.87432 64.918 69.7924 6.93989 4.16393 40.7978 0 127 43.9337 1 56 3
0 0 0 0 14 16 16 0 0 0 0 0 0 127 51 1;
egregore_data 0 0 127 0 0 127 0 0 0 0 0 0 0 0 0 127 38 0 127 0 0 0
0 0 0 0 0 0 0 100 0 0 127 127 78 0 93 90 127 0 19 127 127 0 0 0 70
0 0 0 127 127 34 0 124.582 56.3407 18.7912 0 92.511 28.6099 0 98.1855
8.76374 64.9066 69.6703 6.97802 4.18681 40.8626 0 127 43.9337 1 56
3 0 0 0 0 14 16 16 0 0 0 0 0 0 127 51 1;
egregore_data 0 0 127 0 0 127 0 0 0 0 0 0 0 0 0 127 38 0 127 0 0 0
0 0 0 0 0 0 0 100 0 0 127 127 78 0 93 90 127 0 19 127 127 0 0 0 70
0 0 0 127 127 34 0 124.582 56.3407 18.7912 0 92.511 28.6099 0 98.1855
8.76374 64.9066 69.6703 6.97802 4.18681 40.8626 0 127 43.9337 1 56
3 0 0 0 0 14 16 16 0 0 0 0 0 0 127 51 1;
egregore_data 0 0 127 0 0 127 0 0 0 0 0 0 0 0 0 127 38 0 127 0 0 0
0 0 0 0 0 0 0 100 0 0 127 127 78 0 93 90 127 0 19 127 127 0 0 0 70
0 0 0 127 127 34 0 124.644 55.8444 18.8222 0 92.4722 28.9278 0 98.0653
8.53889 64.8833 69.4222 7.05556 4.23333 40.9944 0 127 43.9337 1 56
3 0 0 0 0 14 16 16 0 0 0 0 0 0 127 51 1;
egregore_data 0 0 127 0 0 127 0 0 0 0 0 0 0 0 0 127 38 0 127 0 0 0
0 0 0 0 0 0 0 100 0 0 127 127 78 0 93 90 127 0 19 127 127 0 0 0 70
0 0 0 127 127 34 0 124.676 55.5922 18.838 0 92.4525 29.0894 0 98.0042
8.42458 64.8715 69.2961 7.09497 4.25698 41.0615 0 127 43.9337 1 56
3 0 0 0 0 14 16 16 0 0 0 0 0 0 127 51 1;
egregore_data 0 0 127 0 0 127 0 0 0 0 0 0 0 0 0 127 38 0 127 0 0 0
0 0 0 0 0 0 0 100 0 0 127 127 78 0 93 90 127 0 19 127 127 0 0 0 70
0 0 0 127 127 34 0 124.708 55.3371 18.8539 0 92.4326 29.2528 0 97.9424
8.30899 64.8596 69.1685 7.13483 4.2809 41.1292 0 127 43.9337 1 56 3
0 0 0 0 14 16 16 0 0 0 0 0 0 127 51 1;
egregore_data 0 0 127 0 0 127 0 0 0 0 0 0 0 0 0 127 38 0 127 0 0 0
0 0 0 0 0 0 0 100 0 0 127 127 78 0 93 90 127 0 19 127 127 0 0 0 70
0 0 0 127 127 34 0 124.708 55.3371 18.8539 0 92.4326 29.2528 0 97.9424
8.30899 64.8596 69.1685 7.13483 4.2809 41.1292 0 127 43.9337 1 56 3
0 0 0 0 14 16 16 0 0 0 0 0 0 127 51 1;
egregore_data 0 0 127 0 0 127 0 0 0 0 0 0 0 0 0 127 38 0 127 0 0 0
0 0 0 0 0 0 0 100 0 0 127 127 78 0 93 90 127 0 19 127 127 0 0 0 70
0 0 0 127 127 34 0 124.773 54.8182 18.8864 0 92.392 29.5852 0 97.8168
8.07386 64.8352 68.9091 7.21591 4.32955 41.267 0 127 43.9337 1 56 3
0 0 0 0 14 16 16 0 0 0 0 0 0 127 51 1;
egregore_data 0 0 127 0 0 127 0 0 0 0 0 0 0 0 0 127 38 0 127 0 0 0
0 0 0 0 0 0 0 100 0 0 127 127 78 0 93 90 127 0 19 127 127 0 0 0 70
0 0 0 127 127 34 0 124.806 54.5543 18.9029 0 92.3714 29.7543 0 97.7529
7.95429 64.8229 68.7771 7.25714 4.35429 41.3371 0 127 43.9337 1 56
3 0 0 0 0 14 16 16 0 0 0 0 0 0 127 51 1;
egregore_data 0 0 127 0 0 127 0 0 0 0 0 0 0 0 0 127 38 0 127 0 0 0
0 0 0 0 0 0 0 100 0 0 127 127 78 0 93 90 127 0 19 127 127 0 0 0 70
0 0 0 127 127 34 0 124.806 54.5543 18.9029 0 92.3714 29.7543 0 97.7529
7.95429 64.8229 68.7771 7.25714 4.35429 41.3371 0 127 43.9337 1 56
3 0 0 0 0 14 16 16 0 0 0 0 0 0 127 51 1;
egregore_data 0 0 127 0 0 127 0 0 0 0 0 0 0 0 0 127 38 0 127 0 0 0
0 0 0 0 0 0 0 100 0 0 127 127 78 0 93 90 127 0 19 127 127 0 0 0 70
0 0 0 127 127 34 0 124.839 54.2874 18.9195 0 92.3506 29.9253 0 97.6882
7.83333 64.8103 68.6437 7.29885 4.37931 41.408 0 127 43.9337 1 56 3
0 0 0 0 14 16 16 0 0 0 0 0 0 127 51 1;
egregore_data 0 0 127 0 0 127 0 0 0 0 0 0 0 0 0 127 38 0 127 0 0 0
0 0 0 0 0 0 0 100 0 0 127 127 78 0 93 90 127 0 19 127 127 0 0 0 70
0 0 0 127 127 34 0 124.839 54.2874 18.9195 0 92.3506 29.9253 0 97.6882
7.83333 64.8103 68.6437 7.29885 4.37931 41.408 0 127 43.9337 1 56 3
0 0 0 0 14 16 16 0 0 0 0 0 0 127 51 1;
egregore_data 0 0 127 0 0 127 0 0 0 0 0 0 0 0 0 127 38 0 127 0 0 0
0 0 0 0 0 0 0 100 0 0 127 127 78 0 93 90 127 0 19 127 127 0 0 0 70
0 0 0 127 127 34 0 124.873 54.0173 18.9364 0 92.3295 30.0983 0 97.6229
7.71098 64.7977 68.5087 7.34104 4.40462 41.4798 0 127 43.9337 1 56
3 0 0 0 0 14 16 16 0 0 0 0 0 0 127 51 1;
egregore_data 0 0 127 0 0 127 0 0 0 0 0 0 0 0 0 127 38 0 127 0 0 0
0 0 0 0 0 0 0 100 0 0 127 127 78 0 93 90 127 0 19 127 127 0 0 0 70
0 0 0 127 127 34 0 124.873 54.0173 18.9364 0 92.3295 30.0983 0 97.6229
7.71098 64.7977 68.5087 7.34104 4.40462 41.4798 0 127 43.9337 1 56
3 0 0 0 0 14 16 16 0 0 0 0 0 0 127 51 1;
egregore_data 0 0 127 0 0 127 0 0 0 0 0 0 0 0 0 127 38 0 127 0 0 0
0 0 0 0 0 0 0 100 0 0 127 127 78 0 93 90 127 0 19 127 127 0 0 0 70
0 0 0 127 127 34 0 124.907 53.7442 18.9535 0 92.3081 30.2733 0 97.5567
7.58721 64.7849 68.3721 7.38372 4.43023 41.5523 0 127 43.9337 1 56
3 0 0 0 0 14 16 16 0 0 0 0 0 0 127 51 1;
egregore_data 0 0 127 0 0 127 0 0 0 0 0 0 0 0 0 127 38 0 127 0 0 0
0 0 0 0 0 0 0 100 0 0 127 127 78 0 93 90 127 0 19 127 127 0 0 0 70
0 0 0 127 127 34 0 125.012 52.9053 19.0059 0 92.2426 30.8106 0 97.3536
7.2071 64.7456 67.9527 7.51479 4.50888 41.7751 0 127 43.9337 1 56 3
0 0 0 0 14 16 16 0 0 0 0 0 0 127 51 1;
egregore_data 0 0 127 0 0 127 0 0 0 0 0 0 0 0 0 127 38 0 127 0 0 0
0 0 0 0 0 0 0 100 0 0 127 127 78 0 93 90 127 0 19 127 127 0 0 0 70
0 0 0 127 127 34 0 125.012 52.9053 19.0059 0 92.2426 30.8106 0 97.3536
7.2071 64.7456 67.9527 7.51479 4.50888 41.7751 0 127 43.9337 1 56 3
0 0 0 0 14 16 16 0 0 0 0 0 0 127 51 1;
egregore_data 0 0 127 0 0 127 0 0 0 0 0 0 0 0 0 127 38 0 127 0 0 0
0 0 0 0 0 0 0 100 0 0 127 127 78 0 93 90 127 0 19 127 127 0 0 0 70
0 0 0 127 127 34 0 125.048 52.619 19.0238 0 92.2202 30.994 0 97.2842
7.07738 64.7321 67.8095 7.55952 4.53571 41.8512 0 127 43.9337 1 56
3 0 0 0 0 14 16 16 0 0 0 0 0 0 127 51 1;
egregore_data 0 0 127 0 0 127 0 0 0 0 0 0 0 0 0 127 38 0 127 0 0 0
0 0 0 0 0 0 0 100 0 0 127 127 78 0 93 90 127 0 19 127 127 0 0 0 70
0 0 0 127 127 34 0 125.048 52.619 19.0238 0 92.2202 30.994 0 97.2842
7.07738 64.7321 67.8095 7.55952 4.53571 41.8512 0 127 43.9337 1 56
3 0 0 0 0 14 16 16 0 0 0 0 0 0 127 51 1;
egregore_data 0 0 127 0 0 127 0 0 0 0 0 0 0 0 0 127 38 0 127 0 0 0
0 0 0 0 0 0 0 100 0 0 127 127 78 0 93 90 127 0 19 127 127 0 0 0 70
0 0 0 127 127 34 0 125.048 52.619 19.0238 0 92.2202 30.994 0 97.2842
7.07738 64.7321 67.8095 7.55952 4.53571 41.8512 0 127 43.9337 1 56
3 0 0 0 0 14 16 16 0 0 0 0 0 0 127 51 1;
egregore_data 0 0 127 0 0 127 0 0 0 0 0 0 0 0 0 127 38 0 127 0 0 0
0 0 0 0 0 0 0 100 0 0 127 127 78 0 93 90 127 0 19 127 127 0 0 0 70
0 0 0 127 127 34 0 125.048 52.619 19.0238 0 92.2202 30.994 0 97.2842
7.07738 64.7321 67.8095 7.55952 4.53571 41.8512 0 127 43.9337 1 56
3 0 0 0 0 14 16 16 0 0 0 0 0 0 127 51 1;
egregore_data 0 0 127 0 0 127 0 0 0 0 0 0 0 0 0 127 38 0 127 0 0 0
0 0 0 0 0 0 0 100 0 0 127 127 78 0 93 90 127 0 19 127 127 0 0 0 70
0 0 0 127 127 34 0 125.048 52.619 19.0238 0 92.2202 30.994 0 97.2842
7.07738 64.7321 67.8095 7.55952 4.53571 41.8512 0 127 43.9337 1 56
3 0 0 0 0 14 16 16 0 0 0 0 0 0 127 51 1;
egregore_data 0 0 127 0 0 127 0 0 0 0 0 0 0 0 0 127 38 0 127 0 0 0
0 0 0 0 0 0 0 100 0 0 127 127 78 0 93 90 127 0 19 127 127 0 0 0 70
0 0 0 127 127 34 0 125.048 52.619 19.0238 0 92.2202 30.994 0 97.2842
7.07738 64.7321 67.8095 7.55952 4.53571 41.8512 0 127 43.9337 1 56
3 0 0 0 0 14 16 16 0 0 0 0 0 0 127 51 1;
egregore_data 0 0 127 0 0 127 0 0 0 0 0 0 0 0 0 127 38 0 127 0 0 0
0 0 0 0 0 0 0 100 0 0 127 127 78 0 93 90 127 0 19 127 127 0 0 0 70
0 0 0 127 127 34 0 125.048 52.619 19.0238 0 92.2202 30.994 0 97.2842
7.07738 64.7321 67.8095 7.55952 4.53571 41.8512 0 127 43.9337 1 56
3 0 0 0 0 14 16 16 0 0 0 0 0 0 127 51 1;
egregore_data 0 0 127 0 0 127 0 0 0 0 0 0 0 0 0 127 38 0 127 0 0 0
0 0 0 0 0 0 0 100 0 0 127 127 78 0 93 90 127 0 19 127 127 0 0 0 70
0 0 0 127 127 34 0 125.048 52.619 19.0238 0 92.2202 30.994 0 97.2842
7.07738 64.7321 67.8095 7.55952 4.53571 41.8512 0 127 43.9337 1 56
3 0 0 0 0 14 16 16 0 0 0 0 0 0 127 51 1;
egregore_data 0 0 127 0 0 127 0 0 0 0 0 0 0 0 0 127 38 0 127 0 0 0
0 0 0 0 0 0 0 100 0 0 127 127 78 0 93 90 127 0 19 127 127 0 0 0 70
0 0 0 127 127 34 0 125.048 52.619 19.0238 0 92.2202 30.994 0 97.2842
7.07738 64.7321 67.8095 7.55952 4.53571 41.8512 0 127 43.9337 1 56
3 0 0 0 0 14 16 16 0 0 0 0 0 0 127 51 1;
egregore_data 0 0 127 0 0 127 0 0 0 0 0 0 0 0 0 127 38 0 127 0 0 0
0 0 0 0 0 0 0 100 0 0 127 127 78 0 93 90 127 0 19 127 127 0 0 0 70
0 0 0 127 127 34 0 125.048 52.619 19.0238 0 92.2202 30.994 0 97.2842
7.07738 64.7321 67.8095 7.55952 4.53571 41.8512 0 127 43.9337 1 56
3 0 0 0 0 14 16 16 0 0 0 0 0 0 127 51 1;
egregore_data 0 0 127 0 0 127 0 0 0 0 0 0 0 0 0 127 38 0 127 0 0 0
0 0 0 0 0 0 0 100 0 0 127 127 78 0 93 90 127 0 19 127 127 0 0 0 70
0 0 0 127 127 34 0 125.048 52.619 19.0238 0 92.2202 30.994 0 97.2842
7.07738 64.7321 67.8095 7.55952 4.53571 41.8512 0 127 43.9337 1 56
3 0 0 0 0 14 16 16 0 0 0 0 0 0 127 51 1;
egregore_data 0 0 127 0 0 127 0 0 0 0 0 0 0 0 0 127 38 0 127 0 0 0
0 0 0 0 0 0 0 100 0 0 127 127 78 0 93 90 127 0 19 127 127 0 0 0 70
0 0 0 127 127 34 0 125.084 52.3293 19.0419 0 92.1976 31.1796 0 97.2141
6.94611 64.7186 67.6647 7.60479 4.56287 41.9281 0 127 43.9337 1 56
3 0 0 0 0 14 16 16 0 0 0 0 0 0 127 51 1;
egregore_data 0 0 127 0 0 127 0 0 0 0 0 0 0 0 0 127 38 0 127 0 0 0
0 0 0 0 0 0 0 100 0 0 127 127 78 0 93 90 127 0 19 127 127 0 0 0 70
0 0 0 127 127 34 0 125.084 52.3293 19.0419 0 92.1976 31.1796 0 97.2141
6.94611 64.7186 67.6647 7.60479 4.56287 41.9281 0 127 43.9337 1 56
3 0 0 0 0 14 16 16 0 0 0 0 0 0 127 51 1;
egregore_data 0 0 127 0 0 127 0 0 0 0 0 0 0 0 0 127 38 0 127 0 0 0
0 0 0 0 0 0 0 100 0 0 127 127 78 0 93 90 127 0 19 127 127 0 0 0 70
0 0 0 127 127 34 0 125.12 52.0361 19.0602 0 92.1747 31.3675 0 97.1431
6.81325 64.7048 67.5181 7.6506 4.59036 42.006 0 127 43.9337 1 56 3
0 0 0 0 14 16 16 0 0 0 0 0 0 127 51 1;
egregore_data 0 0 127 0 0 127 0 0 0 0 0 0 0 0 0 127 38 0 127 0 0 0
0 0 0 0 0 0 0 100 0 0 127 127 78 0 93 90 127 0 19 127 127 0 0 0 70
0 0 0 127 127 34 0 125.12 52.0361 19.0602 0 92.1747 31.3675 0 97.1431
6.81325 64.7048 67.5181 7.6506 4.59036 42.006 0 127 43.9337 1 56 3
0 0 0 0 14 16 16 0 0 0 0 0 0 127 51 1;
egregore_data 0 0 127 0 0 127 0 0 0 0 0 0 0 0 0 127 38 0 127 0 0 0
0 0 0 0 0 0 0 100 0 0 127 127 78 0 93 90 127 0 19 127 127 0 0 0 70
0 0 0 127 127 34 0 125.195 51.439 19.0976 0 92.1281 31.75 0 96.9985
6.54268 64.6768 67.2195 7.7439 4.64634 42.1646 0 127 43.9337 1 56 3
0 0 0 0 14 16 16 0 0 0 0 0 0 127 51 1;
egregore_data 0 0 127 0 0 127 0 0 0 0 0 0 0 0 0 127 38 0 127 0 0 0
0 0 0 0 0 0 0 100 0 0 127 127 78 0 93 90 127 0 19 127 127 0 0 0 70
0 0 0 127 127 34 0 125.233 51.135 19.1166 0 92.1043 31.9448 0 96.9249
6.40491 64.6626 67.0675 7.79141 4.67485 42.2454 0 127 43.9337 1 56
3 0 0 0 0 14 16 16 0 0 0 0 0 0 127 51 1;
egregore_data 0 0 127 0 0 127 0 0 0 0 0 0 0 0 0 127 38 0 127 0 0 0
0 0 0 0 0 0 0 100 0 0 127 127 78 0 93 90 127 0 19 127 127 0 0 0 70
0 0 0 127 127 34 0 125.272 50.8272 19.1358 0 92.0802 32.142 0 96.8503
6.26543 64.6481 66.9136 7.83951 4.7037 42.3272 0 127 43.9337 1 56 3
0 0 0 0 14 16 16 0 0 0 0 0 0 127 51 1;
egregore_data 0 0 127 0 0 127 0 0 0 0 0 0 0 0 0 127 38 0 127 0 0 0
0 0 0 0 0 0 0 100 0 0 127 127 78 0 93 90 127 0 19 127 127 0 0 0 70
0 0 0 127 127 34 0 125.272 50.8272 19.1358 0 92.0802 32.142 0 96.8503
6.26543 64.6481 66.9136 7.83951 4.7037 42.3272 0 127 43.9337 1 56 3
0 0 0 0 15 16 16 0 0 0 0 0 0 127 51 1;
egregore_data 0 0 127 0 0 127 0 0 0 0 0 0 0 0 0 127 38 0 127 0 0 0
0 0 0 0 0 0 0 100 0 0 127 127 78 0 93 90 127 0 19 127 127 0 0 0 70
0 0 0 127 127 34 0 125.272 50.8272 19.1358 0 92.0802 32.142 0 96.8503
6.26543 64.6481 66.9136 7.83951 4.7037 42.3272 0 127 43.9337 1 56 3
0 0 0 0 15 16 16 0 0 0 0 0 0 127 51 1;
egregore_data 0 0 127 0 0 127 0 0 0 0 0 0 0 0 0 127 38 0 127 0 0 0
0 0 0 0 0 0 0 100 0 0 127 127 78 0 93 90 127 0 19 127 127 0 0 0 70
0 0 0 127 127 34 0 125.272 50.8272 19.1358 0 92.0802 32.142 0 96.8503
6.26543 64.6481 66.9136 7.83951 4.7037 42.3272 0 127 43.9337 1 56 3
0 0 0 0 15 16 16 0 0 0 0 0 0 127 51 1;
egregore_data 0 0 127 0 0 127 0 0 0 0 0 0 0 0 0 127 38 0 127 0 0 0
0 0 0 0 0 0 0 100 0 0 127 127 78 0 93 90 127 0 19 127 127 0 0 0 70
0 0 0 127 127 34 0 125.311 50.5155 19.1553 0 92.0559 32.3416 0 96.7749
6.12422 64.6335 66.7578 7.8882 4.73292 42.4099 0 127 43.9337 1 56 3
0 0 0 0 15 16 16 0 0 0 0 0 0 127 51 1;
egregore_data 0 0 127 0 0 127 0 0 0 0 0 0 0 0 0 127 38 0 127 0 0 0
0 0 0 0 0 0 0 100 0 0 127 127 78 0 93 90 127 0 19 127 127 0 0 0 70
0 0 0 127 127 34 0 125.311 50.5155 19.1553 0 92.0559 32.3416 0 96.7749
6.12422 64.6335 66.7578 7.8882 4.73292 42.4099 0 127 43.9337 1 56 3
0 0 0 0 15 16 16 0 0 0 0 0 0 127 51 1;
egregore_data 0 0 127 0 0 127 0 0 0 0 0 0 0 0 0 127 38 0 127 0 0 0
0 0 0 0 0 0 0 100 0 0 127 127 78 0 93 90 127 0 19 127 127 0 0 0 70
0 0 0 127 127 34 0 125.311 50.5155 19.1553 0 92.0559 32.3416 0 96.7749
6.12422 64.6335 66.7578 7.8882 4.73292 42.4099 0 127 43.9337 1 56 3
0 0 0 0 15 16 16 0 0 0 0 0 0 127 51 1;
egregore_data 0 0 127 0 0 127 0 0 0 0 0 0 0 0 0 127 38 0 127 0 0 0
0 0 0 0 0 0 0 100 0 0 127 127 78 0 93 90 127 0 19 127 127 0 0 0 70
0 0 0 127 127 34 0 125.311 50.5155 19.1553 0 92.0559 32.3416 0 96.7749
6.12422 64.6335 66.7578 7.8882 4.73292 42.4099 0 127 43.9337 1 56 3
0 0 0 0 15 16 16 0 0 0 0 0 0 127 51 1;
egregore_data 0 0 127 0 0 127 0 0 0 0 0 0 0 0 0 127 38 0 127 0 0 0
0 0 0 0 0 0 0 100 0 0 127 127 78 0 93 90 127 0 19 127 127 0 0 0 70
0 0 0 127 127 34 0 125.311 50.5155 19.1553 0 92.0559 32.3416 0 96.7749
6.12422 64.6335 66.7578 7.8882 4.73292 42.4099 0 127 43.9337 1 56 3
0 0 0 0 15 16 16 0 0 0 0 0 0 127 51 1;
egregore_data 0 0 127 0 0 127 0 0 0 0 0 0 0 0 0 127 38 0 127 0 0 0
0 0 0 0 0 0 0 100 0 0 127 127 78 0 93 90 127 0 19 127 127 0 0 0 70
0 0 0 127 127 34 0 125.311 50.5155 19.1553 0 92.0559 32.3416 0 96.7749
6.12422 64.6335 66.7578 7.8882 4.73292 42.4099 0 127 43.9337 1 56 3
0 0 0 0 15 16 16 0 0 0 0 0 0 127 51 1;
egregore_data 0 0 127 0 0 127 0 0 0 0 0 0 0 0 0 127 38 0 127 0 0 0
0 0 0 0 0 0 0 100 0 0 127 127 78 0 93 90 127 0 19 127 127 0 0 0 70
0 0 0 127 127 34 0 125.311 50.5155 19.1553 0 92.0559 32.3416 0 96.7749
6.12422 64.6335 66.7578 7.8882 4.73292 42.4099 0 127 43.9337 1 56 3
0 0 0 0 15 16 16 0 0 0 0 0 0 127 51 1;
egregore_data 0 0 127 0 0 127 0 0 0 0 0 0 0 0 0 127 38 0 127 0 0 0
0 0 0 0 0 0 0 100 0 0 127 127 78 0 93 90 127 0 19 127 127 0 0 0 70
0 0 0 127 127 34 0 125.311 50.5155 19.1553 0 92.0559 32.3416 0 96.7749
6.12422 64.6335 66.7578 7.8882 4.73292 42.4099 0 127 43.9337 1 56 3
0 0 0 0 15 16 16 0 0 0 0 0 0 127 51 1;
egregore_data 0 0 127 0 0 127 0 0 0 0 0 0 0 0 0 127 38 0 127 0 0 0
0 0 0 0 0 0 0 100 0 0 127 127 78 0 93 90 127 0 19 127 127 0 0 0 70
0 0 0 127 127 34 0 125.311 50.5155 19.1553 0 92.0559 32.3416 0 96.7749
6.12422 64.6335 66.7578 7.8882 4.73292 42.4099 0 127 43.9337 1 56 3
0 0 0 0 15 16 16 0 0 0 0 0 0 127 51 1;
egregore_data 0 0 127 0 0 127 0 0 0 0 0 0 0 0 0 127 38 0 127 0 0 0
0 0 0 0 0 0 0 100 0 0 127 127 78 0 93 90 127 0 19 127 127 0 0 0 70
0 0 0 127 127 34 0 125.311 50.5155 19.1553 0 92.0559 32.3416 0 96.7749
6.12422 64.6335 66.7578 7.8882 4.73292 42.4099 0 127 43.9337 1 56 3
0 0 0 0 15 16 16 0 0 0 0 0 0 127 51 1;
egregore_data 0 0 127 0 0 127 0 0 0 0 0 0 0 0 0 127 38 0 127 0 0 0
0 0 0 0 0 0 0 100 0 0 127 127 78 0 93 90 127 0 19 127 127 0 0 0 70
0 0 0 127 127 34 0 125.311 50.5155 19.1553 0 92.0559 32.3416 0 96.7749
6.12422 64.6335 66.7578 7.8882 4.73292 42.4099 0 127 43.9337 1 56 3
0 0 0 0 15 16 16 0 0 0 0 0 0 127 51 1;
egregore_data 0 0 127 0 0 127 0 0 0 0 0 0 0 0 0 127 38 0 127 0 0 0
0 0 0 0 0 0 0 100 0 0 127 127 78 0 93 90 127 0 19 127 127 0 0 0 70
0 0 0 127 127 34 0 125.311 50.5155 19.1553 0 92.0559 32.3416 0 96.7749
6.12422 64.6335 66.7578 7.8882 4.73292 42.4099 0 127 43.9337 1 56 3
0 0 0 0 15 16 16 0 0 0 0 0 0 127 51 1;
egregore_data 0 0 127 0 0 127 0 0 0 0 0 0 0 0 0 127 38 0 127 0 0 0
0 0 0 0 0 0 0 100 0 0 127 127 78 0 93 90 127 0 19 127 127 0 0 0 70
0 0 0 127 127 34 0 125.311 50.5155 19.1553 0 92.0559 32.3416 0 96.7749
6.12422 64.6335 66.7578 7.8882 4.73292 42.4099 0 127 43.9337 1 56 3
0 0 0 0 15 16 16 0 0 0 0 0 0 127 51 1;
egregore_data 0 0 127 0 0 127 0 0 0 0 0 0 0 0 0 127 38 0 127 0 0 0
0 0 0 0 0 0 0 100 0 0 127 127 78 0 93 90 127 0 19 127 127 0 0 0 70
0 0 0 127 127 34 0 125.311 50.5155 19.1553 0 92.0559 32.3416 0 96.7749
6.12422 64.6335 66.7578 7.8882 4.73292 42.4099 0 127 43.9337 1 56 3
0 0 0 0 15 16 16 0 0 0 0 0 0 127 51 1;
egregore_data 0 0 127 0 0 127 0 0 0 0 0 0 0 0 0 127 38 0 127 0 0 0
0 0 0 0 0 0 0 100 0 0 127 127 78 0 93 90 127 0 19 127 127 0 0 0 70
0 0 0 127 127 34 0 125.311 50.5155 19.1553 0 92.0559 32.3416 0 96.7749
6.12422 64.6335 66.7578 7.8882 4.73292 42.4099 0 127 43.9337 1 56 3
0 0 0 0 15 16 16 0 0 0 0 0 0 127 51 1;
egregore_data 0 0 127 0 0 127 0 0 0 0 0 0 0 0 0 127 38 0 127 0 0 0
0 0 0 0 0 0 0 100 0 0 127 127 78 0 93 90 127 0 19 127 127 0 0 0 70
0 0 0 127 127 34 0 125.311 50.5155 19.1553 0 92.0559 32.3416 0 96.7749
6.12422 64.6335 66.7578 7.8882 4.73292 42.4099 0 127 43.9337 1 56 3
0 0 0 0 15 16 16 0 0 0 0 0 0 127 51 1;
egregore_data 0 0 127 0 0 127 0 0 0 0 0 0 0 0 0 127 38 0 127 0 0 0
0 0 0 0 0 0 0 100 0 0 127 127 78 0 93 90 127 0 19 127 127 0 0 0 70
0 0 0 127 127 34 0 125.311 50.5155 19.1553 0 92.0559 32.3416 0 96.7749
6.12422 64.6335 66.7578 7.8882 4.73292 42.4099 0 127 43.9337 1 56 3
0 0 0 0 15 16 16 0 0 0 0 0 0 127 51 1;
egregore_data 0 0 127 0 0 127 0 0 0 0 0 0 0 0 0 127 38 0 127 0 0 0
0 0 0 0 0 0 0 100 0 0 127 127 78 0 93 90 127 0 19 127 127 0 0 0 70
0 0 0 127 127 34 0 125.311 50.5155 19.1553 0 92.0559 32.3416 0 96.7749
6.12422 64.6335 66.7578 7.8882 4.73292 42.4099 0 127 43.9337 1 56 3
0 0 0 0 15 16 16 0 0 0 0 0 0 127 51 1;
egregore_data 0 0 127 0 0 127 0 0 0 0 0 0 0 0 0 127 38 0 127 0 0 0
0 0 0 0 0 0 0 100 0 0 127 127 78 0 93 90 127 0 19 127 127 0 0 0 70
0 0 0 127 127 34 0 125.311 50.5155 19.1553 0 92.0559 32.3416 0 96.7749
6.12422 64.6335 66.7578 7.8882 4.73292 42.4099 0 127 43.9337 1 56 3
0 0 0 0 15 16 16 0 0 0 0 0 0 127 51 1;
egregore_data 0 0 127 0 0 127 0 0 0 0 0 0 0 0 0 127 38 0 127 0 0 0
0 0 0 0 0 0 0 100 0 0 127 127 78 0 93 90 127 0 19 127 127 0 0 0 70
0 0 0 127 127 34 0 125.311 50.5155 19.1553 0 92.0559 32.3416 0 96.7749
6.12422 64.6335 66.7578 7.8882 4.73292 42.4099 0 127 43.9337 1 56 3
0 0 0 0 15 16 16 0 0 0 0 0 0 127 51 1;
egregore_data 0 0 127 0 0 127 0 0 0 0 0 0 0 0 0 127 38 0 127 0 0 0
0 0 0 0 0 0 0 100 0 0 127 127 78 0 93 90 127 0 19 127 127 0 0 0 70
0 0 0 127 127 34 0 125.35 50.2 19.175 0 92.0312 32.5438 0 96.6985 5.98125
64.6188 66.6 7.9375 4.7625 42.4938 0 127 43.9337 1 56 3 0 0 0 0 16
16 16 0 0 0 0 0 0 127 51 1;
egregore_data 0 0 127 0 0 127 0 0 0 0 0 0 0 0 0 127 38 0 127 0 0 0
0 0 0 0 0 0 0 100 0 0 127 127 78 0 93 90 127 0 19 127 127 0 0 0 70
0 0 0 127 127 34 0 125.39 49.8805 19.195 0 92.0063 32.7484 0 96.6211
5.83648 64.6038 66.4402 7.98742 4.79245 42.5786 0 127 43.9337 1 56
3 0 0 0 0 16 16 16 0 0 0 0 0 0 127 51 1;
egregore_data 0 0 127 0 0 127 0 0 0 0 0 0 0 0 0 127 38 0 127 0 0 0
0 0 0 0 0 0 0 100 0 0 127 127 78 0 93 90 127 0 19 127 127 0 0 0 70
0 0 0 127 127 34 0 125.39 49.8805 19.195 0 92.0063 32.7484 0 96.6211
5.83648 64.6038 66.4402 7.98742 4.79245 42.5786 0 127 43.9337 1 56
3 0 0 0 0 16 16 16 0 0 0 0 0 0 127 51 1;
egregore_data 0 0 127 0 0 127 0 0 0 0 0 0 0 0 0 127 38 0 127 0 0 0
0 0 0 0 0 0 0 100 0 0 127 127 78 0 93 90 127 0 19 127 127 0 0 0 70
0 0 0 127 127 34 0 125.39 49.8805 19.195 0 92.0063 32.7484 0 96.6211
5.83648 64.6038 66.4402 7.98742 4.79245 42.5786 0 127 43.9337 1 56
3 0 0 0 0 16 16 16 0 0 0 0 0 0 127 51 1;
egregore_data 0 0 127 0 0 127 0 0 0 0 0 0 0 0 0 127 38 0 127 0 0 0
0 0 0 0 0 0 0 100 0 0 127 127 78 0 93 90 127 0 19 127 127 0 0 0 70
0 0 0 127 127 34 0 125.39 49.8805 19.195 0 92.0063 32.7484 0 96.6211
5.83648 64.6038 66.4402 7.98742 4.79245 42.5786 0 127 43.9337 1 56
3 0 0 0 0 16 16 16 0 0 0 0 0 0 127 51 1;
egregore_data 0 0 127 0 0 127 0 0 0 0 0 0 0 0 0 127 38 0 127 0 0 0
0 0 0 0 0 0 0 100 0 0 127 127 78 0 93 90 127 0 19 127 127 0 0 0 70
0 0 0 127 127 34 0 125.471 49.2293 19.2357 0 91.9554 33.1656 0 96.4634
5.5414 64.5732 66.1147 8.08917 4.8535 42.7516 0 127 43.9337 1 56 3
0 0 0 0 16 16 16 0 0 0 0 0 0 127 51 1;
END;
