HTTP/1.1 200 OK
Date: Thu, 28 May 2015 12:25:19 GMT
Server: Apache
Last-Modified: Wed, 27 May 2015 19:26:22 GMT
Accept-Ranges: bytes
Content-Length: 32108
Vary: Accept-Encoding
Connection: close
Content-Type: text/plain

chdh_egregore_live_data;
egregore_data 0 0 127 0 0 127 0 0 0 0 0 0 0 0 0 127 38 0 127 0 0 0
0 0 0 0 0 0 0 100 0 0 127 127 78 0 93 90 127 0 19 127 127 0 0 0 70
0 0 0 127 127 34 0 68.8517 37.8093 38.2373 87.5636 99.2139 52.1992
56.5042 60.2712 25.7712 89.3305 38.0455 0 22.0636 35.9873 1.37288 127
81.8066 1 0 0 0 0 0 0 0 16 16 0 0 0 0 0 0 127 51 0;
egregore_data 0 0 127 0 0 127 0 0 0 0 0 0 0 0 0 127 38 0 127 0 0 0
0 0 0 0 0 0 0 100 0 0 127 127 78 0 93 90 127 0 19 127 127 0 0 0 70
0 0 0 127 127 34 0 68.8517 37.8093 38.2373 87.5636 99.2139 52.1992
56.5042 60.2712 25.7712 89.3305 38.0455 0 22.0636 35.9873 1.37288 127
81.8066 1 0 0 0 0 0 0 0 16 16 0 0 0 0 0 0 127 51 0;
egregore_data 0 0 127 0 0 127 0 0 0 0 0 0 0 0 0 127 38 0 127 0 0 0
0 0 0 0 0 0 0 100 0 0 127 127 78 0 93 90 127 0 19 127 127 0 0 0 70
0 0 0 127 127 34 0 68.8517 37.8093 38.2373 87.5636 99.2139 52.1992
56.5042 60.2712 25.7712 89.3305 38.0455 0 22.0636 35.9873 1.37288 127
81.8066 1 0 0 0 0 0 0 0 16 16 0 0 0 0 0 0 127 51 0;
egregore_data 0 0 127 0 0 127 0 0 0 0 0 0 0 0 0 127 38 0 127 0 0 0
0 0 0 0 0 0 0 100 0 0 127 127 78 0 93 90 127 0 19 127 127 0 0 0 70
0 0 0 127 127 34 0 68.7745 37.6851 38.1745 87.9362 99.636 52.4213 56.7447
60.5277 25.6213 89.7106 38.0329 0 22.1574 36.1404 1.37872 127 81.8066
1 0 0 0 0 0 0 0 16 16 0 0 0 0 0 0 127 51 0;
egregore_data 0 0 127 0 0 127 0 0 0 0 0 0 0 0 0 127 38 0 127 0 0 0
0 0 0 0 0 0 0 100 0 0 127 127 78 0 93 90 127 0 19 127 127 0 0 0 70
0 0 0 127 127 34 0 68.7745 37.6851 38.1745 87.9362 99.636 52.4213 56.7447
60.5277 25.6213 89.7106 38.0329 0 22.1574 36.1404 1.37872 127 81.8066
1 0 0 0 0 0 0 0 16 16 0 0 0 0 0 0 127 51 0;
egregore_data 0 0 127 0 0 127 0 0 0 0 0 0 0 0 0 127 38 0 127 0 0 0
0 0 0 0 0 0 0 100 0 0 127 127 78 0 93 90 127 0 19 127 127 0 0 0 70
0 0 0 127 127 34 0 68.7745 37.6851 38.1745 87.9362 99.636 52.4213 56.7447
60.5277 25.6213 89.7106 38.0329 0 22.1574 36.1404 1.37872 127 81.8066
1 0 0 0 0 0 0 0 16 16 0 0 0 0 0 0 127 51 0;
egregore_data 0 0 127 0 0 127 0 0 0 0 0 0 0 0 0 127 38 0 127 0 0 0
0 0 0 0 0 0 0 100 0 0 127 127 78 0 93 90 127 0 19 127 127 0 0 0 70
0 0 0 127 127 34 0 68.7745 37.6851 38.1745 87.9362 99.636 52.4213 56.7447
60.5277 25.6213 89.7106 38.0329 0 22.1574 36.1404 1.37872 127 81.8066
1 0 0 0 0 0 0 0 16 16 0 0 0 0 0 0 127 51 0;
egregore_data 0 0 127 0 0 127 0 0 0 0 0 0 0 0 0 127 38 0 127 0 0 0
0 0 0 0 0 0 0 100 0 0 127 127 78 0 93 90 127 0 19 127 127 0 0 0 70
0 0 0 127 127 34 0 68.7745 37.6851 38.1745 87.9362 99.636 52.4213 56.7447
60.5277 25.6213 89.7106 38.0329 0 22.1574 36.1404 1.37872 127 81.8066
1 0 0 0 0 0 0 0 16 16 0 0 0 0 0 0 127 51 0;
egregore_data 0 0 127 0 0 127 0 0 0 0 0 0 0 0 0 127 38 0 127 0 0 0
0 0 0 0 0 0 0 100 0 0 127 127 78 0 93 90 127 0 19 127 127 0 0 0 70
0 0 0 127 127 34 0 68.9451 38.1013 38.4262 87.6667 99.8321 51.9789
57.3376 60.0169 25.8608 90.0253 37.7339 0 21.9705 36.1646 1.40084 127
81.8066 1 0 0 0 0 0 0 0 16 16 0 0 0 0 0 0 127 51 0;
egregore_data 0 0 127 0 0 127 0 0 0 0 0 0 0 0 0 127 38 0 127 0 0 0
0 0 0 0 0 0 0 100 0 0 127 127 78 0 93 90 127 0 19 127 127 0 0 0 70
0 0 0 127 127 34 0 68.8686 37.9788 38.3644 88.0381 100.255 52.1992
57.5805 60.2712 25.7119 90.4068 37.7201 0 22.0636 36.3178 1.40678 127
81.8066 1 0 0 0 0 0 0 0 16 16 0 0 0 0 0 0 127 51 0;
egregore_data 0 0 127 0 0 127 0 0 0 0 0 0 0 0 0 127 38 0 127 0 0 0
0 0 0 0 0 0 0 100 0 0 127 127 78 0 93 90 127 0 19 127 127 0 0 0 70
0 0 0 127 127 34 0 68.8686 37.9788 38.3644 88.0381 100.255 52.1992
57.5805 60.2712 25.7119 90.4068 37.7201 0 22.0636 36.3178 1.40678 127
81.8066 1 0 0 0 0 0 0 0 16 16 0 0 0 0 0 0 127 51 0;
egregore_data 0 0 127 0 0 127 0 0 0 0 0 0 0 0 0 127 38 0 127 0 0 0
0 0 0 0 0 0 0 100 0 0 127 127 78 0 93 90 127 0 19 127 127 0 0 0 70
0 0 0 127 127 34 0 68.8686 37.9788 38.3644 88.0381 100.255 52.1992
57.5805 60.2712 25.7119 90.4068 37.7201 0 22.0636 36.3178 1.40678 127
81.8066 1 0 0 0 0 0 0 0 16 16 0 0 0 0 0 0 127 51 0;
egregore_data 0 0 127 0 0 127 0 0 0 0 0 0 0 0 0 127 38 0 127 0 0 0
0 0 0 0 0 0 0 100 0 0 127 127 78 0 93 90 127 0 19 127 127 0 0 0 70
0 0 0 127 127 34 0 68.9536 38.1857 38.4894 87.9029 100.351 51.9789
57.8734 60.0169 25.8312 90.5612 37.5719 0 21.9705 36.3291 1.41772 127
81.8066 1 0 0 0 0 0 0 0 16 16 0 0 0 0 0 0 127 51 0;
egregore_data 0 0 127 0 0 127 0 0 0 0 0 0 0 0 0 127 38 0 127 0 0 0
0 0 0 0 0 0 0 100 0 0 127 127 78 0 93 90 127 0 19 127 127 0 0 0 70
0 0 0 127 127 34 0 68.9536 38.1857 38.4894 87.9029 100.351 51.9789
57.8734 60.0169 25.8312 90.5612 37.5719 0 21.9705 36.3291 1.41772 127
81.8066 1 0 0 0 0 0 0 0 16 16 0 0 0 0 0 0 127 51 0;
egregore_data 0 0 127 0 0 127 0 0 0 0 0 0 0 0 0 127 38 0 127 0 0 0
0 0 0 0 0 0 0 100 0 0 127 127 78 0 93 90 127 0 19 127 127 0 0 0 70
0 0 0 127 127 34 0 68.8 37.9404 38.366 88.6511 101.205 52.4213 58.366
60.5277 25.5319 91.3319 37.5427 0 22.1574 36.6383 1.42979 127 81.8066
1 0 0 0 0 0 0 0 16 16 0 0 0 0 0 0 127 51 0;
egregore_data 0 0 127 0 0 127 0 0 0 0 0 0 0 0 0 127 38 0 127 0 0 0
0 0 0 0 0 0 0 100 0 0 127 127 78 0 93 90 127 0 19 127 127 0 0 0 70
0 0 0 127 127 34 0 68.8 37.9404 38.366 88.6511 101.205 52.4213 58.366
60.5277 25.5319 91.3319 37.5427 0 22.1574 36.6383 1.42979 127 81.8066
1 0 0 0 0 0 0 0 16 16 0 0 0 0 0 0 127 51 0;
egregore_data 0 0 127 0 0 127 0 0 0 0 0 0 0 0 0 127 38 0 127 0 0 0
0 0 0 0 0 0 0 100 0 0 127 127 78 0 93 90 127 0 19 127 127 0 0 0 70
0 0 0 127 127 34 0 68.8 37.9404 38.366 88.6511 101.205 52.4213 58.366
60.5277 25.5319 91.3319 37.5427 0 22.1574 36.6383 1.42979 127 81.8066
1 0 0 0 0 0 0 0 16 16 0 0 0 0 0 0 127 51 0;
egregore_data 0 0 127 0 0 127 0 0 0 0 0 0 0 0 0 127 38 0 127 0 0 0
0 0 0 0 0 0 0 100 0 0 127 127 78 0 93 90 127 0 19 127 127 0 0 0 70
0 0 0 127 127 34 0 68.8085 38.0255 38.4298 88.8894 101.727 52.4213
58.9064 60.5277 25.5021 91.8723 37.3793 0 22.1574 36.8043 1.44681 127
81.8066 1 0 0 0 0 0 0 0 16 16 0 0 0 0 0 0 127 51 0;
egregore_data 0 0 127 0 0 127 0 0 0 0 0 0 0 0 0 127 38 0 127 0 0 0
0 0 0 0 0 0 0 100 0 0 127 127 78 0 93 90 127 0 19 127 127 0 0 0 70
0 0 0 127 127 34 0 68.8085 38.0255 38.4298 88.8894 101.727 52.4213
58.9064 60.5277 25.5021 91.8723 37.3793 0 22.1574 36.8043 1.44681 127
81.8066 1 0 0 0 0 0 0 0 16 16 0 0 0 0 0 0 127 51 0;
egregore_data 0 0 127 0 0 127 0 0 0 0 0 0 0 0 0 127 38 0 127 0 0 0
0 0 0 0 0 0 0 100 0 0 127 127 78 0 93 90 127 0 19 127 127 0 0 0 70
0 0 0 127 127 34 0 68.8085 38.0255 38.4298 88.8894 101.727 52.4213
58.9064 60.5277 25.5021 91.8723 37.3793 0 22.1574 36.8043 1.44681 127
81.8066 1 0 0 0 0 0 0 0 16 16 0 0 0 0 0 0 127 51 0;
egregore_data 0 0 127 0 0 127 0 0 0 0 0 0 0 0 0 127 38 0 127 0 0 0
0 0 0 0 0 0 0 100 0 0 127 127 78 0 93 90 127 0 19 127 127 0 0 0 70
0 0 0 127 127 34 0 68.8085 38.0255 38.4298 88.8894 101.727 52.4213
58.9064 60.5277 25.5021 91.8723 37.3793 0 22.1574 36.8043 1.44681 127
81.8066 1 0 0 0 0 0 0 0 16 16 0 0 0 0 0 0 127 51 0;
egregore_data 0 0 127 0 0 127 0 0 0 0 0 0 0 0 0 127 38 0 127 0 0 0
0 0 0 0 0 0 0 100 0 0 127 127 78 0 93 90 127 0 19 127 127 0 0 0 70
0 0 0 127 127 34 0 68.8085 38.0255 38.4298 88.8894 101.727 52.4213
58.9064 60.5277 25.5021 91.8723 37.3793 0 22.1574 36.8043 1.44681 127
81.8066 1 0 0 0 0 0 0 0 16 16 0 0 0 0 0 0 127 51 0;
egregore_data 0 0 127 0 0 127 0 0 0 0 0 0 0 0 0 127 38 0 127 0 0 0
0 0 0 0 0 0 0 100 0 0 127 127 78 0 93 90 127 0 19 127 127 0 0 0 70
0 0 0 127 127 34 0 68.7308 37.9017 38.3675 89.2692 102.162 52.6453
59.1581 60.7863 25.3504 92.265 37.3638 0 22.2521 36.9615 1.45299 127
81.8066 1 0 0 0 0 0 0 0 16 16 0 0 0 0 0 0 127 51 0;
egregore_data 0 0 127 0 0 127 0 0 0 0 0 0 0 0 0 127 38 0 127 0 0 0
0 0 0 0 0 0 0 100 0 0 127 127 78 0 93 90 127 0 19 127 127 0 0 0 70
0 0 0 127 127 34 0 68.817 38.1106 38.4936 89.1277 102.25 52.4213 59.4468
60.5277 25.4723 92.4128 37.2159 0 22.1574 36.9702 1.46383 127 81.8066
1 0 0 0 0 0 0 0 16 16 0 0 0 0 0 0 127 51 0;
egregore_data 0 0 127 0 0 127 0 0 0 0 0 0 0 0 0 127 38 0 127 0 0 0
0 0 0 0 0 0 0 100 0 0 127 127 78 0 93 90 127 0 19 127 127 0 0 0 70
0 0 0 127 127 34 0 68.817 38.1106 38.4936 89.1277 102.25 52.4213 59.4468
60.5277 25.4723 92.4128 37.2159 0 22.1574 36.9702 1.46383 127 81.8066
1 0 0 0 0 0 0 0 16 16 0 0 0 0 0 0 127 51 0;
egregore_data 0 0 127 0 0 127 0 0 0 0 0 0 0 0 0 127 38 0 127 0 0 0
0 0 0 0 0 0 0 100 0 0 127 127 78 0 93 90 127 0 19 127 127 0 0 0 70
0 0 0 127 127 34 0 68.817 38.1106 38.4936 89.1277 102.25 52.4213 59.4468
60.5277 25.4723 92.4128 37.2159 0 22.1574 36.9702 1.46383 127 81.8066
1 0 0 0 0 0 0 0 16 16 0 0 0 0 0 0 127 51 0;
egregore_data 0 0 127 0 0 127 0 0 0 0 0 0 0 0 0 127 38 0 127 0 0 0
0 0 0 0 0 0 0 100 0 0 127 127 78 0 93 90 127 0 19 127 127 0 0 0 70
0 0 0 127 127 34 0 68.817 38.1106 38.4936 89.1277 102.25 52.4213 59.4468
60.5277 25.4723 92.4128 37.2159 0 22.1574 36.9702 1.46383 127 81.8066
1 0 0 0 0 0 0 0 16 16 0 0 0 0 0 0 127 51 0;
egregore_data 0 0 127 0 0 127 0 0 0 0 0 0 0 0 0 127 38 0 127 0 0 0
0 0 0 0 0 0 0 100 0 0 127 127 78 0 93 90 127 0 19 127 127 0 0 0 70
0 0 0 127 127 34 0 68.7393 37.9872 38.4316 89.5086 102.687 52.6453
59.7009 60.7863 25.3205 92.8077 37.1997 0 22.2521 37.1282 1.47009 127
81.8066 1 0 0 0 0 0 0 0 16 16 0 0 0 0 0 0 127 51 0;
egregore_data 0 0 127 0 0 127 0 0 0 0 0 0 0 0 0 127 38 0 127 0 0 0
0 0 0 0 0 0 0 100 0 0 127 127 78 0 93 90 127 0 19 127 127 0 0 0 70
0 0 0 127 127 34 0 68.7393 37.9872 38.4316 89.5086 102.687 52.6453
59.7009 60.7863 25.3205 92.8077 37.1997 0 22.2521 37.1282 1.47009 127
81.8066 1 0 0 0 0 0 0 0 16 16 0 0 0 0 0 0 127 51 0;
egregore_data 0 0 127 0 0 127 0 0 0 0 0 0 0 0 0 127 38 0 127 0 0 0
0 0 0 0 0 0 0 100 0 0 127 127 78 0 93 90 127 0 19 127 127 0 0 0 70
0 0 0 127 127 34 0 68.7393 37.9872 38.4316 89.5086 102.687 52.6453
59.7009 60.7863 25.3205 92.8077 37.1997 0 22.2521 37.1282 1.47009 127
81.8066 1 0 0 0 0 0 0 0 16 16 0 0 0 0 0 0 127 51 0;
egregore_data 0 0 127 0 0 127 0 0 0 0 0 0 0 0 0 127 38 0 127 0 0 0
0 0 0 0 0 0 0 100 0 0 127 127 78 0 93 90 127 0 19 127 127 0 0 0 70
0 0 0 127 127 34 0 68.7479 38.0726 38.4957 89.7479 103.212 52.6453
60.2436 60.7863 25.2906 93.3504 37.0356 0 22.2521 37.2949 1.48718 127
81.8066 1 0 0 0 0 0 0 0 16 16 0 0 0 0 0 0 127 51 0;
egregore_data 0 0 127 0 0 127 0 0 0 0 0 0 0 0 0 127 38 0 127 0 0 0
0 0 0 0 0 0 0 100 0 0 127 127 78 0 93 90 127 0 19 127 127 0 0 0 70
0 0 0 127 127 34 0 68.7479 38.0726 38.4957 89.7479 103.212 52.6453
60.2436 60.7863 25.2906 93.3504 37.0356 0 22.2521 37.2949 1.48718 127
81.8066 1 0 0 0 0 0 0 0 16 16 0 0 0 0 0 0 127 51 0;
egregore_data 0 0 127 0 0 127 0 0 0 0 0 0 0 0 0 127 38 0 127 0 0 0
0 0 0 0 0 0 0 100 0 0 127 127 78 0 93 90 127 0 19 127 127 0 0 0 70
0 0 0 127 127 34 0 68.7479 38.0726 38.4957 89.7479 103.212 52.6453
60.2436 60.7863 25.2906 93.3504 37.0356 0 22.2521 37.2949 1.48718 127
81.8066 1 0 0 0 0 0 0 0 16 16 0 0 0 0 0 0 127 51 0;
egregore_data 0 0 127 0 0 127 0 0 0 0 0 0 0 0 0 127 38 0 127 0 0 0
0 0 0 0 0 0 0 100 0 0 127 127 78 0 93 90 127 0 19 127 127 0 0 0 70
0 0 0 127 127 34 0 68.7479 38.0726 38.4957 89.7479 103.212 52.6453
60.2436 60.7863 25.2906 93.3504 37.0356 0 22.2521 37.2949 1.48718 127
81.8066 1 0 0 0 0 0 0 0 16 16 0 0 0 0 0 0 127 51 0;
egregore_data 0 0 127 0 0 127 0 0 0 0 0 0 0 0 0 127 38 0 127 0 0 0
0 0 0 0 0 0 0 100 0 0 127 127 78 0 93 90 127 0 19 127 127 0 0 0 70
0 0 0 127 127 34 0 68.7479 38.0726 38.4957 89.7479 103.212 52.6453
60.2436 60.7863 25.2906 93.3504 37.0356 0 22.2521 37.2949 1.48718 127
81.8066 1 0 0 0 0 0 0 0 16 16 0 0 0 0 0 0 127 51 0;
egregore_data 0 0 127 0 0 127 0 0 0 0 0 0 0 0 0 127 38 0 127 0 0 0
0 0 0 0 0 0 0 100 0 0 127 127 78 0 93 90 127 0 19 127 127 0 0 0 70
0 0 0 127 127 34 0 68.5905 37.8233 38.3707 90.5215 104.102 53.0991
60.7629 61.3103 24.9828 94.1552 37.0015 0 22.444 37.6164 1.5 127 81.8066
1 0 0 0 0 0 0 0 16 16 0 0 0 0 0 0 127 51 0;
egregore_data 0 0 127 0 0 127 0 0 0 0 0 0 0 0 0 127 38 0 127 0 0 0
0 0 0 0 0 0 0 100 0 0 127 127 78 0 93 90 127 0 19 127 127 0 0 0 70
0 0 0 127 127 34 0 68.5905 37.8233 38.3707 90.5215 104.102 53.0991
60.7629 61.3103 24.9828 94.1552 37.0015 0 22.444 37.6164 1.5 127 81.8066
1 0 0 0 0 0 0 0 16 16 0 0 0 0 0 0 127 51 0;
egregore_data 0 0 127 0 0 127 0 0 0 0 0 0 0 0 0 127 38 0 127 0 0 0
0 0 0 0 0 0 0 100 0 0 127 127 78 0 93 90 127 0 19 127 127 0 0 0 70
0 0 0 127 127 34 0 68.5905 37.8233 38.3707 90.5215 104.102 53.0991
60.7629 61.3103 24.9828 94.1552 37.0015 0 22.444 37.6164 1.5 127 81.8066
1 0 0 0 0 0 0 0 16 16 0 0 0 0 0 0 127 51 0;
egregore_data 0 0 127 0 0 127 0 0 0 0 0 0 0 0 0 127 38 0 127 0 0 0
0 0 0 0 0 0 0 100 0 0 127 127 78 0 93 90 127 0 19 127 127 0 0 0 70
0 0 0 127 127 34 0 68.5905 37.8233 38.3707 90.5215 104.102 53.0991
60.7629 61.3103 24.9828 94.1552 37.0015 0 22.444 37.6164 1.5 127 81.8066
1 0 0 0 0 0 0 0 16 16 0 0 0 0 0 0 127 51 0;
egregore_data 0 0 127 0 0 127 0 0 0 0 0 0 0 0 0 127 38 0 127 0 0 0
0 0 0 0 0 0 0 100 0 0 127 127 78 0 93 90 127 0 19 127 127 0 0 0 70
0 0 0 127 127 34 0 68.5905 37.8233 38.3707 90.5215 104.102 53.0991
60.7629 61.3103 24.9828 94.1552 37.0015 0 22.444 37.6164 1.5 127 81.8066
1 0 0 0 0 0 0 0 16 16 0 0 0 0 0 0 127 51 0;
egregore_data 0 0 127 0 0 127 0 0 0 0 0 0 0 0 0 127 38 0 127 0 0 0
0 0 0 0 0 0 0 100 0 0 127 127 78 0 93 90 127 0 19 127 127 0 0 0 70
0 0 0 127 127 34 0 68.5905 37.8233 38.3707 90.5215 104.102 53.0991
60.7629 61.3103 24.9828 94.1552 37.0015 0 22.444 37.6164 1.5 127 81.8066
1 0 0 0 0 0 0 0 16 16 0 0 0 0 0 0 127 51 0;
egregore_data 0 0 127 0 0 127 0 0 0 0 0 0 0 0 0 127 38 0 127 0 0 0
0 0 0 0 0 0 0 100 0 0 127 127 78 0 93 90 127 0 19 127 127 0 0 0 70
0 0 0 127 127 34 0 68.5905 37.8233 38.3707 90.5215 104.102 53.0991
60.7629 61.3103 24.9828 94.1552 37.0015 0 22.444 37.6164 1.5 127 81.8066
1 0 0 0 0 0 0 0 16 16 0 0 0 0 0 0 127 51 0;
egregore_data 0 0 127 0 0 127 0 0 0 0 0 0 0 0 0 127 38 0 127 0 0 0
0 0 0 0 0 0 0 100 0 0 127 127 78 0 93 90 127 0 19 127 127 0 0 0 70
0 0 0 127 127 34 0 68.5905 37.8233 38.3707 90.5215 104.102 53.0991
60.7629 61.3103 24.9828 94.1552 37.0015 0 22.444 37.6164 1.5 127 81.8066
1 0 0 0 0 0 0 0 16 16 0 0 0 0 0 0 127 51 0;
egregore_data 0 0 127 0 0 127 0 0 0 0 0 0 0 0 0 127 38 0 127 0 0 0
0 0 0 0 0 0 0 100 0 0 127 127 78 0 93 90 127 0 19 127 127 0 0 0 70
0 0 0 127 127 34 0 68.5905 37.8233 38.3707 90.5215 104.102 53.0991
60.7629 61.3103 24.9828 94.1552 37.0015 0 22.444 37.6164 1.5 127 81.8066
1 0 0 0 0 0 0 0 16 16 0 0 0 0 0 0 127 51 0;
egregore_data 0 0 127 0 0 127 0 0 0 0 0 0 0 0 0 127 38 0 127 0 0 0
0 0 0 0 0 0 0 100 0 0 127 127 78 0 93 90 127 0 19 127 127 0 0 0 70
0 0 0 127 127 34 0 68.5905 37.8233 38.3707 90.5215 104.102 53.0991
60.7629 61.3103 24.9828 94.1552 37.0015 0 22.444 37.6164 1.5 127 81.8066
1 0 0 0 0 0 0 0 16 16 0 0 0 0 0 0 127 51 0;
egregore_data 0 0 127 0 0 127 0 0 0 0 0 0 0 0 0 127 38 0 127 0 0 0
0 0 0 0 0 0 0 100 0 0 127 127 78 0 93 90 127 0 19 127 127 0 0 0 70
0 0 0 127 127 34 0 68.5905 37.8233 38.3707 90.5215 104.102 53.0991
60.7629 61.3103 24.9828 94.1552 37.0015 0 22.444 37.6164 1.5 127 81.8066
1 0 0 0 0 0 0 0 16 16 0 0 0 0 0 0 127 51 0;
egregore_data 0 0 127 0 0 127 0 0 0 0 0 0 0 0 0 127 38 0 127 0 0 0
0 0 0 0 0 0 0 100 0 0 127 127 78 0 93 90 127 0 19 127 127 0 0 0 70
0 0 0 127 127 34 0 68.5905 37.8233 38.3707 90.5215 104.102 53.0991
60.7629 61.3103 24.9828 94.1552 37.0015 0 22.444 37.6164 1.5 127 81.8066
1 0 0 0 0 0 0 0 16 16 0 0 0 0 0 0 127 51 0;
egregore_data 0 0 127 0 0 127 0 0 0 0 0 0 0 0 0 127 38 0 127 0 0 0
0 0 0 0 0 0 0 100 0 0 127 127 78 0 93 90 127 0 19 127 127 0 0 0 70
0 0 0 127 127 34 0 68.5905 37.8233 38.3707 90.5215 104.102 53.0991
60.7629 61.3103 24.9828 94.1552 37.0015 0 22.444 37.6164 1.5 127 81.8066
1 0 0 0 0 0 0 0 16 16 0 0 0 0 0 0 127 51 0;
egregore_data 0 0 127 0 0 127 0 0 0 0 0 0 0 0 0 127 38 0 127 0 0 0
0 0 0 0 0 0 0 100 0 0 127 127 78 0 93 90 127 0 19 127 127 0 0 0 70
0 0 0 127 127 34 0 68.5905 37.8233 38.3707 90.5215 104.102 53.0991
60.7629 61.3103 24.9828 94.1552 37.0015 0 22.444 37.6164 1.5 127 81.8066
1 0 0 0 0 0 0 0 16 16 0 0 0 0 0 0 127 51 0;
egregore_data 0 0 127 0 0 127 0 0 0 0 0 0 0 0 0 127 38 0 127 0 0 0
0 0 0 0 0 0 0 100 0 0 127 127 78 0 93 90 127 0 19 127 127 0 0 0 70
0 0 0 127 127 34 0 68.5905 37.8233 38.3707 90.5215 104.102 53.0991
60.7629 61.3103 24.9828 94.1552 37.0015 0 22.444 37.6164 1.5 127 81.8066
1 0 0 0 0 0 0 0 16 16 0 0 0 0 0 0 127 51 0;
egregore_data 0 0 127 0 0 127 0 0 0 0 0 0 0 0 0 127 38 0 127 0 0 0
0 0 0 0 0 0 0 100 0 0 127 127 78 0 93 90 127 0 19 127 127 0 0 0 70
0 0 0 127 127 34 0 68.5905 37.8233 38.3707 90.5215 104.102 53.0991
60.7629 61.3103 24.9828 94.1552 37.0015 0 22.444 37.6164 1.5 127 81.8066
1 0 0 0 0 0 0 0 16 16 0 0 0 0 0 0 127 51 0;
egregore_data 0 0 127 0 0 127 0 0 0 0 0 0 0 0 0 127 38 0 127 0 0 0
0 0 0 0 0 0 0 100 0 0 127 127 78 0 93 90 127 0 19 127 127 0 0 0 70
0 0 0 127 127 34 0 68.5905 37.8233 38.3707 90.5215 104.102 53.0991
60.7629 61.3103 24.9828 94.1552 37.0015 0 22.444 37.6164 1.5 127 81.8066
1 0 0 0 0 0 0 0 16 16 0 0 0 0 0 0 127 51 0;
egregore_data 0 0 127 0 0 127 0 0 0 0 0 0 0 0 0 127 38 0 127 0 0 0
0 0 0 0 0 0 0 100 0 0 127 127 78 0 93 90 127 0 19 127 127 0 0 0 70
0 0 0 127 127 34 0 68.5905 37.8233 38.3707 90.5215 104.102 53.0991
60.7629 61.3103 24.9828 94.1552 37.0015 0 22.444 37.6164 1.5 127 81.8066
1 0 0 0 0 0 0 0 16 16 0 0 0 0 0 0 127 51 0;
egregore_data 0 0 127 0 0 127 0 0 0 0 0 0 0 0 0 127 38 0 127 0 0 0
0 0 0 0 0 0 0 100 0 0 127 127 78 0 93 90 127 0 19 127 127 0 0 0 70
0 0 0 127 127 34 0 68.5905 37.8233 38.3707 90.5215 104.102 53.0991
60.7629 61.3103 24.9828 94.1552 37.0015 0 22.444 37.6164 1.5 127 81.8066
1 0 0 0 0 0 0 0 16 16 0 0 0 0 0 0 127 51 0;
egregore_data 0 0 127 0 0 127 0 0 0 0 0 0 0 0 0 127 38 0 127 0 0 0
0 0 0 0 0 0 0 100 0 0 127 127 78 0 93 90 127 0 19 127 127 0 0 0 70
0 0 0 127 127 34 0 68.5905 37.8233 38.3707 90.5215 104.102 53.0991
60.7629 61.3103 24.9828 94.1552 37.0015 0 22.444 37.6164 1.5 127 81.8066
1 0 0 0 0 0 0 0 16 16 0 0 0 0 0 0 127 51 0;
egregore_data 0 0 127 0 0 127 0 0 0 0 0 0 0 0 0 127 38 0 127 0 0 0
0 0 0 0 0 0 0 100 0 0 127 127 78 0 93 90 127 0 19 127 127 0 0 0 70
0 0 0 127 127 34 0 68.5905 37.8233 38.3707 90.5215 104.102 53.0991
60.7629 61.3103 24.9828 94.1552 37.0015 0 22.444 37.6164 1.5 127 81.8066
1 0 0 0 0 0 0 0 16 16 0 0 0 0 0 0 127 51 0;
egregore_data 0 0 127 0 0 127 0 0 0 0 0 0 0 0 0 127 38 0 127 0 0 0
0 0 0 0 0 0 0 100 0 0 127 127 78 0 93 90 127 0 19 127 127 0 0 0 70
0 0 0 127 127 34 0 68.5905 37.8233 38.3707 90.5215 104.102 53.0991
60.7629 61.3103 24.9828 94.1552 37.0015 0 22.444 37.6164 1.5 127 81.8066
1 0 0 0 0 0 0 0 16 16 0 0 0 0 0 0 127 51 0;
egregore_data 0 0 127 0 0 127 0 0 0 0 0 0 0 0 0 127 38 0 127 0 0 0
0 0 0 0 0 0 0 100 0 0 127 127 78 0 93 90 127 0 19 127 127 0 0 0 70
0 0 0 127 127 34 0 68.5905 37.8233 38.3707 90.5215 104.102 53.0991
60.7629 61.3103 24.9828 94.1552 37.0015 0 22.444 37.6164 1.5 127 81.8066
1 0 0 0 0 0 0 0 16 16 0 0 0 0 0 0 127 51 0;
egregore_data 0 0 127 0 0 127 0 0 0 0 0 0 0 0 0 127 38 0 127 0 0 0
0 0 0 0 0 0 0 100 0 0 127 127 78 0 93 90 127 0 19 127 127 0 0 0 70
0 0 0 127 127 34 0 68.5905 37.8233 38.3707 90.5215 104.102 53.0991
60.7629 61.3103 24.9828 94.1552 37.0015 0 22.444 37.6164 1.5 127 81.8066
1 0 0 0 0 0 0 0 16 16 0 0 0 0 0 0 127 51 0;
egregore_data 0 0 127 0 0 127 0 0 0 0 0 0 0 0 0 127 38 0 127 0 0 0
0 0 0 0 0 0 0 100 0 0 127 127 78 0 93 90 127 0 19 127 127 0 0 0 70
0 0 0 127 127 34 0 68.5905 37.8233 38.3707 90.5215 104.102 53.0991
60.7629 61.3103 24.9828 94.1552 37.0015 0 22.444 37.6164 1.5 127 81.8066
1 0 0 0 0 0 0 0 16 16 0 0 0 0 0 0 127 51 0;
egregore_data 0 0 127 0 0 127 0 0 0 0 0 0 0 0 0 127 38 0 127 0 0 0
0 0 0 0 0 0 0 100 0 0 127 127 78 0 93 90 127 0 19 127 127 0 0 0 70
0 0 0 127 127 34 0 68.5108 37.697 38.3074 90.9134 104.553 53.329 61.026
61.5758 24.8268 94.5628 36.9842 0 22.5411 37.7792 1.50649 127 81.8066
1 0 0 0 0 0 0 0 16 16 0 0 0 0 0 0 127 51 0;
egregore_data 0 0 127 0 0 127 0 0 0 0 0 0 0 0 0 127 38 0 127 0 0 0
0 0 0 0 0 0 0 100 0 0 127 127 78 0 93 90 127 0 19 127 127 0 0 0 70
0 0 0 127 127 34 0 68.5108 37.697 38.3074 90.9134 104.553 53.329 61.026
61.5758 24.8268 94.5628 36.9842 0 22.5411 37.7792 1.50649 127 81.8066
1 0 0 0 0 0 0 0 16 16 0 0 0 0 0 0 127 51 0;
egregore_data 0 0 127 0 0 127 0 0 0 0 0 0 0 0 0 127 38 0 127 0 0 0
0 0 0 0 0 0 0 100 0 0 127 127 78 0 93 90 127 0 19 127 127 0 0 0 70
0 0 0 127 127 34 0 68.6867 38.1202 38.5622 90.6137 104.71 52.8712 61.5923
61.0472 25.0773 94.8412 36.689 0 22.3476 37.7897 1.5279 127 81.8066
1 0 0 0 0 0 0 0 16 16 0 0 0 0 0 0 127 51 0;
egregore_data 0 0 127 0 0 127 0 0 0 0 0 0 0 0 0 127 38 0 127 0 0 0
0 0 0 0 0 0 0 100 0 0 127 127 78 0 93 90 127 0 19 127 127 0 0 0 70
0 0 0 127 127 34 0 68.6867 38.1202 38.5622 90.6137 104.71 52.8712 61.5923
61.0472 25.0773 94.8412 36.689 0 22.3476 37.7897 1.5279 127 81.8066
1 0 0 0 0 0 0 0 16 16 0 0 0 0 0 0 127 51 0;
egregore_data 0 0 127 0 0 127 0 0 0 0 0 0 0 0 0 127 38 0 127 0 0 0
0 0 0 0 0 0 0 100 0 0 127 127 78 0 93 90 127 0 19 127 127 0 0 0 70
0 0 0 127 127 34 0 68.7735 38.3291 38.688 90.4658 104.788 52.6453 61.8718
60.7863 25.2009 94.9786 36.5434 0 22.2521 37.7949 1.53846 127 81.8066
1 0 0 0 0 0 0 0 16 16 0 0 0 0 0 0 127 51 0;
egregore_data 0 0 127 0 0 127 0 0 0 0 0 0 0 0 0 127 38 0 127 0 0 0
0 0 0 0 0 0 0 100 0 0 127 127 78 0 93 90 127 0 19 127 127 0 0 0 70
0 0 0 127 127 34 0 68.7735 38.3291 38.688 90.4658 104.788 52.6453 61.8718
60.7863 25.2009 94.9786 36.5434 0 22.2521 37.7949 1.53846 127 81.8066
1 0 0 0 0 0 0 0 16 16 0 0 0 0 0 0 127 51 0;
egregore_data 0 0 127 0 0 127 0 0 0 0 0 0 0 0 0 127 38 0 127 0 0 0
0 0 0 0 0 0 0 100 0 0 127 127 78 0 93 90 127 0 19 127 127 0 0 0 70
0 0 0 127 127 34 0 68.7735 38.3291 38.688 90.4658 104.788 52.6453 61.8718
60.7863 25.2009 94.9786 36.5434 0 22.2521 37.7949 1.53846 127 81.8066
1 0 0 0 0 0 0 0 16 16 0 0 0 0 0 0 127 51 0;
egregore_data 0 0 127 0 0 127 0 0 0 0 0 0 0 0 0 127 38 0 127 0 0 0
0 0 0 0 0 0 0 100 0 0 127 127 78 0 93 90 127 0 19 127 127 0 0 0 70
0 0 0 127 127 34 0 68.7735 38.3291 38.688 90.4658 104.788 52.6453 61.8718
60.7863 25.2009 94.9786 36.5434 0 22.2521 37.7949 1.53846 127 81.8066
1 0 0 0 0 0 0 0 16 16 0 0 0 0 0 0 127 51 0;
egregore_data 0 0 127 0 0 127 0 0 0 0 0 0 0 0 0 127 38 0 127 0 0 0
0 0 0 0 0 0 0 100 0 0 127 127 78 0 93 90 127 0 19 127 127 0 0 0 70
0 0 0 127 127 34 0 68.7735 38.3291 38.688 90.4658 104.788 52.6453 61.8718
60.7863 25.2009 94.9786 36.5434 0 22.2521 37.7949 1.53846 127 81.8066
1 0 0 0 0 0 0 0 16 16 0 0 0 0 0 0 127 51 0;
egregore_data 0 0 127 0 0 127 0 0 0 0 0 0 0 0 0 127 38 0 127 0 0 0
0 0 0 0 0 0 0 100 0 0 127 127 78 0 93 90 127 0 19 127 127 0 0 0 70
0 0 0 127 127 34 0 68.7735 38.3291 38.688 90.4658 104.788 52.6453 61.8718
60.7863 25.2009 94.9786 36.5434 0 22.2521 37.7949 1.53846 127 81.8066
1 0 0 0 0 0 0 0 16 16 0 0 0 0 0 0 127 51 0;
egregore_data 0 0 127 0 0 127 0 0 0 0 0 0 0 0 0 127 38 0 127 0 0 0
0 0 0 0 0 0 0 100 0 0 127 127 78 0 93 90 127 0 19 127 127 0 0 0 70
0 0 0 127 127 34 0 68.8596 38.5362 38.8128 90.3191 104.865 52.4213
62.1489 60.5277 25.3234 95.1149 36.3989 0 22.1574 37.8 1.54894 127
81.8066 1 0 0 0 0 0 0 0 16 16 0 0 0 0 0 0 127 51 0;
egregore_data 0 0 127 0 0 127 0 0 0 0 0 0 0 0 0 127 38 0 127 0 0 0
0 0 0 0 0 0 0 100 0 0 127 127 78 0 93 90 127 0 19 127 127 0 0 0 70
0 0 0 127 127 34 0 68.8596 38.5362 38.8128 90.3191 104.865 52.4213
62.1489 60.5277 25.3234 95.1149 36.3989 0 22.1574 37.8 1.54894 127
81.8066 1 0 0 0 0 0 0 0 16 16 0 0 0 0 0 0 127 51 0;
egregore_data 0 0 127 0 0 127 0 0 0 0 0 0 0 0 0 127 38 0 127 0 0 0
0 0 0 0 0 0 0 100 0 0 127 127 78 0 93 90 127 0 19 127 127 0 0 0 70
0 0 0 127 127 34 0 68.8596 38.5362 38.8128 90.3191 104.865 52.4213
62.1489 60.5277 25.3234 95.1149 36.3989 0 22.1574 37.8 1.54894 127
81.8066 1 0 0 0 0 0 0 0 16 16 0 0 0 0 0 0 127 51 0;
egregore_data 0 0 127 0 0 127 0 0 0 0 0 0 0 0 0 127 38 0 127 0 0 0
0 0 0 0 0 0 0 100 0 0 127 127 78 0 93 90 127 0 19 127 127 0 0 0 70
0 0 0 127 127 34 0 68.8596 38.5362 38.8128 90.3191 104.865 52.4213
62.1489 60.5277 25.3234 95.1149 36.3989 0 22.1574 37.8 1.54894 127
81.8066 1 0 0 0 0 0 0 0 16 16 0 0 0 0 0 0 127 51 0;
egregore_data 0 0 127 0 0 127 0 0 0 0 0 0 0 0 0 127 38 0 127 0 0 0
0 0 0 0 0 0 0 100 0 0 127 127 78 0 93 90 127 0 19 127 127 0 0 0 70
0 0 0 127 127 34 0 68.8596 38.5362 38.8128 90.3191 104.865 52.4213
62.1489 60.5277 25.3234 95.1149 36.3989 0 22.1574 37.8 1.54894 127
81.8066 1 0 0 0 0 0 0 0 16 16 0 0 0 0 0 0 127 51 0;
egregore_data 0 0 127 0 0 127 0 0 0 0 0 0 0 0 0 127 38 0 127 0 0 0
0 0 0 0 0 0 0 100 0 0 127 127 78 0 93 90 127 0 19 127 127 0 0 0 70
0 0 0 127 127 34 0 68.8596 38.5362 38.8128 90.3191 104.865 52.4213
62.1489 60.5277 25.3234 95.1149 36.3989 0 22.1574 37.8 1.54894 127
81.8066 1 0 0 0 0 0 0 0 16 16 0 0 0 0 0 0 127 51 0;
egregore_data 0 0 127 0 0 127 0 0 0 0 0 0 0 0 0 127 38 0 127 0 0 0
0 0 0 0 0 0 0 100 0 0 127 127 78 0 93 90 127 0 19 127 127 0 0 0 70
0 0 0 127 127 34 0 68.8596 38.5362 38.8128 90.3191 104.865 52.4213
62.1489 60.5277 25.3234 95.1149 36.3989 0 22.1574 37.8 1.54894 127
81.8066 1 0 0 0 0 0 0 0 16 16 0 0 0 0 0 0 127 51 0;
egregore_data 0 0 127 0 0 127 0 0 0 0 0 0 0 0 0 127 38 0 127 0 0 0
0 0 0 0 0 0 0 100 0 0 127 127 78 0 93 90 127 0 19 127 127 0 0 0 70
0 0 0 127 127 34 0 68.9449 38.7415 38.9364 90.1737 104.941 52.1992
62.4237 60.2712 25.4449 95.25 36.2557 0 22.0636 37.8051 1.55932 127
81.8066 1 0 0 0 0 0 0 0 16 16 0 0 0 0 0 0 127 51 0;
egregore_data 0 0 127 0 0 127 0 0 0 0 0 0 0 0 0 127 38 0 127 0 0 0
0 0 0 0 0 0 0 100 0 0 127 127 78 0 93 90 127 0 19 127 127 0 0 0 70
0 0 0 127 127 34 0 68.9449 38.7415 38.9364 90.1737 104.941 52.1992
62.4237 60.2712 25.4449 95.25 36.2557 0 22.0636 37.8051 1.55932 127
81.8066 1 0 0 0 0 0 0 0 16 16 0 0 0 0 0 0 127 51 0;
egregore_data 0 0 127 0 0 127 0 0 0 0 0 0 0 0 0 127 38 0 127 0 0 0
0 0 0 0 0 0 0 100 0 0 127 127 78 0 93 90 127 0 19 127 127 0 0 0 70
0 0 0 127 127 34 0 68.9449 38.7415 38.9364 90.1737 104.941 52.1992
62.4237 60.2712 25.4449 95.25 36.2557 0 22.0636 37.8051 1.55932 127
81.8066 1 0 0 0 0 0 0 0 16 16 0 0 0 0 0 0 127 51 0;
egregore_data 0 0 127 0 0 127 0 0 0 0 0 0 0 0 0 127 38 0 127 0 0 0
0 0 0 0 0 0 0 100 0 0 127 127 78 0 93 90 127 0 19 127 127 0 0 0 70
0 0 0 127 127 34 0 68.9449 38.7415 38.9364 90.1737 104.941 52.1992
62.4237 60.2712 25.4449 95.25 36.2557 0 22.0636 37.8051 1.55932 127
81.8066 1 0 0 0 0 0 0 0 16 16 0 0 0 0 0 0 127 51 0;
egregore_data 0 0 127 0 0 127 0 0 0 0 0 0 0 0 0 127 38 0 127 0 0 0
0 0 0 0 0 0 0 100 0 0 127 127 78 0 93 90 127 0 19 127 127 0 0 0 70
0 0 0 127 127 34 0 68.9449 38.7415 38.9364 90.1737 104.941 52.1992
62.4237 60.2712 25.4449 95.25 36.2557 0 22.0636 37.8051 1.55932 127
81.8066 1 0 0 0 0 0 0 0 16 16 0 0 0 0 0 0 127 51 0;
egregore_data 0 0 127 0 0 127 0 0 0 0 0 0 0 0 0 127 38 0 127 0 0 0
0 0 0 0 0 0 0 100 0 0 127 127 78 0 93 90 127 0 19 127 127 0 0 0 70
0 0 0 127 127 34 0 68.9449 38.7415 38.9364 90.1737 104.941 52.1992
62.4237 60.2712 25.4449 95.25 36.2557 0 22.0636 37.8051 1.55932 127
81.8066 1 0 0 0 0 0 0 0 16 16 0 0 0 0 0 0 127 51 0;
egregore_data 0 0 127 0 0 127 0 0 0 0 0 0 0 0 0 127 38 0 127 0 0 0
0 0 0 0 0 0 0 100 0 0 127 127 78 0 93 90 127 0 19 127 127 0 0 0 70
0 0 0 127 127 34 0 69.0295 38.9451 39.0591 90.0295 105.016 51.9789
62.6962 60.0169 25.5654 95.384 36.1137 0 21.9705 37.8101 1.56962 127
81.8066 1 0 0 0 0 0 0 0 16 16 0 0 0 0 0 0 127 51 0;
egregore_data 0 0 127 0 0 127 0 0 0 0 0 0 0 0 0 127 38 0 127 0 0 0
0 0 0 0 0 0 0 100 0 0 127 127 78 0 93 90 127 0 19 127 127 0 0 0 70
0 0 0 127 127 34 0 69.0295 38.9451 39.0591 90.0295 105.016 51.9789
62.6962 60.0169 25.5654 95.384 36.1137 0 21.9705 37.8101 1.56962 127
81.8066 1 0 0 0 0 0 0 0 16 16 0 0 0 0 0 0 127 51 0;
egregore_data 0 0 127 0 0 127 0 0 0 0 0 0 0 0 0 127 38 0 127 0 0 0
0 0 0 0 0 0 0 100 0 0 127 127 78 0 93 90 127 0 19 127 127 0 0 0 70
0 0 0 127 127 34 0 69.0295 38.9451 39.0591 90.0295 105.016 51.9789
62.6962 60.0169 25.5654 95.384 36.1137 0 21.9705 37.8101 1.56962 127
81.8066 1 0 0 0 0 0 0 0 16 16 0 0 0 0 0 0 127 51 0;
egregore_data 0 0 127 0 0 127 0 0 0 0 0 0 0 0 0 127 38 0 127 0 0 0
0 0 0 0 0 0 0 100 0 0 127 127 78 0 93 90 127 0 19 127 127 0 0 0 70
0 0 0 127 127 34 0 69.0295 38.9451 39.0591 90.0295 105.016 51.9789
62.6962 60.0169 25.5654 95.384 36.1137 0 21.9705 37.8101 1.56962 127
81.8066 1 0 0 0 0 0 0 0 16 16 0 0 0 0 0 0 127 51 0;
egregore_data 0 0 127 0 0 127 0 0 0 0 0 0 0 0 0 127 38 0 127 0 0 0
0 0 0 0 0 0 0 100 0 0 127 127 78 0 93 90 127 0 19 127 127 0 0 0 70
0 0 0 127 127 34 0 69.0295 38.9451 39.0591 90.0295 105.016 51.9789
62.6962 60.0169 25.5654 95.384 36.1137 0 21.9705 37.8101 1.56962 127
81.8066 1 0 0 0 0 0 0 0 16 16 0 0 0 0 0 0 127 51 0;
egregore_data 0 0 127 0 0 127 0 0 0 0 0 0 0 0 0 127 38 0 127 0 0 0
0 0 0 0 0 0 0 100 0 0 127 127 78 0 93 90 127 0 19 127 127 0 0 0 70
0 0 0 127 127 34 0 69.0295 38.9451 39.0591 90.0295 105.016 51.9789
62.6962 60.0169 25.5654 95.384 36.1137 0 21.9705 37.8101 1.56962 127
81.8066 1 0 0 0 0 0 0 0 16 16 0 0 0 0 0 0 127 51 0;
egregore_data 0 0 127 0 0 127 0 0 0 0 0 0 0 0 0 127 38 0 127 0 0 0
0 0 0 0 0 0 0 100 0 0 127 127 78 0 93 90 127 0 19 127 127 0 0 0 70
0 0 0 127 127 34 0 69.0295 38.9451 39.0591 90.0295 105.016 51.9789
62.6962 60.0169 25.5654 95.384 36.1137 0 21.9705 37.8101 1.56962 127
81.8066 1 0 0 0 0 0 0 0 16 16 0 0 0 0 0 0 127 51 0;
egregore_data 0 0 127 0 0 127 0 0 0 0 0 0 0 0 0 127 38 0 127 0 0 0
0 0 0 0 0 0 0 100 0 0 127 127 78 0 93 90 127 0 19 127 127 0 0 0 70
0 0 0 127 127 34 0 69.0295 38.9451 39.0591 90.0295 105.016 51.9789
62.6962 60.0169 25.5654 95.384 36.1137 0 21.9705 37.8101 1.56962 127
81.8066 1 0 0 0 0 0 0 0 16 16 0 0 0 0 0 0 127 51 0;
egregore_data 0 0 127 0 0 127 0 0 0 0 0 0 0 0 0 127 38 0 127 0 0 0
0 0 0 0 0 0 0 100 0 0 127 127 78 0 93 90 127 0 19 127 127 0 0 0 70
0 0 0 127 127 34 0 69.0295 38.9451 39.0591 90.0295 105.016 51.9789
62.6962 60.0169 25.5654 95.384 36.1137 0 21.9705 37.8101 1.56962 127
81.8066 1 0 0 0 0 0 0 0 16 16 0 0 0 0 0 0 127 51 0;
egregore_data 0 0 127 0 0 127 0 0 0 0 0 0 0 0 0 127 38 0 127 0 0 0
0 0 0 0 0 0 0 100 0 0 127 127 78 0 93 90 127 0 19 127 127 0 0 0 70
0 0 0 127 127 34 0 69.0295 38.9451 39.0591 90.0295 105.016 51.9789
62.6962 60.0169 25.5654 95.384 36.1137 0 21.9705 37.8101 1.56962 127
81.8066 1 0 0 0 0 0 0 0 16 16 0 0 0 0 0 0 127 51 0;
egregore_data 0 0 127 0 0 127 0 0 0 0 0 0 0 0 0 127 38 0 127 0 0 0
0 0 0 0 0 0 0 100 0 0 127 127 78 0 93 90 127 0 19 127 127 0 0 0 70
0 0 0 127 127 34 0 69.0295 38.9451 39.0591 90.0295 105.016 51.9789
62.6962 60.0169 25.5654 95.384 36.1137 0 21.9705 37.8101 1.56962 127
81.8066 1 0 0 0 0 0 0 0 16 16 0 0 0 0 0 0 127 51 0;
egregore_data 0 0 127 0 0 127 0 0 0 0 0 0 0 0 0 127 38 0 127 0 0 0
0 0 0 0 0 0 0 100 0 0 127 127 78 0 93 90 127 0 19 127 127 0 0 0 70
0 0 0 127 127 34 0 69.0295 38.9451 39.0591 90.0295 105.016 51.9789
62.6962 60.0169 25.5654 95.384 36.1137 0 21.9705 37.8101 1.56962 127
81.8066 1 0 0 0 0 0 0 0 16 16 0 0 0 0 0 0 127 51 0;
egregore_data 0 0 127 0 0 127 0 0 0 0 0 0 0 0 0 127 38 0 127 0 0 0
0 0 0 0 0 0 0 100 0 0 127 127 78 0 93 90 127 0 19 127 127 0 0 0 70
0 0 0 127 127 34 0 69.0295 38.9451 39.0591 90.0295 105.016 51.9789
62.6962 60.0169 25.5654 95.384 36.1137 0 21.9705 37.8101 1.56962 127
81.8066 1 0 0 0 0 0 0 0 16 16 0 0 0 0 0 0 127 51 0;
egregore_data 0 0 127 0 0 127 0 0 0 0 0 0 0 0 0 127 38 0 127 0 0 0
0 0 0 0 0 0 0 100 0 0 127 127 78 0 93 90 127 0 19 127 127 0 0 0 70
0 0 0 127 127 34 0 69.0295 38.9451 39.0591 90.0295 105.016 51.9789
62.6962 60.0169 25.5654 95.384 36.1137 0 21.9705 37.8101 1.56962 127
81.8066 1 0 0 0 0 0 0 0 16 16 0 0 0 0 0 0 127 51 0;
egregore_data 0 0 127 0 0 127 0 0 0 0 0 0 0 0 0 127 38 0 127 0 0 0
0 0 0 0 0 0 0 100 0 0 127 127 78 0 93 90 127 0 19 127 127 0 0 0 70
0 0 0 127 127 34 0 69.0295 38.9451 39.0591 90.0295 105.016 51.9789
62.6962 60.0169 25.5654 95.384 36.1137 0 21.9705 37.8101 1.56962 127
81.8066 1 0 0 0 0 0 0 0 16 16 0 0 0 0 0 0 127 51 0;
egregore_data 0 0 127 0 0 127 0 0 0 0 0 0 0 0 0 127 38 0 127 0 0 0
0 0 0 0 0 0 0 100 0 0 127 127 78 0 93 90 127 0 19 127 127 0 0 0 70
0 0 0 127 127 34 0 69.0295 38.9451 39.0591 90.0295 105.016 51.9789
62.6962 60.0169 25.5654 95.384 36.1137 0 21.9705 37.8101 1.56962 127
81.8066 1 0 0 0 0 0 0 0 16 16 0 0 0 0 0 0 127 51 0;
egregore_data 0 0 127 0 0 127 0 0 0 0 0 0 0 0 0 127 38 0 127 0 0 0
0 0 0 0 0 0 0 100 0 0 127 127 78 0 93 90 127 0 19 127 127 0 0 0 70
0 0 0 127 127 34 0 69.0295 38.9451 39.0591 90.0295 105.016 51.9789
62.6962 60.0169 25.5654 95.384 36.1137 0 21.9705 37.8101 1.56962 127
81.8066 1 0 0 0 0 0 0 0 16 16 0 0 0 0 0 0 127 51 0;
END;
