HTTP/1.1 200 OK
Date: Thu, 28 May 2015 12:25:38 GMT
Server: Apache
Last-Modified: Wed, 27 May 2015 19:32:42 GMT
Accept-Ranges: bytes
Content-Length: 29313
Vary: Accept-Encoding
Connection: close
Content-Type: text/plain

chdh_egregore_live_data;
egregore_data 0 0 127 0 0 127 0 0 0 0 0 0 0 0 0 127 38 0 127 0 0 0
0 0 0 0 0 0 0 100 0 0 127 127 78 0 93 90 127 0 19 127 127 0 0 0 70
0 0 0 127 127 34 0 81 10.8415 12.3902 98.3476 0 0 18.5854 50.3354 21.8354
51.8841 71.4817 0 0 32.5244 0 127 59.0911 1 0 0 0 0 0 0 0 16 16 0 0
0 0 0 0 127 51 0;
egregore_data 0 0 127 0 0 127 0 0 0 0 0 0 0 0 0 127 38 0 127 0 0 0
0 0 0 0 0 0 0 100 0 0 127 127 78 0 93 90 127 0 19 127 127 0 0 0 70
0 0 0 127 127 34 0 81 10.8415 12.3902 98.3476 0 0 18.5854 50.3354 21.8354
51.8841 71.4817 0 0 32.5244 0 127 59.0911 1 0 0 0 0 0 0 0 16 16 0 0
0 0 0 0 127 51 0;
egregore_data 0 0 127 0 0 127 0 0 0 0 0 0 0 0 0 127 38 0 127 0 0 0
0 0 0 0 0 0 0 100 0 0 127 127 78 0 93 90 127 0 19 127 127 0 0 0 70
0 0 0 127 127 34 0 81 10.908 12.4663 98.9509 0 0 18.6994 50.6442 21.7546
52.2025 71.4295 0 0 32.7239 0 127 59.0911 1 0 0 0 0 0 0 0 16 16 0 0
0 0 0 0 127 51 0;
egregore_data 0 0 127 0 0 127 0 0 0 0 0 0 0 0 0 127 38 0 127 0 0 0
0 0 0 0 0 0 0 100 0 0 127 127 78 0 93 90 127 0 19 127 127 0 0 0 70
0 0 0 127 127 34 0 81 10.908 12.4663 98.9509 0 0 18.6994 50.6442 21.7546
52.2025 71.4295 0 0 32.7239 0 127 59.0911 1 0 0 0 0 0 0 0 16 16 0 0
0 0 0 0 127 51 0;
egregore_data 0 0 127 0 0 127 0 0 0 0 0 0 0 0 0 127 38 0 127 0 0 0
0 0 0 0 0 0 0 100 0 0 127 127 78 0 93 90 127 0 19 127 127 0 0 0 70
0 0 0 127 127 34 0 81 10.908 12.4663 98.9509 0 0 18.6994 50.6442 21.7546
52.2025 71.4295 0 0 32.7239 0 127 59.0911 1 0 0 0 0 0 0 0 16 16 0 0
0 0 0 0 127 51 0;
egregore_data 0 0 127 0 0 127 0 0 0 0 0 0 0 0 0 127 38 0 127 0 0 0
0 0 0 0 0 0 0 100 0 0 127 127 78 0 93 90 127 0 19 127 127 0 0 0 70
0 0 0 127 127 34 0 81 10.908 12.4663 98.9509 0 0 18.6994 50.6442 21.7546
52.2025 71.4295 0 0 32.7239 0 127 59.0911 1 0 0 0 0 0 0 0 16 16 0 0
0 0 0 0 127 51 0;
egregore_data 0 0 127 0 0 127 0 0 0 0 0 0 0 0 0 127 38 0 127 0 0 0
0 0 0 0 0 0 0 100 0 0 127 127 78 0 93 90 127 0 19 127 127 0 0 0 70
0 0 0 127 127 34 0 81 10.908 12.4663 98.9509 0 0 18.6994 50.6442 21.7546
52.2025 71.4295 0 0 32.7239 0 127 59.0911 1 0 0 0 0 0 0 0 16 16 0 0
0 0 0 0 127 51 0;
egregore_data 0 0 127 0 0 127 0 0 0 0 0 0 0 0 0 127 38 0 127 0 0 0
0 0 0 0 0 0 0 100 0 0 127 127 78 0 93 90 127 0 19 127 127 0 0 0 70
0 0 0 127 127 34 0 81 10.9753 12.5432 99.5617 0 0 18.8148 50.9568 21.6728
52.5247 71.3765 0 0 32.9259 0 127 59.0911 1 0 0 0 0 0 0 0 16 16 0 0
0 0 0 0 127 51 0;
egregore_data 0 0 127 0 0 127 0 0 0 0 0 0 0 0 0 127 38 0 127 0 0 0
0 0 0 0 0 0 0 100 0 0 127 127 78 0 93 90 127 0 19 127 127 0 0 0 70
0 0 0 127 127 34 0 81 10.9753 12.5432 99.5617 0 0 18.8148 50.9568 21.6728
52.5247 71.3765 0 0 32.9259 0 127 59.0911 1 0 0 0 0 0 0 0 16 16 0 0
0 0 0 0 127 51 0;
egregore_data 0 0 127 0 0 127 0 0 0 0 0 0 0 0 0 127 38 0 127 0 0 0
0 0 0 0 0 0 0 100 0 0 127 127 78 0 93 90 127 0 19 127 127 0 0 0 70
0 0 0 127 127 34 0 81 10.9753 12.5432 99.5617 0 0 18.8148 50.9568 21.6728
52.5247 71.3765 0 0 32.9259 0 127 59.0911 1 0 0 0 0 0 0 0 16 16 0 0
0 0 0 0 127 51 0;
egregore_data 0 0 127 0 0 127 0 0 0 0 0 0 0 0 0 127 38 0 127 0 0 0
0 0 0 0 0 0 0 100 0 0 127 127 78 0 93 90 127 0 19 127 127 0 0 0 70
0 0 0 127 127 34 0 81 10.9753 12.5432 99.5617 0 0 18.8148 50.9568 21.6728
52.5247 71.3765 0 0 32.9259 0 127 59.0911 1 0 0 0 0 0 0 0 16 16 0 0
0 0 0 0 127 51 0;
egregore_data 0 0 127 0 0 127 0 0 0 0 0 0 0 0 0 127 38 0 127 0 0 0
0 0 0 0 0 0 0 100 0 0 127 127 78 0 93 90 127 0 19 127 127 0 0 0 70
0 0 0 127 127 34 0 81 10.9753 12.5432 99.5617 0 0 18.8148 50.9568 21.6728
52.5247 71.3765 0 0 32.9259 0 127 59.0911 1 0 0 0 0 0 0 0 16 16 0 0
0 0 0 0 127 51 0;
egregore_data 0 0 127 0 0 127 0 0 0 0 0 0 0 0 0 127 38 0 127 0 0 0
0 0 0 0 0 0 0 100 0 0 127 127 78 0 93 90 127 0 19 127 127 0 0 0 70
0 0 0 127 127 34 0 81 10.9753 12.5432 99.5617 0 0 18.8148 50.9568 21.6728
52.5247 71.3765 0 0 32.9259 0 127 59.0911 1 0 0 0 0 0 0 0 16 16 0 0
0 0 0 0 127 51 0;
egregore_data 0 0 127 0 0 127 0 0 0 0 0 0 0 0 0 127 38 0 127 0 0 0
0 0 0 0 0 0 0 100 0 0 127 127 78 0 93 90 127 0 19 127 127 0 0 0 70
0 0 0 127 127 34 0 81 10.9753 12.5432 99.5617 0 0 18.8148 50.9568 21.6728
52.5247 71.3765 0 0 32.9259 0 127 59.0911 1 0 0 0 0 0 0 0 16 16 0 0
0 0 0 0 127 51 0;
egregore_data 0 0 127 0 0 127 0 0 0 0 0 0 0 0 0 127 38 0 127 0 0 0
0 0 0 0 0 0 0 100 0 0 127 127 78 0 93 90 127 0 19 127 127 0 0 0 70
0 0 0 127 127 34 0 81 10.9753 12.5432 99.5617 0 0 18.8148 50.9568 21.6728
52.5247 71.3765 0 0 32.9259 0 127 59.0911 1 0 0 0 0 0 0 0 16 16 0 0
0 0 0 0 127 51 0;
egregore_data 0 0 127 0 0 127 0 0 0 0 0 0 0 0 0 127 38 0 127 0 0 0
0 0 0 0 0 0 0 100 0 0 127 127 78 0 93 90 127 0 19 127 127 0 0 0 70
0 0 0 127 127 34 0 81 11.0435 12.6211 100.18 0 0 18.9317 51.2733 21.5901
52.8509 71.323 0 0 33.1304 0 127 59.0911 1 0 0 0 0 0 0 0 16 16 0 0
0 0 0 0 127 51 0;
egregore_data 0 0 127 0 0 127 0 0 0 0 0 0 0 0 0 127 38 0 127 0 0 0
0 0 0 0 0 0 0 100 0 0 127 127 78 0 93 90 127 0 19 127 127 0 0 0 70
0 0 0 127 127 34 0 81 11.0435 12.6211 100.18 0 0 18.9317 51.2733 21.5901
52.8509 71.323 0 0 33.1304 0 127 59.0911 1 0 0 0 0 0 0 0 16 16 0 0
0 0 0 0 127 51 0;
egregore_data 0 0 127 0 0 127 0 0 0 0 0 0 0 0 0 127 38 0 127 0 0 0
0 0 0 0 0 0 0 100 0 0 127 127 78 0 93 90 127 0 19 127 127 0 0 0 70
0 0 0 127 127 34 0 81 11.0435 12.6211 100.18 0 0 18.9317 51.2733 21.5901
52.8509 71.323 0 0 33.1304 0 127 59.0911 1 0 0 0 0 0 0 0 16 16 0 0
0 0 0 0 127 51 0;
egregore_data 0 0 127 0 0 127 0 0 0 0 0 0 0 0 0 127 38 0 127 0 0 0
0 0 0 0 0 0 0 100 0 0 127 127 78 0 93 90 127 0 19 127 127 0 0 0 70
0 0 0 127 127 34 0 81 11.0435 12.6211 100.18 0 0 18.9317 51.2733 21.5901
52.8509 71.323 0 0 33.1304 0 127 59.0911 1 0 0 0 0 0 0 0 16 16 0 0
0 0 0 0 127 51 0;
egregore_data 0 0 127 0 0 127 0 0 0 0 0 0 0 0 0 127 38 0 127 0 0 0
0 0 0 0 0 0 0 100 0 0 127 127 78 0 93 90 127 0 19 127 127 0 0 0 70
0 0 0 127 127 34 0 81 11.0435 12.6211 100.18 0 0 18.9317 51.2733 21.5901
52.8509 71.323 0 0 33.1304 0 127 59.0911 1 0 0 0 0 0 0 0 16 16 0 0
0 0 0 0 127 51 0;
egregore_data 0 0 127 0 0 127 0 0 0 0 0 0 0 0 0 127 38 0 127 0 0 0
0 0 0 0 0 0 0 100 0 0 127 127 78 0 93 90 127 0 19 127 127 0 0 0 70
0 0 0 127 127 34 0 81 11.1125 12.7 100.806 0 0 19.05 51.5938 21.5062
53.1812 71.2688 0 0 33.3375 0 127 59.0911 1 0 0 0 0 0 0 0 16 16 0 0
0 0 0 0 127 51 0;
egregore_data 0 0 127 0 0 127 0 0 0 0 0 0 0 0 0 127 38 0 127 0 0 0
0 0 0 0 0 0 0 100 0 0 127 127 78 0 93 90 127 0 19 127 127 0 0 0 70
0 0 0 127 127 34 0 81 11.1125 12.7 100.806 0 0 19.05 51.5938 21.5062
53.1812 71.2688 0 0 33.3375 0 127 59.0911 1 0 0 0 0 0 0 0 16 16 0 0
0 0 0 0 127 51 0;
egregore_data 0 0 127 0 0 127 0 0 0 0 0 0 0 0 0 127 38 0 127 0 0 0
0 0 0 0 0 0 0 100 0 0 127 127 78 0 93 90 127 0 19 127 127 0 0 0 70
0 0 0 127 127 34 0 81 11.1125 12.7 100.806 0 0 19.05 51.5938 21.5062
53.1812 71.2688 0 0 33.3375 0 127 59.0911 1 0 0 0 0 0 0 0 16 16 0 0
0 0 0 0 127 51 0;
egregore_data 0 0 127 0 0 127 0 0 0 0 0 0 0 0 0 127 38 0 127 0 0 0
0 0 0 0 0 0 0 100 0 0 127 127 78 0 93 90 127 0 19 127 127 0 0 0 70
0 0 0 127 127 34 0 81 11.1125 12.7 100.806 0 0 19.05 51.5938 21.5062
53.1812 71.2688 0 0 33.3375 0 127 59.0911 1 0 0 0 0 0 0 0 16 16 0 0
0 0 0 0 127 51 0;
egregore_data 0 0 127 0 0 127 0 0 0 0 0 0 0 0 0 127 38 0 127 0 0 0
0 0 0 0 0 0 0 100 0 0 127 127 78 0 93 90 127 0 19 127 127 0 0 0 70
0 0 0 127 127 34 0 81 11.1125 12.7 100.806 0 0 19.05 51.5938 21.5062
53.1812 71.2688 0 0 33.3375 0 127 59.0911 1 0 0 0 0 0 0 0 16 16 0 0
0 0 0 0 127 51 0;
egregore_data 0 0 127 0 0 127 0 0 0 0 0 0 0 0 0 127 38 0 127 0 0 0
0 0 0 0 0 0 0 100 0 0 127 127 78 0 93 90 127 0 19 127 127 0 0 0 70
0 0 0 127 127 34 0 81 11.1125 12.7 100.806 0 0 19.05 51.5938 21.5062
53.1812 71.2688 0 0 33.3375 0 127 59.0911 1 0 0 0 0 0 0 0 16 16 0 0
0 0 0 0 127 51 0;
egregore_data 0 0 127 0 0 127 0 0 0 0 0 0 0 0 0 127 38 0 127 0 0 0
0 0 0 0 0 0 0 100 0 0 127 127 78 0 93 90 127 0 19 127 127 0 0 0 70
0 0 0 127 127 34 0 81 11.1125 12.7 100.806 0 0 19.05 51.5938 21.5062
53.1812 71.2688 0 0 33.3375 0 127 59.0911 1 0 0 0 0 0 0 0 16 16 0 0
0 0 0 0 127 51 0;
egregore_data 0 0 127 0 0 127 0 0 0 0 0 0 0 0 0 127 38 0 127 0 0 0
0 0 0 0 0 0 0 100 0 0 127 127 78 0 93 90 127 0 19 127 127 0 0 0 70
0 0 0 127 127 34 0 81 11.1125 12.7 100.806 0 0 19.05 51.5938 21.5062
53.1812 71.2688 0 0 33.3375 0 127 59.0911 1 0 0 0 0 0 0 0 16 16 0 0
0 0 0 0 127 51 0;
egregore_data 0 0 127 0 0 127 0 0 0 0 0 0 0 0 0 127 38 0 127 0 0 0
0 0 0 0 0 0 0 100 0 0 127 127 78 0 93 90 127 0 19 127 127 0 0 0 70
0 0 0 127 127 34 0 81 11.1125 12.7 100.806 0 0 19.05 51.5938 21.5062
53.1812 71.2688 0 0 33.3375 0 127 59.0911 1 0 0 0 0 0 0 0 16 16 0 0
0 0 0 0 127 51 0;
egregore_data 0 0 127 0 0 127 0 0 0 0 0 0 0 0 0 127 38 0 127 0 0 0
0 0 0 0 0 0 0 100 0 0 127 127 78 0 93 90 127 0 19 127 127 0 0 0 70
0 0 0 127 127 34 0 81 11.1125 12.7 100.806 0 0 19.05 51.5938 21.5062
53.1812 71.2688 0 0 33.3375 0 127 59.0911 1 0 0 0 0 0 0 0 16 16 0 0
0 0 0 0 127 51 0;
egregore_data 0 0 127 0 0 127 0 0 0 0 0 0 0 0 0 127 38 0 127 0 0 0
0 0 0 0 0 0 0 100 0 0 127 127 78 0 93 90 127 0 19 127 127 0 0 0 70
0 0 0 127 127 34 0 81 11.1125 12.7 100.806 0 0 19.05 51.5938 21.5062
53.1812 71.2688 0 0 33.3375 0 127 59.0911 1 0 0 0 0 0 0 0 16 16 0 0
0 0 0 0 127 51 0;
egregore_data 0 0 127 0 0 127 0 0 0 0 0 0 0 0 0 127 38 0 127 0 0 0
0 0 0 0 0 0 0 100 0 0 127 127 78 0 93 90 127 0 19 127 127 0 0 0 70
0 0 0 127 127 34 0 81 11.1125 12.7 100.806 0 0 19.05 51.5938 21.5062
53.1812 71.2688 0 0 33.3375 0 127 59.0911 1 0 0 0 0 0 0 0 16 16 0 0
0 0 0 0 127 51 0;
egregore_data 0 0 127 0 0 127 0 0 0 0 0 0 0 0 0 127 38 0 127 0 0 0
0 0 0 0 0 0 0 100 0 0 127 127 78 0 93 90 127 0 19 127 127 0 0 0 70
0 0 0 127 127 34 0 81 11.1824 12.7799 101.44 0 0 19.1698 51.9182 21.4214
53.5157 71.2138 0 0 33.5472 0 127 59.0911 1 0 0 0 0 0 0 0 16 16 0 0
0 0 0 0 127 51 0;
egregore_data 0 0 127 0 0 127 0 0 0 0 0 0 0 0 0 127 38 0 127 0 0 0
0 0 0 0 0 0 0 100 0 0 127 127 78 0 93 90 127 0 19 127 127 0 0 0 70
0 0 0 127 127 34 0 81 11.1824 12.7799 101.44 0 0 19.1698 51.9182 21.4214
53.5157 71.2138 0 0 33.5472 0 127 59.0911 1 0 0 0 0 0 0 0 16 16 0 0
0 0 0 0 127 51 0;
egregore_data 0 0 127 0 0 127 0 0 0 0 0 0 0 0 0 127 38 0 127 0 0 0
0 0 0 0 0 0 0 100 0 0 127 127 78 0 93 90 127 0 19 127 127 0 0 0 70
0 0 0 127 127 34 0 81 11.1824 12.7799 101.44 0 0 19.1698 51.9182 21.4214
53.5157 71.2138 0 0 33.5472 0 127 59.0911 1 0 0 0 0 0 0 0 16 16 0 0
0 0 0 0 127 51 0;
egregore_data 0 0 127 0 0 127 0 0 0 0 0 0 0 0 0 127 38 0 127 0 0 0
0 0 0 0 0 0 0 100 0 0 127 127 78 0 93 90 127 0 19 127 127 0 0 0 70
0 0 0 127 127 34 0 81 11.1824 12.7799 101.44 0 0 19.1698 51.9182 21.4214
53.5157 71.2138 0 0 33.5472 0 127 59.0911 1 0 0 0 0 0 0 0 16 16 0 0
0 0 0 0 127 51 0;
egregore_data 0 0 127 0 0 127 0 0 0 0 0 0 0 0 0 127 38 0 127 0 0 0
0 0 0 0 0 0 0 100 0 0 127 127 78 0 93 90 127 0 19 127 127 0 0 0 70
0 0 0 127 127 34 0 81 11.3248 12.9427 102.732 0 0 19.414 52.5796 21.2484
54.1975 71.1019 0 0 33.9745 0 127 59.0911 1 0 0 0 0 0 0 0 16 16 0 0
0 0 0 0 127 51 0;
egregore_data 0 0 127 0 0 127 0 0 0 0 0 0 0 0 0 127 38 0 127 0 0 0
0 0 0 0 0 0 0 100 0 0 127 127 78 0 93 90 127 0 19 127 127 0 0 0 70
0 0 0 127 127 34 0 81 11.3248 12.9427 102.732 0 0 19.414 52.5796 21.2484
54.1975 71.1019 0 0 33.9745 0 127 59.0911 1 0 0 0 0 0 0 0 16 16 0 0
0 0 0 0 127 51 0;
egregore_data 0 0 127 0 0 127 0 0 0 0 0 0 0 0 0 127 38 0 127 0 0 0
0 0 0 0 0 0 0 100 0 0 127 127 78 0 93 90 127 0 19 127 127 0 0 0 70
0 0 0 127 127 34 0 81 11.3248 12.9427 102.732 0 0 19.414 52.5796 21.2484
54.1975 71.1019 0 0 33.9745 0 127 59.0911 1 0 0 0 0 0 0 0 16 16 0 0
0 0 0 0 127 51 0;
egregore_data 0 0 127 0 0 127 0 0 0 0 0 0 0 0 0 127 38 0 127 0 0 0
0 0 0 0 0 0 0 100 0 0 127 127 78 0 93 90 127 0 19 127 127 0 0 0 70
0 0 0 127 127 34 0 81 11.3248 12.9427 102.732 0 0 19.414 52.5796 21.2484
54.1975 71.1019 0 0 33.9745 0 127 59.0911 1 0 0 0 0 0 0 0 16 16 0 0
0 0 0 0 127 51 0;
egregore_data 0 0 127 0 0 127 0 0 0 0 0 0 0 0 0 127 38 0 127 0 0 0
0 0 0 0 0 0 0 100 0 0 127 127 78 0 93 90 127 0 19 127 127 0 0 0 70
0 0 0 127 127 34 0 81 11.3248 12.9427 102.732 0 0 19.414 52.5796 21.2484
54.1975 71.1019 0 0 33.9745 0 127 59.0911 1 0 0 0 0 0 0 0 16 16 0 0
0 0 0 0 127 51 0;
egregore_data 0 0 127 0 0 127 0 0 0 0 0 0 0 0 0 127 38 0 127 0 0 0
0 0 0 0 0 0 0 100 0 0 127 127 78 0 93 90 127 0 19 127 127 0 0 0 70
0 0 0 127 127 34 0 81 11.3248 12.9427 102.732 0 0 19.414 52.5796 21.2484
54.1975 71.1019 0 0 33.9745 0 127 59.0911 1 0 0 0 0 0 0 0 16 16 0 0
0 0 0 0 127 51 0;
egregore_data 0 0 127 0 0 127 0 0 0 0 0 0 0 0 0 127 38 0 127 0 0 0
0 0 0 0 0 0 0 100 0 0 127 127 78 0 93 90 127 0 19 127 127 0 0 0 70
0 0 0 127 127 34 0 81 11.3248 12.9427 102.732 0 0 19.414 52.5796 21.2484
54.1975 71.1019 0 0 33.9745 0 127 59.0911 1 0 0 0 0 0 0 0 16 16 0 0
0 0 0 0 127 51 0;
egregore_data 0 0 127 0 0 127 0 0 0 0 0 0 0 0 0 127 38 0 127 0 0 0
0 0 0 0 0 0 0 100 0 0 127 127 78 0 93 90 127 0 19 127 127 0 0 0 70
0 0 0 127 127 34 0 81 11.3248 12.9427 102.732 0 0 19.414 52.5796 21.2484
54.1975 71.1019 0 0 33.9745 0 127 59.0911 1 0 0 0 0 0 0 0 16 16 0 0
0 0 0 0 127 51 0;
egregore_data 0 0 127 0 0 127 0 0 0 0 0 0 0 0 0 127 38 0 127 0 0 0
0 0 0 0 0 0 0 100 0 0 127 127 78 0 93 90 127 0 19 127 127 0 0 0 70
0 0 0 127 127 34 0 81 11.3248 12.9427 102.732 0 0 19.414 52.5796 21.2484
54.1975 71.1019 0 0 33.9745 0 127 59.0911 1 0 0 0 0 0 0 0 16 16 0 0
0 0 0 0 127 51 0;
egregore_data 0 0 127 0 0 127 0 0 0 0 0 0 0 0 0 127 38 0 127 0 0 0
0 0 0 0 0 0 0 100 0 0 127 127 78 0 93 90 127 0 19 127 127 0 0 0 70
0 0 0 127 127 34 0 81 11.3248 12.9427 102.732 0 0 19.414 52.5796 21.2484
54.1975 71.1019 0 0 33.9745 0 127 59.0911 1 0 0 0 0 0 0 0 16 16 0 0
0 0 0 0 127 51 0;
egregore_data 0 0 127 0 0 127 0 0 0 0 0 0 0 0 0 127 38 0 127 0 0 0
0 0 0 0 0 0 0 100 0 0 127 127 78 0 93 90 127 0 19 127 127 0 0 0 70
0 0 0 127 127 34 0 81 11.3248 12.9427 102.732 0 0 19.414 52.5796 21.2484
54.1975 71.1019 0 0 33.9745 0 127 59.0911 1 0 0 0 0 0 0 0 16 16 0 0
0 0 0 0 127 51 0;
egregore_data 0 0 127 0 0 127 0 0 0 0 0 0 0 0 0 127 38 0 127 0 0 0
0 0 0 0 0 0 0 100 0 0 127 127 78 0 93 90 127 0 19 127 127 0 0 0 70
0 0 0 127 127 34 0 81 11.3248 12.9427 102.732 0 0 19.414 52.5796 21.2484
54.1975 71.1019 0 0 33.9745 0 127 59.0911 1 0 0 0 0 0 0 0 16 16 0 0
0 0 0 0 127 51 0;
egregore_data 0 0 127 0 0 127 0 0 0 0 0 0 0 0 0 127 38 0 127 0 0 0
0 0 0 0 0 0 0 100 0 0 127 127 78 0 93 90 127 0 19 127 127 0 0 0 70
0 0 0 127 127 34 0 81 11.3248 12.9427 102.732 0 0 19.414 52.5796 21.2484
54.1975 71.1019 0 0 33.9745 0 127 59.0911 1 0 0 0 0 0 0 0 16 16 0 0
0 0 0 0 127 51 0;
egregore_data 0 0 127 0 0 127 0 0 0 0 0 0 0 0 0 127 38 0 127 0 0 0
0 0 0 0 0 0 0 100 0 0 127 127 78 0 93 90 127 0 19 127 127 0 0 0 70
0 0 0 127 127 34 0 81 11.3248 12.9427 102.732 0 0 19.414 52.5796 21.2484
54.1975 71.1019 0 0 33.9745 0 127 59.0911 1 0 0 0 0 0 0 0 16 16 0 0
0 0 0 0 127 51 0;
egregore_data 0 0 127 0 0 127 0 0 0 0 0 0 0 0 0 127 38 0 127 0 0 0
0 0 0 0 0 0 0 100 0 0 127 127 78 0 93 90 127 0 19 127 127 0 0 0 70
0 0 0 127 127 34 0 81 11.3248 12.9427 102.732 0 0 19.414 52.5796 21.2484
54.1975 71.1019 0 0 33.9745 0 127 59.0911 1 0 0 0 0 0 0 0 16 16 0 0
0 0 0 0 127 51 0;
egregore_data 0 0 127 0 0 127 0 0 0 0 0 0 0 0 0 127 38 0 127 0 0 0
0 0 0 0 0 0 0 100 0 0 127 127 78 0 93 90 127 0 19 127 127 0 0 0 70
0 0 0 127 127 34 0 81 11.3248 12.9427 102.732 0 0 19.414 52.5796 21.2484
54.1975 71.1019 0 0 33.9745 0 127 59.0911 1 0 0 0 0 0 0 0 16 16 0 0
0 0 0 0 127 51 0;
egregore_data 0 0 127 0 0 127 0 0 0 0 0 0 0 0 0 127 38 0 127 0 0 0
0 0 0 0 0 0 0 100 0 0 127 127 78 0 93 90 127 0 19 127 127 0 0 0 70
0 0 0 127 127 34 0 81 11.3248 12.9427 102.732 0 0 19.414 52.5796 21.2484
54.1975 71.1019 0 0 33.9745 0 127 59.0911 1 0 0 0 0 0 0 0 16 16 0 0
0 0 0 0 127 51 0;
egregore_data 0 0 127 0 0 127 0 0 0 0 0 0 0 0 0 127 38 0 127 0 0 0
0 0 0 0 0 0 0 100 0 0 127 127 78 0 93 90 127 0 19 127 127 0 0 0 70
0 0 0 127 127 34 0 81 11.3248 12.9427 102.732 0 0 19.414 52.5796 21.2484
54.1975 71.1019 0 0 33.9745 0 127 59.0911 1 0 0 0 0 0 0 0 16 16 0 0
0 0 0 0 127 51 0;
egregore_data 0 0 127 0 0 127 0 0 0 0 0 0 0 0 0 127 38 0 127 0 0 0
0 0 0 0 0 0 0 100 0 0 127 127 78 0 93 90 127 0 19 127 127 0 0 0 70
0 0 0 127 127 34 0 81 11.3248 12.9427 102.732 0 0 19.414 52.5796 21.2484
54.1975 71.1019 0 0 33.9745 0 127 59.0911 1 0 0 0 0 0 0 0 16 16 0 0
0 0 0 0 127 51 0;
egregore_data 0 0 127 0 0 127 0 0 0 0 0 0 0 0 0 127 38 0 127 0 0 0
0 0 0 0 0 0 0 100 0 0 127 127 78 0 93 90 127 0 19 127 127 0 0 0 70
0 0 0 127 127 34 0 81 11.3248 12.9427 102.732 0 0 19.414 52.5796 21.2484
54.1975 71.1019 0 0 33.9745 0 127 59.0911 1 0 0 0 0 0 0 0 16 16 0 0
0 0 0 0 127 51 0;
egregore_data 0 0 127 0 0 127 0 0 0 0 0 0 0 0 0 127 38 0 127 0 0 0
0 0 0 0 0 0 0 100 0 0 127 127 78 0 93 90 127 0 19 127 127 0 0 0 70
0 0 0 127 127 34 0 81 11.3248 12.9427 102.732 0 0 19.414 52.5796 21.2484
54.1975 71.1019 0 0 33.9745 0 127 59.0911 1 0 0 0 0 0 0 0 16 16 0 0
0 0 0 0 127 51 0;
egregore_data 0 0 127 0 0 127 0 0 0 0 0 0 0 0 0 127 38 0 127 0 0 0
0 0 0 0 0 0 0 100 0 0 127 127 78 0 93 90 127 0 19 127 127 0 0 0 70
0 0 0 127 127 34 0 81 11.3248 12.9427 102.732 0 0 19.414 52.5796 21.2484
54.1975 71.1019 0 0 33.9745 0 127 59.0911 1 0 0 0 0 0 0 0 16 16 0 0
0 0 0 0 127 51 0;
egregore_data 0 0 127 0 0 127 0 0 0 0 0 0 0 0 0 127 38 0 127 0 0 0
0 0 0 0 0 0 0 100 0 0 127 127 78 0 93 90 127 0 19 127 127 0 0 0 70
0 0 0 127 127 34 0 81 11.3248 12.9427 102.732 0 0 19.414 52.5796 21.2484
54.1975 71.1019 0 0 33.9745 0 127 59.0911 1 0 0 0 0 0 0 0 16 16 0 0
0 0 0 0 127 51 0;
egregore_data 0 0 127 0 0 127 0 0 0 0 0 0 0 0 0 127 38 0 127 0 0 0
0 0 0 0 0 0 0 100 0 0 127 127 78 0 93 90 127 0 19 127 127 0 0 0 70
0 0 0 127 127 34 0 81 11.3974 13.0256 103.391 0 0 19.5385 52.9167 21.1603
54.5449 71.0449 0 0 34.1923 0 127 59.0911 1 0 0 0 0 0 0 0 16 16 0 0
0 0 0 0 127 51 0;
egregore_data 0 0 127 0 0 127 0 0 0 0 0 0 0 0 0 127 38 0 127 0 0 0
0 0 0 0 0 0 0 100 0 0 127 127 78 0 93 90 127 0 19 127 127 0 0 0 70
0 0 0 127 127 34 0 81 11.3974 13.0256 103.391 0 0 19.5385 52.9167 21.1603
54.5449 71.0449 0 0 34.1923 0 127 59.0911 1 0 0 0 0 0 0 0 16 16 0 0
0 0 0 0 127 51 0;
egregore_data 0 0 127 0 0 127 0 0 0 0 0 0 0 0 0 127 38 0 127 0 0 0
0 0 0 0 0 0 0 100 0 0 127 127 78 0 93 90 127 0 19 127 127 0 0 0 70
0 0 0 127 127 34 0 81 11.3974 13.0256 103.391 0 0 19.5385 52.9167 21.1603
54.5449 71.0449 0 0 34.1923 0 127 59.0911 1 0 0 0 0 0 0 0 16 16 0 0
0 0 0 0 127 51 0;
egregore_data 0 0 127 0 0 127 0 0 0 0 0 0 0 0 0 127 38 0 127 0 0 0
0 0 0 0 0 0 0 100 0 0 127 127 78 0 93 90 127 0 19 127 127 0 0 0 70
0 0 0 127 127 34 0 81 11.3974 13.0256 103.391 0 0 19.5385 52.9167 21.1603
54.5449 71.0449 0 0 34.1923 0 127 59.0911 1 0 0 0 0 0 0 0 16 16 0 0
0 0 0 0 127 51 0;
egregore_data 0 0 127 0 0 127 0 0 0 0 0 0 0 0 0 127 38 0 127 0 0 0
0 0 0 0 0 0 0 100 0 0 127 127 78 0 93 90 127 0 19 127 127 0 0 0 70
0 0 0 127 127 34 0 81 11.3974 13.0256 103.391 0 0 19.5385 52.9167 21.1603
54.5449 71.0449 0 0 34.1923 0 127 59.0911 1 0 0 0 0 0 0 0 16 16 0 0
0 0 0 0 127 51 0;
egregore_data 0 0 127 0 0 127 0 0 0 0 0 0 0 0 0 127 38 0 127 0 0 0
0 0 0 0 0 0 0 100 0 0 127 127 78 0 93 90 127 0 19 127 127 0 0 0 70
0 0 0 127 127 34 0 81 11.3974 13.0256 103.391 0 0 19.5385 52.9167 21.1603
54.5449 71.0449 0 0 34.1923 0 127 59.0911 1 0 0 0 0 0 0 0 16 16 0 0
0 0 0 0 127 51 0;
egregore_data 0 0 127 0 0 127 0 0 0 0 0 0 0 0 0 127 38 0 127 0 0 0
0 0 0 0 0 0 0 100 0 0 127 127 78 0 93 90 127 0 19 127 127 0 0 0 70
0 0 0 127 127 34 0 81 11.3974 13.0256 103.391 0 0 19.5385 52.9167 21.1603
54.5449 71.0449 0 0 34.1923 0 127 59.0911 1 0 0 0 0 0 0 0 16 16 0 0
0 0 0 0 127 51 0;
egregore_data 0 0 127 0 0 127 0 0 0 0 0 0 0 0 0 127 38 0 127 0 0 0
0 0 0 0 0 0 0 100 0 0 127 127 78 0 93 90 127 0 19 127 127 0 0 0 70
0 0 0 127 127 34 0 81 11.3974 13.0256 103.391 0 0 19.5385 52.9167 21.1603
54.5449 71.0449 0 0 34.1923 0 127 59.0911 1 0 0 0 0 0 0 0 16 16 0 0
0 0 0 0 127 51 0;
egregore_data 0 0 127 0 0 127 0 0 0 0 0 0 0 0 0 127 38 0 127 0 0 0
0 0 0 0 0 0 0 100 0 0 127 127 78 0 93 90 127 0 19 127 127 0 0 0 70
0 0 0 127 127 34 0 81 11.3974 13.0256 103.391 0 0 19.5385 52.9167 21.1603
54.5449 71.0449 0 0 34.1923 0 127 59.0911 1 0 0 0 0 0 0 0 16 16 0 0
0 0 0 0 127 51 0;
egregore_data 0 0 127 0 0 127 0 0 0 0 0 0 0 0 0 127 38 0 127 0 0 0
0 0 0 0 0 0 0 100 0 0 127 127 78 0 93 90 127 0 19 127 127 0 0 0 70
0 0 0 127 127 34 0 81 11.3974 13.0256 103.391 0 0 19.5385 52.9167 21.1603
54.5449 71.0449 0 0 34.1923 0 127 59.0911 1 0 0 0 0 0 0 0 16 16 0 0
0 0 0 0 127 51 0;
egregore_data 0 0 127 0 0 127 0 0 0 0 0 0 0 0 0 127 38 0 127 0 0 0
0 0 0 0 0 0 0 100 0 0 127 127 78 0 93 90 127 0 19 127 127 0 0 0 70
0 0 0 127 127 34 0 81 11.3974 13.0256 103.391 0 0 19.5385 52.9167 21.1603
54.5449 71.0449 0 0 34.1923 0 127 59.0911 1 0 0 0 0 0 0 0 16 16 0 0
0 0 0 0 127 51 0;
egregore_data 0 0 127 0 0 127 0 0 0 0 0 0 0 0 0 127 38 0 127 0 0 0
0 0 0 0 0 0 0 100 0 0 127 127 78 0 93 90 127 0 19 127 127 0 0 0 70
0 0 0 127 127 34 0 81 11.3974 13.0256 103.391 0 0 19.5385 52.9167 21.1603
54.5449 71.0449 0 0 34.1923 0 127 59.0911 1 0 0 0 0 0 0 0 16 16 0 0
0 0 0 0 127 51 0;
egregore_data 0 0 127 0 0 127 0 0 0 0 0 0 0 0 0 127 38 0 127 0 0 0
0 0 0 0 0 0 0 100 0 0 127 127 78 0 93 90 127 0 19 127 127 0 0 0 70
0 0 0 127 127 34 0 81 11.3974 13.0256 103.391 0 0 19.5385 52.9167 21.1603
54.5449 71.0449 0 0 34.1923 0 127 59.0911 1 0 0 0 0 0 0 0 16 16 0 0
0 0 0 0 127 51 0;
egregore_data 0 0 127 0 0 127 0 0 0 0 0 0 0 0 0 127 38 0 127 0 0 0
0 0 0 0 0 0 0 100 0 0 127 127 78 0 93 90 127 0 19 127 127 0 0 0 70
0 0 0 127 127 34 0 81 11.3974 13.0256 103.391 0 0 19.5385 52.9167 21.1603
54.5449 71.0449 0 0 34.1923 0 127 59.0911 1 0 0 0 0 0 0 0 16 16 0 0
0 0 0 0 127 51 0;
egregore_data 0 0 127 0 0 127 0 0 0 0 0 0 0 0 0 127 38 0 127 0 0 0
0 0 0 0 0 0 0 100 0 0 127 127 78 0 93 90 127 0 19 127 127 0 0 0 70
0 0 0 127 127 34 0 81 11.3974 13.0256 103.391 0 0 19.5385 52.9167 21.1603
54.5449 71.0449 0 0 34.1923 0 127 59.0911 1 0 0 0 0 0 0 0 16 16 0 0
0 0 0 0 127 51 0;
egregore_data 0 0 127 0 0 127 0 0 0 0 0 0 0 0 0 127 38 0 127 0 0 0
0 0 0 0 0 0 0 100 0 0 127 127 78 0 93 90 127 0 19 127 127 0 0 0 70
0 0 0 127 127 34 0 81 11.3974 13.0256 103.391 0 0 19.5385 52.9167 21.1603
54.5449 71.0449 0 0 34.1923 0 127 59.0911 1 0 0 0 0 0 0 0 16 16 0 0
0 0 0 0 127 51 0;
egregore_data 0 0 127 0 0 127 0 0 0 0 0 0 0 0 0 127 38 0 127 0 0 0
0 0 0 0 0 0 0 100 0 0 127 127 78 0 93 90 127 0 19 127 127 0 0 0 70
0 0 0 127 127 34 0 81 11.3974 13.0256 103.391 0 0 19.5385 52.9167 21.1603
54.5449 71.0449 0 0 34.1923 0 127 59.0911 1 0 0 0 0 0 0 0 16 16 0 0
0 0 0 0 127 51 0;
egregore_data 0 0 127 0 0 127 0 0 0 0 0 0 0 0 0 127 38 0 127 0 0 0
0 0 0 0 0 0 0 100 0 0 127 127 78 0 93 90 127 0 19 127 127 0 0 0 70
0 0 0 127 127 34 0 81 11.3974 13.0256 103.391 0 0 19.5385 52.9167 21.1603
54.5449 71.0449 0 0 34.1923 0 127 59.0911 1 0 0 0 0 0 0 0 16 16 0 0
0 0 0 0 127 51 0;
egregore_data 0 0 127 0 0 127 0 0 0 0 0 0 0 0 0 127 38 0 127 0 0 0
0 0 0 0 0 0 0 100 0 0 127 127 78 0 93 90 127 0 19 127 127 0 0 0 70
0 0 0 127 127 34 0 81 11.3974 13.0256 103.391 0 0 19.5385 52.9167 21.1603
54.5449 71.0449 0 0 34.1923 0 127 59.0911 1 0 0 0 0 0 0 0 16 16 0 0
0 0 0 0 127 51 0;
egregore_data 0 0 127 0 0 127 0 0 0 0 0 0 0 0 0 127 38 0 127 0 0 0
0 0 0 0 0 0 0 100 0 0 127 127 78 0 93 90 127 0 19 127 127 0 0 0 70
0 0 0 127 127 34 0 81 11.3974 13.0256 103.391 0 0 19.5385 52.9167 21.1603
54.5449 71.0449 0 0 34.1923 0 127 59.0911 1 0 0 0 0 0 0 0 16 16 0 0
0 0 0 0 127 51 0;
egregore_data 0 0 127 0 0 127 0 0 0 0 0 0 0 0 0 127 38 0 127 0 0 0
0 0 0 0 0 0 0 100 0 0 127 127 78 0 93 90 127 0 19 127 127 0 0 0 70
0 0 0 127 127 34 0 81 11.3974 13.0256 103.391 0 0 19.5385 52.9167 21.1603
54.5449 71.0449 0 0 34.1923 0 127 59.0911 1 0 0 0 0 0 0 0 16 16 0 0
0 0 0 0 127 51 0;
egregore_data 0 0 127 0 0 127 0 0 0 0 0 0 0 0 0 127 38 0 127 0 0 0
0 0 0 0 0 0 0 100 0 0 127 127 78 0 93 90 127 0 19 127 127 0 0 0 70
0 0 0 127 127 34 0 81 11.3974 13.0256 103.391 0 0 19.5385 52.9167 21.1603
54.5449 71.0449 0 0 34.1923 0 127 59.0911 1 0 0 0 0 0 0 0 16 16 0 0
0 0 0 0 127 51 0;
egregore_data 0 0 127 0 0 127 0 0 0 0 0 0 0 0 0 127 38 0 127 0 0 0
0 0 0 0 0 0 0 100 0 0 127 127 78 0 93 90 127 0 19 127 127 0 0 0 70
0 0 0 127 127 34 0 81 11.3974 13.0256 103.391 0 0 19.5385 52.9167 21.1603
54.5449 71.0449 0 0 34.1923 0 127 59.0911 1 0 0 0 0 0 0 0 16 16 0 0
0 0 0 0 127 51 0;
egregore_data 0 0 127 0 0 127 0 0 0 0 0 0 0 0 0 127 38 0 127 0 0 0
0 0 0 0 0 0 0 100 0 0 127 127 78 0 93 90 127 0 19 127 127 0 0 0 70
0 0 0 127 127 34 0 81 11.3974 13.0256 103.391 0 0 19.5385 52.9167 21.1603
54.5449 71.0449 0 0 34.1923 0 127 59.0911 1 0 0 0 0 0 0 0 16 16 0 0
0 0 0 0 127 51 0;
egregore_data 0 0 127 0 0 127 0 0 0 0 0 0 0 0 0 127 38 0 127 0 0 0
0 0 0 0 0 0 0 100 0 0 127 127 78 0 93 90 127 0 19 127 127 0 0 0 70
0 0 0 127 127 34 0 81 11.471 13.1097 104.058 0 0 19.6645 53.2581 21.071
54.8968 70.9871 0 0 34.4129 0 127 59.0911 1 0 0 0 0 0 0 0 16 16 0 0
0 0 0 0 127 51 0;
egregore_data 0 0 127 0 0 127 0 0 0 0 0 0 0 0 0 127 38 0 127 0 0 0
0 0 0 0 0 0 0 100 0 0 127 127 78 0 93 90 127 0 19 127 127 0 0 0 70
0 0 0 127 127 34 0 81 11.471 13.1097 104.058 0 0 19.6645 53.2581 21.071
54.8968 70.9871 0 0 34.4129 0 127 59.0911 1 0 0 0 0 0 0 0 16 16 0 0
0 0 0 0 127 51 0;
egregore_data 0 0 127 0 0 127 0 0 0 0 0 0 0 0 0 127 38 0 127 0 0 0
0 0 0 0 0 0 0 100 0 0 127 127 78 0 93 90 127 0 19 127 127 0 0 0 70
0 0 0 127 127 34 0 81 11.471 13.1097 104.058 0 0 19.6645 53.2581 21.071
54.8968 70.9871 0 0 34.4129 0 127 59.0911 1 0 0 0 0 0 0 0 16 16 0 0
0 0 0 0 127 51 0;
egregore_data 0 0 127 0 0 127 0 0 0 0 0 0 0 0 0 127 38 0 127 0 0 0
0 0 0 0 0 0 0 100 0 0 127 127 78 0 93 90 127 0 19 127 127 0 0 0 70
0 0 0 127 127 34 0 81 11.471 13.1097 104.058 0 0 19.6645 53.2581 21.071
54.8968 70.9871 0 0 34.4129 0 127 59.0911 1 0 0 0 0 0 0 0 16 16 0 0
0 0 0 0 127 51 0;
egregore_data 0 0 127 0 0 127 0 0 0 0 0 0 0 0 0 127 38 0 127 0 0 0
0 0 0 0 0 0 0 100 0 0 127 127 78 0 93 90 127 0 19 127 127 0 0 0 70
0 0 0 127 127 34 0 81 11.471 13.1097 104.058 0 0 19.6645 53.2581 21.071
54.8968 70.9871 0 0 34.4129 0 127 59.0911 1 0 0 0 0 0 0 0 16 16 0 0
0 0 0 0 127 51 0;
egregore_data 0 0 127 0 0 127 0 0 0 0 0 0 0 0 0 127 38 0 127 0 0 0
0 0 0 0 0 0 0 100 0 0 127 127 78 0 93 90 127 0 19 127 127 0 0 0 70
0 0 0 127 127 34 0 81 11.471 13.1097 104.058 0 0 19.6645 53.2581 21.071
54.8968 70.9871 0 0 34.4129 0 127 59.0911 1 0 0 0 0 0 0 0 16 16 0 0
0 0 0 0 127 51 0;
egregore_data 0 0 127 0 0 127 0 0 0 0 0 0 0 0 0 127 38 0 127 0 0 0
0 0 0 0 0 0 0 100 0 0 127 127 78 0 93 90 127 0 19 127 127 0 0 0 70
0 0 0 127 127 34 0 81 11.471 13.1097 104.058 0 0 19.6645 53.2581 21.071
54.8968 70.9871 0 0 34.4129 0 127 59.0911 1 0 0 0 0 0 0 0 16 16 0 0
0 0 0 0 127 51 0;
egregore_data 0 0 127 0 0 127 0 0 0 0 0 0 0 0 0 127 38 0 127 0 0 0
0 0 0 0 0 0 0 100 0 0 127 127 78 0 93 90 127 0 19 127 127 0 0 0 70
0 0 0 127 127 34 0 81 11.5455 13.1948 104.734 0 0 19.7922 53.6039 20.9805
55.2532 70.9286 0 0 34.6364 0 127 59.0911 1 0 0 0 0 0 0 0 16 16 0 0
0 0 0 0 127 51 0;
egregore_data 0 0 127 0 0 127 0 0 0 0 0 0 0 0 0 127 38 0 127 0 0 0
0 0 0 0 0 0 0 100 0 0 127 127 78 0 93 90 127 0 19 127 127 0 0 0 70
0 0 0 127 127 34 0 81 11.5455 13.1948 104.734 0 0 19.7922 53.6039 20.9805
55.2532 70.9286 0 0 34.6364 0 127 59.0911 1 0 0 0 0 0 0 0 16 16 0 0
0 0 0 0 127 51 0;
egregore_data 0 0 127 0 0 127 0 0 0 0 0 0 0 0 0 127 38 0 127 0 0 0
0 0 0 0 0 0 0 100 0 0 127 127 78 0 93 90 127 0 19 127 127 0 0 0 70
0 0 0 127 127 34 0 81 11.5455 13.1948 104.734 0 0 19.7922 53.6039 20.9805
55.2532 70.9286 0 0 34.6364 0 127 59.0911 1 0 0 0 0 0 0 0 16 16 0 0
0 0 0 0 127 51 0;
egregore_data 0 0 127 0 0 127 0 0 0 0 0 0 0 0 0 127 38 0 127 0 0 0
0 0 0 0 0 0 0 100 0 0 127 127 78 0 93 90 127 0 19 127 127 0 0 0 70
0 0 0 127 127 34 0 81 11.5455 13.1948 104.734 0 0 19.7922 53.6039 20.9805
55.2532 70.9286 0 0 34.6364 0 127 59.0911 1 0 0 0 0 0 0 0 16 16 0 0
0 0 0 0 127 51 0;
egregore_data 0 0 127 0 0 127 0 0 0 0 0 0 0 0 0 127 38 0 127 0 0 0
0 0 0 0 0 0 0 100 0 0 127 127 78 0 93 90 127 0 19 127 127 0 0 0 70
0 0 0 127 127 34 0 81 11.5455 13.1948 104.734 0 0 19.7922 53.6039 20.9805
55.2532 70.9286 0 0 34.6364 0 127 59.0911 1 0 0 0 0 0 0 0 16 16 0 0
0 0 0 0 127 51 0;
egregore_data 0 0 127 0 0 127 0 0 0 0 0 0 0 0 0 127 38 0 127 0 0 0
0 0 0 0 0 0 0 100 0 0 127 127 78 0 93 90 127 0 19 127 127 0 0 0 70
0 0 0 127 127 34 0 81 11.5455 13.1948 104.734 0 0 19.7922 53.6039 20.9805
55.2532 70.9286 0 0 34.6364 0 127 59.0911 1 0 0 0 0 0 0 0 16 16 0 0
0 0 0 0 127 51 0;
egregore_data 0 0 127 0 0 127 0 0 0 0 0 0 0 0 0 127 38 0 127 0 0 0
0 0 0 0 0 0 0 100 0 0 127 127 78 0 93 90 127 0 19 127 127 0 0 0 70
0 0 0 127 127 34 0 81 11.5455 13.1948 104.734 0 0 19.7922 53.6039 20.9805
55.2532 70.9286 0 0 34.6364 0 127 59.0911 1 0 0 0 0 0 0 0 16 16 0 0
0 0 0 0 127 51 0;
egregore_data 0 0 127 0 0 127 0 0 0 0 0 0 0 0 0 127 38 0 127 0 0 0
0 0 0 0 0 0 0 100 0 0 127 127 78 0 93 90 127 0 19 127 127 0 0 0 70
0 0 0 127 127 34 0 81 11.5455 13.1948 104.734 0 0 19.7922 53.6039 20.9805
55.2532 70.9286 0 0 34.6364 0 127 59.0911 1 0 0 0 0 0 0 0 16 16 0 0
0 0 0 0 127 51 0;
egregore_data 0 0 127 0 0 127 0 0 0 0 0 0 0 0 0 127 38 0 127 0 0 0
0 0 0 0 0 0 0 100 0 0 127 127 78 0 93 90 127 0 19 127 127 0 0 0 70
0 0 0 127 127 34 0 81 11.6209 13.281 105.418 0 0 19.9216 53.9543 20.8889
55.6144 70.8693 0 0 34.8627 0 127 59.0911 1 0 0 0 0 0 0 0 16 16 0 0
0 0 0 0 127 51 0;
egregore_data 0 0 127 0 0 127 0 0 0 0 0 0 0 0 0 127 38 0 127 0 0 0
0 0 0 0 0 0 0 100 0 0 127 127 78 0 93 90 127 0 19 127 127 0 0 0 70
0 0 0 127 127 34 0 81 11.5455 13.1948 104.734 0 0 19.7922 53.6039 20.9805
55.2532 70.9286 0 0 34.6364 0 127 59.0911 1 0 0 0 0 0 0 0 16 16 0 0
0 0 0 0 127 51 0;
END;
