HTTP/1.1 200 OK
Date: Thu, 28 May 2015 12:25:08 GMT
Server: Apache
Last-Modified: Wed, 27 May 2015 19:22:42 GMT
Accept-Ranges: bytes
Content-Length: 27568
Vary: Accept-Encoding
Connection: close
Content-Type: text/plain

chdh_egregore_live_data;
egregore_data 0 0 127 0 0 127 0 0 0 0 0 0 0 0 0 127 38 0 127 0 0 0
0 0 0 0 0 0 0 100 0 0 127 127 78 0 93 90 58 46 19 127 24 73 0 0 70
0 0 0 127 127 34 1 66.8657 85.8433 70.8479 0 0 0 0 19.3508 24.6291
0 28.8682 0 24.0419 0 0 127 88 1 0 0 0 0 0 0 0 16 16 0 0 0 0 0 0 127
51 0;
egregore_data 0 0 127 0 0 127 0 0 0 0 0 0 0 0 0 127 38 0 127 0 0 0
0 0 0 0 0 0 0 100 0 0 127 127 78 0 93 90 58 46 19 127 24 73 0 0 70
0 0 0 127 127 34 1 66.8657 85.8433 70.8479 0 0 0 0 19.3508 24.6291
0 28.8682 0 24.0419 0 0 127 88 1 0 0 0 0 0 0 0 16 16 0 0 0 0 0 0 127
51 0;
egregore_data 0 0 127 0 0 127 0 0 0 0 0 0 0 0 0 127 38 0 127 0 0 0
0 0 0 0 0 0 0 100 0 0 127 127 78 0 93 90 58 45 19 127 24 73 0 0 70
0 0 0 127 127 34 1 66.8657 85.8433 70.8479 0 0 0 0 19.3508 24.6291
0 28.8682 0 24.0419 0 0 127 88 1 0 0 0 0 0 0 0 16 16 0 0 0 0 0 0 127
51 0;
egregore_data 0 0 127 0 0 127 0 0 0 0 0 0 0 0 0 127 38 0 127 0 0 0
0 0 0 0 0 0 0 100 0 0 127 127 78 0 93 90 58 45 19 127 24 73 0 0 70
0 0 0 127 127 34 1 66.8657 85.8433 70.8479 0 0 0 0 19.3508 24.6291
0 28.8682 0 24.0419 0 0 127 88 1 0 0 0 0 0 0 0 16 16 0 0 0 0 0 0 127
51 0;
egregore_data 0 0 127 0 0 127 0 0 0 0 0 0 0 0 0 127 38 0 127 0 0 0
0 0 0 0 0 0 0 100 0 0 127 127 78 0 93 90 58 45 19 127 24 73 0 0 70
0 0 0 127 127 34 1 66.8657 85.8433 70.8479 0 0 0 0 19.3508 24.6291
0 28.8682 0 24.0419 0 0 127 88 1 0 0 0 0 0 0 0 16 16 0 0 0 0 0 0 127
51 0;
egregore_data 0 0 127 0 0 127 0 0 0 0 0 0 0 0 0 127 38 0 127 0 0 0
0 0 0 0 0 0 0 100 0 0 127 127 78 0 93 90 58 45 19 127 24 73 0 0 70
0 0 0 127 127 34 1 66.7707 85.9322 70.9321 0 0 0 0 19.4421 24.4575
0 28.8109 0 24.1553 0 0 127 88 1 0 0 0 0 0 0 0 16 16 0 0 0 0 0 0 127
51 0;
egregore_data 0 0 127 0 0 127 0 0 0 0 0 0 0 0 0 127 38 0 127 0 0 0
0 0 0 0 0 0 0 100 0 0 127 127 78 0 93 90 58 45 19 127 24 73 0 0 70
0 0 0 127 127 34 1 66.7707 85.9322 70.9321 0 0 0 0 19.4421 24.4575
0 28.8109 0 24.1553 0 0 127 88 1 0 0 0 0 0 0 0 16 16 0 0 0 0 0 0 127
51 0;
egregore_data 0 0 127 0 0 127 0 0 0 0 0 0 0 0 0 127 38 0 127 0 0 0
0 0 0 0 0 0 0 100 0 0 127 127 78 0 93 90 58 45 19 127 24 73 0 0 70
0 0 0 127 127 34 1 66.6748 86.0219 71.0171 0 0 0 0 19.5342 24.2844
0 28.7532 0 24.2698 0 0 127 88 1 0 0 0 0 0 0 0 16 16 0 0 0 0 0 0 127
51 0;
egregore_data 0 0 127 0 0 127 0 0 0 0 0 0 0 0 0 127 38 0 127 0 0 0
0 0 0 0 0 0 0 100 0 0 127 127 78 0 93 90 58 45 19 127 24 73 0 0 70
0 0 0 127 127 34 1 66.578 86.1125 71.1029 0 0 0 0 19.6272 24.1095 0
28.6948 0 24.3854 0 0 127 88 1 0 0 0 0 0 0 0 16 16 0 0 0 0 0 0 127
51 0;
egregore_data 0 0 127 0 0 127 0 0 0 0 0 0 0 0 0 127 38 0 127 0 0 0
0 0 0 0 0 0 0 100 0 0 127 127 78 0 93 90 58 45 19 127 26 73 0 0 70
0 0 0 127 127 34 1 66.578 86.1125 71.1029 0 0 0 0 19.6272 24.1095 0
28.6948 0 24.3854 0 0 127 88 1 0 0 0 0 0 0 0 16 16 0 0 0 0 0 0 127
51 0;
egregore_data 0 0 127 0 0 127 0 0 0 0 0 0 0 0 0 127 38 0 127 0 0 0
0 0 0 0 0 0 0 100 0 0 127 127 78 0 93 90 58 45 19 127 26 73 0 0 70
0 0 0 127 127 34 1 66.578 86.1125 71.1029 0 0 0 0 19.6272 24.1095 0
28.6948 0 24.3854 0 0 127 88 1 0 0 0 0 0 0 0 16 16 0 0 0 0 0 0 127
51 0;
egregore_data 0 0 127 0 0 127 0 0 0 0 0 0 0 0 0 127 38 0 127 0 0 0
0 0 0 0 0 0 0 100 0 0 127 127 78 0 93 90 58 45 19 127 26 73 0 0 70
0 0 0 127 127 34 1 66.3817 86.2962 71.2769 0 0 0 0 19.816 23.7548 0
28.5765 0 24.6199 0 0 127 88 1 0 0 0 0 0 0 0 16 16 0 0 0 0 0 0 127
51 0;
egregore_data 0 0 127 0 0 127 0 0 0 0 0 0 0 0 0 127 38 0 127 0 0 0
0 0 0 0 0 0 0 100 0 0 127 127 78 0 93 90 58 43 19 127 26 73 0 0 70
0 0 0 127 127 34 1 66.3817 86.2962 71.2769 0 0 0 0 19.816 23.7548 0
28.5765 0 24.6199 0 0 127 88 1 0 0 0 0 0 0 0 16 16 0 0 0 0 0 0 127
51 0;
egregore_data 0 0 127 0 0 127 0 0 0 0 0 0 0 0 0 127 38 0 127 0 0 0
0 0 0 0 0 0 0 100 0 0 127 127 78 0 93 90 58 43 19 127 26 73 0 0 70
0 0 0 127 127 34 1 66.3817 86.2962 71.2769 0 0 0 0 19.816 23.7548 0
28.5765 0 24.6199 0 0 127 88 1 0 0 0 0 0 0 0 16 16 0 0 0 0 0 0 127
51 0;
egregore_data 0 0 127 0 0 127 0 0 0 0 0 0 0 0 0 127 38 0 127 0 0 0
0 0 0 0 0 0 0 100 0 0 127 127 78 0 93 90 58 43 19 127 26 73 0 0 70
0 0 0 127 127 34 1 66.3817 86.2962 71.2769 0 0 0 0 19.816 23.7548 0
28.5765 0 24.6199 0 0 127 88 1 0 0 0 0 0 0 0 16 16 0 0 0 0 0 0 127
51 0;
egregore_data 0 0 127 0 0 127 0 0 0 0 0 0 0 0 0 127 38 0 127 0 0 0
0 0 0 0 0 0 0 100 0 0 127 127 78 0 93 90 58 43 19 127 26 73 0 0 70
0 0 0 127 127 34 1 66.3817 86.2962 71.2769 0 0 0 0 19.816 23.7548 0
28.5765 0 24.6199 0 0 127 88 1 0 0 0 0 0 0 0 16 16 0 0 0 0 0 0 127
51 0;
egregore_data 0 0 127 0 0 127 0 0 0 0 0 0 0 0 0 127 38 0 127 0 0 0
0 0 0 0 0 0 0 100 0 0 127 127 78 0 93 90 58 43 19 127 26 73 0 0 70
0 0 0 127 127 34 1 66.3817 86.2962 71.2769 0 0 0 0 19.816 23.7548 0
28.5765 0 24.6199 0 0 127 88 1 0 0 0 0 0 0 0 16 16 0 0 0 0 0 0 127
51 0;
egregore_data 0 0 127 0 0 127 0 0 0 0 0 0 0 0 0 127 38 0 127 0 0 0
0 0 0 0 0 0 0 100 0 0 127 127 78 0 93 90 58 43 19 127 26 73 0 0 70
0 0 0 127 127 34 1 66.3817 86.2962 71.2769 0 0 0 0 19.816 23.7548 0
28.5765 0 24.6199 0 0 127 88 1 0 0 0 0 0 0 0 16 16 0 0 0 0 0 0 127
51 0;
egregore_data 0 0 127 0 0 127 0 0 0 0 0 0 0 0 0 127 38 0 127 0 0 0
0 0 0 0 0 0 0 100 0 0 127 127 78 0 93 90 58 43 19 127 26 73 0 0 70
0 0 0 127 127 34 1 66.3817 86.2962 71.2769 0 0 0 0 19.816 23.7548 0
28.5765 0 24.6199 0 0 127 88 1 0 0 0 0 0 0 0 16 16 0 0 0 0 0 0 127
51 0;
egregore_data 0 0 127 0 0 127 0 0 0 0 0 0 0 0 0 127 38 0 127 0 0 0
0 0 0 0 0 0 0 100 0 0 127 127 78 0 93 90 58 43 19 127 26 73 0 0 70
0 0 0 127 127 34 1 66.3817 86.2962 71.2769 0 0 0 0 19.816 23.7548 0
28.5765 0 24.6199 0 0 127 88 1 0 0 0 0 0 0 0 16 16 0 0 0 0 0 0 127
51 0;
egregore_data 0 0 127 0 0 127 0 0 0 0 0 0 0 0 0 127 38 0 127 0 0 0
0 0 0 0 0 0 0 100 0 0 127 127 78 0 93 90 58 43 19 127 26 73 0 0 70
0 0 0 127 127 34 1 66.3817 86.2962 71.2769 0 0 0 0 19.816 23.7548 0
28.5765 0 24.6199 0 0 127 88 1 0 0 0 0 0 0 0 16 16 0 0 0 0 0 0 127
51 0;
egregore_data 0 0 127 0 0 127 0 0 0 0 0 0 0 0 0 127 38 0 127 0 0 0
0 0 0 0 0 0 0 100 0 0 127 127 78 0 93 90 58 43 19 127 27 73 0 0 70
0 0 0 127 127 34 1 66.3817 86.2962 71.2769 0 0 0 0 19.816 23.7548 0
28.5765 0 24.6199 0 0 127 88 1 0 0 0 0 0 0 0 16 16 0 0 0 0 0 0 127
51 0;
egregore_data 0 0 127 0 0 127 0 0 0 0 0 0 0 0 0 127 38 0 127 0 0 0
0 0 0 0 0 0 0 100 0 0 127 127 78 0 93 90 58 43 19 127 27 73 0 0 70
0 0 0 127 127 34 1 66.3817 86.2962 71.2769 0 0 0 0 19.816 23.7548 0
28.5765 0 24.6199 0 0 127 88 1 0 0 0 0 0 0 0 16 16 0 0 0 0 0 0 127
51 0;
egregore_data 0 0 127 0 0 127 0 0 0 0 0 0 0 0 0 127 38 0 127 0 0 0
0 0 0 0 0 0 0 100 0 0 127 127 78 0 93 90 58 42 19 127 27 73 0 0 70
0 0 0 127 127 34 1 66.3817 86.2962 71.2769 0 0 0 0 19.816 23.7548 0
28.5765 0 24.6199 0 0 127 88 1 0 0 0 0 0 0 0 16 16 0 0 0 0 0 0 127
51 0;
egregore_data 0 0 127 0 0 127 0 0 0 0 0 0 0 0 0 127 38 0 127 0 0 0
0 0 0 0 0 0 0 100 0 0 127 127 78 0 93 90 58 42 19 127 27 73 0 0 70
0 0 0 127 127 34 1 66.3817 86.2962 71.2769 0 0 0 0 19.816 23.7548 0
28.5765 0 24.6199 0 0 127 88 1 0 0 0 0 0 0 0 16 16 0 0 0 0 0 0 127
51 0;
egregore_data 0 0 127 0 0 127 0 0 0 0 0 0 0 0 0 127 38 0 127 0 0 0
0 0 0 0 0 0 0 100 0 0 127 127 78 0 93 90 58 42 19 127 27 73 0 0 70
0 0 0 127 127 34 1 66.3817 86.2962 71.2769 0 0 0 0 19.816 23.7548 0
28.5765 0 24.6199 0 0 127 88 1 0 0 0 0 0 0 0 16 16 0 0 0 0 0 0 127
51 0;
egregore_data 0 0 127 0 0 127 0 0 0 0 0 0 0 0 0 127 38 0 127 0 0 0
0 0 0 0 0 0 0 100 0 0 127 127 78 0 93 90 58 42 19 127 27 73 0 0 70
0 0 0 127 127 34 1 66.3817 86.2962 71.2769 0 0 0 0 19.816 23.7548 0
28.5765 0 24.6199 0 0 127 88 1 0 0 0 0 0 0 0 16 16 0 0 0 0 0 0 127
51 0;
egregore_data 0 0 127 0 0 127 0 0 0 0 0 0 0 0 0 127 38 0 127 0 0 0
0 0 0 0 0 0 0 100 0 0 127 127 78 0 93 90 58 42 19 127 27 73 0 0 70
0 0 0 127 127 34 1 66.3817 86.2962 71.2769 0 0 0 0 19.816 23.7548 0
28.5765 0 24.6199 0 0 127 88 1 0 0 0 0 0 0 0 16 16 0 0 0 0 0 0 127
51 0;
egregore_data 0 0 127 0 0 127 0 0 0 0 0 0 0 0 0 127 38 0 127 0 0 0
0 0 0 0 0 0 0 100 0 0 127 127 78 0 93 90 58 42 19 127 28 73 0 0 70
0 0 0 127 127 34 1 66.3817 86.2962 71.2769 0 0 0 0 19.816 23.7548 0
28.5765 0 24.6199 0 0 127 88 1 0 0 0 0 0 0 0 16 16 0 0 0 0 0 0 127
51 0;
egregore_data 0 0 127 0 0 127 0 0 0 0 0 0 0 0 0 127 38 0 127 0 0 0
0 0 0 0 0 0 0 100 0 0 127 127 78 0 93 90 58 42 19 127 28 73 0 0 70
0 0 0 127 127 34 1 66.3817 86.2962 71.2769 0 0 0 0 19.816 23.7548 0
28.5765 0 24.6199 0 0 127 88 1 0 0 0 0 0 0 0 16 16 0 0 0 0 0 0 127
51 0;
egregore_data 0 0 127 0 0 127 0 0 0 0 0 0 0 0 0 127 38 0 127 0 0 0
0 0 0 0 0 0 0 100 0 0 127 127 78 0 93 90 58 42 19 127 28 73 0 0 70
0 0 0 127 127 34 1 66.3817 86.2962 71.2769 0 0 0 0 19.816 23.7548 0
28.5765 0 24.6199 0 0 127 88 1 0 0 0 0 0 0 0 16 16 0 0 0 0 0 0 127
51 0;
egregore_data 0 0 127 0 0 127 0 0 0 0 0 0 0 0 0 127 38 0 127 0 0 0
0 0 0 0 0 0 0 100 0 0 127 127 78 0 93 90 58 42 19 127 28 73 0 0 70
0 0 0 127 127 34 1 66.3817 86.2962 71.2769 0 0 0 0 19.816 23.7548 0
28.5765 0 24.6199 0 0 127 88 1 0 0 0 0 0 0 0 16 16 0 0 0 0 0 0 127
51 0;
egregore_data 0 0 127 0 0 127 0 0 0 0 0 0 0 0 0 127 38 0 127 0 0 0
0 0 0 0 0 0 0 100 0 0 127 127 78 0 93 90 58 42 19 127 28 73 0 0 70
0 0 0 127 127 34 1 66.3817 86.2962 71.2769 0 0 0 0 19.816 23.7548 0
28.5765 0 24.6199 0 0 127 88 1 0 0 0 0 0 0 0 16 16 0 0 0 0 0 0 127
51 0;
egregore_data 0 0 127 0 0 127 0 0 0 0 0 0 0 0 0 127 38 0 127 0 0 0
0 0 0 0 0 0 0 100 0 0 127 127 78 0 93 90 58 42 19 127 28 73 0 0 70
0 0 0 127 127 34 1 66.3817 86.2962 71.2769 0 0 0 0 19.816 23.7548 0
28.5765 0 24.6199 0 0 127 88 1 0 0 0 0 0 0 0 16 16 0 0 0 0 0 0 127
51 0;
egregore_data 0 0 127 0 0 127 0 0 0 0 0 0 0 0 0 127 38 0 127 0 0 0
0 0 0 0 0 0 0 100 0 0 127 127 78 0 93 90 58 42 19 127 29 73 0 0 70
0 0 0 127 127 34 1 66.3817 86.2962 71.2769 0 0 0 0 19.816 23.7548 0
28.5765 0 24.6199 0 0 127 88 1 0 0 0 0 0 0 0 16 16 0 0 0 0 0 0 127
51 0;
egregore_data 0 0 127 0 0 127 0 0 0 0 0 0 0 0 0 127 38 0 127 0 0 0
0 0 0 0 0 0 0 100 0 0 127 127 78 0 93 90 58 42 19 127 29 73 0 0 70
0 0 0 127 127 34 1 66.3817 86.2962 71.2769 0 0 0 0 19.816 23.7548 0
28.5765 0 24.6199 0 0 127 88 1 0 0 0 0 0 0 0 16 16 0 0 0 0 0 0 127
51 0;
egregore_data 0 0 127 0 0 127 0 0 0 0 0 0 0 0 0 127 38 0 127 0 0 0
0 0 0 0 0 0 0 100 0 0 127 127 78 0 93 90 58 42 19 127 29 73 0 0 70
0 0 0 127 127 34 1 66.3817 86.2962 71.2769 0 0 0 0 19.816 23.7548 0
28.5765 0 24.6199 0 0 127 88 1 0 0 0 0 0 0 0 16 16 0 0 0 0 0 0 127
51 0;
egregore_data 0 0 127 0 0 127 0 0 0 0 0 0 0 0 0 127 38 0 127 0 0 0
0 0 0 0 0 0 0 100 0 0 127 127 78 0 93 90 58 42 19 127 29 73 0 0 70
0 0 0 127 127 34 1 66.3817 86.2962 71.2769 0 0 0 0 19.816 23.7548 0
28.5765 0 24.6199 0 0 127 88 1 0 0 0 0 0 0 0 16 16 0 0 0 0 0 0 127
51 0;
egregore_data 0 0 127 0 0 127 0 0 0 0 0 0 0 0 0 127 38 0 127 0 0 0
0 0 0 0 0 0 0 100 0 0 127 127 78 0 93 90 58 42 19 127 29 73 0 0 70
0 0 0 127 127 34 1 66.3817 86.2962 71.2769 0 0 0 0 19.816 23.7548 0
28.5765 0 24.6199 0 0 127 88 1 0 0 0 0 0 0 0 16 16 0 0 0 0 0 0 127
51 0;
egregore_data 0 0 127 0 0 127 0 0 0 0 0 0 0 0 0 127 38 0 127 0 0 0
0 0 0 0 0 0 0 100 0 0 127 127 78 0 93 90 58 41 19 127 29 73 0 0 70
0 0 0 127 127 34 1 66.2821 86.3895 71.3652 0 0 0 0 19.9117 23.5749
0 28.5165 0 24.7388 0 0 127 88 1 0 0 0 0 0 0 0 16 16 0 0 0 0 0 0 127
51 0;
egregore_data 0 0 127 0 0 127 0 0 0 0 0 0 0 0 0 127 38 0 127 0 0 0
0 0 0 0 0 0 0 100 0 0 127 127 78 0 93 90 58 41 19 127 29 73 0 0 70
0 0 0 127 127 34 1 66.2821 86.3895 71.3652 0 0 0 0 19.9117 23.5749
0 28.5165 0 24.7388 0 0 127 88 1 0 0 0 0 0 0 0 16 16 0 0 0 0 0 0 127
51 0;
egregore_data 0 0 127 0 0 127 0 0 0 0 0 0 0 0 0 127 38 0 127 0 0 0
0 0 0 0 0 0 0 100 0 0 127 127 78 0 93 90 58 41 19 127 29 73 0 0 70
0 0 0 127 127 34 1 66.2821 86.3895 71.3652 0 0 0 0 19.9117 23.5749
0 28.5165 0 24.7388 0 0 127 88 1 0 0 0 0 0 0 0 16 16 0 0 0 0 0 0 127
51 0;
egregore_data 0 0 127 0 0 127 0 0 0 0 0 0 0 0 0 127 38 0 127 0 0 0
0 0 0 0 0 0 0 100 0 0 127 127 78 0 93 90 58 41 19 127 29 73 0 0 70
0 0 0 127 127 34 1 66.2821 86.3895 71.3652 0 0 0 0 19.9117 23.5749
0 28.5165 0 24.7388 0 0 127 88 1 0 0 0 0 0 0 0 16 16 0 0 0 0 0 0 127
51 0;
egregore_data 0 0 127 0 0 127 0 0 0 0 0 0 0 0 0 127 38 0 127 0 0 0
0 0 0 0 0 0 0 100 0 0 127 127 78 0 93 90 58 41 19 127 29 73 0 0 70
0 0 0 127 127 34 1 66.2821 86.3895 71.3652 0 0 0 0 19.9117 23.5749
0 28.5165 0 24.7388 0 0 127 88 1 0 0 0 0 0 0 0 16 16 0 0 0 0 0 0 127
51 0;
egregore_data 0 0 127 0 0 127 0 0 0 0 0 0 0 0 0 127 38 0 127 0 0 0
0 0 0 0 0 0 0 100 0 0 127 127 78 0 93 90 58 41 19 127 30 73 0 0 70
0 0 0 127 127 34 1 66.2821 86.3895 71.3652 0 0 0 0 19.9117 23.5749
0 28.5165 0 24.7388 0 0 127 88 1 0 0 0 0 0 0 0 16 16 0 0 0 0 0 0 127
51 0;
egregore_data 0 0 127 0 0 127 0 0 0 0 0 0 0 0 0 127 38 0 127 0 0 0
0 0 0 0 0 0 0 100 0 0 127 127 78 0 93 90 58 41 19 127 30 73 0 0 70
0 0 0 127 127 34 1 66.2821 86.3895 71.3652 0 0 0 0 19.9117 23.5749
0 28.5165 0 24.7388 0 0 127 88 1 0 0 0 0 0 0 0 16 16 0 0 0 0 0 0 127
51 0;
egregore_data 0 0 127 0 0 127 0 0 0 0 0 0 0 0 0 127 38 0 127 0 0 0
0 0 0 0 0 0 0 100 0 0 127 127 78 0 93 90 58 41 19 127 30 73 0 0 70
0 0 0 127 127 34 1 66.2821 86.3895 71.3652 0 0 0 0 19.9117 23.5749
0 28.5165 0 24.7388 0 0 127 88 1 0 0 0 0 0 0 0 16 16 0 0 0 0 0 0 127
51 0;
egregore_data 0 0 127 0 0 127 0 0 0 0 0 0 0 0 0 127 38 0 127 0 0 0
0 0 0 0 0 0 0 100 0 0 127 127 78 0 93 90 58 41 19 127 30 73 0 0 70
0 0 0 127 127 34 1 66.2821 86.3895 71.3652 0 0 0 0 19.9117 23.5749
0 28.5165 0 24.7388 0 0 127 88 1 0 0 0 0 0 0 0 16 16 0 0 0 0 0 0 127
51 0;
egregore_data 0 0 127 0 0 127 0 0 0 0 0 0 0 0 0 127 38 0 127 0 0 0
0 0 0 0 0 0 0 100 0 0 127 127 78 0 93 90 58 41 19 127 30 73 0 0 70
0 0 0 127 127 34 1 66.2821 86.3895 71.3652 0 0 0 0 19.9117 23.5749
0 28.5165 0 24.7388 0 0 127 88 1 0 0 0 0 0 0 0 16 16 0 0 0 0 0 0 127
51 0;
egregore_data 0 0 127 0 0 127 0 0 0 0 0 0 0 0 0 127 38 0 127 0 0 0
0 0 0 0 0 0 0 100 0 0 127 127 78 0 93 90 58 41 19 127 30 73 0 0 70
0 0 0 127 127 34 1 66.2821 86.3895 71.3652 0 0 0 0 19.9117 23.5749
0 28.5165 0 24.7388 0 0 127 88 1 0 0 0 0 0 0 0 16 16 0 0 0 0 0 0 127
51 0;
egregore_data 0 0 127 0 0 127 0 0 0 0 0 0 0 0 0 127 38 0 127 0 0 0
0 0 0 0 0 0 0 100 0 0 127 127 78 0 93 90 58 41 19 127 30 73 0 0 70
0 0 0 127 127 34 1 66.2821 86.3895 71.3652 0 0 0 0 19.9117 23.5749
0 28.5165 0 24.7388 0 0 127 88 1 0 0 0 0 0 0 0 16 16 0 0 0 0 0 0 127
51 0;
egregore_data 0 0 127 0 0 127 0 0 0 0 0 0 0 0 0 127 38 0 127 0 0 0
0 0 0 0 0 0 0 100 0 0 127 127 78 0 93 90 58 41 19 127 30 73 0 0 70
0 0 0 127 127 34 1 66.2821 86.3895 71.3652 0 0 0 0 19.9117 23.5749
0 28.5165 0 24.7388 0 0 127 88 1 0 0 0 0 0 0 0 16 16 0 0 0 0 0 0 127
51 0;
egregore_data 0 0 127 0 0 127 0 0 0 0 0 0 0 0 0 127 38 0 127 0 0 0
0 0 0 0 0 0 0 100 0 0 127 127 78 0 93 90 58 41 19 127 32 73 0 0 70
0 0 0 127 127 34 1 66.2821 86.3895 71.3652 0 0 0 0 19.9117 23.5749
0 28.5165 0 24.7388 0 0 127 88 1 0 0 0 0 0 0 0 16 16 0 0 0 0 0 0 127
51 0;
egregore_data 0 0 127 0 0 127 0 0 0 0 0 0 0 0 0 127 38 0 127 0 0 0
0 0 0 0 0 0 0 100 0 0 127 127 78 0 93 90 58 41 19 127 32 73 0 0 70
0 0 0 127 127 34 1 66.2821 86.3895 71.3652 0 0 0 0 19.9117 23.5749
0 28.5165 0 24.7388 0 0 127 88 1 0 0 0 0 0 0 0 16 16 0 0 0 0 0 0 127
51 0;
egregore_data 0 0 127 0 0 127 0 0 0 0 0 0 0 0 0 127 38 0 127 0 0 0
0 0 0 0 0 0 0 100 0 0 127 127 78 0 93 90 58 41 19 127 32 73 0 0 70
0 0 0 127 127 34 1 66.2821 86.3895 71.3652 0 0 0 0 19.9117 23.5749
0 28.5165 0 24.7388 0 0 127 88 1 0 0 0 0 0 0 0 16 16 0 0 0 0 0 0 127
51 0;
egregore_data 0 0 127 0 0 127 0 0 0 0 0 0 0 0 0 127 38 0 127 0 0 0
0 0 0 0 0 0 0 100 0 0 127 127 78 0 93 90 58 41 19 127 32 73 0 0 70
0 0 0 127 127 34 1 66.2821 86.3895 71.3652 0 0 0 0 19.9117 23.5749
0 28.5165 0 24.7388 0 0 127 88 1 0 0 0 0 0 0 0 16 16 0 0 0 0 0 0 127
51 0;
egregore_data 0 0 127 0 0 127 0 0 0 0 0 0 0 0 0 127 38 0 127 0 0 0
0 0 0 0 0 0 0 100 0 0 127 127 78 0 93 90 58 40 19 127 32 73 0 0 70
0 0 0 127 127 34 1 66.2821 86.3895 71.3652 0 0 0 0 19.9117 23.5749
0 28.5165 0 24.7388 0 0 127 88 1 0 0 0 0 0 0 0 16 16 0 0 0 0 0 0 127
51 0;
egregore_data 0 0 127 0 0 127 0 0 0 0 0 0 0 0 0 127 38 0 127 0 0 0
0 0 0 0 0 0 0 100 0 0 127 127 78 0 93 90 58 40 19 127 32 73 0 0 70
0 0 0 127 127 34 1 66.2821 86.3895 71.3652 0 0 0 0 19.9117 23.5749
0 28.5165 0 24.7388 0 0 127 88 1 0 0 0 0 0 0 0 16 16 0 0 0 0 0 0 127
51 0;
egregore_data 0 0 127 0 0 127 0 0 0 0 0 0 0 0 0 127 38 0 127 0 0 0
0 0 0 0 0 0 0 100 0 0 127 127 78 0 93 90 58 40 19 127 33 73 0 0 70
0 0 0 127 127 34 1 66.2821 86.3895 71.3652 0 0 0 0 19.9117 23.5749
0 28.5165 0 24.7388 0 0 127 88 1 0 0 0 0 0 0 0 16 16 0 0 0 0 0 0 127
51 0;
egregore_data 0 0 127 0 0 127 0 0 0 0 0 0 0 0 0 127 38 0 127 0 0 0
0 0 0 0 0 0 0 100 0 0 127 127 78 0 93 90 58 40 19 127 33 73 0 0 70
0 0 0 127 127 34 1 66.2821 86.3895 71.3652 0 0 0 0 19.9117 23.5749
0 28.5165 0 24.7388 0 0 127 88 1 0 0 0 0 0 0 0 16 16 0 0 0 0 0 0 127
51 0;
egregore_data 0 0 127 0 0 127 0 0 0 0 0 0 0 0 0 127 38 0 127 0 0 0
0 0 0 0 0 0 0 100 0 0 127 127 78 0 93 90 58 40 19 127 33 73 0 0 70
0 0 0 127 127 34 1 66.3817 86.2962 71.2769 0 0 0 0 19.816 23.7548 0
28.5765 0 24.6199 0 0 127 88 1 0 0 0 0 0 0 0 16 16 0 0 0 0 0 0 127
51 0;
egregore_data 0 0 127 0 0 127 0 0 0 0 0 0 0 0 0 127 38 0 127 0 0 0
0 0 0 0 0 0 0 100 0 0 127 127 78 0 93 90 58 40 19 127 33 73 0 0 70
0 0 0 127 127 34 1 66.3817 86.2962 71.2769 0 0 0 0 19.816 23.7548 0
28.5765 0 24.6199 0 0 127 88 1 0 0 0 0 0 0 0 16 16 0 0 0 0 0 0 127
51 0;
egregore_data 0 0 127 0 0 127 0 0 0 0 0 0 0 0 0 127 38 0 127 0 0 0
0 0 0 0 0 0 0 100 0 0 127 127 78 0 93 90 58 40 19 127 33 73 0 0 70
0 0 0 127 127 34 1 66.578 86.1125 71.1029 0 0 0 0 19.6272 24.1095 0
28.6948 0 24.3854 0 0 127 88 1 0 0 0 0 0 0 0 16 16 0 0 0 0 0 0 127
51 0;
egregore_data 0 0 127 0 0 127 0 0 0 0 0 0 0 0 0 127 38 0 127 0 0 0
0 0 0 0 0 0 0 100 0 0 127 127 78 0 93 90 58 40 19 127 34 73 0 0 70
0 0 0 127 127 34 1 66.578 86.1125 71.1029 0 0 0 0 19.6272 24.1095 0
28.6948 0 24.3854 0 0 127 88 1 0 0 0 0 0 0 0 16 16 0 0 0 0 0 0 127
51 0;
egregore_data 0 0 127 0 0 127 0 0 0 0 0 0 0 0 0 127 38 0 127 0 0 0
0 0 0 0 0 0 0 100 0 0 127 127 78 0 93 90 58 40 19 127 34 73 0 0 70
0 0 0 127 127 34 1 66.6748 86.0219 71.0171 0 0 0 0 19.5342 24.2844
0 28.7532 0 24.2698 0 0 127 88 1 0 0 0 0 0 0 0 16 16 0 0 0 0 0 0 127
51 0;
egregore_data 0 0 127 0 0 127 0 0 0 0 0 0 0 0 0 127 38 0 127 0 0 0
0 0 0 0 0 0 0 100 0 0 127 127 78 0 93 90 58 40 19 127 34 73 0 0 70
0 0 0 127 127 34 1 66.6748 86.0219 71.0171 0 0 0 0 19.5342 24.2844
0 28.7532 0 24.2698 0 0 127 88 1 0 0 0 0 0 0 0 16 16 0 0 0 0 0 0 127
51 0;
egregore_data 0 0 127 0 0 127 0 0 0 0 0 0 0 0 0 127 38 0 127 0 0 0
0 0 0 0 0 0 0 100 0 0 127 127 78 0 93 90 58 40 19 127 34 73 0 0 70
0 0 0 127 127 34 1 66.7707 85.9322 70.9321 0 0 0 0 19.4421 24.4575
0 28.8109 0 24.1553 0 0 127 88 1 0 0 0 0 0 0 0 16 16 0 0 0 0 0 0 127
51 0;
egregore_data 0 0 127 0 0 127 0 0 0 0 0 0 0 0 0 127 38 0 127 0 0 0
0 0 0 0 0 0 0 100 0 0 127 127 78 0 93 90 58 40 19 127 34 73 0 0 70
0 0 0 127 127 34 1 66.8657 85.8433 70.8479 0 0 0 0 19.3508 24.6291
0 28.8682 0 24.0419 0 0 127 88 1 0 0 0 0 0 0 0 16 16 0 0 0 0 0 0 127
51 0;
egregore_data 0 0 127 0 0 127 0 0 0 0 0 0 0 0 0 127 38 0 127 0 0 0
0 0 0 0 0 0 0 100 0 0 127 127 78 0 93 90 58 39 19 127 34 73 0 0 70
0 0 0 127 127 34 1 66.8657 85.8433 70.8479 0 0 0 0 19.3508 24.6291
0 28.8682 0 24.0419 0 0 127 88 1 0 0 0 0 0 0 0 16 16 0 0 0 0 0 0 127
51 0;
egregore_data 0 0 127 0 0 127 0 0 0 0 0 0 0 0 0 127 38 0 127 0 0 0
0 0 0 0 0 0 0 100 0 0 127 127 78 0 93 90 58 39 19 127 34 73 0 0 70
0 0 0 127 127 34 1 66.9598 85.7552 70.7645 0 0 0 0 19.2604 24.7991
0 28.9249 0 23.9296 0 0 127 88 1 0 0 0 0 0 0 0 16 16 0 0 0 0 0 0 127
51 0;
egregore_data 0 0 127 0 0 127 0 0 0 0 0 0 0 0 0 127 38 0 127 0 0 0
0 0 0 0 0 0 0 100 0 0 127 127 78 0 93 90 58 39 19 127 35 73 0 0 70
0 0 0 127 127 34 1 66.9598 85.7552 70.7645 0 0 0 0 19.2604 24.7991
0 28.9249 0 23.9296 0 0 127 88 1 0 0 0 0 0 0 0 16 16 0 0 0 0 0 0 127
51 0;
egregore_data 0 0 127 0 0 127 0 0 0 0 0 0 0 0 0 127 38 0 127 0 0 0
0 0 0 0 0 0 0 100 0 0 127 127 78 0 93 90 58 39 19 127 35 73 0 0 70
0 0 0 127 127 34 1 66.9598 85.7552 70.7645 0 0 0 0 19.2604 24.7991
0 28.9249 0 23.9296 0 0 127 88 1 0 0 0 0 0 0 0 16 16 0 0 0 0 0 0 127
51 0;
egregore_data 0 0 127 0 0 127 0 0 0 0 0 0 0 0 0 127 38 0 127 0 0 0
0 0 0 0 0 0 0 100 0 0 127 127 78 0 93 90 58 39 19 127 35 73 0 0 70
0 0 0 127 127 34 1 66.9598 85.7552 70.7645 0 0 0 0 19.2604 24.7991
0 28.9249 0 23.9296 0 0 127 88 1 0 0 0 0 0 0 0 16 16 0 0 0 0 0 0 127
51 0;
egregore_data 0 0 127 0 0 127 0 0 0 0 0 0 0 0 0 127 38 0 127 0 0 0
0 0 0 0 0 0 0 100 0 0 127 127 78 0 93 90 58 39 19 127 35 73 0 0 70
0 0 0 127 127 34 1 67.1453 85.5816 70.6 0 0 0 0 19.082 25.1343 0 29.0367
0 23.708 0 0 127 88 1 0 0 0 0 0 0 0 16 16 0 0 0 0 0 0 127 51 0;
egregore_data 0 0 127 0 0 127 0 0 0 0 0 0 0 0 0 127 38 0 127 0 0 0
0 0 0 0 0 0 0 100 0 0 127 127 78 0 93 90 58 39 19 127 35 73 0 0 70
0 0 0 127 127 34 1 67.2368 85.4959 70.5189 0 0 0 0 18.9941 25.2995
0 29.0918 0 23.5988 0 0 127 88 1 0 0 0 0 0 0 0 16 16 0 0 0 0 0 0 127
51 0;
egregore_data 0 0 127 0 0 127 0 0 0 0 0 0 0 0 0 127 38 0 127 0 0 0
0 0 0 0 0 0 0 100 0 0 127 127 78 0 93 90 58 39 19 127 35 73 0 0 70
0 0 0 127 127 34 1 67.2368 85.4959 70.5189 0 0 0 0 18.9941 25.2995
0 29.0918 0 23.5988 0 0 127 88 1 0 0 0 0 0 0 0 16 16 0 0 0 0 0 0 127
51 0;
egregore_data 0 0 127 0 0 127 0 0 0 0 0 0 0 0 0 127 38 0 127 0 0 0
0 0 0 0 0 0 0 100 0 0 127 127 78 0 93 90 58 39 19 127 35 73 0 0 70
0 0 0 127 127 34 1 67.3275 85.4111 70.4386 0 0 0 0 18.907 25.4633 0
29.1464 0 23.4905 0 0 127 88 1 0 0 0 0 0 0 0 16 16 0 0 0 0 0 0 127
51 0;
egregore_data 0 0 127 0 0 127 0 0 0 0 0 0 0 0 0 127 38 0 127 0 0 0
0 0 0 0 0 0 0 100 0 0 127 127 78 0 93 90 58 39 19 127 36 73 0 0 70
0 0 0 127 127 34 1 67.3275 85.4111 70.4386 0 0 0 0 18.907 25.4633 0
29.1464 0 23.4905 0 0 127 88 1 0 0 0 0 0 0 0 16 16 0 0 0 0 0 0 127
51 0;
egregore_data 0 0 127 0 0 127 0 0 0 0 0 0 0 0 0 127 38 0 127 0 0 0
0 0 0 0 0 0 0 100 0 0 127 127 78 0 93 90 58 39 19 127 36 73 0 0 70
0 0 0 127 127 34 1 67.3275 85.4111 70.4386 0 0 0 0 18.907 25.4633 0
29.1464 0 23.4905 0 0 127 88 1 0 0 0 0 0 0 0 16 16 0 0 0 0 0 0 127
51 0;
egregore_data 0 0 127 0 0 127 0 0 0 0 0 0 0 0 0 127 38 0 127 0 0 0
0 0 0 0 0 0 0 100 0 0 127 127 78 0 93 90 58 39 19 127 36 73 0 0 70
0 0 0 127 127 34 1 67.4173 85.327 70.3589 0 0 0 0 18.8206 25.6256 0
29.2005 0 23.3833 0 0 127 88 1 0 0 0 0 0 0 0 16 16 0 0 0 0 0 0 127
51 0;
egregore_data 0 0 127 0 0 127 0 0 0 0 0 0 0 0 0 127 38 0 127 0 0 0
0 0 0 0 0 0 0 100 0 0 127 127 78 0 93 90 58 39 19 127 36 73 0 0 70
0 0 0 127 127 34 1 67.4173 85.327 70.3589 0 0 0 0 18.8206 25.6256 0
29.2005 0 23.3833 0 0 127 88 1 0 0 0 0 0 0 0 16 16 0 0 0 0 0 0 127
51 0;
egregore_data 0 0 127 0 0 127 0 0 0 0 0 0 0 0 0 127 38 0 127 0 0 0
0 0 0 0 0 0 0 100 0 0 127 127 78 0 93 90 58 39 19 127 36 73 0 0 70
0 0 0 127 127 34 1 67.5063 85.2437 70.28 0 0 0 0 18.7351 25.7864 0
29.2542 0 23.277 0 0 127 88 1 0 0 0 0 0 0 0 16 16 0 0 0 0 0 0 127 51
0;
egregore_data 0 0 127 0 0 127 0 0 0 0 0 0 0 0 0 127 38 0 127 0 0 0
0 0 0 0 0 0 0 100 0 0 127 127 78 0 93 90 58 39 19 127 36 73 0 0 70
0 0 0 127 127 34 1 67.5063 85.2437 70.28 0 0 0 0 18.7351 25.7864 0
29.2542 0 23.277 0 0 127 88 1 0 0 0 0 0 0 0 16 16 0 0 0 0 0 0 127 51
0;
egregore_data 0 0 127 0 0 127 0 0 0 0 0 0 0 0 0 127 38 0 127 0 0 0
0 0 0 0 0 0 0 100 0 0 127 127 78 0 93 90 58 39 19 127 36 73 0 0 70
0 0 0 127 127 34 1 67.5945 85.1612 70.2018 0 0 0 0 18.6503 25.9457
0 29.3073 0 23.1716 0 0 127 88 1 0 0 0 0 0 0 0 16 16 0 0 0 0 0 0 127
51 0;
egregore_data 0 0 127 0 0 127 0 0 0 0 0 0 0 0 0 127 38 0 127 0 0 0
0 0 0 0 0 0 0 100 0 0 127 127 78 0 93 90 58 39 19 127 37 73 0 0 70
0 0 0 127 127 34 1 67.7686 84.9983 70.0476 0 0 0 0 18.4831 26.2601
0 29.4122 0 22.9638 0 0 127 88 1 0 0 0 0 0 0 0 16 16 0 0 0 0 0 0 127
51 0;
egregore_data 0 0 127 0 0 127 0 0 0 0 0 0 0 0 0 127 38 0 127 0 0 0
0 0 0 0 0 0 0 100 0 0 127 127 78 0 93 90 58 39 19 127 37 73 0 0 70
0 0 0 127 127 34 1 67.7686 84.9983 70.0476 0 0 0 0 18.4831 26.2601
0 29.4122 0 22.9638 0 0 127 88 1 0 0 0 0 0 0 0 16 16 0 0 0 0 0 0 127
51 0;
egregore_data 0 0 127 0 0 127 0 0 0 0 0 0 0 0 0 127 38 0 127 0 0 0
0 0 0 0 0 0 0 100 0 0 127 127 78 0 93 90 58 39 19 127 39 73 0 0 70
0 0 0 127 127 34 1 67.9395 84.8383 69.896 0 0 0 0 18.3188 26.5689 0
29.5152 0 22.7597 0 0 127 88 1 0 0 0 0 0 0 0 16 16 0 0 0 0 0 0 127
51 0;
egregore_data 0 0 127 0 0 127 0 0 0 0 0 0 0 0 0 127 38 0 127 0 0 0
0 0 0 0 0 0 0 100 0 0 127 127 78 0 93 90 58 39 19 127 39 73 0 0 70
0 0 0 127 127 34 1 67.9395 84.8383 69.896 0 0 0 0 18.3188 26.5689 0
29.5152 0 22.7597 0 0 127 88 1 0 0 0 0 0 0 0 16 16 0 0 0 0 0 0 127
51 0;
egregore_data 0 0 127 0 0 127 0 0 0 0 0 0 0 0 0 127 38 0 127 0 0 0
0 0 0 0 0 0 0 100 0 0 127 127 78 0 93 90 58 39 19 127 39 73 0 0 70
0 0 0 127 127 34 1 67.9395 84.8383 69.896 0 0 0 0 18.3188 26.5689 0
29.5152 0 22.7597 0 0 127 88 1 0 0 0 0 0 0 0 16 16 0 0 0 0 0 0 127
51 0;
egregore_data 0 0 127 0 0 127 0 0 0 0 0 0 0 0 0 127 38 0 127 0 0 0
0 0 0 0 0 0 0 100 0 0 127 127 78 0 93 90 58 39 19 127 40 73 0 0 70
0 0 0 127 127 34 1 67.9395 84.8383 69.896 0 0 0 0 18.3188 26.5689 0
29.5152 0 22.7597 0 0 127 88 1 0 0 0 0 0 0 0 16 16 0 0 0 0 0 0 127
51 0;
egregore_data 0 0 127 0 0 127 0 0 0 0 0 0 0 0 0 127 38 0 127 0 0 0
0 0 0 0 0 0 0 100 0 0 127 127 78 0 93 90 58 39 19 127 40 73 0 0 70
0 0 0 127 127 34 1 68.0238 84.7594 69.8213 0 0 0 0 18.2377 26.7212
0 29.566 0 22.659 0 0 127 88 1 0 0 0 0 0 0 0 16 16 0 0 0 0 0 0 127
51 0;
egregore_data 0 0 127 0 0 127 0 0 0 0 0 0 0 0 0 127 38 0 127 0 0 0
0 0 0 0 0 0 0 100 0 0 127 127 78 0 93 90 58 37 19 127 40 73 0 0 70
0 0 0 127 127 34 1 68.0238 84.7594 69.8213 0 0 0 0 18.2377 26.7212
0 29.566 0 22.659 0 0 127 88 1 0 0 0 0 0 0 0 16 16 0 0 0 0 0 0 127
51 0;
egregore_data 0 0 127 0 0 127 0 0 0 0 0 0 0 0 0 127 38 0 127 0 0 0
0 0 0 0 0 0 0 100 0 0 127 127 78 0 93 90 58 37 19 127 40 73 0 0 70
0 0 0 127 127 34 1 68.1074 84.6811 69.7472 0 0 0 0 18.1574 26.8722
0 29.6164 0 22.5592 0 0 127 88 1 0 0 0 0 0 0 0 16 16 0 0 0 0 0 0 127
51 0;
egregore_data 0 0 127 0 0 127 0 0 0 0 0 0 0 0 0 127 38 0 127 0 0 0
0 0 0 0 0 0 0 100 0 0 127 127 78 0 93 90 58 36 19 127 40 73 0 0 70
0 0 0 127 127 34 1 68.2724 84.5267 69.6009 0 0 0 0 17.9988 27.1703
0 29.7158 0 22.3621 0 0 127 88 1 0 0 0 0 0 0 0 16 16 0 0 0 0 0 0 127
51 0;
egregore_data 0 0 127 0 0 127 0 0 0 0 0 0 0 0 0 127 38 0 127 0 0 0
0 0 0 0 0 0 0 100 0 0 127 127 78 0 93 90 58 36 19 127 40 73 0 0 70
0 0 0 127 127 34 1 68.2724 84.5267 69.6009 0 0 0 0 17.9988 27.1703
0 29.7158 0 22.3621 0 0 127 88 1 0 0 0 0 0 0 0 16 16 0 0 0 0 0 0 127
51 0;
egregore_data 0 0 127 0 0 127 0 0 0 0 0 0 0 0 0 127 38 0 127 0 0 0
0 0 0 0 0 0 0 100 0 0 127 127 78 0 93 90 58 35 19 127 40 73 0 0 70
0 0 0 127 127 34 1 68.3539 84.4505 69.5287 0 0 0 0 17.9205 27.3174
0 29.7649 0 22.2649 0 0 127 88 1 0 0 0 0 0 0 0 16 16 0 0 0 0 0 0 127
51 0;
egregore_data 0 0 127 0 0 127 0 0 0 0 0 0 0 0 0 127 38 0 127 0 0 0
0 0 0 0 0 0 0 100 0 0 127 127 78 0 93 90 58 35 19 127 40 73 0 0 70
0 0 0 127 127 34 1 68.3539 84.4505 69.5287 0 0 0 0 17.9205 27.3174
0 29.7649 0 22.2649 0 0 127 88 1 0 0 0 0 0 0 0 16 16 0 0 0 0 0 0 127
51 0;
egregore_data 0 0 127 0 0 127 0 0 0 0 0 0 0 0 0 127 38 0 127 0 0 0
0 0 0 0 0 0 0 100 0 0 127 127 78 0 93 90 58 34 19 127 40 73 0 0 70
0 0 0 127 127 34 1 68.4346 84.375 69.4572 0 0 0 0 17.8429 27.4632 0
29.8135 0 22.1685 0 0 127 88 1 0 0 0 0 0 0 0 16 16 0 0 0 0 0 0 127
51 0;
egregore_data 0 0 127 0 0 127 0 0 0 0 0 0 0 0 0 127 38 0 127 0 0 0
0 0 0 0 0 0 0 100 0 0 127 127 78 0 93 90 58 34 19 127 40 73 0 0 70
0 0 0 127 127 34 1 68.4346 84.375 69.4572 0 0 0 0 17.8429 27.4632 0
29.8135 0 22.1685 0 0 127 88 1 0 0 0 0 0 0 0 16 16 0 0 0 0 0 0 127
51 0;
egregore_data 0 0 127 0 0 127 0 0 0 0 0 0 0 0 0 127 38 0 127 0 0 0
0 0 0 0 0 0 0 100 0 0 127 127 78 0 93 90 58 33 19 127 40 73 0 0 70
0 0 0 127 127 34 1 68.4346 84.375 69.4572 0 0 0 0 17.8429 27.4632 0
29.8135 0 22.1685 0 0 127 88 1 0 0 0 0 0 0 0 16 16 0 0 0 0 0 0 127
51 0;
END;
