HTTP/1.1 200 OK
Date: Thu, 28 May 2015 12:24:31 GMT
Server: Apache
Last-Modified: Wed, 27 May 2015 19:10:32 GMT
Accept-Ranges: bytes
Content-Length: 24304
Vary: Accept-Encoding
Connection: close
Content-Type: text/plain

chdh_egregore_live_data;
egregore_data 0 0 127 0 0 127 0 0 0 0 0 0 0 0 0 127 38 0 0 0 0 0 0
48.6171 0 0 0 0 0 127 0 0 118.794 127 78 1 0 0 127 0 0 30 127 0 0 0
70 0 0 0 0 127 34 0 53 99 83 0 0 0 0 32 0 0 21 0 40 0 0 127 88 0 0
0 0 0 0 0 0 16 16 0 0 0 0 0 0 127 51 0;
egregore_data 0 0 127 0 0 127 0 0 0 0 0 0 0 0 0 127 38 0 0 0 0 0 0
48.6171 0 0 0 0 0 127 0 0 118.794 127 78 1 0 0 127 0 0 30 127 0 0 0
70 0 0 0 0 127 34 0 53 99 83 0 0 0 0 32 0 0 21 0 40 0 0 127 88 0 0
0 0 0 0 0 0 16 16 0 0 0 0 0 0 127 51 0;
egregore_data 0 0 127 0 0 127 0 0 0 0 0 0 0 0 0 127 38 0 0 0 0 0 0
48.3661 0 0 0 0 0 127 0 0 118.878 127 78 1 0 0 127 0 0 30 127 0 0 0
70 0 0 0 0 127 34 0 53 99 83 0 0 0 0 32 0 0 21 0 40 0 0 127 88 0 0
0 0 0 0 0 0 16 16 0 0 0 0 0 0 127 51 0;
egregore_data 0 0 127 0 0 127 0 0 0 0 0 0 0 0 0 127 38 0 0 0 0 0 0
48.3661 0 0 0 0 0 127 0 0 118.878 127 78 1 0 0 127 0 0 30 127 0 0 0
70 0 0 0 0 127 34 0 53 99 83 0 0 0 0 32 0 0 21 0 40 0 0 127 88 0 0
0 0 0 0 0 0 16 16 0 0 0 0 0 0 127 51 0;
egregore_data 0 0 127 0 0 127 0 0 0 0 0 0 0 0 0 127 38 0 0 0 0 0 0
48.3661 0 0 0 0 0 127 0 0 118.878 127 78 1 0 0 127 0 0 30 127 0 0 0
70 0 0 0 0 127 34 0 53 99 83 0 0 0 0 32 0 0 21 0 40 0 0 127 88 0 0
0 0 0 0 0 0 16 16 0 0 0 0 0 0 127 51 0;
egregore_data 0 0 127 0 0 127 0 0 0 0 0 0 0 0 0 127 38 0 0 0 0 0 0
48.3661 0 0 0 0 0 127 0 0 118.878 127 78 1 0 0 127 0 0 30 127 0 0 0
70 0 0 0 0 127 34 0 53 99 83 0 0 0 0 32 0 0 21 0 40 0 0 127 88 0 0
0 0 0 0 0 0 16 16 0 0 0 0 0 0 127 51 0;
egregore_data 0 0 127 0 0 127 0 0 0 0 0 0 0 0 0 127 38 0 0 0 0 0 0
48.3661 0 0 0 0 0 127 0 0 118.878 127 78 1 0 0 127 0 0 30 127 0 0 0
70 0 0 0 0 127 34 0 53 99 83 0 0 0 0 32 0 0 21 0 40 0 0 127 88 0 0
0 0 0 0 0 0 16 16 0 0 0 0 0 0 127 51 0;
egregore_data 0 0 127 0 0 127 0 0 0 0 0 0 0 0 0 127 38 0 0 0 0 0 0
48.3661 0 0 0 0 0 127 0 0 118.878 127 78 1 0 0 127 0 0 30 127 0 0 0
70 0 0 0 0 127 34 0 53 99 83 0 0 0 0 32 0 0 21 0 40 0 0 127 88 0 0
0 0 0 0 0 0 16 16 0 0 0 0 0 0 127 51 0;
egregore_data 0 0 127 0 0 127 0 0 0 0 0 0 0 0 0 127 38 0 0 0 0 0 0
48.3661 0 0 0 0 0 127 0 0 118.878 127 78 1 0 0 127 0 0 30 127 0 0 0
70 0 0 0 0 127 34 0 53 99 83 0 0 0 0 32 0 0 21 0 40 0 0 127 88 0 0
0 0 0 0 0 0 16 16 0 0 0 0 0 0 127 51 0;
egregore_data 0 0 127 0 0 127 0 0 0 0 0 0 0 0 0 127 38 0 0 0 0 0 0
48.3661 0 0 0 0 0 127 0 0 118.878 127 78 1 0 0 127 0 0 30 127 0 0 0
70 0 0 0 0 127 34 0 53 99 83 0 0 0 0 32 0 0 21 0 40 0 0 127 88 0 0
0 0 0 0 0 0 16 16 0 0 0 0 0 0 127 51 0;
egregore_data 0 0 127 0 0 127 0 0 0 0 0 0 0 0 0 127 38 0 0 0 0 0 0
48.1152 0 0 0 0 0 127 0 0 118.962 127 78 1 0 0 127 0 0 30 127 0 0 0
70 0 0 0 0 127 34 0 53 99 83 0 0 0 0 32 0 0 21 0 40 0 0 127 88 0 0
0 0 0 0 0 0 16 16 0 0 0 0 0 0 127 51 0;
egregore_data 0 0 127 0 0 127 0 0 0 0 0 0 0 0 0 127 38 0 0 0 0 0 0
48.1152 0 0 0 0 0 127 0 0 118.962 127 78 1 0 0 127 0 0 30 127 0 0 0
70 0 0 0 0 127 34 0 53 99 83 0 0 0 0 32 0 0 21 0 40 0 0 127 88 0 0
0 0 0 0 0 0 16 16 0 0 0 0 0 0 127 51 0;
egregore_data 0 0 127 0 0 127 0 0 0 0 0 0 0 0 0 127 38 0 0 0 0 0 0
47.8642 0 0 0 0 0 127 0 0 119.045 127 78 1 0 0 127 0 0 30 127 0 0 0
70 0 0 0 0 127 34 0 53 99 83 0 0 0 0 32 0 0 21 0 40 0 0 127 88 0 0
0 0 0 0 0 0 16 16 0 0 0 0 0 0 127 51 0;
egregore_data 0 0 127 0 0 127 0 0 0 0 0 0 0 0 0 127 38 0 0 0 0 0 0
47.8642 0 0 0 0 0 127 0 0 119.045 127 78 1 0 0 127 0 0 30 127 0 0 0
70 0 0 0 0 127 34 0 53 99 83 0 0 0 0 32 0 0 21 0 40 0 0 127 88 0 0
0 0 0 0 0 0 16 16 0 0 0 0 0 0 127 51 0;
egregore_data 0 0 127 0 0 127 0 0 0 0 0 0 0 0 0 127 38 0 0 0 0 0 0
47.8642 0 0 0 0 0 127 0 0 119.045 127 78 1 0 0 127 0 0 30 127 0 0 0
70 0 0 0 0 127 34 0 53 99 83 0 0 0 0 32 0 0 21 0 40 0 0 127 88 0 0
0 0 0 0 0 0 16 16 0 0 0 0 0 0 127 51 0;
egregore_data 0 0 127 0 0 127 0 0 0 0 0 0 0 0 0 127 38 0 0 0 0 0 0
47.8642 0 0 0 0 0 127 0 0 119.045 127 78 1 0 0 127 0 0 30 127 0 0 0
70 0 0 0 0 127 34 0 53 99 83 0 0 0 0 32 0 0 21 0 40 0 0 127 88 0 0
0 0 0 0 0 0 16 16 0 0 0 0 0 0 127 51 0;
egregore_data 0 0 127 0 0 127 0 0 0 0 0 0 0 0 0 127 38 0 0 0 0 0 0
47.8642 0 0 0 0 0 127 0 0 119.045 127 78 1 0 0 127 0 0 30 127 0 0 0
70 0 0 0 0 127 34 0 53 99 83 0 0 0 0 32 0 0 21 0 40 0 0 127 88 0 0
0 0 0 0 0 0 16 16 0 0 0 0 0 0 127 51 0;
egregore_data 0 0 127 0 0 127 0 0 0 0 0 0 0 0 0 127 38 0 0 0 0 0 0
47.3622 0 0 0 0 0 127 0 0 119.213 127 78 1 0 0 127 0 0 30 127 0 0 0
70 0 0 0 0 127 34 0 53 99 83 0 0 0 0 32 0 0 21 0 40 0 0 127 88 0 0
0 0 0 0 0 0 16 16 0 0 0 0 0 0 127 51 0;
egregore_data 0 0 127 0 0 127 0 0 0 0 0 0 0 0 0 127 38 0 0 0 0 0 0
47.3622 0 0 0 0 0 127 0 0 119.213 127 78 1 0 0 127 0 0 30 127 0 0 0
70 0 0 0 0 127 34 0 53 99 83 0 0 0 0 32 0 0 21 0 40 0 0 127 88 0 0
0 0 0 0 0 0 16 16 0 0 0 0 0 0 127 51 0;
egregore_data 0 0 127 0 0 127 0 0 0 0 0 0 0 0 0 127 38 0 0 0 0 0 0
47.3622 0 0 0 0 0 127 0 0 119.213 127 78 1 0 0 127 0 0 30 127 0 0 0
70 0 0 0 0 127 34 0 53 99 83 0 0 0 0 32 0 0 21 0 40 0 0 127 88 0 0
0 0 0 0 0 0 16 16 0 0 0 0 0 0 127 51 0;
egregore_data 0 0 127 0 0 127 0 0 0 0 0 0 0 0 0 127 38 0 0 0 0 0 0
47.3622 0 0 0 0 0 127 0 0 119.213 127 78 1 0 0 127 0 0 30 127 0 0 0
70 0 0 0 0 127 34 0 53 99 83 0 0 0 0 32 0 0 21 0 40 0 0 127 88 0 0
0 0 0 0 0 0 16 16 0 0 0 0 0 0 127 51 0;
egregore_data 0 0 127 0 0 127 0 0 0 0 0 0 0 0 0 127 38 0 0 0 0 0 0
47.3622 0 0 0 0 0 127 0 0 119.213 127 78 1 0 0 127 0 0 30 127 0 0 0
70 0 0 0 0 127 34 0 53 99 83 0 0 0 0 32 0 0 21 0 40 0 0 127 88 0 0
0 0 0 0 0 0 16 16 0 0 0 0 0 0 127 51 0;
egregore_data 0 0 127 0 0 127 0 0 0 0 0 0 0 0 0 127 38 0 0 0 0 0 0
47.3622 0 0 0 0 0 127 0 0 119.213 127 78 1 0 0 127 0 0 30 127 0 0 0
70 0 0 0 0 127 34 0 53 99 83 0 0 0 0 32 0 0 21 0 40 0 0 127 88 0 0
0 0 0 0 0 0 16 16 0 0 0 0 0 0 127 51 0;
egregore_data 0 0 127 0 0 127 0 0 0 0 0 0 0 0 0 127 38 0 0 0 0 0 0
47.3622 0 0 0 0 0 127 0 0 119.213 127 78 1 0 0 127 0 0 30 127 0 0 0
70 0 0 0 0 127 34 0 53 99 83 0 0 0 0 32 0 0 21 0 40 0 0 127 88 0 0
0 0 0 0 0 0 16 16 0 0 0 0 0 0 127 51 0;
egregore_data 0 0 127 0 0 127 0 0 0 0 0 0 0 0 0 127 38 0 0 0 0 0 0
47.3622 0 0 0 0 0 127 0 0 119.213 127 78 1 0 0 127 0 0 30 127 0 0 0
70 0 0 0 0 127 34 0 53 99 83 0 0 0 0 32 0 0 21 0 40 0 0 127 88 0 0
0 0 0 0 0 0 16 16 0 0 0 0 0 0 127 51 0;
egregore_data 0 0 127 0 0 127 0 0 0 0 0 0 0 0 0 127 38 0 0 0 0 0 0
47.3622 0 0 0 0 0 127 0 0 119.213 127 78 1 0 0 127 0 0 30 127 0 0 0
70 0 0 0 0 127 34 0 53 99 83 0 0 0 0 32 0 0 21 0 40 0 0 127 88 0 0
0 0 0 0 0 0 16 16 0 0 0 0 0 0 127 51 0;
egregore_data 0 0 127 0 0 127 0 0 0 0 0 0 0 0 0 127 38 0 0 0 0 0 0
47.1112 0 0 0 0 0 127 0 0 119.296 127 78 1 0 0 127 0 0 30 127 0 0 0
70 0 0 0 0 127 34 0 53 99 83 0 0 0 0 32 0 0 21 0 40 0 0 127 88 0 0
0 0 0 0 0 0 16 16 0 0 0 0 0 0 127 51 0;
egregore_data 0 0 127 0 0 127 0 0 0 0 0 0 0 0 0 127 38 0 0 0 0 0 0
47.1112 0 0 0 0 0 127 0 0 119.296 127 78 1 0 0 127 0 0 30 127 0 0 0
70 0 0 0 0 127 34 0 53 99 83 0 0 0 0 32 0 0 21 0 40 0 0 127 88 0 0
0 0 0 0 0 0 16 16 0 0 0 0 0 0 127 51 0;
egregore_data 0 0 127 0 0 127 0 0 0 0 0 0 0 0 0 127 38 0 0 0 0 0 0
47.1112 0 0 0 0 0 127 0 0 119.296 127 78 1 0 0 127 0 0 30 127 0 0 0
70 0 0 0 0 127 34 0 53 99 83 0 0 0 0 32 0 0 21 0 40 0 0 127 88 0 0
0 0 0 0 0 0 16 16 0 0 0 0 0 0 127 51 0;
egregore_data 0 0 127 0 0 127 0 0 0 0 0 0 0 0 0 127 38 0 0 0 0 0 0
47.1112 0 0 0 0 0 127 0 0 119.296 127 78 1 0 0 127 0 0 30 127 0 0 0
70 0 0 0 0 127 34 0 53 99 83 0 0 0 0 32 0 0 21 0 40 0 0 127 88 0 0
0 0 0 0 0 0 16 16 0 0 0 0 0 0 127 51 0;
egregore_data 0 0 127 0 0 127 0 0 0 0 0 0 0 0 0 127 38 0 0 0 0 0 0
47.1112 0 0 0 0 0 127 0 0 119.296 127 78 1 0 0 127 0 0 30 127 0 0 0
70 0 0 0 0 127 34 0 53 99 83 0 0 0 0 32 0 0 21 0 40 0 0 127 88 0 0
0 0 0 0 0 0 16 16 0 0 0 0 0 0 127 51 0;
egregore_data 0 0 127 0 0 127 0 0 0 0 0 0 0 0 0 127 38 0 0 0 0 0 0
47.1112 0 0 0 0 0 127 0 0 119.296 127 78 1 0 0 127 0 0 30 127 0 0 0
70 0 0 0 0 127 34 0 53 99 83 0 0 0 0 32 0 0 21 0 40 0 0 127 88 0 0
0 0 0 0 0 0 16 16 0 0 0 0 0 0 127 51 0;
egregore_data 0 0 127 0 0 127 0 0 0 0 0 0 0 0 0 127 38 0 0 0 0 0 0
47.1112 0 0 0 0 0 127 0 0 119.296 127 78 1 0 0 127 0 0 30 127 0 0 0
70 0 0 0 0 127 34 0 53 99 83 0 0 0 0 32 0 0 21 0 40 0 0 127 88 0 0
0 0 0 0 0 0 16 16 0 0 0 0 0 0 127 51 0;
egregore_data 0 0 127 0 0 127 0 0 0 0 0 0 0 0 0 127 38 0 0 0 0 0 0
46.8602 0 0 0 0 0 127 0 0 119.38 127 78 1 0 0 127 0 0 30 127 0 0 0
70 0 0 0 0 127 34 0 53 99 83 0 0 0 0 32 0 0 21 0 40 0 0 127 88 0 0
0 0 0 0 0 0 16 16 0 0 0 0 0 0 127 51 0;
egregore_data 0 0 127 0 0 127 0 0 0 0 0 0 0 0 0 127 38 0 0 0 0 0 0
46.8602 0 0 0 0 0 127 0 0 119.38 127 78 1 0 0 127 0 0 30 127 0 0 0
70 0 0 0 0 127 34 0 53 99 83 0 0 0 0 32 0 0 21 0 40 0 0 127 88 0 0
0 0 0 0 0 0 16 16 0 0 0 0 0 0 127 51 0;
egregore_data 0 0 127 0 0 127 0 0 0 0 0 0 0 0 0 127 38 0 0 0 0 0 0
46.8602 0 0 0 0 0 127 0 0 119.38 127 78 1 0 0 127 0 0 30 127 0 0 0
70 0 0 0 0 127 34 0 53 99 83 0 0 0 0 32 0 0 21 0 40 0 0 127 88 0 0
0 0 0 0 0 0 16 16 0 0 0 0 0 0 127 51 0;
egregore_data 0 0 127 0 0 127 0 0 0 0 0 0 0 0 0 127 38 0 0 0 0 0 0
46.8602 0 0 0 0 0 127 0 0 119.38 127 78 1 0 0 127 0 0 30 127 0 0 0
70 0 0 0 0 127 34 0 53 99 83 0 0 0 0 32 0 0 21 0 40 0 0 127 88 0 0
0 0 0 0 0 0 16 16 0 0 0 0 0 0 127 51 0;
egregore_data 0 0 127 0 0 127 0 0 0 0 0 0 0 0 0 127 38 0 0 0 0 0 0
46.8602 0 0 0 0 0 127 0 0 119.38 127 78 1 0 0 127 0 0 30 127 0 0 0
70 0 0 0 0 127 34 0 53 99 83 0 0 0 0 32 0 0 21 0 40 0 0 127 88 0 0
0 0 0 0 0 0 16 16 0 0 0 0 0 0 127 51 0;
egregore_data 0 0 127 0 0 127 0 0 0 0 0 0 0 0 0 127 38 0 0 0 0 0 0
46.8602 0 0 0 0 0 127 0 0 119.38 127 78 1 0 0 127 0 0 30 127 0 0 0
70 0 0 0 0 127 34 0 53 99 83 0 0 0 0 32 0 0 21 0 40 0 0 127 88 0 0
0 0 0 0 0 0 16 16 0 0 0 0 0 0 127 51 0;
egregore_data 0 0 127 0 0 127 0 0 0 0 0 0 0 0 0 127 38 0 0 0 0 0 0
46.8602 0 0 0 0 0 127 0 0 119.38 127 78 1 0 0 127 0 0 30 127 0 0 0
70 0 0 0 0 127 34 0 53 99 83 0 0 0 0 32 0 0 21 0 40 0 0 127 88 0 0
0 0 0 0 0 0 16 16 0 0 0 0 0 0 127 51 0;
egregore_data 0 0 127 0 0 127 0 0 0 0 0 0 0 0 0 127 38 0 0 0 0 0 0
46.8602 0 0 0 0 0 127 0 0 119.38 127 78 1 0 0 127 0 0 30 127 0 0 0
70 0 0 0 0 127 34 0 53 99 83 0 0 0 0 32 0 0 21 0 40 0 0 127 88 0 0
0 0 0 0 0 0 16 16 0 0 0 0 0 0 127 51 0;
egregore_data 0 0 127 0 0 127 0 0 0 0 0 0 0 0 0 127 38 0 0 0 0 0 0
46.8602 0 0 0 0 0 127 0 0 119.38 127 78 1 0 0 127 0 0 30 127 0 0 0
70 0 0 0 0 127 34 0 53 99 83 0 0 0 0 32 0 0 21 0 40 0 0 127 88 0 0
0 0 0 0 0 0 16 16 0 0 0 0 0 0 127 51 0;
egregore_data 0 0 127 0 0 127 0 0 0 0 0 0 0 0 0 127 38 0 0 0 0 0 0
46.8602 0 0 0 0 0 127 0 0 119.38 127 78 1 0 0 127 0 0 30 127 0 0 0
70 0 0 0 0 127 34 0 53 99 83 0 0 0 0 32 0 0 21 0 40 0 0 127 88 0 0
0 0 0 0 0 0 16 16 0 0 0 0 0 0 127 51 0;
egregore_data 0 0 127 0 0 127 0 0 0 0 0 0 0 0 0 127 38 0 0 0 0 0 0
46.6093 0 0 0 0 0 127 0 0 119.464 127 78 1 0 0 127 0 0 30 127 0 0 0
70 0 0 0 0 127 34 0 53 99 83 0 0 0 0 32 0 0 21 0 40 0 0 127 88 0 0
0 0 0 0 0 0 16 16 0 0 0 0 0 0 127 51 0;
egregore_data 0 0 127 0 0 127 0 0 0 0 0 0 0 0 0 127 38 0 0 0 0 0 0
46.6093 0 0 0 0 0 127 0 0 119.464 127 78 1 0 0 127 0 0 30 127 0 0 0
70 0 0 0 0 127 34 0 53 99 83 0 0 0 0 32 0 0 21 0 40 0 0 127 88 0 0
0 0 0 0 0 0 16 16 0 0 0 0 0 0 127 51 0;
egregore_data 0 0 127 0 0 127 0 0 0 0 0 0 0 0 0 127 38 0 0 0 0 0 0
46.6093 0 0 0 0 0 127 0 0 119.464 127 78 1 0 0 127 0 0 30 127 0 0 0
70 0 0 0 0 127 34 0 53 99 83 0 0 0 0 32 0 0 21 0 40 0 0 127 88 0 0
0 0 0 0 0 0 16 16 0 0 0 0 0 0 127 51 0;
egregore_data 0 0 127 0 0 127 0 0 0 0 0 0 0 0 0 127 38 0 0 0 0 0 0
46.6093 0 0 0 0 0 127 0 0 119.464 127 78 1 0 0 127 0 0 30 127 0 0 0
70 0 0 0 0 127 34 0 53 99 83 0 0 0 0 32 0 0 21 0 40 0 0 127 88 0 0
0 0 0 0 0 0 16 16 0 0 0 0 0 0 127 51 0;
egregore_data 0 0 127 0 0 127 0 0 0 0 0 0 0 0 0 127 38 0 0 0 0 0 0
46.6093 0 0 0 0 0 127 0 0 119.464 127 78 1 0 0 127 0 0 30 127 0 0 0
70 0 0 0 0 127 34 0 53 99 83 0 0 0 0 32 0 0 21 0 40 0 0 127 88 0 0
0 0 0 0 0 0 16 16 0 0 0 0 0 0 127 51 0;
egregore_data 0 0 127 0 0 127 0 0 0 0 0 0 0 0 0 127 38 0 0 0 0 0 0
46.6093 0 0 0 0 0 127 0 0 119.464 127 78 1 0 0 127 0 0 30 127 0 0 0
70 0 0 0 0 127 34 0 53 99 83 0 0 0 0 32 0 0 21 0 40 0 0 127 88 0 0
0 0 0 0 0 0 16 16 0 0 0 0 0 0 127 51 0;
egregore_data 0 0 127 0 0 127 0 0 0 0 0 0 0 0 0 127 38 0 0 0 0 0 0
46.6093 0 0 0 0 0 127 0 0 119.464 127 78 1 0 0 127 0 0 30 127 0 0 0
70 0 0 0 0 127 34 0 53 99 83 0 0 0 0 32 0 0 21 0 40 0 0 127 88 0 0
0 0 0 0 0 0 16 16 0 0 0 0 0 0 127 51 0;
egregore_data 0 0 127 0 0 127 0 0 0 0 0 0 0 0 0 127 38 0 0 0 0 0 0
46.6093 0 0 0 0 0 127 0 0 119.464 127 78 1 0 0 127 0 0 30 127 0 0 0
70 0 0 0 0 127 34 0 53 99 83 0 0 0 0 32 0 0 21 0 40 0 0 127 88 0 0
0 0 0 0 0 0 16 16 0 0 0 0 0 0 127 51 0;
egregore_data 0 0 127 0 0 127 0 0 0 0 0 0 0 0 0 127 38 0 0 0 0 0 0
46.6093 0 0 0 0 0 127 0 0 119.464 127 78 1 0 0 127 0 0 30 127 0 0 0
70 0 0 0 0 127 34 0 53 99 83 0 0 0 0 32 0 0 21 0 40 0 0 127 88 0 0
0 0 0 0 0 0 16 16 0 0 0 0 0 0 127 51 0;
egregore_data 0 0 127 0 0 127 0 0 0 0 0 0 0 0 0 127 38 0 0 0 0 0 0
46.6093 0 0 0 0 0 127 0 0 119.464 127 78 1 0 0 127 0 0 30 127 0 0 0
70 0 0 0 0 127 34 0 53 99 83 0 0 0 0 32 0 0 21 0 40 0 0 127 88 0 0
0 0 0 0 0 0 16 16 0 0 0 0 0 0 127 51 0;
egregore_data 0 0 127 0 0 127 0 0 0 0 0 0 0 0 0 127 38 0 0 0 0 0 0
46.6093 0 0 0 0 0 127 0 0 119.464 127 78 1 0 0 127 0 0 30 127 0 0 0
70 0 0 0 0 127 34 0 53 99 83 0 0 0 0 32 0 0 21 0 40 0 0 127 88 0 0
0 0 0 0 0 0 16 16 0 0 0 0 0 0 127 51 0;
egregore_data 0 0 127 0 0 127 0 0 0 0 0 0 0 0 0 127 38 0 0 0 0 0 0
46.6093 0 0 0 0 0 127 0 0 119.464 127 78 1 0 0 127 0 0 30 127 0 0 0
70 0 0 0 0 127 34 0 53 99 83 0 0 0 0 32 0 0 21 0 40 0 0 127 88 0 0
0 0 0 0 0 0 16 16 0 0 0 0 0 0 127 51 0;
egregore_data 0 0 127 0 0 127 0 0 0 0 0 0 0 0 0 127 38 0 0 0 0 0 0
46.6093 0 0 0 0 0 127 0 0 119.464 127 78 1 0 0 127 0 0 30 127 0 0 0
70 0 0 0 0 127 34 0 53 99 83 0 0 0 0 32 0 0 21 0 40 0 0 127 88 0 0
0 0 0 0 0 0 16 16 0 0 0 0 0 0 127 51 0;
egregore_data 0 0 127 0 0 127 0 0 0 0 0 0 0 0 0 127 38 0 0 0 0 0 0
46.6093 0 0 0 0 0 127 0 0 119.464 127 78 1 0 0 127 0 0 30 127 0 0 0
70 0 0 0 0 127 34 0 53 99 83 0 0 0 0 32 0 0 21 0 40 0 0 127 88 0 0
0 0 0 0 0 0 16 16 0 0 0 0 0 0 127 51 0;
egregore_data 0 0 127 0 0 127 0 0 0 0 0 0 0 0 0 127 38 0 0 0 0 0 0
46.6093 0 0 0 0 0 127 0 0 119.464 127 78 1 0 0 127 0 0 30 127 0 0 0
70 0 0 0 0 127 34 0 53 99 83 0 0 0 0 32 0 0 21 0 40 0 0 127 88 0 0
0 0 0 0 0 0 16 16 0 0 0 0 0 0 127 51 0;
egregore_data 0 0 127 0 0 127 0 0 0 0 0 0 0 0 0 127 38 0 0 0 0 0 0
46.3583 0 0 0 0 0 127 0 0 119.547 127 78 1 0 0 127 0 0 30 127 0 0 0
70 0 0 0 0 127 34 0 53 99 83 0 0 0 0 32 0 0 21 0 40 0 0 127 88 0 0
0 0 0 0 0 0 16 16 0 0 0 0 0 0 127 51 0;
egregore_data 0 0 127 0 0 127 0 0 0 0 0 0 0 0 0 127 38 0 0 0 0 0 0
46.3583 0 0 0 0 0 127 0 0 119.547 127 78 1 0 0 127 0 0 30 127 0 0 0
70 0 0 0 0 127 34 0 53 99 83 0 0 0 0 32 0 0 21 0 40 0 0 127 88 0 0
0 0 0 0 0 0 16 16 0 0 0 0 0 0 127 51 0;
egregore_data 0 0 127 0 0 127 0 0 0 0 0 0 0 0 0 127 38 0 0 0 0 0 0
46.3583 0 0 0 0 0 127 0 0 119.547 127 78 1 0 0 127 0 0 30 127 0 0 0
70 0 0 0 0 127 34 0 53 99 83 0 0 0 0 32 0 0 21 0 40 0 0 127 88 0 0
0 0 0 0 0 0 16 16 0 0 0 0 0 0 127 51 0;
egregore_data 0 0 127 0 0 127 0 0 0 0 0 0 0 0 0 127 38 0 0 0 0 0 0
46.3583 0 0 0 0 0 127 0 0 119.547 127 78 1 0 0 127 0 0 30 127 0 0 0
70 0 0 0 0 127 34 0 53 99 83 0 0 0 0 32 0 0 21 0 40 0 0 127 88 0 0
0 0 0 0 0 0 16 16 0 0 0 0 0 0 127 51 0;
egregore_data 0 0 127 0 0 127 0 0 0 0 0 0 0 0 0 127 38 0 0 0 0 0 0
46.1073 0 0 0 0 0 127 0 0 119.631 127 78 1 0 0 127 0 0 30 127 0 0 0
70 0 0 0 0 127 34 0 53 99 83 0 0 0 0 32 0 0 21 0 40 0 0 127 88 0 0
0 0 0 0 0 0 16 16 0 0 0 0 0 0 127 51 0;
egregore_data 0 0 127 0 0 127 0 0 0 0 0 0 0 0 0 127 38 0 0 0 0 0 0
46.1073 0 0 0 0 0 127 0 0 119.631 127 78 1 0 0 127 0 0 30 127 0 0 0
70 0 0 0 0 127 34 0 53 99 83 0 0 0 0 32 0 0 21 0 40 0 0 127 88 0 0
0 0 0 0 0 0 16 16 0 0 0 0 0 0 127 51 0;
egregore_data 0 0 127 0 0 127 0 0 0 0 0 0 0 0 0 127 38 0 0 0 0 0 0
46.1073 0 0 0 0 0 127 0 0 119.631 127 78 1 0 0 127 0 0 30 127 0 0 0
70 0 0 0 0 127 34 0 53 99 83 0 0 0 0 32 0 0 21 0 40 0 0 127 88 0 0
0 0 0 0 0 0 16 16 0 0 0 0 0 0 127 51 0;
egregore_data 0 0 127 0 0 127 0 0 0 0 0 0 0 0 0 127 38 0 0 0 0 0 0
46.1073 0 0 0 0 0 127 0 0 119.631 127 78 1 0 0 127 0 0 30 127 0 0 0
70 0 0 0 0 127 34 0 53 99 83 0 0 0 0 32 0 0 21 0 40 0 0 127 88 0 0
0 0 0 0 0 0 16 16 0 0 0 0 0 0 127 51 0;
egregore_data 0 0 127 0 0 127 0 0 0 0 0 0 0 0 0 127 38 0 0 0 0 0 0
46.1073 0 0 0 0 0 127 0 0 119.631 127 78 1 0 0 127 0 0 30 127 0 0 0
70 0 0 0 0 127 34 0 53 99 83 0 0 0 0 32 0 0 21 0 40 0 0 127 88 0 0
0 0 0 0 0 0 16 16 0 0 0 0 0 0 127 51 0;
egregore_data 0 0 127 0 0 127 0 0 0 0 0 0 0 0 0 127 38 0 0 0 0 0 0
45.6053 0 0 0 0 0 127 0 0 119.798 127 78 1 0 0 127 0 0 30 127 0 0 0
70 0 0 0 0 127 34 0 53 99 83 0 0 0 0 32 0 0 21 0 40 0 0 127 88 0 0
0 0 0 0 0 0 16 16 0 0 0 0 0 0 127 51 0;
egregore_data 0 0 127 0 0 127 0 0 0 0 0 0 0 0 0 127 38 0 0 0 0 0 0
45.6053 0 0 0 0 0 127 0 0 119.798 127 78 1 0 0 127 0 0 30 127 0 0 0
70 0 0 0 0 127 34 0 53 99 83 0 0 0 0 32 0 0 21 0 40 0 0 127 88 0 0
0 0 0 0 0 0 16 16 0 0 0 0 0 0 127 51 0;
egregore_data 0 0 127 0 0 127 0 0 0 0 0 0 0 0 0 127 38 0 0 0 0 0 0
45.6053 0 0 0 0 0 127 0 0 119.798 127 78 1 0 0 127 0 0 30 127 0 0 0
70 0 0 0 0 127 34 0 53 99 83 0 0 0 0 32 0 0 21 0 40 0 0 127 88 0 0
0 0 0 0 0 0 16 16 0 0 0 0 0 0 127 51 0;
egregore_data 0 0 127 0 0 127 0 0 0 0 0 0 0 0 0 127 38 0 0 0 0 0 0
45.3543 0 0 0 0 0 127 0 0 119.882 127 78 1 0 0 127 0 0 30 127 0 0 0
70 0 0 0 0 127 34 0 53 99 83 0 0 0 0 32 0 0 21 0 40 0 0 127 88 0 0
0 0 0 0 0 0 16 16 0 0 0 0 0 0 127 51 0;
egregore_data 0 0 127 0 0 127 0 0 0 0 0 0 0 0 0 127 38 0 0 0 0 0 0
45.3543 0 0 0 0 0 127 0 0 119.882 127 78 1 0 0 127 0 0 30 127 0 0 0
70 0 0 0 0 127 34 0 53 99 83 0 0 0 0 32 0 0 21 0 40 0 0 127 88 0 0
0 0 0 0 0 0 16 16 0 0 0 0 0 0 127 51 0;
egregore_data 0 0 127 0 0 127 0 0 0 0 0 0 0 0 0 127 38 0 0 0 0 0 0
45.3543 0 0 0 0 0 127 0 0 119.882 127 78 1 0 0 127 0 0 30 127 0 0 0
70 0 0 0 0 127 34 0 53 99 83 0 0 0 0 32 0 0 21 0 40 0 0 127 88 0 0
0 0 0 0 0 0 16 16 0 0 0 0 0 0 127 51 0;
egregore_data 0 0 127 0 0 127 0 0 0 0 0 0 0 0 0 127 38 0 0 0 0 0 0
45.3543 0 0 0 0 0 127 0 0 119.882 127 78 1 0 0 127 0 0 30 127 0 0 0
70 0 0 0 0 127 34 0 53 99 83 0 0 0 0 32 0 0 21 0 40 0 0 127 88 0 0
0 0 0 0 0 0 16 16 0 0 0 0 0 0 127 51 0;
egregore_data 0 0 127 0 0 127 0 0 0 0 0 0 0 0 0 127 38 0 0 0 0 0 0
45.3543 0 0 0 0 0 127 0 0 119.882 127 78 1 0 0 127 0 0 30 127 0 0 0
70 0 0 0 0 127 34 0 53 99 83 0 0 0 0 32 0 0 21 0 40 0 0 127 88 0 0
0 0 0 0 0 0 16 16 0 0 0 0 0 0 127 51 0;
egregore_data 0 0 127 0 0 127 0 0 0 0 0 0 0 0 0 127 38 0 0 0 0 0 0
45.3543 0 0 0 0 0 127 0 0 119.882 127 78 1 0 0 127 0 0 30 127 0 0 0
70 0 0 0 0 127 34 0 53 99 83 0 0 0 0 32 0 0 21 0 40 0 0 127 88 0 0
0 0 0 0 0 0 16 16 0 0 0 0 0 0 127 51 0;
egregore_data 0 0 127 0 0 127 0 0 0 0 0 0 0 0 0 127 38 0 0 0 0 0 0
45.3543 0 0 0 0 0 127 0 0 119.882 127 78 1 0 0 127 0 0 30 127 0 0 0
70 0 0 0 0 127 34 0 53 99 83 0 0 0 0 32 0 0 21 0 40 0 0 127 88 0 0
0 0 0 0 0 0 16 16 0 0 0 0 0 0 127 51 0;
egregore_data 0 0 127 0 0 127 0 0 0 0 0 0 0 0 0 127 38 0 0 0 0 0 0
45.3543 0 0 0 0 0 127 0 0 119.882 127 78 1 0 0 127 0 0 30 127 0 0 0
70 0 0 0 0 127 34 0 53 99 83 0 0 0 0 32 0 0 21 0 40 0 0 127 88 0 0
0 0 0 0 0 0 16 16 0 0 0 0 0 0 127 51 0;
egregore_data 0 0 127 0 0 127 0 0 0 0 0 0 0 0 0 127 38 0 0 0 0 0 0
45.3543 0 0 0 0 0 127 0 0 119.882 127 78 1 0 0 127 0 0 30 127 0 0 0
70 0 0 0 0 127 34 0 53 99 83 0 0 0 0 32 0 0 21 0 40 0 0 127 88 0 0
0 0 0 0 0 0 16 16 0 0 0 0 0 0 127 51 0;
egregore_data 0 0 127 0 0 127 0 0 0 0 0 0 0 0 0 127 38 0 0 0 0 0 0
45.3543 0 0 0 0 0 127 0 0 119.882 127 78 1 0 0 127 0 0 30 127 0 0 0
70 0 0 0 0 127 34 0 53 99 83 0 0 0 0 32 0 0 21 0 40 0 0 127 88 0 0
0 0 0 0 0 0 16 16 0 0 0 0 0 0 127 51 0;
egregore_data 0 0 127 0 0 127 0 0 0 0 0 0 0 0 0 127 38 0 0 0 0 0 0
45.3543 0 0 0 0 0 127 0 0 119.882 127 78 1 0 0 127 0 0 30 127 0 0 0
70 0 0 0 0 127 34 0 53 99 83 0 0 0 0 32 0 0 21 0 40 0 0 127 88 0 0
0 0 0 0 0 0 16 16 0 0 0 0 0 0 127 51 0;
egregore_data 0 0 127 0 0 127 0 0 0 0 0 0 0 0 0 127 38 0 0 0 0 0 0
45.3543 0 0 0 0 0 127 0 0 119.882 127 78 1 0 0 127 0 0 30 127 0 0 0
70 0 0 0 0 127 34 0 53 99 83 0 0 0 0 32 0 0 21 0 40 0 0 127 88 0 0
0 0 0 0 0 0 16 16 0 0 0 0 0 0 127 51 0;
egregore_data 0 0 127 0 0 127 0 0 0 0 0 0 0 0 0 127 38 0 0 0 0 0 0
45.3543 0 0 0 0 0 127 0 0 119.882 127 78 1 0 0 127 0 0 30 127 0 0 0
70 0 0 0 0 127 34 0 53 99 83 0 0 0 0 32 0 0 21 0 40 0 0 127 88 0 0
0 0 0 0 0 0 16 16 0 0 0 0 0 0 127 51 0;
egregore_data 0 0 127 0 0 127 0 0 0 0 0 0 0 0 0 127 38 0 0 0 0 0 0
45.3543 0 0 0 0 0 127 0 0 119.882 127 78 1 0 0 127 0 0 30 127 0 0 0
70 0 0 0 0 127 34 0 53 99 83 0 0 0 0 32 0 0 21 0 40 0 0 127 88 0 0
0 0 0 0 0 0 16 16 0 0 0 0 0 0 127 51 0;
egregore_data 0 0 127 0 0 127 0 0 0 0 0 0 0 0 0 127 38 0 0 0 0 0 0
45.3543 0 0 0 0 0 127 0 0 119.882 127 78 1 0 0 127 0 0 30 127 0 0 0
70 0 0 0 0 127 34 0 53 99 83 0 0 0 0 32 0 0 21 0 40 0 0 127 88 0 0
0 0 0 0 0 0 16 16 0 0 0 0 0 0 127 51 0;
egregore_data 0 0 127 0 0 127 0 0 0 0 0 0 0 0 0 127 38 0 0 0 0 0 0
45.1034 0 0 0 0 0 127 0 0 119.966 127 78 1 0 0 127 0 0 30 127 0 0 0
70 0 0 0 0 127 34 0 53 99 83 0 0 0 0 32 0 0 21 0 40 0 0 127 88 0 0
0 0 0 0 0 0 16 16 0 0 0 0 0 0 127 51 0;
egregore_data 0 0 127 0 0 127 0 0 0 0 0 0 0 0 0 127 38 0 0 0 0 0 0
45.1034 0 0 0 0 0 127 0 0 119.966 127 78 1 0 0 127 0 0 30 127 0 0 0
70 0 0 0 0 127 34 0 53 99 83 0 0 0 0 32 0 0 21 0 40 0 0 127 88 0 0
0 0 0 0 0 0 16 16 0 0 0 0 0 0 127 51 0;
egregore_data 0 0 127 0 0 127 0 0 0 0 0 0 0 0 0 127 38 0 0 0 0 0 0
45.1034 0 0 0 0 0 127 0 0 119.966 127 78 1 0 0 127 0 0 30 127 0 0 0
70 0 0 0 0 127 34 0 53 99 83 0 0 0 0 32 0 0 21 0 40 0 0 127 88 0 0
0 0 0 0 0 0 16 16 0 0 0 0 0 0 127 51 0;
egregore_data 0 0 127 0 0 127 0 0 0 0 0 0 0 0 0 127 38 0 0 0 0 0 0
45.1034 0 0 0 0 0 127 0 0 119.966 127 78 1 0 0 127 0 0 30 127 0 0 0
70 0 0 0 0 127 34 0 53 99 83 0 0 0 0 32 0 0 21 0 40 0 0 127 88 0 0
0 0 0 0 0 0 16 16 0 0 0 0 0 0 127 51 0;
egregore_data 0 0 127 0 0 127 0 0 0 0 0 0 0 0 0 127 38 0 0 0 0 0 0
44.9902 0.0984192 0 0 0 0 127 0 0 120.049 127 78 1 0 0 127 0 0 30 127
0 0 0 70 0 0 0 0 127 34 0 53 99 83 0 0 0 0 32 0 0 21 0 40 0 0 127 88
0 0 0 0 0 0 0 0 16 16 0 0 0 0 0 0 127 51 0;
egregore_data 0 0 127 0 0 127 0 0 0 0 0 0 0 0 0 127 38 0 0 0 0 0 0
44.9902 0.0984192 0 0 0 0 127 0 0 120.049 127 78 1 0 0 127 0 0 30 127
0 0 0 70 0 0 0 0 127 34 0 53 99 83 0 0 0 0 32 0 0 21 0 40 0 0 127 88
0 0 0 0 0 0 0 0 16 16 0 0 0 0 0 0 127 51 0;
egregore_data 0 0 127 0 0 127 0 0 0 0 0 0 0 0 0 127 38 0 0 0 0 0 0
44.9902 0.0984192 0 0 0 0 127 0 0 120.049 127 78 1 0 0 127 0 0 30 127
0 0 0 70 0 0 0 0 127 34 0 53 99 83 0 0 0 0 32 0 0 21 0 40 0 0 127 88
0 0 0 0 0 0 0 0 16 16 0 0 0 0 0 0 127 51 0;
egregore_data 0 0 127 0 0 127 0 0 0 0 0 0 0 0 0 127 38 0 0 0 0 0 0
44.9902 0.0984192 0 0 0 0 127 0 0 120.049 127 78 1 0 0 127 0 0 30 127
0 0 0 70 0 0 0 0 127 34 0 53 99 83 0 0 0 0 32 0 0 21 0 40 0 0 127 88
0 0 0 0 0 0 0 0 16 16 0 0 0 0 0 0 127 51 0;
egregore_data 0 0 127 0 0 127 0 0 0 0 0 0 0 0 0 127 38 0 0 0 0 0 0
44.9902 0.0984192 0 0 0 0 127 0 0 120.049 127 78 1 0 0 127 0 0 30 127
0 0 0 70 0 0 0 0 127 34 0 53 99 83 0 0 0 0 32 0 0 21 0 40 0 0 127 88
0 0 0 0 0 0 0 0 16 16 0 0 0 0 0 0 127 51 0;
egregore_data 0 0 127 0 0 127 0 0 0 0 0 0 0 0 0 127 38 0 0 0 0 0 0
44.9902 0.0984192 0 0 0 0 127 0 0 120.049 127 78 1 0 0 127 0 0 30 127
0 0 0 70 0 0 0 0 127 34 0 53 99 83 0 0 0 0 32 0 0 21 0 40 0 0 127 88
0 0 0 0 0 0 0 0 16 16 0 0 0 0 0 0 127 51 0;
egregore_data 0 0 127 0 0 127 0 0 0 0 0 0 0 0 0 127 38 0 0 0 0 0 0
44.9902 0.0984192 0 0 0 0 127 0 0 120.049 127 78 1 0 0 127 0 0 30 127
0 0 0 70 0 0 0 0 127 34 0 53 99 83 0 0 0 0 32 0 0 21 0 40 0 0 127 88
0 0 0 0 0 0 0 0 16 16 0 0 0 0 0 0 127 51 0;
egregore_data 0 0 127 0 0 127 0 0 0 0 0 0 0 0 0 127 38 0 0 0 0 0 0
44.9734 0.265751 0 0 0 0 127 0 0 120.133 127 78 1 0 0 127 0 0 30 127
0 0 0 70 0 0 0 0 127 34 0 53 99 83 0 0 0 0 32 0 0 21 0 40 0 0 127 88
0 0 0 0 0 0 0 0 16 16 0 0 0 0 0 0 127 51 0;
egregore_data 0 0 127 0 0 127 0 0 0 0 0 0 0 0 0 127 38 0 0 0 0 0 0
44.9734 0.265751 0 0 0 0 127 0 0 120.133 127 78 1 0 0 127 0 0 30 127
0 0 0 70 0 0 0 0 127 34 0 53 99 83 0 0 0 0 32 0 0 21 0 40 0 0 127 88
0 0 0 0 0 0 0 0 16 16 0 0 0 0 0 0 127 51 0;
egregore_data 0 0 127 0 0 127 0 0 0 0 0 0 0 0 0 127 38 0 0 0 0 0 0
44.9734 0.265751 0 0 0 0 127 0 0 120.133 127 78 1 0 0 127 0 0 30 127
0 0 0 70 0 0 0 0 127 34 0 53 99 83 0 0 0 0 32 0 0 21 0 40 0 0 127 88
0 0 0 0 0 0 0 0 16 16 0 0 0 0 0 0 127 51 0;
egregore_data 0 0 127 0 0 127 0 0 0 0 0 0 0 0 0 127 38 0 0 0 0 0 0
44.9734 0.265751 0 0 0 0 127 0 0 120.133 127 78 1 0 0 127 0 0 30 127
0 0 0 70 0 0 0 0 127 34 0 53 99 83 0 0 0 0 32 0 0 21 0 40 0 0 127 88
0 0 0 0 0 0 0 0 16 16 0 0 0 0 0 0 127 51 0;
END;
