HTTP/1.1 200 OK
Date: Thu, 28 May 2015 12:30:56 GMT
Server: Apache
Last-Modified: Wed, 27 May 2015 19:01:52 GMT
Accept-Ranges: bytes
Content-Length: 22900
Vary: Accept-Encoding
Connection: close
Content-Type: text/plain

chdh_egregore_live_data;
egregore_data 0 0 0 0 0 0 127 0 0 0 0 0 0 0 0 127 38 1 0 0 0 0 0 0
0 0 0 6 0 127 0 0 0 127 78 0 0 0 127 0 0 30 127 0 0 0 70 0 0 0 0 127
34 0 53 99 83 0 0 0 0 32 0 0 21 0 40 0 0 127 88 0 0 0 0 0 0 0 0 16
16 0 0 0 0 0 0 127 51 0;
egregore_data 0 0 0 0 0 0 127 0 0 0 0 0 0 0 0 127 38 1 0 0 0 0 0 0
0 0 0 6 0 127 0 0 0 127 78 0 0 0 127 0 0 30 127 0 0 0 70 0 0 0 0 127
34 0 53 99 83 0 0 0 0 32 0 0 21 0 40 0 0 127 88 0 0 0 0 0 0 0 0 16
16 0 0 0 0 0 0 127 51 0;
egregore_data 0 0 0 0 0 0 127 0 0 0 0 0 0 0 0 127 38 1 0 0 0 0 0 0
0 0 0 6 0 127 0 0 0 127 78 0 0 0 127 0 0 30 127 0 0 0 70 0 0 0 0 127
34 0 53 99 83 0 0 0 0 32 0 0 21 0 40 0 0 127 88 0 0 0 0 0 0 0 0 16
16 0 0 0 0 0 0 127 51 0;
egregore_data 0 0 0 0 0 0 127 0 0 0 0 0 0 0 0 127 38 1 0 0 0 0 0 0
0 0 0 6 0 127 0 0 0 127 78 0 0 0 127 0 0 30 127 0 0 0 70 0 0 0 0 127
34 0 53 99 83 0 0 0 0 32 0 0 21 0 40 0 0 127 88 0 0 0 0 0 0 0 0 16
16 0 0 0 0 0 0 127 51 0;
egregore_data 0 0 0 0 0 0 127 0 0 0 0 0 0 0 0 127 38 1 0 0 0 0 0 0
0 0 0 6 0 127 0 0 0 127 78 0 0 0 127 0 0 30 127 0 0 0 70 0 0 0 0 127
34 0 53 99 83 0 0 0 0 32 0 0 21 0 40 0 0 127 88 0 0 0 0 0 0 0 0 16
16 0 0 0 0 0 0 127 51 0;
egregore_data 0 0 0 0 0 0 127 0 0 0 0 0 0 0 0 127 38 1 0 0 0 0 0 0
0 0 0 6 0 127 0 0 0 127 78 0 0 0 127 0 0 30 127 0 0 0 70 0 0 0 0 127
34 0 53 99 83 0 0 0 0 32 0 0 21 0 40 0 0 127 88 0 0 0 0 0 0 0 0 16
16 0 0 0 0 0 0 127 51 0;
egregore_data 0 0 0 0 0 0 127 0 0 0 0 0 0 0 0 127 38 1 0 0 0 0 0 0
0 0 0 6 0 127 0 0 0 127 78 0 0 0 127 0 0 30 127 0 0 0 70 0 0 0 0 127
34 0 53 99 83 0 0 0 0 32 0 0 21 0 40 0 0 127 88 0 0 0 0 0 0 0 0 16
16 0 0 0 0 0 0 127 51 0;
egregore_data 0 0 0 0 0 0 127 0 0 0 0 0 0 0 0 127 38 1 0 0 0 0 0 0
0 0 0 6 0 127 0 0 0 127 78 0 0 0 127 0 0 30 127 0 0 0 70 0 0 0 0 127
34 0 53 99 83 0 0 0 0 32 0 0 21 0 40 0 0 127 88 0 0 0 0 0 0 0 0 16
16 0 0 0 0 0 0 127 51 0;
egregore_data 0 0 0 0 0 0 127 0 0 0 0 0 0 0 0 127 38 1 0 0 0 0 0 0
0 0 0 6 0 127 0 0 0 127 78 0 0 0 127 0 0 30 127 0 0 0 70 0 0 0 0 127
34 0 53 99 83 0 0 0 0 32 0 0 21 0 40 0 0 127 88 0 0 0 0 0 0 0 0 16
16 0 0 0 0 0 0 127 51 0;
egregore_data 0 0 0 0 0 0 127 0 0 0 0 0 0 0 0 127 38 1 0 0 0 0 0 0
0 0 0 6 0 127 0 0 0 127 78 0 0 0 127 0 0 30 127 0 0 0 70 0 0 0 0 127
34 0 53 99 83 0 0 0 0 32 0 0 21 0 40 0 0 127 88 0 0 0 0 0 0 0 0 16
16 0 0 0 0 0 0 127 51 0;
egregore_data 0 0 0 0 0 0 127 0 0 0 0 0 0 0 0 127 38 1 0 0 0 0 0 0
0 0 0 6 0 127 0 0 0 127 78 0 0 0 127 0 0 30 127 0 0 0 70 0 0 0 0 127
34 0 53 99 83 0 0 0 0 32 0 0 21 0 40 0 0 127 88 0 0 0 0 0 0 0 0 16
16 0 0 0 0 0 0 127 51 0;
egregore_data 0 0 0 0 0 0 127 0 0 0 0 0 0 0 0 127 38 1 0 0 0 0 0 0
0 0 0 6 0 127 0 0 0 127 78 0 0 0 127 0 0 30 127 0 0 0 70 0 0 0 0 127
34 0 53 99 83 0 0 0 0 32 0 0 21 0 40 0 0 127 88 0 0 0 0 0 0 0 0 16
16 0 0 0 0 0 0 127 51 0;
egregore_data 0 0 0 0 0 0 127 0 0 0 0 0 0 0 0 127 38 1 0 0 0 0 0 0
0 0 0 6 0 127 0 0 0 127 78 0 0 0 127 0 0 30 127 0 0 0 70 0 0 0 0 127
34 0 53 99 83 0 0 0 0 32 0 0 21 0 40 0 0 127 88 0 0 0 0 0 0 0 0 16
16 0 0 0 0 0 0 127 51 0;
egregore_data 0 0 0 0 0 0 127 0 0 0 0 0 0 0 0 127 38 1 0 0 0 0 0 0
0 0 0 6 0 127 0 0 0 127 78 0 0 0 127 0 0 30 127 0 0 0 70 0 0 0 0 127
34 0 53 99 83 0 0 0 0 32 0 0 21 0 40 0 0 127 88 0 0 0 0 0 0 0 0 16
16 0 0 0 0 0 0 127 51 0;
egregore_data 0 0 0 0 0 0 127 0 0 0 0 0 0 0 0 127 38 1 0 0 0 0 0 0
0 0 0 6 0 127 0 0 0 127 78 0 0 0 127 0 0 30 127 0 0 0 70 0 0 0 0 127
34 0 53 99 83 0 0 0 0 32 0 0 21 0 40 0 0 127 88 0 0 0 0 0 0 0 0 16
16 0 0 0 0 0 0 127 51 0;
egregore_data 0 0 0 0 0 0 127 0 0 0 0 0 0 0 0 127 38 1 0 0 0 0 0 0
0 0 0 6 0 127 0 0 0 127 78 0 0 0 127 0 0 30 127 0 0 0 70 0 0 0 0 127
34 0 53 99 83 0 0 0 0 32 0 0 21 0 40 0 0 127 88 0 0 0 0 0 0 0 0 16
16 0 0 0 0 0 0 127 51 0;
egregore_data 0 0 0 0 0 0 127 0 0 0 0 0 0 0 0 127 38 1 0 0 0 0 0 0
0 0 0 6 0 127 0 0 0 127 78 0 0 0 127 0 0 30 127 0 0 0 70 0 0 0 0 127
34 0 53 99 83 0 0 0 0 32 0 0 21 0 40 0 0 127 88 0 0 0 0 0 0 0 0 16
16 0 0 0 0 0 0 127 51 0;
egregore_data 0 0 0 0 0 0 127 0 0 0 0 0 0 0 0 127 38 1 0 0 0 0 0 0
0 0 0 6 0 127 0 0 0 127 78 0 0 0 127 0 0 30 127 0 0 0 70 0 0 0 0 127
34 0 53 99 83 0 0 0 0 32 0 0 21 0 40 0 0 127 88 0 0 0 0 0 0 0 0 16
16 0 0 0 0 0 0 127 51 0;
egregore_data 0 0 0 0 0 0 127 0 0 0 0 0 0 0 0 127 38 1 0 0 0 0 0 0
0 0 0 6 0 127 0 0 0 127 78 0 0 0 127 0 0 30 127 0 0 0 70 0 0 0 0 127
34 0 53 99 83 0 0 0 0 32 0 0 21 0 40 0 0 127 88 0 0 0 0 0 0 0 0 16
16 0 0 0 0 0 0 127 51 0;
egregore_data 0 0 0 0 0 0 127 0 0 0 0 0 0 0 0 127 38 1 0 0 0 0 0 0
0 0 0 6 0 127 0 0 0 127 78 0 0 0 127 0 0 30 127 0 0 0 70 0 0 0 0 127
34 0 53 99 83 0 0 0 0 32 0 0 21 0 40 0 0 127 88 0 0 0 0 0 0 0 0 16
16 0 0 0 0 0 0 127 51 0;
egregore_data 0 0 0 0 0 0 127 0 0 0 0 0 0 0 0 127 38 1 0 0 0 0 0 0
0 0 0 6 0 127 0 0 0 127 78 0 0 0 127 0 0 30 127 0 0 0 70 0 0 0 0 127
34 0 53 99 83 0 0 0 0 32 0 0 21 0 40 0 0 127 88 0 0 0 0 0 0 0 0 16
16 0 0 0 0 0 0 127 51 0;
egregore_data 0 0 0 0 0 0 127 0 0 0 0 0 0 0 0 127 38 1 0 0 0 0 0 0
0 0 0 6 0 127 0 0 0 127 78 0 0 0 127 0 0 30 127 0 0 0 70 0 0 0 0 127
34 0 53 99 83 0 0 0 0 32 0 0 21 0 40 0 0 127 88 0 0 0 0 0 0 0 0 16
16 0 0 0 0 0 0 127 51 0;
egregore_data 0 0 0 0 0 0 127 0 0 0 0 0 0 0 0 127 38 1 0 0 0 0 0 0
0 0 0 6 0 127 0 0 0 127 78 0 0 0 127 0 0 30 127 0 0 0 70 0 0 0 0 127
34 0 53 99 83 0 0 0 0 32 0 0 21 0 40 0 0 127 88 0 0 0 0 0 0 0 0 16
16 0 0 0 0 0 0 127 51 0;
egregore_data 0 0 0 0 0 0 127 0 0 0 0 0 0 0 0 127 38 1 0 0 0 0 0 0
0 0 0 6 0 127 0 0 0 127 78 0 0 0 127 0 0 30 127 0 0 0 70 0 0 0 0 127
34 0 53 99 83 0 0 0 0 32 0 0 21 0 40 0 0 127 88 0 0 0 0 0 0 0 0 16
16 0 0 0 0 0 0 127 51 0;
egregore_data 0 0 0 0 0 0 127 0 0 0 0 0 0 0 0 127 38 1 0 0 0 0 0 0
0 0 0 6 0 127 0 0 0 127 78 0 0 0 127 0 0 30 127 0 0 0 70 0 0 0 0 127
34 0 53 99 83 0 0 0 0 32 0 0 21 0 40 0 0 127 88 0 0 0 0 0 0 0 0 16
16 0 0 0 0 0 0 127 51 0;
egregore_data 0 0 0 0 0 0 127 0 0 0 0 0 0 0 0 127 38 1 0 0 0 0 0 0
0 0 0 6 0 127 0 0 0 127 78 0 0 0 127 0 0 30 127 0 0 0 70 0 0 0 0 127
34 0 53 99 83 0 0 0 0 32 0 0 21 0 40 0 0 127 88 0 0 0 0 0 0 0 0 16
16 0 0 0 0 0 0 127 51 0;
egregore_data 0 0 0 0 0 0 127 0 0 0 0 0 0 0 0 127 38 1 0 0 0 0 0 0
0 0 0 6 0 127 0 0 0 127 78 0 0 0 127 0 0 30 127 0 0 0 70 0 0 0 0 127
34 0 53 99 83 0 0 0 0 32 0 0 21 0 40 0 0 127 88 0 0 0 0 0 0 0 0 16
16 0 0 0 0 0 0 127 51 0;
egregore_data 0 0 0 0 0 0 127 0 0 0 0 0 0 0 0 127 38 1 0 0 0 0 0 0
0 0 0 6 0 127 0 0 0 127 78 0 0 0 127 0 0 30 127 0 0 0 70 0 0 0 0 127
34 0 53 99 83 0 0 0 0 32 0 0 21 0 40 0 0 127 88 0 0 0 0 0 0 0 0 16
16 0 0 0 0 0 0 127 51 0;
egregore_data 0 0 0 0 0 0 127 0 0 0 0 0 0 0 0 127 38 1 0 0 0 0 0 0
0 0 0 6 0 127 0 0 0 127 78 0 0 0 127 0 0 30 127 0 0 0 70 0 0 0 0 127
34 0 53 99 83 0 0 0 0 32 0 0 21 0 40 0 0 127 88 0 0 0 0 0 0 0 0 16
16 0 0 0 0 0 0 127 51 0;
egregore_data 0 0 0 0 0 0 127 0 0 0 0 0 0 0 0 127 38 1 0 0 0 0 0 0
0 0 0 6 0 127 0 0 0 127 78 0 0 0 127 0 0 30 127 0 0 0 70 0 0 0 0 127
34 0 53 99 83 0 0 0 0 32 0 0 21 0 40 0 0 127 88 0 0 0 0 0 0 0 0 16
16 0 0 0 0 0 0 127 51 0;
egregore_data 0 0 0 0 0 0 127 0 0 0 0 0 0 0 0 127 38 1 0 0 0 0 0 0
0 0 0 6 0 127 0 0 0 127 78 0 0 0 127 0 0 30 127 0 0 0 70 0 0 0 0 127
34 0 53 99 83 0 0 0 0 32 0 0 21 0 40 0 0 127 88 0 0 0 0 0 0 0 0 16
16 0 0 0 0 0 0 127 51 0;
egregore_data 0 0 0 0 0 0 127 0 0 0 0 0 0 0 0 127 38 1 0 0 0 0 0 0
0 0 0 6 0 127 0 0 0 127 78 0 0 0 127 0 0 30 127 0 0 0 70 0 0 0 0 127
34 0 53 99 83 0 0 0 0 32 0 0 21 0 40 0 0 127 88 0 0 0 0 0 0 0 0 16
16 0 0 0 0 0 0 127 51 0;
egregore_data 0 0 0 0 0 0 127 0 0 0 0 0 0 0 0 127 38 1 0 0 0 0 0 0
0 0 0 6 0 127 0 0 0 127 78 0 0 0 127 0 0 30 127 0 0 0 70 0 0 0 0 127
34 0 53 99 83 0 0 0 0 32 0 0 21 0 40 0 0 127 88 0 0 0 0 0 0 0 0 16
16 0 0 0 0 0 0 127 51 0;
egregore_data 0 0 0 0 0 0 127 0 0 0 0 0 0 0 0 127 38 1 0 0 0 0 0 0
0 0 0 6 0 127 0 0 0 127 78 0 0 0 127 0 0 30 127 0 0 0 70 0 0 0 0 127
34 0 53 99 83 0 0 0 0 32 0 0 21 0 40 0 0 127 88 0 0 0 0 0 0 0 0 16
16 0 0 0 0 0 0 127 51 0;
egregore_data 0 0 0 0 0 0 127 0 0 0 0 0 0 0 0 127 38 1 0 0 0 0 0 0
0 0 0 6 0 127 0 0 0 127 78 0 0 0 127 0 0 30 127 0 0 0 70 0 0 0 0 127
34 0 53 99 83 0 0 0 0 32 0 0 21 0 40 0 0 127 88 0 0 0 0 0 0 0 0 16
16 0 0 0 0 0 0 127 51 0;
egregore_data 0 0 0 0 0 0 127 0 0 0 0 0 0 0 0 127 38 1 0 0 0 0 0 0
0 0 0 6 0 127 0 0 0 127 78 0 0 0 127 0 0 30 127 0 0 0 70 0 0 0 0 127
34 0 53 99 83 0 0 0 0 32 0 0 21 0 40 0 0 127 88 0 0 0 0 0 0 0 0 16
16 0 0 0 0 0 0 127 51 0;
egregore_data 0 0 0 0 0 0 127 0 0 0 0 0 0 0 0 127 38 1 0 0 0 0 0 0
0 0 0 6 0 127 0 0 0 127 78 0 0 0 127 0 0 30 127 0 0 0 70 0 0 0 0 127
34 0 53 99 83 0 0 0 0 32 0 0 21 0 40 0 0 127 88 0 0 0 0 0 0 0 0 16
16 0 0 0 0 0 0 127 51 0;
egregore_data 0 0 0 0 0 0 127 0 0 0 0 0 0 0 0 127 38 1 0 0 0 0 0 0
0 0 0 6 0 127 0 0 0 127 78 0 0 0 127 0 0 30 127 0 0 0 70 0 0 0 0 127
34 0 53 99 83 0 0 0 0 32 0 0 21 0 40 0 0 127 88 0 0 0 0 0 0 0 0 16
16 0 0 0 0 0 0 127 51 0;
egregore_data 0 0 0 0 0 0 127 0 0 0 0 0 0 0 0 127 38 1 0 0 0 0 0 0
0 0 0 6 0 127 0 0 0 127 78 0 0 0 127 0 0 30 127 0 0 0 70 0 0 0 0 127
34 0 53 99 83 0 0 0 0 32 0 0 21 0 40 0 0 127 88 0 0 0 0 0 0 0 0 16
16 0 0 0 0 0 0 127 51 0;
egregore_data 1 0 0 0 0 0 127 0 0 0 0 0 0 0 0 127 38 1 0 0 0 0 0 0
0 0 0 6 0 127 0 0 0 127 78 0 0 0 127 0 0 30 127 0 0 0 70 0 0 0 0 127
34 0 53 99 83 0 0 0 0 32 0 0 21 0 40 0 0 127 88 0 0 0 0 0 0 0 0 16
16 0 0 0 0 0 0 127 51 0;
egregore_data 1 0 0 0 0 0 127 0 0 0 0 0 0 0 0 127 38 1 0 0 0 0 0 0
0 0 0 6 0 127 0 0 0 127 78 0 0 0 127 0 0 30 127 0 0 0 70 0 0 0 0 127
34 0 53 99 83 0 0 0 0 32 0 0 21 0 40 0 0 127 88 0 0 0 0 0 0 0 0 16
16 0 0 0 0 0 0 127 51 0;
egregore_data 1 1 0 0 0 0 127 0 0 0 0 0 0 0 0 127 38 1 0 0 0 0 0 0
0 0 0 6 0 127 0 0 0 127 78 0 0 0 127 0 0 30 127 0 0 0 70 0 0 0 0 127
34 0 53 99 83 0 0 0 0 32 0 0 21 0 40 0 0 127 88 0 0 0 0 0 0 0 0 16
16 0 0 0 0 0 0 127 51 0;
egregore_data 1 1 0 0 0 0 127 0 0 0 0 0 0 0 0 127 38 1 0 0 0 0 0 0
0 0 0 6 0 127 0 0 0 127 78 0 0 0 127 0 0 30 127 0 0 0 70 0 0 0 0 127
34 0 53 99 83 0 0 0 0 32 0 0 21 0 40 0 0 127 88 0 0 0 0 0 0 0 0 16
16 0 0 0 0 0 0 127 51 0;
egregore_data 1 1 0 0 0 0 127 0 0 0 0 0 0 0 0 127 38 1 0 0 0 0 0 0
0 0 0 6 0 127 0 0 0 127 78 0 0 0 127 0 0 30 127 0 0 0 70 0 0 0 0 127
34 0 53 99 83 0 0 0 0 32 0 0 21 0 40 0 0 127 88 0 0 0 0 0 0 0 0 16
16 0 0 0 0 0 0 127 51 0;
egregore_data 1 2 0 0 0 0 127 0 0 0 0 0 0 0 0 127 38 1 0 0 0 0 0 0
0 0 0 6 0 127 0 0 0 127 78 0 0 0 127 0 0 30 127 0 0 0 70 0 0 0 0 127
34 0 53 99 83 0 0 0 0 32 0 0 21 0 40 0 0 127 88 0 0 0 0 0 0 0 0 16
16 0 0 0 0 0 0 127 51 0;
egregore_data 3 3 0 0 0 0 127 0 0 0 0 0 0 0 0 127 38 1 0 0 0 0 0 0
0 0 0 6 0 127 0 0 0 127 78 0 0 0 127 0 0 30 127 0 0 0 70 0 0 0 0 127
34 0 53 99 83 0 0 0 0 32 0 0 21 0 40 0 0 127 88 0 0 0 0 0 0 0 0 16
16 0 0 0 0 0 0 127 51 0;
egregore_data 3 3 0 0 0 0 127 0 0 0 0 0 0 0 0 127 38 1 0 0 0 0 0 0
0 0 0 6 0 127 0 0 0 127 78 0 0 0 127 0 0 30 127 0 0 0 70 0 0 0 0 127
34 0 53 99 83 0 0 0 0 32 0 0 21 0 40 0 0 127 88 0 0 0 0 0 0 0 0 16
16 0 0 0 0 0 0 127 51 0;
egregore_data 3 3 0 0 0 0 127 0 0 0 0 0 0 0 0 127 38 1 0 0 0 0 0 0
0 0 0 6 0 127 0 0 0 127 78 0 0 0 127 0 0 30 127 0 0 0 70 0 0 0 0 127
34 0 53 99 83 0 0 0 0 32 0 0 21 0 40 0 0 127 88 0 0 0 0 0 0 0 0 16
16 0 0 0 0 0 0 127 51 0;
egregore_data 3 4 0 0 0 0 127 0 0 0 0 0 0 0 0 127 38 1 0 0 0 0 0 0
0 0 0 6 0 127 0 0 0 127 78 0 0 0 127 0 0 30 127 0 0 0 70 0 0 0 0 127
34 0 53 99 83 0 0 0 0 32 0 0 21 0 40 0 0 127 88 0 0 0 0 0 0 0 0 16
16 0 0 0 0 0 0 127 51 0;
egregore_data 4 5 0 0 0 0 127 0 0 0 0 0 0 0 0 127 38 1 0 0 0 0 0 0
0 0 0 6 0 127 0 0 0 127 78 0 0 0 127 0 0 30 127 0 0 0 70 0 0 0 0 127
34 0 53 99 83 0 0 0 0 32 0 0 21 0 40 0 0 127 88 0 0 0 0 0 0 0 0 16
16 0 0 0 0 0 0 127 51 0;
egregore_data 4 5 0 0 0 0 127 0 0 0 0 0 0 0 0 127 38 1 0 0 0 0 0 0
0 0 0 6 0 127 0 0 0 127 78 0 0 0 127 0 0 30 127 0 0 0 70 0 0 0 0 127
34 0 53 99 83 0 0 0 0 32 0 0 21 0 40 0 0 127 88 0 0 0 0 0 0 0 0 16
16 0 0 0 0 0 0 127 51 0;
egregore_data 4 5 0 0 0 0 127 0 0 0 0 0 0 0 0 127 38 1 0 0 0 0 0 0
0 0 0 6 0 127 0 0 0 127 78 0 0 0 127 0 0 30 127 0 0 0 70 0 0 0 0 127
34 0 53 99 83 0 0 0 0 32 0 0 21 0 40 0 0 127 88 0 0 0 0 0 0 0 0 16
16 0 0 0 0 0 0 127 51 0;
egregore_data 4 5 0 0 0 0 127 0 0 0 0 0 0 0 0 127 38 1 0 0 0 0 0 0
0 0 0 6 0 127 0 0 0 127 78 0 0 0 127 0 0 30 127 0 0 0 70 0 0 0 0 127
34 0 53 99 83 0 0 0 0 32 0 0 21 0 40 0 0 127 88 0 0 0 0 0 0 0 0 16
16 0 0 0 0 0 0 127 51 0;
egregore_data 5 7 0 0 0 0 127 0 0 0 0 0 0 0 0 127 38 1 0 0 0 0 0 0
0 0 0 6 0 127 0 0 0 127 78 0 0 0 127 0 0 30 127 0 0 0 70 0 0 0 0 127
34 0 53 99 83 0 0 0 0 32 0 0 21 0 40 0 0 127 88 0 0 0 0 0 0 0 0 16
16 0 0 0 0 0 0 127 51 0;
egregore_data 5 7 0 0 0 0 127 0 0 0 0 0 0 0 0 127 38 1 0 0 0 0 0 0
0 0 0 6 0 127 0 0 0 127 78 0 0 0 127 0 0 30 127 0 0 0 70 0 0 0 0 127
34 0 53 99 83 0 0 0 0 32 0 0 21 0 40 0 0 127 88 0 0 0 0 0 0 0 0 16
16 0 0 0 0 0 0 127 51 0;
egregore_data 5 7 0 0 0 0 127 0 0 0 0 0 0 0 0 127 38 1 0 0 0 0 0 0
0 0 0 6 0 127 0 0 0 127 78 0 0 0 127 0 0 30 127 0 0 0 70 0 0 0 0 127
34 0 53 99 83 0 0 0 0 32 0 0 21 0 40 0 0 127 88 0 0 0 0 0 0 0 0 16
16 0 0 0 0 0 0 127 51 0;
egregore_data 5 8 0 0 0 0 127 0 0 0 0 0 0 0 0 127 38 1 0 0 0 0 0 0
0 0 0 6 0 127 0 0 0 127 78 0 0 0 127 0 0 30 127 0 0 0 70 0 0 0 0 127
34 0 53 99 83 0 0 0 0 32 0 0 21 0 40 0 0 127 88 0 0 0 0 0 0 0 0 16
16 0 0 0 0 0 0 127 51 0;
egregore_data 5 8 0 0 0 0 127 0 0 0 0 0 0 0 0 127 38 1 0 0 0 0 0 0
0 0 0 6 0 127 0 0 0 127 78 0 0 0 127 0 0 30 127 0 0 0 70 0 0 0 0 127
34 0 53 99 83 0 0 0 0 32 0 0 21 0 40 0 0 127 88 0 0 0 0 0 0 0 0 16
16 0 0 0 0 0 0 127 51 0;
egregore_data 5 8 0 0 0 0 127 0 0 0 0 0 0 0 0 127 38 1 0 0 0 0 0 0
0 0 0 6 0 127 0 0 0 127 78 0 0 0 127 0 0 30 127 0 0 0 70 0 0 0 0 127
34 0 53 99 83 0 0 0 0 32 0 0 21 0 40 0 0 127 88 0 0 0 0 0 0 0 0 16
16 0 0 0 0 0 0 127 51 0;
egregore_data 7 8 0 0 0 0 127 0 0 0 0 0 0 0 0 127 38 1 0 0 0 0 0 0
0 0 0 6 0 127 0 0 0 127 78 0 0 0 127 0 0 30 127 0 0 0 70 0 0 0 0 127
34 0 53 99 83 0 0 0 0 32 0 0 21 0 40 0 0 127 88 0 0 0 0 0 0 0 0 16
16 0 0 0 0 0 0 127 51 0;
egregore_data 8 8 0 0 0 0 127 0 0 0 0 0 0 0 0 127 38 1 0 0 0 0 0 0
0 0 0 6 0 127 0 0 0 127 78 0 0 0 127 0 0 30 127 0 0 0 70 0 0 0 0 127
34 0 53 99 83 0 0 0 0 32 0 0 21 0 40 0 0 127 88 0 0 0 0 0 0 0 0 16
16 0 0 0 0 0 0 127 51 0;
egregore_data 8 9 0 0 0 0 127 0 0 0 0 0 0 0 0 127 38 1 0 0 0 0 0 0
0 0 0 6 0 127 0 0 0 127 78 0 0 0 127 0 0 30 127 0 0 0 70 0 0 0 0 127
34 0 53 99 83 0 0 0 0 32 0 0 21 0 40 0 0 127 88 0 0 0 0 0 0 0 0 16
16 0 0 0 0 0 0 127 51 0;
egregore_data 8 9 0 0 0 0 127 0 0 0 0 0 0 0 0 127 38 1 0 0 0 0 0 0
0 0 0 6 0 127 0 0 0 127 78 0 0 0 127 0 0 30 127 0 0 0 70 0 0 0 0 127
34 0 53 99 83 0 0 0 0 32 0 0 21 0 40 0 0 127 88 0 0 0 0 0 0 0 0 16
16 0 0 0 0 0 0 127 51 0;
egregore_data 9 10 0 0 0 0 127 0 0 0 0 0 0 0 0 127 38 1 0 0 0 0 0 0
0 0 0 6 0 127 0 0 0 127 78 0 0 0 127 0 0 30 127 0 0 0 70 0 0 0 0 127
34 0 53 99 83 0 0 0 0 32 0 0 21 0 40 0 0 127 88 0 0 0 0 0 0 0 0 16
16 0 0 0 0 0 0 127 51 0;
egregore_data 9 10 0 0 0 0 127 0 0 0 0 0 0 0 0 127 38 1 0 0 0 0 0 0
0 0 0 6 0 127 0 0 0 127 78 0 0 0 127 0 0 30 127 0 0 0 70 0 0 0 0 127
34 0 53 99 83 0 0 0 0 32 0 0 21 0 40 0 0 127 88 0 0 0 0 0 0 0 0 16
16 0 0 0 0 0 0 127 51 0;
egregore_data 9 10 0 0 0 0 127 0 0 0 0 0 0 0 0 127 38 1 0 0 0 0 0 0
0 0 0 6 0 127 0 0 0 127 78 0 0 0 127 0 0 30 127 0 0 0 70 0 0 0 0 127
34 0 53 99 83 0 0 0 0 32 0 0 21 0 40 0 0 127 88 0 0 0 0 0 0 0 0 16
16 0 0 0 0 0 0 127 51 0;
egregore_data 9 11 0 0 0 0 127 0 0 0 0 0 0 0 0 127 38 1 0 0 0 0 0 0
0 0 0 6 0 127 0 0 0 127 78 0 0 0 127 0 0 30 127 0 0 0 70 0 0 0 0 127
34 0 53 99 83 0 0 0 0 32 0 0 21 0 40 0 0 127 88 0 0 0 0 0 0 0 0 16
16 0 0 0 0 0 0 127 51 0;
egregore_data 10 11 0 0 0 0 127 0 0 0 0 0 0 0 0 127 38 1 0 0 0 0 0
0 0 0 0 6 0 127 0 0 0 127 78 0 0 0 127 0 0 30 127 0 0 0 70 0 0 0 0
127 34 0 53 99 83 0 0 0 0 32 0 0 21 0 40 0 0 127 88 0 0 0 0 0 0 0 0
16 16 0 0 0 0 0 0 127 51 0;
egregore_data 10 11 0 0 0 0 127 0 0 0 0 0 0 0 0 127 38 1 0 0 0 0 0
0 0 0 0 6 0 127 0 0 0 127 78 0 0 0 127 0 0 30 127 0 0 0 70 0 0 0 0
127 34 0 53 99 83 0 0 0 0 32 0 0 21 0 40 0 0 127 88 0 0 0 0 0 0 0 0
16 16 0 0 0 0 0 0 127 51 0;
egregore_data 11 13 0 0 0 0 127 0 0 0 0 0 0 0 0 127 38 1 0 0 0 0 0
0 0 0 0 6 0 127 0 0 0 127 78 0 0 0 127 0 0 30 127 0 0 0 70 0 0 0 0
127 34 0 53 99 83 0 0 0 0 32 0 0 21 0 40 0 0 127 88 0 0 0 0 0 0 0 0
16 16 0 0 0 0 0 0 127 51 0;
egregore_data 11 13 0 0 0 0 127 0 0 0 0 0 0 0 0 127 38 1 0 0 0 0 0
0 0 0 0 6 0 127 0 0 0 127 78 0 0 0 127 0 0 30 127 0 0 0 70 0 0 0 0
127 34 0 53 99 83 0 0 0 0 32 0 0 21 0 40 0 0 127 88 0 0 0 0 0 0 0 0
16 16 0 0 0 0 0 0 127 51 0;
egregore_data 11 14 0 0 0 0 127 0 0 0 0 0 0 0 0 127 38 1 0 0 0 0 0
0 0 0 0 6 0 127 0 0 0 127 78 0 0 0 127 0 0 30 127 0 0 0 70 0 0 0 0
127 34 0 53 99 83 0 0 0 0 32 0 0 21 0 40 0 0 127 88 0 0 0 0 0 0 0 0
16 16 0 0 0 0 0 0 127 51 0;
egregore_data 13 14 0 0 0 0 127 0 0 0 0 0 0 0 0 127 38 1 0 0 0 0 0
0 0 0 0 6 0 127 0 0 0 127 78 0 0 0 127 0 0 30 127 0 0 0 70 0 0 0 0
127 34 0 53 99 83 0 0 0 0 32 0 0 21 0 40 0 0 127 88 0 0 0 0 0 0 0 0
16 16 0 0 0 0 0 0 127 51 0;
egregore_data 13 15 0 0 0 0 127 0 0 0 0 0 0 0 0 127 38 1 0 0 0 0 0
0 0 0 0 6 0 127 0 0 0 127 78 0 0 0 127 0 0 30 127 0 0 0 70 0 0 0 0
127 34 0 53 99 83 0 0 0 0 32 0 0 21 0 40 0 0 127 88 0 0 0 0 0 0 0 0
16 16 0 0 0 0 0 0 127 51 0;
egregore_data 14 16 0 0 0 0 127 0 0 0 0 0 0 0 0 127 38 1 0 0 0 0 0
0 0 0 0 6 0 127 0 0 0 127 78 0 0 0 127 0 0 30 127 0 0 0 70 0 0 0 0
127 34 0 53 99 83 0 0 0 0 32 0 0 21 0 40 0 0 127 88 0 0 0 0 0 0 0 0
16 16 0 0 0 0 0 0 127 51 0;
egregore_data 15 16 0 0 0 0 127 0 0 0 0 0 0 0 0 127 38 1 0 0 0 0 0
0 0 0 0 6 0 127 0 0 0 127 78 0 0 0 127 0 0 30 127 0 0 0 70 0 0 0 0
127 34 0 53 99 83 0 0 0 0 32 0 0 21 0 40 0 0 127 88 0 0 0 0 0 0 0 0
16 16 0 0 0 0 0 0 127 51 0;
egregore_data 15 16 0 0 0 0 127 0 0 0 0 0 0 0 0 127 38 1 0 0 0 0 0
0 0 0 0 6 0 127 0 0 0 127 78 0 0 0 127 0 0 30 127 0 0 0 70 0 0 0 0
127 34 0 53 99 83 0 0 0 0 32 0 0 21 0 40 0 0 127 88 0 0 0 0 0 0 0 0
16 16 0 0 0 0 0 0 127 51 0;
egregore_data 15 16 0 0 0 0 127 0 0 0 0 0 0 0 0 127 38 1 0 0 0 0 0
0 0 0 0 6 0 127 0 0 0 127 78 0 0 0 127 0 0 30 127 0 0 0 70 0 0 0 0
127 34 0 53 99 83 0 0 0 0 32 0 0 21 0 40 0 0 127 88 0 0 0 0 0 0 0 0
16 16 0 0 0 0 0 0 127 51 0;
egregore_data 15 16 0 0 0 0 127 0 0 0 0 0 0 0 0 127 38 1 0 0 0 0 0
0 0 0 0 6 0 127 0 0 0 127 78 0 0 0 127 0 0 30 127 0 0 0 70 0 0 0 0
127 34 0 53 99 83 0 0 0 0 32 0 0 21 0 40 0 0 127 88 0 0 0 0 0 0 0 0
16 16 0 0 0 0 0 0 127 51 0;
egregore_data 15 16 0 0 0 0 127 0 0 0 0 0 0 0 0 127 38 1 0 0 0 0 0
0 0 0 0 6 0 127 0 0 0 127 78 0 0 0 127 0 0 30 127 0 0 0 70 0 0 0 0
127 34 0 53 99 83 0 0 0 0 32 0 0 21 0 40 0 0 127 88 0 0 0 0 0 0 0 0
16 16 0 0 0 0 0 0 127 51 0;
egregore_data 15 16 0 0 0 0 127 0 0 0 0 0 0 0 0 127 38 1 0 0 0 0 0
0 0 0 0 6 0 127 0 0 0 127 78 0 0 0 127 0 0 30 127 0 0 0 70 0 0 0 0
127 34 0 53 99 83 0 0 0 0 32 0 0 21 0 40 0 0 127 88 0 0 0 0 0 0 0 0
16 16 0 0 0 0 0 0 127 51 0;
egregore_data 15 16 0 0 0 0 127 0 0 0 0 0 0 0 0 127 38 1 0 0 0 0 0
0 0 0 0 6 0 127 0 0 0 127 78 0 0 0 127 0 0 30 127 0 0 0 70 0 0 0 0
127 34 0 53 99 83 0 0 0 0 32 0 0 21 0 40 0 0 127 88 0 0 0 0 0 0 0 0
16 16 0 0 0 0 0 0 127 51 0;
egregore_data 15 16 0 0 0 0 127 0 0 0 0 0 0 0 0 127 38 1 0 0 0 0 0
0 0 0 0 6 0 127 0 0 0 127 78 0 0 0 127 0 0 30 127 0 0 0 70 0 0 0 0
127 34 0 53 99 83 0 0 0 0 32 0 0 21 0 40 0 0 127 88 0 0 0 0 0 0 0 0
16 16 0 0 0 0 0 0 127 51 0;
egregore_data 15 16 0 0 0 0 127 0 0 0 0 0 0 0 0 127 38 1 0 0 0 0 0
0 0 0 0 6 0 127 0 0 0 127 78 0 0 0 127 0 0 30 127 0 0 0 70 0 0 0 0
127 34 0 53 99 83 0 0 0 0 32 0 0 21 0 40 0 0 127 88 0 0 0 0 0 0 0 0
16 16 0 0 0 0 0 0 127 51 0;
egregore_data 15 16 0 0 0 0 127 0 0 0 0 0 0 0 0 127 38 1 0 0 0 0 0
0 0 0 0 6 0 127 0 0 0 127 78 0 0 0 127 0 0 30 127 0 0 0 70 0 0 0 0
127 34 0 53 99 83 0 0 0 0 32 0 0 21 0 40 0 0 127 88 0 0 0 0 0 0 0 0
16 16 0 0 0 0 0 0 127 51 0;
egregore_data 15 16 0 0 0 0 127 0 0 0 0 0 0 0 0 127 38 1 0 0 0 0 0
0 0 0 0 6 0 127 0 0 0 127 78 0 0 0 127 0 0 30 127 0 0 0 70 0 0 0 0
127 34 0 53 99 83 0 0 0 0 32 0 0 21 0 40 0 0 127 88 0 0 0 0 0 0 0 0
16 16 0 0 0 0 0 0 127 51 0;
egregore_data 15 16 0 0 0 0 127 0 0 0 0 0 0 0 0 127 38 1 0 0 0 0 0
0 0 0 0 6 0 127 0 0 0 127 78 0 0 0 127 0 0 30 127 0 0 0 70 0 0 0 0
127 34 0 53 99 83 0 0 0 0 32 0 0 21 0 40 0 0 127 88 0 0 0 0 0 0 0 0
16 16 0 0 0 0 0 0 127 51 0;
egregore_data 15 16 0 0 0 0 127 0 0 0 0 0 0 0 0 127 38 1 0 0 0 0 0
0 0 0 0 6 0 127 0 0 0 127 78 0 0 0 127 0 0 30 127 0 0 0 70 0 0 0 0
127 34 0 53 99 83 0 0 0 0 32 0 0 21 0 40 0 0 127 88 0 0 0 0 0 0 0 0
16 16 0 0 0 0 0 0 127 51 0;
egregore_data 15 16 0 0 0 0 127 0 0 0 0 0 0 0 0 127 38 1 0 0 0 0 0
0 0 0 0 6 0 127 0 0 0 127 78 0 0 0 127 0 0 30 127 0 0 0 70 0 0 0 0
127 34 0 53 99 83 0 0 0 0 32 0 0 21 0 40 0 0 127 88 0 0 0 0 0 0 0 0
16 16 0 0 0 0 0 0 127 51 0;
egregore_data 15 16 0 0 0 0 127 0 0 0 0 0 0 0 0 127 38 1 0 0 0 0 0
0 0 0 0 6 0 127 0 0 0 127 78 0 0 0 127 0 0 30 127 0 0 0 70 0 0 0 0
127 34 0 53 99 83 0 0 0 0 32 0 0 21 0 40 0 0 127 88 0 0 0 0 0 0 0 0
16 16 0 0 0 0 0 0 127 51 0;
egregore_data 15 16 0 0 0 0 127 0 0 0 0 0 0 0 0 127 38 1 0 0 0 0 0
0 0 0 0 6 0 127 0 0 0 127 78 0 0 0 127 0 0 30 127 0 0 0 70 0 0 0 0
127 34 0 53 99 83 0 0 0 0 32 0 0 21 0 40 0 0 127 88 0 0 0 0 0 0 0 0
16 16 0 0 0 0 0 0 127 51 0;
egregore_data 15 16 0 0 0 0 127 0 0 0 0 0 0 0 0 127 38 1 0 0 0 0 0
0 0 0 0 6 0 127 0 0 0 127 78 0 0 0 127 0 0 30 127 0 0 0 70 0 0 0 0
127 34 0 53 99 83 0 0 0 0 32 0 0 21 0 40 0 0 127 88 0 0 0 0 0 0 0 0
16 16 0 0 0 0 0 0 127 51 0;
egregore_data 15 16 0 0 0 0 127 0 0 0 0 0 0 0 0 127 38 1 0 0 0 0 0
0 0 0 0 6 0 127 0 0 0 127 78 0 0 0 127 0 0 30 127 0 0 0 70 0 0 0 0
127 34 0 53 99 83 0 0 0 0 32 0 0 21 0 40 0 0 127 88 0 0 0 0 0 0 0 0
16 16 0 0 0 0 0 0 127 51 0;
egregore_data 15 16 0 0 0 0 127 0 0 0 0 0 0 0 0 127 38 1 0 0 0 0 0
0 0 0 0 6 0 127 0 0 0 127 78 0 0 0 127 0 0 30 127 0 0 0 70 0 0 0 0
127 34 0 53 99 83 0 0 0 0 32 0 0 21 0 40 0 0 127 88 0 0 0 0 0 0 0 0
16 16 0 0 0 0 0 0 127 51 0;
egregore_data 15 16 0 0 0 0 127 0 0 0 0 0 0 0 0 127 38 1 0 0 0 0 0
0 0 0 0 6 0 127 0 0 0 127 78 0 0 0 127 0 0 30 127 0 0 0 70 0 0 0 0
127 34 0 53 99 83 0 0 0 0 32 0 0 21 0 40 0 0 127 88 0 0 0 0 0 0 0 0
16 16 0 0 0 0 0 0 127 51 0;
egregore_data 15 16 0 0 0 0 127 0 0 0 0 0 0 0 0 127 38 1 0 0 0 0 0
0 0 0 0 6 0 127 0 0 0 127 78 0 0 0 127 0 0 30 127 0 0 0 70 0 0 0 0
127 34 0 53 99 83 0 0 0 0 32 0 0 21 0 40 0 0 127 88 0 0 0 0 0 0 0 0
16 16 0 0 0 0 0 0 127 51 0;
egregore_data 15 16 0 0 0 0 127 0 0 0 0 0 0 0 0 127 38 1 0 0 0 0 0
0 0 0 0 6 0 127 0 0 0 127 78 0 0 0 127 0 0 30 127 0 0 0 70 0 0 0 0
127 34 0 53 99 83 0 0 0 0 32 0 0 21 0 40 0 0 127 88 0 0 0 0 0 0 0 0
16 16 0 0 0 0 0 0 127 51 0;
egregore_data 15 16 0 0 0 0 127 0 0 0 0 0 0 0 0 127 38 1 0 0 0 0 0
0 0 0 0 6 0 127 0 0 0 127 78 0 0 0 127 0 0 30 127 0 0 0 70 0 0 0 0
127 34 0 53 99 83 0 0 0 0 32 0 0 21 0 40 0 0 127 88 0 0 0 0 0 0 0 0
16 16 0 0 0 0 0 0 127 51 0;
egregore_data 15 16 0 0 0 0 127 0 0 0 0 0 0 0 0 127 38 1 0 0 0 0 0
0 0 0 0 6 0 127 0 0 0 127 78 0 0 0 127 0 0 30 127 0 0 0 70 0 0 0 0
127 34 0 53 99 83 0 0 0 0 32 0 0 21 0 40 0 0 127 88 0 0 0 0 0 0 0 0
16 16 0 0 0 0 0 0 127 51 0;
egregore_data 15 16 0 0 0 0 127 0 0 0 0 0 0 0 0 127 38 1 0 0 0 0 0
0 0 0 0 6 0 127 0 0 0 127 78 0 0 0 127 0 0 30 127 0 0 0 70 0 0 0 0
127 34 0 53 99 83 0 0 0 0 32 0 0 21 0 40 0 0 127 88 0 0 0 0 0 0 0 0
16 16 0 0 0 0 0 0 127 51 0;
END;
