HTTP/1.1 200 OK
Date: Thu, 28 May 2015 12:24:27 GMT
Server: Apache
Last-Modified: Wed, 27 May 2015 19:09:12 GMT
Accept-Ranges: bytes
Content-Length: 24813
Vary: Accept-Encoding
Connection: close
Content-Type: text/plain

chdh_egregore_live_data;
egregore_data 0 0 127 0 0 127 0 0 0 0 0 0 0 0 0 127 38 0 0 0 0 39.4193
0 30.811 0 0 0 0 0 127 0 0 104.685 127 78 1 0 0 127 0 0 30 127 0 0
0 70 0 0 0 0 127 34 0 53 99 83 0 0 0 0 32 0 0 21 0 40 0 0 127 88 0
0 0 0 0 0 0 0 16 16 0 0 0 0 0 0 127 51 0;
egregore_data 0 0 127 0 0 127 0 0 0 0 0 0 0 0 0 127 38 0 0 0 0 39.4193
0 30.811 0 0 0 0 0 127 0 0 104.685 127 78 1 0 0 127 0 0 30 127 0 0
0 70 0 0 0 0 127 34 0 53 99 83 0 0 0 0 32 0 0 21 0 40 0 0 127 88 0
0 0 0 0 0 0 0 16 16 0 0 0 0 0 0 127 51 0;
egregore_data 0 0 127 0 0 127 0 0 0 0 0 0 0 0 0 127 38 0 0 0 0 39.7707
0 31.0118 0 0 0 0 0 127 0 0 105.02 127 78 1 0 0 127 0 0 30 127 0 0
0 70 0 0 0 0 127 34 0 53 99 83 0 0 0 0 32 0 0 21 0 40 0 0 127 88 0
0 0 0 0 0 0 0 16 16 0 0 0 0 0 0 127 51 0;
egregore_data 0 0 127 0 0 127 0 0 0 0 0 0 0 0 0 127 38 0 0 0 0 39.7707
0 31.0118 0 0 0 0 0 127 0 0 105.02 127 78 1 0 0 127 0 0 30 127 0 0
0 70 0 0 0 0 127 34 0 53 99 83 0 0 0 0 32 0 0 21 0 40 0 0 127 88 0
0 0 0 0 0 0 0 16 16 0 0 0 0 0 0 127 51 0;
egregore_data 0 0 127 0 0 127 0 0 0 0 0 0 0 0 0 127 38 0 0 0 0 39.7707
0 31.0118 0 0 0 0 0 127 0 0 105.02 127 78 1 0 0 127 0 0 30 127 0 0
0 70 0 0 0 0 127 34 0 53 99 83 0 0 0 0 32 0 0 21 0 40 0 0 127 88 0
0 0 0 0 0 0 0 16 16 0 0 0 0 0 0 127 51 0;
egregore_data 0 0 127 0 0 127 0 0 0 0 0 0 0 0 0 127 38 0 0 0 0 39.7707
0 31.0118 0 0 0 0 0 127 0 0 105.02 127 78 1 0 0 127 0 0 30 127 0 0
0 70 0 0 0 0 127 34 0 53 99 83 0 0 0 0 32 0 0 21 0 40 0 0 127 88 0
0 0 0 0 0 0 0 16 16 0 0 0 0 0 0 127 51 0;
egregore_data 0 0 127 0 0 127 0 0 0 0 0 0 0 0 0 127 38 0 0 0 0 39.7707
0 31.0118 0 0 0 0 0 127 0 0 105.02 127 78 1 0 0 127 0 0 30 127 0 0
0 70 0 0 0 0 127 34 0 53 99 83 0 0 0 0 32 0 0 21 0 40 0 0 127 88 0
0 0 0 0 0 0 0 16 16 0 0 0 0 0 0 127 51 0;
egregore_data 0 0 127 0 0 127 0 0 0 0 0 0 0 0 0 127 38 0 0 0 0 39.7707
0 31.0118 0 0 0 0 0 127 0 0 105.02 127 78 1 0 0 127 0 0 30 127 0 0
0 70 0 0 0 0 127 34 0 53 99 83 0 0 0 0 32 0 0 21 0 40 0 0 127 88 0
0 0 0 0 0 0 0 16 16 0 0 0 0 0 0 127 51 0;
egregore_data 0 0 127 0 0 127 0 0 0 0 0 0 0 0 0 127 38 0 0 0 0 39.7707
0 31.0118 0 0 0 0 0 127 0 0 105.02 127 78 1 0 0 127 0 0 30 127 0 0
0 70 0 0 0 0 127 34 0 53 99 83 0 0 0 0 32 0 0 21 0 40 0 0 127 88 0
0 0 0 0 0 0 0 16 16 0 0 0 0 0 0 127 51 0;
egregore_data 0 0 127 0 0 127 0 0 0 0 0 0 0 0 0 127 38 0 0 0 0 39.7707
0 31.0118 0 0 0 0 0 127 0 0 105.02 127 78 1 0 0 127 0 0 30 127 0 0
0 70 0 0 0 0 127 34 0 53 99 83 0 0 0 0 32 0 0 21 0 40 0 0 127 88 0
0 0 0 0 0 0 0 16 16 0 0 0 0 0 0 127 51 0;
egregore_data 0 0 127 0 0 127 0 0 0 0 0 0 0 0 0 127 38 0 0 0 0 39.7707
0 31.0118 0 0 0 0 0 127 0 0 105.02 127 78 1 0 0 127 0 0 30 127 0 0
0 70 0 0 0 0 127 34 0 53 99 83 0 0 0 0 32 0 0 21 0 40 0 0 127 88 0
0 0 0 0 0 0 0 16 16 0 0 0 0 0 0 127 51 0;
egregore_data 0 0 127 0 0 127 0 0 0 0 0 0 0 0 0 127 38 0 0 0 0 39.7707
0 31.0118 0 0 0 0 0 127 0 0 105.02 127 78 1 0 0 127 0 0 30 127 0 0
0 70 0 0 0 0 127 34 0 53 99 83 0 0 0 0 32 0 0 21 0 40 0 0 127 88 0
0 0 0 0 0 0 0 16 16 0 0 0 0 0 0 127 51 0;
egregore_data 0 0 127 0 0 127 0 0 0 0 0 0 0 0 0 127 38 0 0 0 0 40.122
0 31.2126 0 0 0 0 0 127 0 0 105.354 127 78 1 0 0 127 0 0 30 127 0 0
0 70 0 0 0 0 127 34 0 53 99 83 0 0 0 0 32 0 0 21 0 40 0 0 127 88 0
0 0 0 0 0 0 0 16 16 0 0 0 0 0 0 127 51 0;
egregore_data 0 0 127 0 0 127 0 0 0 0 0 0 0 0 0 127 38 0 0 0 0 40.122
0 31.2126 0 0 0 0 0 127 0 0 105.354 127 78 1 0 0 127 0 0 30 127 0 0
0 70 0 0 0 0 127 34 0 53 99 83 0 0 0 0 32 0 0 21 0 40 0 0 127 88 0
0 0 0 0 0 0 0 16 16 0 0 0 0 0 0 127 51 0;
egregore_data 0 0 127 0 0 127 0 0 0 0 0 0 0 0 0 127 38 0 0 0 0 40.122
0 31.2126 0 0 0 0 0 127 0 0 105.354 127 78 1 0 0 127 0 0 30 127 0 0
0 70 0 0 0 0 127 34 0 53 99 83 0 0 0 0 32 0 0 21 0 40 0 0 127 88 0
0 0 0 0 0 0 0 16 16 0 0 0 0 0 0 127 51 0;
egregore_data 0 0 127 0 0 127 0 0 0 0 0 0 0 0 0 127 38 0 0 0 0 40.4734
0 31.4134 0 0 0 0 0 127 0 0 105.689 127 78 1 0 0 127 0 0 30 127 0 0
0 70 0 0 0 0 127 34 0 53 99 83 0 0 0 0 32 0 0 21 0 40 0 0 127 88 0
0 0 0 0 0 0 0 16 16 0 0 0 0 0 0 127 51 0;
egregore_data 0 0 127 0 0 127 0 0 0 0 0 0 0 0 0 127 38 0 0 0 0 40.4734
0 31.4134 0 0 0 0 0 127 0 0 105.689 127 78 1 0 0 127 0 0 30 127 0 0
0 70 0 0 0 0 127 34 0 53 99 83 0 0 0 0 32 0 0 21 0 40 0 0 127 88 0
0 0 0 0 0 0 0 16 16 0 0 0 0 0 0 127 51 0;
egregore_data 0 0 127 0 0 127 0 0 0 0 0 0 0 0 0 127 38 0 0 0 0 40.4734
0 31.4134 0 0 0 0 0 127 0 0 105.689 127 78 1 0 0 127 0 0 30 127 0 0
0 70 0 0 0 0 127 34 0 53 99 83 0 0 0 0 32 0 0 21 0 40 0 0 127 88 0
0 0 0 0 0 0 0 16 16 0 0 0 0 0 0 127 51 0;
egregore_data 0 0 127 0 0 127 0 0 0 0 0 0 0 0 0 127 38 0 0 0 0 40.4734
0 31.4134 0 0 0 0 0 127 0 0 105.689 127 78 1 0 0 127 0 0 30 127 0 0
0 70 0 0 0 0 127 34 0 53 99 83 0 0 0 0 32 0 0 21 0 40 0 0 127 88 0
0 0 0 0 0 0 0 16 16 0 0 0 0 0 0 127 51 0;
egregore_data 0 0 127 0 0 127 0 0 0 0 0 0 0 0 0 127 38 0 0 0 0 40.8248
0 31.6142 0 0 0 0 0 127 0 0 106.024 127 78 1 0 0 127 0 0 30 127 0 0
0 70 0 0 0 0 127 34 0 53 99 83 0 0 0 0 32 0 0 21 0 40 0 0 127 88 0
0 0 0 0 0 0 0 16 16 0 0 0 0 0 0 127 51 0;
egregore_data 0 0 127 0 0 127 0 0 0 0 0 0 0 0 0 127 38 0 0 0 0 40.8248
0 31.6142 0 0 0 0 0 127 0 0 106.024 127 78 1 0 0 127 0 0 30 127 0 0
0 70 0 0 0 0 127 34 0 53 99 83 0 0 0 0 32 0 0 21 0 40 0 0 127 88 0
0 0 0 0 0 0 0 16 16 0 0 0 0 0 0 127 51 0;
egregore_data 0 0 127 0 0 127 0 0 0 0 0 0 0 0 0 127 38 0 0 0 0 40.8248
0 31.6142 0 0 0 0 0 127 0 0 106.024 127 78 1 0 0 127 0 0 30 127 0 0
0 70 0 0 0 0 127 34 0 53 99 83 0 0 0 0 32 0 0 21 0 40 0 0 127 88 0
0 0 0 0 0 0 0 16 16 0 0 0 0 0 0 127 51 0;
egregore_data 0 0 127 0 0 127 0 0 0 0 0 0 0 0 0 127 38 0 0 0 0 40.8248
0 31.6142 0 0 0 0 0 127 0 0 106.024 127 78 1 0 0 127 0 0 30 127 0 0
0 70 0 0 0 0 127 34 0 53 99 83 0 0 0 0 32 0 0 21 0 40 0 0 127 88 0
0 0 0 0 0 0 0 16 16 0 0 0 0 0 0 127 51 0;
egregore_data 0 0 127 0 0 127 0 0 0 0 0 0 0 0 0 127 38 0 0 0 0 40.8248
0 31.6142 0 0 0 0 0 127 0 0 106.024 127 78 1 0 0 127 0 0 30 127 0 0
0 70 0 0 0 0 127 34 0 53 99 83 0 0 0 0 32 0 0 21 0 40 0 0 127 88 0
0 0 0 0 0 0 0 16 16 0 0 0 0 0 0 127 51 0;
egregore_data 0 0 127 0 0 127 0 0 0 0 0 0 0 0 0 127 38 0 0 0 0 40.8248
0 31.6142 0 0 0 0 0 127 0 0 106.024 127 78 1 0 0 127 0 0 30 127 0 0
0 70 0 0 0 0 127 34 0 53 99 83 0 0 0 0 32 0 0 21 0 40 0 0 127 88 0
0 0 0 0 0 0 0 16 16 0 0 0 0 0 0 127 51 0;
egregore_data 0 0 127 0 0 127 0 0 0 0 0 0 0 0 0 127 38 0 0 0 0 40.8248
0 31.6142 0 0 0 0 0 127 0 0 106.024 127 78 1 0 0 127 0 0 30 127 0 0
0 70 0 0 0 0 127 34 0 53 99 83 0 0 0 0 32 0 0 21 0 40 0 0 127 88 0
0 0 0 0 0 0 0 16 16 0 0 0 0 0 0 127 51 0;
egregore_data 0 0 127 0 0 127 0 0 0 0 0 0 0 0 0 127 38 0 0 0 0 40.8248
0 31.6142 0 0 0 0 0 127 0 0 106.024 127 78 1 0 0 127 0 0 30 127 0 0
0 70 0 0 0 0 127 34 0 53 99 83 0 0 0 0 32 0 0 21 0 40 0 0 127 88 0
0 0 0 0 0 0 0 16 16 0 0 0 0 0 0 127 51 0;
egregore_data 0 0 127 0 0 127 0 0 0 0 0 0 0 0 0 127 38 0 0 0 0 40.8248
0 31.6142 0 0 0 0 0 127 0 0 106.024 127 78 1 0 0 127 0 0 30 127 0 0
0 70 0 0 0 0 127 34 0 53 99 83 0 0 0 0 32 0 0 21 0 40 0 0 127 88 0
0 0 0 0 0 0 0 16 16 0 0 0 0 0 0 127 51 0;
egregore_data 0 0 127 0 0 127 0 0 0 0 0 0 0 0 0 127 38 0 0 0 0 40.8248
0 31.6142 0 0 0 0 0 127 0 0 106.024 127 78 1 0 0 127 0 0 30 127 0 0
0 70 0 0 0 0 127 34 0 53 99 83 0 0 0 0 32 0 0 21 0 40 0 0 127 88 0
0 0 0 0 0 0 0 16 16 0 0 0 0 0 0 127 51 0;
egregore_data 0 0 127 0 0 127 0 0 0 0 0 0 0 0 0 127 38 0 0 0 0 40.8248
0 31.6142 0 0 0 0 0 127 0 0 106.024 127 78 1 0 0 127 0 0 30 127 0 0
0 70 0 0 0 0 127 34 0 53 99 83 0 0 0 0 32 0 0 21 0 40 0 0 127 88 0
0 0 0 0 0 0 0 16 16 0 0 0 0 0 0 127 51 0;
egregore_data 0 0 127 0 0 127 0 0 0 0 0 0 0 0 0 127 38 0 0 0 0 40.8248
0 31.6142 0 0 0 0 0 127 0 0 106.024 127 78 1 0 0 127 0 0 30 127 0 0
0 70 0 0 0 0 127 34 0 53 99 83 0 0 0 0 32 0 0 21 0 40 0 0 127 88 0
0 0 0 0 0 0 0 16 16 0 0 0 0 0 0 127 51 0;
egregore_data 0 0 127 0 0 127 0 0 0 0 0 0 0 0 0 127 38 0 0 0 0 40.8248
0 31.6142 0 0 0 0 0 127 0 0 106.024 127 78 1 0 0 127 0 0 30 127 0 0
0 70 0 0 0 0 127 34 0 53 99 83 0 0 0 0 32 0 0 21 0 40 0 0 127 88 0
0 0 0 0 0 0 0 16 16 0 0 0 0 0 0 127 51 0;
egregore_data 0 0 127 0 0 127 0 0 0 0 0 0 0 0 0 127 38 0 0 0 0 40.8248
0 31.6142 0 0 0 0 0 127 0 0 106.024 127 78 1 0 0 127 0 0 30 127 0 0
0 70 0 0 0 0 127 34 0 53 99 83 0 0 0 0 32 0 0 21 0 40 0 0 127 88 0
0 0 0 0 0 0 0 16 16 0 0 0 0 0 0 127 51 0;
egregore_data 0 0 127 0 0 127 0 0 0 0 0 0 0 0 0 127 38 0 0 0 0 40.8248
0 31.6142 0 0 0 0 0 127 0 0 106.024 127 78 1 0 0 127 0 0 30 127 0 0
0 70 0 0 0 0 127 34 0 53 99 83 0 0 0 0 32 0 0 21 0 40 0 0 127 88 0
0 0 0 0 0 0 0 16 16 0 0 0 0 0 0 127 51 0;
egregore_data 0 0 127 0 0 127 0 0 0 0 0 0 0 0 0 127 38 0 0 0 0 40.8248
0 31.6142 0 0 0 0 0 127 0 0 106.024 127 78 1 0 0 127 0 0 30 127 0 0
0 70 0 0 0 0 127 34 0 53 99 83 0 0 0 0 32 0 0 21 0 40 0 0 127 88 0
0 0 0 0 0 0 0 16 16 0 0 0 0 0 0 127 51 0;
egregore_data 0 0 127 0 0 127 0 0 0 0 0 0 0 0 0 127 38 0 0 0 0 40.8248
0 31.6142 0 0 0 0 0 127 0 0 106.024 127 78 1 0 0 127 0 0 30 127 0 0
0 70 0 0 0 0 127 34 0 53 99 83 0 0 0 0 32 0 0 21 0 40 0 0 127 88 0
0 0 0 0 0 0 0 16 16 0 0 0 0 0 0 127 51 0;
egregore_data 0 0 127 0 0 127 0 0 0 0 0 0 0 0 0 127 38 0 0 0 0 40.8248
0 31.6142 0 0 0 0 0 127 0 0 106.024 127 78 1 0 0 127 0 0 30 127 0 0
0 70 0 0 0 0 127 34 0 53 99 83 0 0 0 0 32 0 0 21 0 40 0 0 127 88 0
0 0 0 0 0 0 0 16 16 0 0 0 0 0 0 127 51 0;
egregore_data 0 0 127 0 0 127 0 0 0 0 0 0 0 0 0 127 38 0 0 0 0 40.8248
0 31.6142 0 0 0 0 0 127 0 0 106.024 127 78 1 0 0 127 0 0 30 127 0 0
0 70 0 0 0 0 127 34 0 53 99 83 0 0 0 0 32 0 0 21 0 40 0 0 127 88 0
0 0 0 0 0 0 0 16 16 0 0 0 0 0 0 127 51 0;
egregore_data 0 0 127 0 0 127 0 0 0 0 0 0 0 0 0 127 38 0 0 0 0 40.8248
0 31.6142 0 0 0 0 0 127 0 0 106.024 127 78 1 0 0 127 0 0 30 127 0 0
0 70 0 0 0 0 127 34 0 53 99 83 0 0 0 0 32 0 0 21 0 40 0 0 127 88 0
0 0 0 0 0 0 0 16 16 0 0 0 0 0 0 127 51 0;
egregore_data 0 0 127 0 0 127 0 0 0 0 0 0 0 0 0 127 38 0 0 0 0 40.8248
0 31.6142 0 0 0 0 0 127 0 0 106.024 127 78 1 0 0 127 0 0 30 127 0 0
0 70 0 0 0 0 127 34 0 53 99 83 0 0 0 0 32 0 0 21 0 40 0 0 127 88 0
0 0 0 0 0 0 0 16 16 0 0 0 0 0 0 127 51 0;
egregore_data 0 0 127 0 0 127 0 0 0 0 0 0 0 0 0 127 38 0 0 0 0 40.8248
0 31.6142 0 0 0 0 0 127 0 0 106.024 127 78 1 0 0 127 0 0 30 127 0 0
0 70 0 0 0 0 127 34 0 53 99 83 0 0 0 0 32 0 0 21 0 40 0 0 127 88 0
0 0 0 0 0 0 0 16 16 0 0 0 0 0 0 127 51 0;
egregore_data 0 0 127 0 0 127 0 0 0 0 0 0 0 0 0 127 38 0 0 0 0 40.8248
0 31.6142 0 0 0 0 0 127 0 0 106.024 127 78 1 0 0 127 0 0 30 127 0 0
0 70 0 0 0 0 127 34 0 53 99 83 0 0 0 0 32 0 0 21 0 40 0 0 127 88 0
0 0 0 0 0 0 0 16 16 0 0 0 0 0 0 127 51 0;
egregore_data 0 0 127 0 0 127 0 0 0 0 0 0 0 0 0 127 38 0 0 0 0 40.8248
0 31.6142 0 0 0 0 0 127 0 0 106.024 127 78 1 0 0 127 0 0 30 127 0 0
0 70 0 0 0 0 127 34 0 53 99 83 0 0 0 0 32 0 0 21 0 40 0 0 127 88 0
0 0 0 0 0 0 0 16 16 0 0 0 0 0 0 127 51 0;
egregore_data 0 0 127 0 0 127 0 0 0 0 0 0 0 0 0 127 38 0 0 0 0 41.5275
0 32.0157 0 0 0 0 0 127 0 0 106.693 127 78 1 0 0 127 0 0 30 127 0 0
0 70 0 0 0 0 127 34 0 53 99 83 0 0 0 0 32 0 0 21 0 40 0 0 127 88 0
0 0 0 0 0 0 0 16 16 0 0 0 0 0 0 127 51 0;
egregore_data 0 0 127 0 0 127 0 0 0 0 0 0 0 0 0 127 38 0 0 0 0 41.5275
0 32.0157 0 0 0 0 0 127 0 0 106.693 127 78 1 0 0 127 0 0 30 127 0 0
0 70 0 0 0 0 127 34 0 53 99 83 0 0 0 0 32 0 0 21 0 40 0 0 127 88 0
0 0 0 0 0 0 0 16 16 0 0 0 0 0 0 127 51 0;
egregore_data 0 0 127 0 0 127 0 0 0 0 0 0 0 0 0 127 38 0 0 0 0 41.8789
0 32.2165 0 0 0 0 0 127 0 0 107.028 127 78 1 0 0 127 0 0 30 127 0 0
0 70 0 0 0 0 127 34 0 53 99 83 0 0 0 0 32 0 0 21 0 40 0 0 127 88 0
0 0 0 0 0 0 0 16 16 0 0 0 0 0 0 127 51 0;
egregore_data 0 0 127 0 0 127 0 0 0 0 0 0 0 0 0 127 38 0 0 0 0 41.8789
0 32.2165 0 0 0 0 0 127 0 0 107.028 127 78 1 0 0 127 0 0 30 127 0 0
0 70 0 0 0 0 127 34 0 53 99 83 0 0 0 0 32 0 0 21 0 40 0 0 127 88 0
0 0 0 0 0 0 0 16 16 0 0 0 0 0 0 127 51 0;
egregore_data 0 0 127 0 0 127 0 0 0 0 0 0 0 0 0 127 38 0 0 0 0 41.8789
0 32.2165 0 0 0 0 0 127 0 0 107.028 127 78 1 0 0 127 0 0 30 127 0 0
0 70 0 0 0 0 127 34 0 53 99 83 0 0 0 0 32 0 0 21 0 40 0 0 127 88 0
0 0 0 0 0 0 0 16 16 0 0 0 0 0 0 127 51 0;
egregore_data 0 0 127 0 0 127 0 0 0 0 0 0 0 0 0 127 38 0 0 0 0 41.8789
0 32.2165 0 0 0 0 0 127 0 0 107.028 127 78 1 0 0 127 0 0 30 127 0 0
0 70 0 0 0 0 127 34 0 53 99 83 0 0 0 0 32 0 0 21 0 40 0 0 127 88 0
0 0 0 0 0 0 0 16 16 0 0 0 0 0 0 127 51 0;
egregore_data 0 0 127 0 0 127 0 0 0 0 0 0 0 0 0 127 38 0 0 0 0 41.8789
0 32.2165 0 0 0 0 0 127 0 0 107.028 127 78 1 0 0 127 0 0 30 127 0 0
0 70 0 0 0 0 127 34 0 53 99 83 0 0 0 0 32 0 0 21 0 40 0 0 127 88 0
0 0 0 0 0 0 0 16 16 0 0 0 0 0 0 127 51 0;
egregore_data 0 0 127 0 0 127 0 0 0 0 0 0 0 0 0 127 38 0 0 0 0 41.8789
0 32.2165 0 0 0 0 0 127 0 0 107.028 127 78 1 0 0 127 0 0 30 127 0 0
0 70 0 0 0 0 127 34 0 53 99 83 0 0 0 0 32 0 0 21 0 40 0 0 127 88 0
0 0 0 0 0 0 0 16 16 0 0 0 0 0 0 127 51 0;
egregore_data 0 0 127 0 0 127 0 0 0 0 0 0 0 0 0 127 38 0 0 0 0 41.8789
0 32.2165 0 0 0 0 0 127 0 0 107.028 127 78 1 0 0 127 0 0 30 127 0 0
0 70 0 0 0 0 127 34 0 53 99 83 0 0 0 0 32 0 0 21 0 40 0 0 127 88 0
0 0 0 0 0 0 0 16 16 0 0 0 0 0 0 127 51 0;
egregore_data 0 0 127 0 0 127 0 0 0 0 0 0 0 0 0 127 38 0 0 0 0 41.8789
0 32.2165 0 0 0 0 0 127 0 0 107.028 127 78 1 0 0 127 0 0 30 127 0 0
0 70 0 0 0 0 127 34 0 53 99 83 0 0 0 0 32 0 0 21 0 40 0 0 127 88 0
0 0 0 0 0 0 0 16 16 0 0 0 0 0 0 127 51 0;
egregore_data 0 0 127 0 0 127 0 0 0 0 0 0 0 0 0 127 38 0 0 0 0 42.2303
0 32.4173 0 0 0 0 0 127 0 0 107.362 127 78 1 0 0 127 0 0 30 127 0 0
0 70 0 0 0 0 127 34 0 53 99 83 0 0 0 0 32 0 0 21 0 40 0 0 127 88 0
0 0 0 0 0 0 0 16 16 0 0 0 0 0 0 127 51 0;
egregore_data 0 0 127 0 0 127 0 0 0 0 0 0 0 0 0 127 38 0 0 0 0 42.2303
0 32.4173 0 0 0 0 0 127 0 0 107.362 127 78 1 0 0 127 0 0 30 127 0 0
0 70 0 0 0 0 127 34 0 53 99 83 0 0 0 0 32 0 0 21 0 40 0 0 127 88 0
0 0 0 0 0 0 0 16 16 0 0 0 0 0 0 127 51 0;
egregore_data 0 0 127 0 0 127 0 0 0 0 0 0 0 0 0 127 38 0 0 0 0 42.2303
0 32.4173 0 0 0 0 0 127 0 0 107.362 127 78 1 0 0 127 0 0 30 127 0 0
0 70 0 0 0 0 127 34 0 53 99 83 0 0 0 0 32 0 0 21 0 40 0 0 127 88 0
0 0 0 0 0 0 0 16 16 0 0 0 0 0 0 127 51 0;
egregore_data 0 0 127 0 0 127 0 0 0 0 0 0 0 0 0 127 38 0 0 0 0 42.2303
0 32.4173 0 0 0 0 0 127 0 0 107.362 127 78 1 0 0 127 0 0 30 127 0 0
0 70 0 0 0 0 127 34 0 53 99 83 0 0 0 0 32 0 0 21 0 40 0 0 127 88 0
0 0 0 0 0 0 0 16 16 0 0 0 0 0 0 127 51 0;
egregore_data 0 0 127 0 0 127 0 0 0 0 0 0 0 0 0 127 38 0 0 0 0 42.5817
0 32.6181 0 0 0 0 0 127 0 0 107.697 127 78 1 0 0 127 0 0 30 127 0 0
0 70 0 0 0 0 127 34 0 53 99 83 0 0 0 0 32 0 0 21 0 40 0 0 127 88 0
0 0 0 0 0 0 0 16 16 0 0 0 0 0 0 127 51 0;
egregore_data 0 0 127 0 0 127 0 0 0 0 0 0 0 0 0 127 38 0 0 0 0 42.5817
0 32.6181 0 0 0 0 0 127 0 0 107.697 127 78 1 0 0 127 0 0 30 127 0 0
0 70 0 0 0 0 127 34 0 53 99 83 0 0 0 0 32 0 0 21 0 40 0 0 127 88 0
0 0 0 0 0 0 0 16 16 0 0 0 0 0 0 127 51 0;
egregore_data 0 0 127 0 0 127 0 0 0 0 0 0 0 0 0 127 38 0 0 0 0 42.5817
0 32.6181 0 0 0 0 0 127 0 0 107.697 127 78 1 0 0 127 0 0 30 127 0 0
0 70 0 0 0 0 127 34 0 53 99 83 0 0 0 0 32 0 0 21 0 40 0 0 127 88 0
0 0 0 0 0 0 0 16 16 0 0 0 0 0 0 127 51 0;
egregore_data 0 0 127 0 0 127 0 0 0 0 0 0 0 0 0 127 38 0 0 0 0 42.5817
0 32.6181 0 0 0 0 0 127 0 0 107.697 127 78 1 0 0 127 0 0 30 127 0 0
0 70 0 0 0 0 127 34 0 53 99 83 0 0 0 0 32 0 0 21 0 40 0 0 127 88 0
0 0 0 0 0 0 0 16 16 0 0 0 0 0 0 127 51 0;
egregore_data 0 0 127 0 0 127 0 0 0 0 0 0 0 0 0 127 38 0 0 0 0 42.5817
0 32.6181 0 0 0 0 0 127 0 0 107.697 127 78 1 0 0 127 0 0 30 127 0 0
0 70 0 0 0 0 127 34 0 53 99 83 0 0 0 0 32 0 0 21 0 40 0 0 127 88 0
0 0 0 0 0 0 0 16 16 0 0 0 0 0 0 127 51 0;
egregore_data 0 0 127 0 0 127 0 0 0 0 0 0 0 0 0 127 38 0 0 0 0 42.5817
0 32.6181 0 0 0 0 0 127 0 0 107.697 127 78 1 0 0 127 0 0 30 127 0 0
0 70 0 0 0 0 127 34 0 53 99 83 0 0 0 0 32 0 0 21 0 40 0 0 127 88 0
0 0 0 0 0 0 0 16 16 0 0 0 0 0 0 127 51 0;
egregore_data 0 0 127 0 0 127 0 0 0 0 0 0 0 0 0 127 38 0 0 0 0 42.5817
0 32.6181 0 0 0 0 0 127 0 0 107.697 127 78 1 0 0 127 0 0 30 127 0 0
0 70 0 0 0 0 127 34 0 53 99 83 0 0 0 0 32 0 0 21 0 40 0 0 127 88 0
0 0 0 0 0 0 0 16 16 0 0 0 0 0 0 127 51 0;
egregore_data 0 0 127 0 0 127 0 0 0 0 0 0 0 0 0 127 38 0 0 0 0 42.5817
0 32.6181 0 0 0 0 0 127 0 0 107.697 127 78 1 0 0 127 0 0 30 127 0 0
0 70 0 0 0 0 127 34 0 53 99 83 0 0 0 0 32 0 0 21 0 40 0 0 127 88 0
0 0 0 0 0 0 0 16 16 0 0 0 0 0 0 127 51 0;
egregore_data 0 0 127 0 0 127 0 0 0 0 0 0 0 0 0 127 38 0 0 0 0 42.5817
0 32.6181 0 0 0 0 0 127 0 0 107.697 127 78 1 0 0 127 0 0 30 127 0 0
0 70 0 0 0 0 127 34 0 53 99 83 0 0 0 0 32 0 0 21 0 40 0 0 127 88 0
0 0 0 0 0 0 0 16 16 0 0 0 0 0 0 127 51 0;
egregore_data 0 0 127 0 0 127 0 0 0 0 0 0 0 0 0 127 38 0 0 0 0 42.5817
0 32.6181 0 0 0 0 0 127 0 0 107.697 127 78 1 0 0 127 0 0 30 127 0 0
0 70 0 0 0 0 127 34 0 53 99 83 0 0 0 0 32 0 0 21 0 40 0 0 127 88 0
0 0 0 0 0 0 0 16 16 0 0 0 0 0 0 127 51 0;
egregore_data 0 0 127 0 0 127 0 0 0 0 0 0 0 0 0 127 38 0 0 0 0 42.5817
0 32.6181 0 0 0 0 0 127 0 0 107.697 127 78 1 0 0 127 0 0 30 127 0 0
0 70 0 0 0 0 127 34 0 53 99 83 0 0 0 0 32 0 0 21 0 40 0 0 127 88 0
0 0 0 0 0 0 0 16 16 0 0 0 0 0 0 127 51 0;
egregore_data 0 0 127 0 0 127 0 0 0 0 0 0 0 0 0 127 38 0 0 0 0 42.5817
0 32.6181 0 0 0 0 0 127 0 0 107.697 127 78 1 0 0 127 0 0 30 127 0 0
0 70 0 0 0 0 127 34 0 53 99 83 0 0 0 0 32 0 0 21 0 40 0 0 127 88 0
0 0 0 0 0 0 0 16 16 0 0 0 0 0 0 127 51 0;
egregore_data 0 0 127 0 0 127 0 0 0 0 0 0 0 0 0 127 38 0 0 0 0 42.5817
0 32.6181 0 0 0 0 0 127 0 0 107.697 127 78 1 0 0 127 0 0 30 127 0 0
0 70 0 0 0 0 127 34 0 53 99 83 0 0 0 0 32 0 0 21 0 40 0 0 127 88 0
0 0 0 0 0 0 0 16 16 0 0 0 0 0 0 127 51 0;
egregore_data 0 0 127 0 0 127 0 0 0 0 0 0 0 0 0 127 38 0 0 0 0 42.9331
0 32.8189 0 0 0 0 0 127 0 0 108.032 127 78 1 0 0 127 0 0 30 127 0 0
0 70 0 0 0 0 127 34 0 53 99 83 0 0 0 0 32 0 0 21 0 40 0 0 127 88 0
0 0 0 0 0 0 0 16 16 0 0 0 0 0 0 127 51 0;
egregore_data 0 0 127 0 0 127 0 0 0 0 0 0 0 0 0 127 38 0 0 0 0 42.9331
0 32.8189 0 0 0 0 0 127 0 0 108.032 127 78 1 0 0 127 0 0 30 127 0 0
0 70 0 0 0 0 127 34 0 53 99 83 0 0 0 0 32 0 0 21 0 40 0 0 127 88 0
0 0 0 0 0 0 0 16 16 0 0 0 0 0 0 127 51 0;
egregore_data 0 0 127 0 0 127 0 0 0 0 0 0 0 0 0 127 38 0 0 0 0 42.9331
0 32.8189 0 0 0 0 0 127 0 0 108.032 127 78 1 0 0 127 0 0 30 127 0 0
0 70 0 0 0 0 127 34 0 53 99 83 0 0 0 0 32 0 0 21 0 40 0 0 127 88 0
0 0 0 0 0 0 0 16 16 0 0 0 0 0 0 127 51 0;
egregore_data 0 0 127 0 0 127 0 0 0 0 0 0 0 0 0 127 38 0 0 0 0 42.9331
0 32.8189 0 0 0 0 0 127 0 0 108.032 127 78 1 0 0 127 0 0 30 127 0 0
0 70 0 0 0 0 127 34 0 53 99 83 0 0 0 0 32 0 0 21 0 40 0 0 127 88 0
0 0 0 0 0 0 0 16 16 0 0 0 0 0 0 127 51 0;
egregore_data 0 0 127 0 0 127 0 0 0 0 0 0 0 0 0 127 38 0 0 0 0 42.9331
0 32.8189 0 0 0 0 0 127 0 0 108.032 127 78 1 0 0 127 0 0 30 127 0 0
0 70 0 0 0 0 127 34 0 53 99 83 0 0 0 0 32 0 0 21 0 40 0 0 127 88 0
0 0 0 0 0 0 0 16 16 0 0 0 0 0 0 127 51 0;
egregore_data 0 0 127 0 0 127 0 0 0 0 0 0 0 0 0 127 38 0 0 0 0 42.9331
0 32.8189 0 0 0 0 0 127 0 0 108.032 127 78 1 0 0 127 0 0 30 127 0 0
0 70 0 0 0 0 127 34 0 53 99 83 0 0 0 0 32 0 0 21 0 40 0 0 127 88 0
0 0 0 0 0 0 0 16 16 0 0 0 0 0 0 127 51 0;
egregore_data 0 0 127 0 0 127 0 0 0 0 0 0 0 0 0 127 38 0 0 0 0 42.9331
0 32.8189 0 0 0 0 0 127 0 0 108.032 127 78 1 0 0 127 0 0 30 127 0 0
0 70 0 0 0 0 127 34 0 53 99 83 0 0 0 0 32 0 0 21 0 40 0 0 127 88 0
0 0 0 0 0 0 0 16 16 0 0 0 0 0 0 127 51 0;
egregore_data 0 0 127 0 0 127 0 0 0 0 0 0 0 0 0 127 38 0 0 0 0 42.9331
0 32.8189 0 0 0 0 0 127 0 0 108.032 127 78 1 0 0 127 0 0 30 127 0 0
0 70 0 0 0 0 127 34 0 53 99 83 0 0 0 0 32 0 0 21 0 40 0 0 127 88 0
0 0 0 0 0 0 0 16 16 0 0 0 0 0 0 127 51 0;
egregore_data 0 0 127 0 0 127 0 0 0 0 0 0 0 0 0 127 38 0 0 0 0 42.9331
0 32.8189 0 0 0 0 0 127 0 0 108.032 127 78 1 0 0 127 0 0 30 127 0 0
0 70 0 0 0 0 127 34 0 53 99 83 0 0 0 0 32 0 0 21 0 40 0 0 127 88 0
0 0 0 0 0 0 0 16 16 0 0 0 0 0 0 127 51 0;
egregore_data 0 0 127 0 0 127 0 0 0 0 0 0 0 0 0 127 38 0 0 0 0 43.6358
0 33.2205 0 0 0 0 0 127 0 0 108.701 127 78 1 0 0 127 0 0 30 127 0 0
0 70 0 0 0 0 127 34 0 53 99 83 0 0 0 0 32 0 0 21 0 40 0 0 127 88 0
0 0 0 0 0 0 0 16 16 0 0 0 0 0 0 127 51 0;
egregore_data 0 0 127 0 0 127 0 0 0 0 0 0 0 0 0 127 38 0 0 0 0 43.6358
0 33.2205 0 0 0 0 0 127 0 0 108.701 127 78 1 0 0 127 0 0 30 127 0 0
0 70 0 0 0 0 127 34 0 53 99 83 0 0 0 0 32 0 0 21 0 40 0 0 127 88 0
0 0 0 0 0 0 0 16 16 0 0 0 0 0 0 127 51 0;
egregore_data 0 0 127 0 0 127 0 0 0 0 0 0 0 0 0 127 38 0 0 0 0 43.6358
0 33.2205 0 0 0 0 0 127 0 0 108.701 127 78 1 0 0 127 0 0 30 127 0 0
0 70 0 0 0 0 127 34 0 53 99 83 0 0 0 0 32 0 0 21 0 40 0 0 127 88 0
0 0 0 0 0 0 0 16 16 0 0 0 0 0 0 127 51 0;
egregore_data 0 0 127 0 0 127 0 0 0 0 0 0 0 0 0 127 38 0 0 0 0 43.6358
0 33.2205 0 0 0 0 0 127 0 0 108.701 127 78 1 0 0 127 0 0 30 127 0 0
0 70 0 0 0 0 127 34 0 53 99 83 0 0 0 0 32 0 0 21 0 40 0 0 127 88 0
0 0 0 0 0 0 0 16 16 0 0 0 0 0 0 127 51 0;
egregore_data 0 0 127 0 0 127 0 0 0 0 0 0 0 0 0 127 38 0 0 0 0 43.6358
0 33.2205 0 0 0 0 0 127 0 0 108.701 127 78 1 0 0 127 0 0 30 127 0 0
0 70 0 0 0 0 127 34 0 53 99 83 0 0 0 0 32 0 0 21 0 40 0 0 127 88 0
0 0 0 0 0 0 0 16 16 0 0 0 0 0 0 127 51 0;
egregore_data 0 0 127 0 0 127 0 0 0 0 0 0 0 0 0 127 38 0 0 0 0 43.6358
0 33.2205 0 0 0 0 0 127 0 0 108.701 127 78 1 0 0 127 0 0 30 127 0 0
0 70 0 0 0 0 127 34 0 53 99 83 0 0 0 0 32 0 0 21 0 40 0 0 127 88 0
0 0 0 0 0 0 0 16 16 0 0 0 0 0 0 127 51 0;
egregore_data 0 0 127 0 0 127 0 0 0 0 0 0 0 0 0 127 38 0 0 0 0 43.6358
0 33.2205 0 0 0 0 0 127 0 0 108.701 127 78 1 0 0 127 0 0 30 127 0 0
0 70 0 0 0 0 127 34 0 53 99 83 0 0 0 0 32 0 0 21 0 40 0 0 127 88 0
0 0 0 0 0 0 0 16 16 0 0 0 0 0 0 127 51 0;
egregore_data 0 0 127 0 0 127 0 0 0 0 0 0 0 0 0 127 38 0 0 0 0 43.6358
0 33.2205 0 0 0 0 0 127 0 0 108.701 127 78 1 0 0 127 0 0 30 127 0 0
0 70 0 0 0 0 127 34 0 53 99 83 0 0 0 0 32 0 0 21 0 40 0 0 127 88 0
0 0 0 0 0 0 0 16 16 0 0 0 0 0 0 127 51 0;
egregore_data 0 0 127 0 0 127 0 0 0 0 0 0 0 0 0 127 38 0 0 0 0 43.6358
0 33.2205 0 0 0 0 0 127 0 0 108.701 127 78 1 0 0 127 0 0 30 127 0 0
0 70 0 0 0 0 127 34 0 53 99 83 0 0 0 0 32 0 0 21 0 40 0 0 127 88 0
0 0 0 0 0 0 0 16 16 0 0 0 0 0 0 127 51 0;
egregore_data 0 0 127 0 0 127 0 0 0 0 0 0 0 0 0 127 38 0 0 0 0 43.6358
0 33.2205 0 0 0 0 0 127 0 0 108.701 127 78 1 0 0 127 0 0 30 127 0 0
0 70 0 0 0 0 127 34 0 53 99 83 0 0 0 0 32 0 0 21 0 40 0 0 127 88 0
0 0 0 0 0 0 0 16 16 0 0 0 0 0 0 127 51 0;
egregore_data 0 0 127 0 0 127 0 0 0 0 0 0 0 0 0 127 38 0 0 0 0 43.9872
0 33.4213 0 0 0 0 0 127 0 0 109.035 127 78 1 0 0 127 0 0 30 127 0 0
0 70 0 0 0 0 127 34 0 53 99 83 0 0 0 0 32 0 0 21 0 40 0 0 127 88 0
0 0 0 0 0 0 0 16 16 0 0 0 0 0 0 127 51 0;
egregore_data 0 0 127 0 0 127 0 0 0 0 0 0 0 0 0 127 38 0 0 0 0 43.9872
0 33.4213 0 0 0 0 0 127 0 0 109.035 127 78 1 0 0 127 0 0 30 127 0 0
0 70 0 0 0 0 127 34 0 53 99 83 0 0 0 0 32 0 0 21 0 40 0 0 127 88 0
0 0 0 0 0 0 0 16 16 0 0 0 0 0 0 127 51 0;
egregore_data 0 0 127 0 0 127 0 0 0 0 0 0 0 0 0 127 38 0 0 0 0 43.9872
0 33.4213 0 0 0 0 0 127 0 0 109.035 127 78 1 0 0 127 0 0 30 127 0 0
0 70 0 0 0 0 127 34 0 53 99 83 0 0 0 0 32 0 0 21 0 40 0 0 127 88 0
0 0 0 0 0 0 0 16 16 0 0 0 0 0 0 127 51 0;
egregore_data 0 0 127 0 0 127 0 0 0 0 0 0 0 0 0 127 38 0 0 0 0 43.9872
0 33.4213 0 0 0 0 0 127 0 0 109.035 127 78 1 0 0 127 0 0 30 127 0 0
0 70 0 0 0 0 127 34 0 53 99 83 0 0 0 0 32 0 0 21 0 40 0 0 127 88 0
0 0 0 0 0 0 0 16 16 0 0 0 0 0 0 127 51 0;
egregore_data 0 0 127 0 0 127 0 0 0 0 0 0 0 0 0 127 38 0 0 0 0 43.9872
0 33.4213 0 0 0 0 0 127 0 0 109.035 127 78 1 0 0 127 0 0 30 127 0 0
0 70 0 0 0 0 127 34 0 53 99 83 0 0 0 0 32 0 0 21 0 40 0 0 127 88 0
0 0 0 0 0 0 0 16 16 0 0 0 0 0 0 127 51 0;
egregore_data 0 0 127 0 0 127 0 0 0 0 0 0 0 0 0 127 38 0 0 0 0 43.9872
0 33.4213 0 0 0 0 0 127 0 0 109.035 127 78 1 0 0 127 0 0 30 127 0 0
0 70 0 0 0 0 127 34 0 53 99 83 0 0 0 0 32 0 0 21 0 40 0 0 127 88 0
0 0 0 0 0 0 0 16 16 0 0 0 0 0 0 127 51 0;
egregore_data 0 0 127 0 0 127 0 0 0 0 0 0 0 0 0 127 38 0 0 0 0 43.9872
0 33.4213 0 0 0 0 0 127 0 0 109.035 127 78 1 0 0 127 0 0 30 127 0 0
0 70 0 0 0 0 127 34 0 53 99 83 0 0 0 0 32 0 0 21 0 40 0 0 127 88 0
0 0 0 0 0 0 0 16 16 0 0 0 0 0 0 127 51 0;
egregore_data 0 0 127 0 0 127 0 0 0 0 0 0 0 0 0 127 38 0 0 0 0 43.9872
0 33.4213 0 0 0 0 0 127 0 0 109.035 127 78 1 0 0 127 0 0 30 127 0 0
0 70 0 0 0 0 127 34 0 53 99 83 0 0 0 0 32 0 0 21 0 40 0 0 127 88 0
0 0 0 0 0 0 0 16 16 0 0 0 0 0 0 127 51 0;
egregore_data 0 0 127 0 0 127 0 0 0 0 0 0 0 0 0 127 38 0 0 0 0 43.9872
0 33.4213 0 0 0 0 0 127 0 0 109.035 127 78 1 0 0 127 0 0 30 127 0 0
0 70 0 0 0 0 127 34 0 53 99 83 0 0 0 0 32 0 0 21 0 40 0 0 127 88 0
0 0 0 0 0 0 0 16 16 0 0 0 0 0 0 127 51 0;
egregore_data 0 0 127 0 0 127 0 0 0 0 0 0 0 0 0 127 38 0 0 0 0 43.9872
0 33.4213 0 0 0 0 0 127 0 0 109.035 127 78 1 0 0 127 0 0 30 127 0 0
0 70 0 0 0 0 127 34 0 53 99 83 0 0 0 0 32 0 0 21 0 40 0 0 127 88 0
0 0 0 0 0 0 0 16 16 0 0 0 0 0 0 127 51 0;
egregore_data 0 0 127 0 0 127 0 0 0 0 0 0 0 0 0 127 38 0 0 0 0 44.3386
0 33.622 0 0 0 0 0 127 0 0 109.37 127 78 1 0 0 127 0 0 30 127 0 0 0
70 0 0 0 0 127 34 0 53 99 83 0 0 0 0 32 0 0 21 0 40 0 0 127 88 0 0
0 0 0 0 0 0 16 16 0 0 0 0 0 0 127 51 0;
END;
