HTTP/1.1 200 OK
Date: Thu, 28 May 2015 12:25:06 GMT
Server: Apache
Last-Modified: Wed, 27 May 2015 19:22:12 GMT
Accept-Ranges: bytes
Content-Length: 27527
Vary: Accept-Encoding
Connection: close
Content-Type: text/plain

chdh_egregore_live_data;
egregore_data 0 0 127 0 0 127 0 0 0 0 0 0 0 0 0 127 38 0 127 0 0 0
0 0 0 0 0 0 0 100 0 0 127 127 78 0 93 90 68 51 19 127 17 73 0 0 70
0 0 0 127 127 34 1 53.2314 98.6033 82.9339 0 0 0 0 32.4545 0 0 20.6529
0 40.3223 0 0 127 88 1 0 0 0 0 0 0 0 16 16 0 0 0 0 0 0 127 51 0;
egregore_data 0 0 127 0 0 127 0 0 0 0 0 0 0 0 0 127 38 0 127 0 0 0
0 0 0 0 0 0 0 100 0 0 127 127 78 0 93 90 68 51 19 127 17 73 0 0 70
0 0 0 127 127 34 1 53.2314 98.6033 82.9339 0 0 0 0 32.4545 0 0 20.6529
0 40.3223 0 0 127 88 1 0 0 0 0 0 0 0 16 16 0 0 0 0 0 0 127 51 0;
egregore_data 0 0 127 0 0 127 0 0 0 0 0 0 0 0 0 127 38 0 127 0 0 0
0 0 0 0 0 0 0 100 0 0 127 127 78 0 93 90 68 51 19 127 17 73 0 0 70
0 0 0 127 127 34 1 53.2314 98.6033 82.9339 0 0 0 0 32.4545 0 0 20.6529
0 40.3223 0 0 127 88 1 0 0 0 0 0 0 0 16 16 0 0 0 0 0 0 127 51 0;
egregore_data 0 0 127 0 0 127 0 0 0 0 0 0 0 0 0 127 38 0 127 0 0 0
0 0 0 0 0 0 0 100 0 0 127 127 78 0 93 90 68 51 19 127 17 73 0 0 70
0 0 0 127 127 34 1 53.2314 98.6033 82.9339 0 0 0 0 32.4545 0 0 20.6529
0 40.3223 0 0 127 88 1 0 0 0 0 0 0 0 16 16 0 0 0 0 0 0 127 51 0;
egregore_data 0 0 127 0 0 127 0 0 0 0 0 0 0 0 0 127 38 0 127 0 0 0
0 0 0 0 0 0 0 100 0 0 127 127 78 0 93 90 68 51 19 127 17 73 0 0 70
0 0 0 127 127 34 1 53.2314 98.6033 82.9339 0 0 0 0 32.4545 0 0 20.6529
0 40.3223 0 0 127 88 1 0 0 0 0 0 0 0 16 16 0 0 0 0 0 0 127 51 0;
egregore_data 0 0 127 0 0 127 0 0 0 0 0 0 0 0 0 127 38 0 127 0 0 0
0 0 0 0 0 0 0 100 0 0 127 127 78 0 93 90 68 51 19 127 17 73 0 0 70
0 0 0 127 127 34 1 53.2314 98.6033 82.9339 0 0 0 0 32.4545 0 0 20.6529
0 40.3223 0 0 127 88 1 0 0 0 0 0 0 0 16 16 0 0 0 0 0 0 127 51 0;
egregore_data 0 0 127 0 0 127 0 0 0 0 0 0 0 0 0 127 38 0 127 0 0 0
0 0 0 0 0 0 0 100 0 0 127 127 78 0 93 90 68 51 19 127 17 73 0 0 70
0 0 0 127 127 34 1 53.2314 98.6033 82.9339 0 0 0 0 32.4545 0 0 20.6529
0 40.3223 0 0 127 88 1 0 0 0 0 0 0 0 16 16 0 0 0 0 0 0 127 51 0;
egregore_data 0 0 127 0 0 127 0 0 0 0 0 0 0 0 0 127 38 0 127 0 0 0
0 0 0 0 0 0 0 100 0 0 127 127 78 0 93 90 67 51 19 127 17 73 0 0 70
0 0 0 127 127 34 1 53.2314 98.6033 82.9339 0 0 0 0 32.4545 0 0 20.6529
0 40.3223 0 0 127 88 1 0 0 0 0 0 0 0 16 16 0 0 0 0 0 0 127 51 0;
egregore_data 0 0 127 0 0 127 0 0 0 0 0 0 0 0 0 127 38 0 127 0 0 0
0 0 0 0 0 0 0 100 0 0 127 127 78 0 93 90 67 51 19 127 17 73 0 0 70
0 0 0 127 127 34 1 53.2314 98.6033 82.9339 0 0 0 0 32.4545 0 0 20.6529
0 40.3223 0 0 127 88 1 0 0 0 0 0 0 0 16 16 0 0 0 0 0 0 127 51 0;
egregore_data 0 0 127 0 0 127 0 0 0 0 0 0 0 0 0 127 38 0 127 0 0 0
0 0 0 0 0 0 0 100 0 0 127 127 78 0 93 90 67 51 19 127 17 73 0 0 70
0 0 0 127 127 34 1 53.2314 98.6033 82.9339 0 0 0 0 32.4545 0 0 20.6529
0 40.3223 0 0 127 88 1 0 0 0 0 0 0 0 16 16 0 0 0 0 0 0 127 51 0;
egregore_data 0 0 127 0 0 127 0 0 0 0 0 0 0 0 0 127 38 0 127 0 0 0
0 0 0 0 0 0 0 100 0 0 127 127 78 0 93 90 67 51 19 127 17 73 0 0 70
0 0 0 127 127 34 1 53.2314 98.6033 82.9339 0 0 0 0 32.4545 0 0 20.6529
0 40.3223 0 0 127 88 1 0 0 0 0 0 0 0 16 16 0 0 0 0 0 0 127 51 0;
egregore_data 0 0 127 0 0 127 0 0 0 0 0 0 0 0 0 127 38 0 127 0 0 0
0 0 0 0 0 0 0 100 0 0 127 127 78 0 93 90 67 51 19 127 17 73 0 0 70
0 0 0 127 127 34 1 53.2314 98.6033 82.9339 0 0 0 0 32.4545 0 0 20.6529
0 40.3223 0 0 127 88 1 0 0 0 0 0 0 0 16 16 0 0 0 0 0 0 127 51 0;
egregore_data 0 0 127 0 0 127 0 0 0 0 0 0 0 0 0 127 38 0 127 0 0 0
0 0 0 0 0 0 0 100 0 0 127 127 78 0 93 90 67 51 19 127 17 73 0 0 70
0 0 0 127 127 34 1 53.2314 98.6033 82.9339 0 0 0 0 32.4545 0 0 20.6529
0 40.3223 0 0 127 88 1 0 0 0 0 0 0 0 16 16 0 0 0 0 0 0 127 51 0;
egregore_data 0 0 127 0 0 127 0 0 0 0 0 0 0 0 0 127 38 0 127 0 0 0
0 0 0 0 0 0 0 100 0 0 127 127 78 0 93 90 67 51 19 127 17 73 0 0 70
0 0 0 127 127 34 1 53.2314 98.6033 82.9339 0 0 0 0 32.4545 0 0 20.6529
0 40.3223 0 0 127 88 1 0 0 0 0 0 0 0 16 16 0 0 0 0 0 0 127 51 0;
egregore_data 0 0 127 0 0 127 0 0 0 0 0 0 0 0 0 127 38 0 127 0 0 0
0 0 0 0 0 0 0 100 0 0 127 127 78 0 93 90 67 51 19 127 17 73 0 0 70
0 0 0 127 127 34 1 53.2314 98.6033 82.9339 0 0 0 0 32.4545 0 0 20.6529
0 40.3223 0 0 127 88 1 0 0 0 0 0 0 0 16 16 0 0 0 0 0 0 127 51 0;
egregore_data 0 0 127 0 0 127 0 0 0 0 0 0 0 0 0 127 38 0 127 0 0 0
0 0 0 0 0 0 0 100 0 0 127 127 78 0 93 90 66 51 19 127 17 73 0 0 70
0 0 0 127 127 34 1 53.2314 98.6033 82.9339 0 0 0 0 32.4545 0 0 20.6529
0 40.3223 0 0 127 88 1 0 0 0 0 0 0 0 16 16 0 0 0 0 0 0 127 51 0;
egregore_data 0 0 127 0 0 127 0 0 0 0 0 0 0 0 0 127 38 0 127 0 0 0
0 0 0 0 0 0 0 100 0 0 127 127 78 0 93 90 66 51 19 127 17 73 0 0 70
0 0 0 127 127 34 1 53.2314 98.6033 82.9339 0 0 0 0 32.4545 0 0 20.6529
0 40.3223 0 0 127 88 1 0 0 0 0 0 0 0 16 16 0 0 0 0 0 0 127 51 0;
egregore_data 0 0 127 0 0 127 0 0 0 0 0 0 0 0 0 127 38 0 127 0 0 0
0 0 0 0 0 0 0 100 0 0 127 127 78 0 93 90 65 51 19 127 17 73 0 0 70
0 0 0 127 127 34 1 53.2314 98.6033 82.9339 0 0 0 0 32.4545 0 0 20.6529
0 40.3223 0 0 127 88 1 0 0 0 0 0 0 0 16 16 0 0 0 0 0 0 127 51 0;
egregore_data 0 0 127 0 0 127 0 0 0 0 0 0 0 0 0 127 38 0 127 0 0 0
0 0 0 0 0 0 0 100 0 0 127 127 78 0 93 90 65 51 19 127 17 73 0 0 70
0 0 0 127 127 34 1 53.2314 98.6033 82.9339 0 0 0 0 32.4545 0 0 20.6529
0 40.3223 0 0 127 88 1 0 0 0 0 0 0 0 16 16 0 0 0 0 0 0 127 51 0;
egregore_data 0 0 127 0 0 127 0 0 0 0 0 0 0 0 0 127 38 0 127 0 0 0
0 0 0 0 0 0 0 100 0 0 127 127 78 0 93 90 65 51 19 127 17 73 0 0 70
0 0 0 127 127 34 1 53.2314 98.6033 82.9339 0 0 0 0 32.4545 0 0 20.6529
0 40.3223 0 0 127 88 1 0 0 0 0 0 0 0 16 16 0 0 0 0 0 0 127 51 0;
egregore_data 0 0 127 0 0 127 0 0 0 0 0 0 0 0 0 127 38 0 127 0 0 0
0 0 0 0 0 0 0 100 0 0 127 127 78 0 93 90 64 51 19 127 17 73 0 0 70
0 0 0 127 127 34 1 53.2314 98.6033 82.9339 0 0 0 0 32.4545 0 0 20.6529
0 40.3223 0 0 127 88 1 0 0 0 0 0 0 0 16 16 0 0 0 0 0 0 127 51 0;
egregore_data 0 0 127 0 0 127 0 0 0 0 0 0 0 0 0 127 38 0 127 0 0 0
0 0 0 0 0 0 0 100 0 0 127 127 78 0 93 90 64 51 19 127 17 73 0 0 70
0 0 0 127 127 34 1 53.2314 98.6033 82.9339 0 0 0 0 32.4545 0 0 20.6529
0 40.3223 0 0 127 88 1 0 0 0 0 0 0 0 16 16 0 0 0 0 0 0 127 51 0;
egregore_data 0 0 127 0 0 127 0 0 0 0 0 0 0 0 0 127 38 0 127 0 0 0
0 0 0 0 0 0 0 100 0 0 127 127 78 0 93 90 62 51 19 127 17 73 0 0 70
0 0 0 127 127 34 1 53.2314 98.6033 82.9339 0 0 0 0 32.4545 0 0 20.6529
0 40.3223 0 0 127 88 1 0 0 0 0 0 0 0 16 16 0 0 0 0 0 0 127 51 0;
egregore_data 0 0 127 0 0 127 0 0 0 0 0 0 0 0 0 127 38 0 127 0 0 0
0 0 0 0 0 0 0 100 0 0 127 127 78 0 93 90 61 51 19 127 17 73 0 0 70
0 0 0 127 127 34 1 53.4952 98.3564 82.7 0 0 0 0 32.2009 0.476562 0
20.8119 0 40.0073 0 0 127 88 1 0 0 0 0 0 0 0 16 16 0 0 0 0 0 0 127
51 0;
egregore_data 0 0 127 0 0 127 0 0 0 0 0 0 0 0 0 127 38 0 127 0 0 0
0 0 0 0 0 0 0 100 0 0 127 127 78 0 93 90 61 51 19 127 17 73 0 0 70
0 0 0 127 127 34 1 53.4952 98.3564 82.7 0 0 0 0 32.2009 0.476562 0
20.8119 0 40.0073 0 0 127 88 1 0 0 0 0 0 0 0 16 16 0 0 0 0 0 0 127
51 0;
egregore_data 0 0 127 0 0 127 0 0 0 0 0 0 0 0 0 127 38 0 127 0 0 0
0 0 0 0 0 0 0 100 0 0 127 127 78 0 93 90 61 51 19 127 17 73 0 0 70
0 0 0 127 127 34 1 53.4952 98.3564 82.7 0 0 0 0 32.2009 0.476562 0
20.8119 0 40.0073 0 0 127 88 1 0 0 0 0 0 0 0 16 16 0 0 0 0 0 0 127
51 0;
egregore_data 0 0 127 0 0 127 0 0 0 0 0 0 0 0 0 127 38 0 127 0 0 0
0 0 0 0 0 0 0 100 0 0 127 127 78 0 93 90 60 51 19 127 17 73 0 0 70
0 0 0 127 127 34 1 53.4952 98.3564 82.7 0 0 0 0 32.2009 0.476562 0
20.8119 0 40.0073 0 0 127 88 1 0 0 0 0 0 0 0 16 16 0 0 0 0 0 0 127
51 0;
egregore_data 0 0 127 0 0 127 0 0 0 0 0 0 0 0 0 127 38 0 127 0 0 0
0 0 0 0 0 0 0 100 0 0 127 127 78 0 93 90 60 51 19 127 17 73 0 0 70
0 0 0 127 127 34 1 53.4952 98.3564 82.7 0 0 0 0 32.2009 0.476562 0
20.8119 0 40.0073 0 0 127 88 1 0 0 0 0 0 0 0 16 16 0 0 0 0 0 0 127
51 0;
egregore_data 0 0 127 0 0 127 0 0 0 0 0 0 0 0 0 127 38 0 127 0 0 0
0 0 0 0 0 0 0 100 0 0 127 127 78 0 93 90 59 51 19 127 17 73 0 0 70
0 0 0 127 127 34 1 53.4952 98.3564 82.7 0 0 0 0 32.2009 0.476562 0
20.8119 0 40.0073 0 0 127 88 1 0 0 0 0 0 0 0 16 16 0 0 0 0 0 0 127
51 0;
egregore_data 0 0 127 0 0 127 0 0 0 0 0 0 0 0 0 127 38 0 127 0 0 0
0 0 0 0 0 0 0 100 0 0 127 127 78 0 93 90 59 51 19 127 17 73 0 0 70
0 0 0 127 127 34 1 53.7549 98.1133 82.4698 0 0 0 0 31.9513 0.945736
0 20.9684 0 39.6971 0 0 127 88 1 0 0 0 0 0 0 0 16 16 0 0 0 0 0 0 127
51 0;
egregore_data 0 0 127 0 0 127 0 0 0 0 0 0 0 0 0 127 38 0 127 0 0 0
0 0 0 0 0 0 0 100 0 0 127 127 78 0 93 90 59 51 19 127 17 73 0 0 70
0 0 0 127 127 34 1 53.7549 98.1133 82.4698 0 0 0 0 31.9513 0.945736
0 20.9684 0 39.6971 0 0 127 88 1 0 0 0 0 0 0 0 16 16 0 0 0 0 0 0 127
51 0;
egregore_data 0 0 127 0 0 127 0 0 0 0 0 0 0 0 0 127 38 0 127 0 0 0
0 0 0 0 0 0 0 100 0 0 127 127 78 0 93 90 59 51 19 127 17 73 0 0 70
0 0 0 127 127 34 1 53.7549 98.1133 82.4698 0 0 0 0 31.9513 0.945736
0 20.9684 0 39.6971 0 0 127 88 1 0 0 0 0 0 0 0 16 16 0 0 0 0 0 0 127
51 0;
egregore_data 0 0 127 0 0 127 0 0 0 0 0 0 0 0 0 127 38 0 127 0 0 0
0 0 0 0 0 0 0 100 0 0 127 127 78 0 93 90 58 51 19 127 17 73 0 0 70
0 0 0 127 127 34 1 53.7549 98.1133 82.4698 0 0 0 0 31.9513 0.945736
0 20.9684 0 39.6971 0 0 127 88 1 0 0 0 0 0 0 0 16 16 0 0 0 0 0 0 127
51 0;
egregore_data 0 0 127 0 0 127 0 0 0 0 0 0 0 0 0 127 38 0 127 0 0 0
0 0 0 0 0 0 0 100 0 0 127 127 78 0 93 90 58 51 19 127 17 73 0 0 70
0 0 0 127 127 34 1 53.7549 98.1133 82.4698 0 0 0 0 31.9513 0.945736
0 20.9684 0 39.6971 0 0 127 88 1 0 0 0 0 0 0 0 16 16 0 0 0 0 0 0 127
51 0;
egregore_data 0 0 127 0 0 127 0 0 0 0 0 0 0 0 0 127 38 0 127 0 0 0
0 0 0 0 0 0 0 100 0 0 127 127 78 0 93 90 58 51 19 127 17 73 0 0 70
0 0 0 127 127 34 1 53.7549 98.1133 82.4698 0 0 0 0 31.9513 0.945736
0 20.9684 0 39.6971 0 0 127 88 1 0 0 0 0 0 0 0 16 16 0 0 0 0 0 0 127
51 0;
egregore_data 0 0 127 0 0 127 0 0 0 0 0 0 0 0 0 127 38 0 127 0 0 0
0 0 0 0 0 0 0 100 0 0 127 127 78 0 93 90 56 51 19 127 17 73 0 0 70
0 0 0 127 127 34 1 53.7549 98.1133 82.4698 0 0 0 0 31.9513 0.945736
0 20.9684 0 39.6971 0 0 127 88 1 0 0 0 0 0 0 0 16 16 0 0 0 0 0 0 127
51 0;
egregore_data 0 0 127 0 0 127 0 0 0 0 0 0 0 0 0 127 38 0 127 0 0 0
0 0 0 0 0 0 0 100 0 0 127 127 78 0 93 90 56 51 19 127 17 73 0 0 70
0 0 0 127 127 34 1 53.7549 98.1133 82.4698 0 0 0 0 31.9513 0.945736
0 20.9684 0 39.6971 0 0 127 88 1 0 0 0 0 0 0 0 16 16 0 0 0 0 0 0 127
51 0;
egregore_data 0 0 127 0 0 127 0 0 0 0 0 0 0 0 0 127 38 0 127 0 0 0
0 0 0 0 0 0 0 100 0 0 127 127 78 0 93 90 56 51 19 127 17 73 0 0 70
0 0 0 127 127 34 1 53.7549 98.1133 82.4698 0 0 0 0 31.9513 0.945736
0 20.9684 0 39.6971 0 0 127 88 1 0 0 0 0 0 0 0 16 16 0 0 0 0 0 0 127
51 0;
egregore_data 0 0 127 0 0 127 0 0 0 0 0 0 0 0 0 127 38 0 127 0 0 0
0 0 0 0 0 0 0 100 0 0 127 127 78 0 93 90 56 51 19 127 17 73 0 0 70
0 0 0 127 127 34 1 53.7549 98.1133 82.4698 0 0 0 0 31.9513 0.945736
0 20.9684 0 39.6971 0 0 127 88 1 0 0 0 0 0 0 0 16 16 0 0 0 0 0 0 127
51 0;
egregore_data 0 0 127 0 0 127 0 0 0 0 0 0 0 0 0 127 38 0 127 0 0 0
0 0 0 0 0 0 0 100 0 0 127 127 78 0 93 90 56 51 19 127 17 73 0 0 70
0 0 0 127 127 34 1 53.7549 98.1133 82.4698 0 0 0 0 31.9513 0.945736
0 20.9684 0 39.6971 0 0 127 88 1 0 0 0 0 0 0 0 16 16 0 0 0 0 0 0 127
51 0;
egregore_data 0 0 127 0 0 127 0 0 0 0 0 0 0 0 0 127 38 0 127 0 0 0
0 0 0 0 0 0 0 100 0 0 127 127 78 0 93 90 56 51 19 127 17 73 0 0 70
0 0 0 127 127 34 1 53.7549 98.1133 82.4698 0 0 0 0 31.9513 0.945736
0 20.9684 0 39.6971 0 0 127 88 1 0 0 0 0 0 0 0 16 16 0 0 0 0 0 0 127
51 0;
egregore_data 0 0 127 0 0 127 0 0 0 0 0 0 0 0 0 127 38 0 127 0 0 0
0 0 0 0 0 0 0 100 0 0 127 127 78 0 93 90 56 51 19 127 17 73 0 0 70
0 0 0 127 127 34 1 53.7549 98.1133 82.4698 0 0 0 0 31.9513 0.945736
0 20.9684 0 39.6971 0 0 127 88 1 0 0 0 0 0 0 0 16 16 0 0 0 0 0 0 127
51 0;
egregore_data 0 0 127 0 0 127 0 0 0 0 0 0 0 0 0 127 38 0 127 0 0 0
0 0 0 0 0 0 0 100 0 0 127 127 78 0 93 90 56 51 19 127 17 73 0 0 70
0 0 0 127 127 34 1 53.7549 98.1133 82.4698 0 0 0 0 31.9513 0.945736
0 20.9684 0 39.6971 0 0 127 88 1 0 0 0 0 0 0 0 16 16 0 0 0 0 0 0 127
51 0;
egregore_data 0 0 127 0 0 127 0 0 0 0 0 0 0 0 0 127 38 0 127 0 0 0
0 0 0 0 0 0 0 100 0 0 127 127 78 0 93 90 56 51 19 127 17 73 0 0 70
0 0 0 127 127 34 1 53.7549 98.1133 82.4698 0 0 0 0 31.9513 0.945736
0 20.9684 0 39.6971 0 0 127 88 1 0 0 0 0 0 0 0 16 16 0 0 0 0 0 0 127
51 0;
egregore_data 0 0 127 0 0 127 0 0 0 0 0 0 0 0 0 127 38 0 127 0 0 0
0 0 0 0 0 0 0 100 0 0 127 127 78 0 93 90 56 51 19 127 17 73 0 0 70
0 0 0 127 127 34 1 53.7549 98.1133 82.4698 0 0 0 0 31.9513 0.945736
0 20.9684 0 39.6971 0 0 127 88 1 0 0 0 0 0 0 0 16 16 0 0 0 0 0 0 127
51 0;
egregore_data 0 0 127 0 0 127 0 0 0 0 0 0 0 0 0 127 38 0 127 0 0 0
0 0 0 0 0 0 0 100 0 0 127 127 78 0 93 90 56 51 19 127 17 73 0 0 70
0 0 0 127 127 34 1 53.7549 98.1133 82.4698 0 0 0 0 31.9513 0.945736
0 20.9684 0 39.6971 0 0 127 88 1 0 0 0 0 0 0 0 16 16 0 0 0 0 0 0 127
51 0;
egregore_data 0 0 127 0 0 127 0 0 0 0 0 0 0 0 0 127 38 0 127 0 0 0
0 0 0 0 0 0 0 100 0 0 127 127 78 0 93 90 56 51 19 127 17 73 0 0 70
0 0 0 127 127 34 1 53.7549 98.1133 82.4698 0 0 0 0 31.9513 0.945736
0 20.9684 0 39.6971 0 0 127 88 1 0 0 0 0 0 0 0 16 16 0 0 0 0 0 0 127
51 0;
egregore_data 0 0 127 0 0 127 0 0 0 0 0 0 0 0 0 127 38 0 127 0 0 0
0 0 0 0 0 0 0 100 0 0 127 127 78 0 93 90 56 51 19 127 17 73 0 0 70
0 0 0 127 127 34 1 53.7549 98.1133 82.4698 0 0 0 0 31.9513 0.945736
0 20.9684 0 39.6971 0 0 127 88 1 0 0 0 0 0 0 0 16 16 0 0 0 0 0 0 127
51 0;
egregore_data 0 0 127 0 0 127 0 0 0 0 0 0 0 0 0 127 38 0 127 0 0 0
0 0 0 0 0 0 0 100 0 0 127 127 78 0 93 90 56 51 19 127 17 73 0 0 70
0 0 0 127 127 34 1 53.7549 98.1133 82.4698 0 0 0 0 31.9513 0.945736
0 20.9684 0 39.6971 0 0 127 88 1 0 0 0 0 0 0 0 16 16 0 0 0 0 0 0 127
51 0;
egregore_data 0 0 127 0 0 127 0 0 0 0 0 0 0 0 0 127 38 0 127 0 0 0
0 0 0 0 0 0 0 100 0 0 127 127 78 0 93 90 56 51 19 127 17 73 0 0 70
0 0 0 127 127 34 1 53.7549 98.1133 82.4698 0 0 0 0 31.9513 0.945736
0 20.9684 0 39.6971 0 0 127 88 1 0 0 0 0 0 0 0 16 16 0 0 0 0 0 0 127
51 0;
egregore_data 0 0 127 0 0 127 0 0 0 0 0 0 0 0 0 127 38 0 127 0 0 0
0 0 0 0 0 0 0 100 0 0 127 127 78 0 93 90 56 51 19 127 17 73 0 0 70
0 0 0 127 127 34 1 53.7549 98.1133 82.4698 0 0 0 0 31.9513 0.945736
0 20.9684 0 39.6971 0 0 127 88 1 0 0 0 0 0 0 0 16 16 0 0 0 0 0 0 127
51 0;
egregore_data 0 0 127 0 0 127 0 0 0 0 0 0 0 0 0 127 38 0 127 0 0 0
0 0 0 0 0 0 0 100 0 0 127 127 78 0 93 90 56 51 19 127 17 73 0 0 70
0 0 0 127 127 34 1 53.7549 98.1133 82.4698 0 0 0 0 31.9513 0.945736
0 20.9684 0 39.6971 0 0 127 88 1 0 0 0 0 0 0 0 16 16 0 0 0 0 0 0 127
51 0;
egregore_data 0 0 127 0 0 127 0 0 0 0 0 0 0 0 0 127 38 0 127 0 0 0
0 0 0 0 0 0 0 100 0 0 127 127 78 0 93 90 56 51 19 127 17 73 0 0 70
0 0 0 127 127 34 1 53.7549 98.1133 82.4698 0 0 0 0 31.9513 0.945736
0 20.9684 0 39.6971 0 0 127 88 1 0 0 0 0 0 0 0 16 16 0 0 0 0 0 0 127
51 0;
egregore_data 0 0 127 0 0 127 0 0 0 0 0 0 0 0 0 127 38 0 127 0 0 0
0 0 0 0 0 0 0 100 0 0 127 127 78 0 93 90 56 51 19 127 17 73 0 0 70
0 0 0 127 127 34 1 53.7549 98.1133 82.4698 0 0 0 0 31.9513 0.945736
0 20.9684 0 39.6971 0 0 127 88 1 0 0 0 0 0 0 0 16 16 0 0 0 0 0 0 127
51 0;
egregore_data 0 0 127 0 0 127 0 0 0 0 0 0 0 0 0 127 38 0 127 0 0 0
0 0 0 0 0 0 0 100 0 0 127 127 78 0 93 90 56 51 19 127 17 73 0 0 70
0 0 0 127 127 34 1 53.7549 98.1133 82.4698 0 0 0 0 31.9513 0.945736
0 20.9684 0 39.6971 0 0 127 88 1 0 0 0 0 0 0 0 16 16 0 0 0 0 0 0 127
51 0;
egregore_data 0 0 127 0 0 127 0 0 0 0 0 0 0 0 0 127 38 0 127 0 0 0
0 0 0 0 0 0 0 100 0 0 127 127 78 0 93 90 56 51 19 127 17 73 0 0 70
0 0 0 127 127 34 1 53.7549 98.1133 82.4698 0 0 0 0 31.9513 0.945736
0 20.9684 0 39.6971 0 0 127 88 1 0 0 0 0 0 0 0 16 16 0 0 0 0 0 0 127
51 0;
egregore_data 0 0 127 0 0 127 0 0 0 0 0 0 0 0 0 127 38 0 127 0 0 0
0 0 0 0 0 0 0 100 0 0 127 127 78 0 93 90 56 51 19 127 17 73 0 0 70
0 0 0 127 127 34 1 53.7549 98.1133 82.4698 0 0 0 0 31.9513 0.945736
0 20.9684 0 39.6971 0 0 127 88 1 0 0 0 0 0 0 0 16 16 0 0 0 0 0 0 127
51 0;
egregore_data 0 0 127 0 0 127 0 0 0 0 0 0 0 0 0 127 38 0 127 0 0 0
0 0 0 0 0 0 0 100 0 0 127 127 78 0 93 90 56 51 19 127 17 73 0 0 70
0 0 0 127 127 34 1 53.7549 98.1133 82.4698 0 0 0 0 31.9513 0.945736
0 20.9684 0 39.6971 0 0 127 88 1 0 0 0 0 0 0 0 16 16 0 0 0 0 0 0 127
51 0;
egregore_data 0 0 127 0 0 127 0 0 0 0 0 0 0 0 0 127 38 0 127 0 0 0
0 0 0 0 0 0 0 100 0 0 127 127 78 0 93 90 56 51 19 127 17 73 0 0 70
0 0 0 127 127 34 1 53.7549 98.1133 82.4698 0 0 0 0 31.9513 0.945736
0 20.9684 0 39.6971 0 0 127 88 1 0 0 0 0 0 0 0 16 16 0 0 0 0 0 0 127
51 0;
egregore_data 0 0 127 0 0 127 0 0 0 0 0 0 0 0 0 127 38 0 127 0 0 0
0 0 0 0 0 0 0 100 0 0 127 127 78 0 93 90 56 51 19 127 17 73 0 0 70
0 0 0 127 127 34 1 53.7549 98.1133 82.4698 0 0 0 0 31.9513 0.945736
0 20.9684 0 39.6971 0 0 127 88 1 0 0 0 0 0 0 0 16 16 0 0 0 0 0 0 127
51 0;
egregore_data 0 0 127 0 0 127 0 0 0 0 0 0 0 0 0 127 38 0 127 0 0 0
0 0 0 0 0 0 0 100 0 0 127 127 78 0 93 90 56 51 19 127 17 73 0 0 70
0 0 0 127 127 34 1 53.7549 98.1133 82.4698 0 0 0 0 31.9513 0.945736
0 20.9684 0 39.6971 0 0 127 88 1 0 0 0 0 0 0 0 16 16 0 0 0 0 0 0 127
51 0;
egregore_data 0 0 127 0 0 127 0 0 0 0 0 0 0 0 0 127 38 0 127 0 0 0
0 0 0 0 0 0 0 100 0 0 127 127 78 0 93 90 56 51 19 127 17 73 0 0 70
0 0 0 127 127 34 1 53.7549 98.1133 82.4698 0 0 0 0 31.9513 0.945736
0 20.9684 0 39.6971 0 0 127 88 1 0 0 0 0 0 0 0 16 16 0 0 0 0 0 0 127
51 0;
egregore_data 0 0 127 0 0 127 0 0 0 0 0 0 0 0 0 127 38 0 127 0 0 0
0 0 0 0 0 0 0 100 0 0 127 127 78 0 93 90 56 51 19 127 17 73 0 0 70
0 0 0 127 127 34 1 53.7549 98.1133 82.4698 0 0 0 0 31.9513 0.945736
0 20.9684 0 39.6971 0 0 127 88 1 0 0 0 0 0 0 0 16 16 0 0 0 0 0 0 127
51 0;
egregore_data 0 0 127 0 0 127 0 0 0 0 0 0 0 0 0 127 38 0 127 0 0 0
0 0 0 0 0 0 0 100 0 0 127 127 78 0 93 90 56 51 19 127 17 73 0 0 70
0 0 0 127 127 34 1 53.7549 98.1133 82.4698 0 0 0 0 31.9513 0.945736
0 20.9684 0 39.6971 0 0 127 88 1 0 0 0 0 0 0 0 16 16 0 0 0 0 0 0 127
51 0;
egregore_data 0 0 127 0 0 127 0 0 0 0 0 0 0 0 0 127 38 0 127 0 0 0
0 0 0 0 0 0 0 100 0 0 127 127 78 0 93 90 56 51 19 127 17 73 0 0 70
0 0 0 127 127 34 1 53.7549 98.1133 82.4698 0 0 0 0 31.9513 0.945736
0 20.9684 0 39.6971 0 0 127 88 1 0 0 0 0 0 0 0 16 16 0 0 0 0 0 0 127
51 0;
egregore_data 0 0 127 0 0 127 0 0 0 0 0 0 0 0 0 127 38 0 127 0 0 0
0 0 0 0 0 0 0 100 0 0 127 127 78 0 93 90 56 51 19 127 17 73 0 0 70
0 0 0 127 127 34 1 53.7549 98.1133 82.4698 0 0 0 0 31.9513 0.945736
0 20.9684 0 39.6971 0 0 127 88 1 0 0 0 0 0 0 0 16 16 0 0 0 0 0 0 127
51 0;
egregore_data 0 0 127 0 0 127 0 0 0 0 0 0 0 0 0 127 38 0 127 0 0 0
0 0 0 0 0 0 0 100 0 0 127 127 78 0 93 90 56 51 19 127 17 73 0 0 70
0 0 0 127 127 34 1 53.7549 98.1133 82.4698 0 0 0 0 31.9513 0.945736
0 20.9684 0 39.6971 0 0 127 88 1 0 0 0 0 0 0 0 16 16 0 0 0 0 0 0 127
51 0;
egregore_data 0 0 127 0 0 127 0 0 0 0 0 0 0 0 0 127 38 0 127 0 0 0
0 0 0 0 0 0 0 100 0 0 127 127 78 0 93 90 56 51 19 127 17 73 0 0 70
0 0 0 127 127 34 1 53.7549 98.1133 82.4698 0 0 0 0 31.9513 0.945736
0 20.9684 0 39.6971 0 0 127 88 1 0 0 0 0 0 0 0 16 16 0 0 0 0 0 0 127
51 0;
egregore_data 0 0 127 0 0 127 0 0 0 0 0 0 0 0 0 127 38 0 127 0 0 0
0 0 0 0 0 0 0 100 0 0 127 127 78 0 93 90 56 51 19 127 17 73 0 0 70
0 0 0 127 127 34 1 53.7549 98.1133 82.4698 0 0 0 0 31.9513 0.945736
0 20.9684 0 39.6971 0 0 127 88 1 0 0 0 0 0 0 0 16 16 0 0 0 0 0 0 127
51 0;
egregore_data 0 0 127 0 0 127 0 0 0 0 0 0 0 0 0 127 38 0 127 0 0 0
0 0 0 0 0 0 0 100 0 0 127 127 78 0 93 90 56 51 19 127 17 73 0 0 70
0 0 0 127 127 34 1 53.7549 98.1133 82.4698 0 0 0 0 31.9513 0.945736
0 20.9684 0 39.6971 0 0 127 88 1 0 0 0 0 0 0 0 16 16 0 0 0 0 0 0 127
51 0;
egregore_data 0 0 127 0 0 127 0 0 0 0 0 0 0 0 0 127 38 0 127 0 0 0
0 0 0 0 0 0 0 100 0 0 127 127 78 0 93 90 56 51 19 127 17 73 0 0 70
0 0 0 127 127 34 1 53.7549 98.1133 82.4698 0 0 0 0 31.9513 0.945736
0 20.9684 0 39.6971 0 0 127 88 1 0 0 0 0 0 0 0 16 16 0 0 0 0 0 0 127
51 0;
egregore_data 0 0 127 0 0 127 0 0 0 0 0 0 0 0 0 127 38 0 127 0 0 0
0 0 0 0 0 0 0 100 0 0 127 127 78 0 93 90 56 51 19 127 17 73 0 0 70
0 0 0 127 127 34 1 53.7549 98.1133 82.4698 0 0 0 0 31.9513 0.945736
0 20.9684 0 39.6971 0 0 127 88 1 0 0 0 0 0 0 0 16 16 0 0 0 0 0 0 127
51 0;
egregore_data 0 0 127 0 0 127 0 0 0 0 0 0 0 0 0 127 38 0 127 0 0 0
0 0 0 0 0 0 0 100 0 0 127 127 78 0 93 90 56 51 19 127 17 73 0 0 70
0 0 0 127 127 34 1 53.7549 98.1133 82.4698 0 0 0 0 31.9513 0.945736
0 20.9684 0 39.6971 0 0 127 88 1 0 0 0 0 0 0 0 16 16 0 0 0 0 0 0 127
51 0;
egregore_data 0 0 127 0 0 127 0 0 0 0 0 0 0 0 0 127 38 0 127 0 0 0
0 0 0 0 0 0 0 100 0 0 127 127 78 0 93 90 56 51 19 127 17 73 0 0 70
0 0 0 127 127 34 1 53.7549 98.1133 82.4698 0 0 0 0 31.9513 0.945736
0 20.9684 0 39.6971 0 0 127 88 1 0 0 0 0 0 0 0 16 16 0 0 0 0 0 0 127
51 0;
egregore_data 0 0 127 0 0 127 0 0 0 0 0 0 0 0 0 127 38 0 127 0 0 0
0 0 0 0 0 0 0 100 0 0 127 127 78 0 93 90 56 51 19 127 17 73 0 0 70
0 0 0 127 127 34 1 53.7549 98.1133 82.4698 0 0 0 0 31.9513 0.945736
0 20.9684 0 39.6971 0 0 127 88 1 0 0 0 0 0 0 0 16 16 0 0 0 0 0 0 127
51 0;
egregore_data 0 0 127 0 0 127 0 0 0 0 0 0 0 0 0 127 38 0 127 0 0 0
0 0 0 0 0 0 0 100 0 0 127 127 78 0 93 90 56 51 19 127 17 73 0 0 70
0 0 0 127 127 34 1 53.7549 98.1133 82.4698 0 0 0 0 31.9513 0.945736
0 20.9684 0 39.6971 0 0 127 88 1 0 0 0 0 0 0 0 16 16 0 0 0 0 0 0 127
51 0;
egregore_data 0 0 127 0 0 127 0 0 0 0 0 0 0 0 0 127 38 0 127 0 0 0
0 0 0 0 0 0 0 100 0 0 127 127 78 0 93 90 56 51 19 127 17 73 0 0 70
0 0 0 127 127 34 1 53.7549 98.1133 82.4698 0 0 0 0 31.9513 0.945736
0 20.9684 0 39.6971 0 0 127 88 1 0 0 0 0 0 0 0 16 16 0 0 0 0 0 0 127
51 0;
egregore_data 0 0 127 0 0 127 0 0 0 0 0 0 0 0 0 127 38 0 127 0 0 0
0 0 0 0 0 0 0 100 0 0 127 127 78 0 93 90 56 51 19 127 17 73 0 0 70
0 0 0 127 127 34 1 53.7549 98.1133 82.4698 0 0 0 0 31.9513 0.945736
0 20.9684 0 39.6971 0 0 127 88 1 0 0 0 0 0 0 0 16 16 0 0 0 0 0 0 127
51 0;
egregore_data 0 0 127 0 0 127 0 0 0 0 0 0 0 0 0 127 38 0 127 0 0 0
0 0 0 0 0 0 0 100 0 0 127 127 78 0 93 90 56 51 19 127 17 73 0 0 70
0 0 0 127 127 34 1 53.7549 98.1133 82.4698 0 0 0 0 31.9513 0.945736
0 20.9684 0 39.6971 0 0 127 88 1 0 0 0 0 0 0 0 16 16 0 0 0 0 0 0 127
51 0;
egregore_data 0 0 127 0 0 127 0 0 0 0 0 0 0 0 0 127 38 0 127 0 0 0
0 0 0 0 0 0 0 100 0 0 127 127 78 0 93 90 56 51 19 127 17 73 0 0 70
0 0 0 127 127 34 1 53.7549 98.1133 82.4698 0 0 0 0 31.9513 0.945736
0 20.9684 0 39.6971 0 0 127 88 1 0 0 0 0 0 0 0 16 16 0 0 0 0 0 0 127
51 0;
egregore_data 0 0 127 0 0 127 0 0 0 0 0 0 0 0 0 127 38 0 127 0 0 0
0 0 0 0 0 0 0 100 0 0 127 127 78 0 93 90 56 51 19 127 17 73 0 0 70
0 0 0 127 127 34 1 53.7549 98.1133 82.4698 0 0 0 0 31.9513 0.945736
0 20.9684 0 39.6971 0 0 127 88 1 0 0 0 0 0 0 0 16 16 0 0 0 0 0 0 127
51 0;
egregore_data 0 0 127 0 0 127 0 0 0 0 0 0 0 0 0 127 38 0 127 0 0 0
0 0 0 0 0 0 0 100 0 0 127 127 78 0 93 90 56 51 19 127 17 73 0 0 70
0 0 0 127 127 34 1 53.7549 98.1133 82.4698 0 0 0 0 31.9513 0.945736
0 20.9684 0 39.6971 0 0 127 88 1 0 0 0 0 0 0 0 16 16 0 0 0 0 0 0 127
51 0;
egregore_data 0 0 127 0 0 127 0 0 0 0 0 0 0 0 0 127 38 0 127 0 0 0
0 0 0 0 0 0 0 100 0 0 127 127 78 0 93 90 56 51 19 127 17 73 0 0 70
0 0 0 127 127 34 1 53.7549 98.1133 82.4698 0 0 0 0 31.9513 0.945736
0 20.9684 0 39.6971 0 0 127 88 1 0 0 0 0 0 0 0 16 16 0 0 0 0 0 0 127
51 0;
egregore_data 0 0 127 0 0 127 0 0 0 0 0 0 0 0 0 127 38 0 127 0 0 0
0 0 0 0 0 0 0 100 0 0 127 127 78 0 93 90 56 51 19 127 17 73 0 0 70
0 0 0 127 127 34 1 53.7549 98.1133 82.4698 0 0 0 0 31.9513 0.945736
0 20.9684 0 39.6971 0 0 127 88 1 0 0 0 0 0 0 0 16 16 0 0 0 0 0 0 127
51 0;
egregore_data 0 0 127 0 0 127 0 0 0 0 0 0 0 0 0 127 38 0 127 0 0 0
0 0 0 0 0 0 0 100 0 0 127 127 78 0 93 90 56 51 19 127 17 73 0 0 70
0 0 0 127 127 34 1 53.7549 98.1133 82.4698 0 0 0 0 31.9513 0.945736
0 20.9684 0 39.6971 0 0 127 88 1 0 0 0 0 0 0 0 16 16 0 0 0 0 0 0 127
51 0;
egregore_data 0 0 127 0 0 127 0 0 0 0 0 0 0 0 0 127 38 0 127 0 0 0
0 0 0 0 0 0 0 100 0 0 127 127 78 0 93 90 56 51 19 127 17 73 0 0 70
0 0 0 127 127 34 1 53.7549 98.1133 82.4698 0 0 0 0 31.9513 0.945736
0 20.9684 0 39.6971 0 0 127 88 1 0 0 0 0 0 0 0 16 16 0 0 0 0 0 0 127
51 0;
egregore_data 0 0 127 0 0 127 0 0 0 0 0 0 0 0 0 127 38 0 127 0 0 0
0 0 0 0 0 0 0 100 0 0 127 127 78 0 93 90 56 51 19 127 17 73 0 0 70
0 0 0 127 127 34 1 53.7549 98.1133 82.4698 0 0 0 0 31.9513 0.945736
0 20.9684 0 39.6971 0 0 127 88 1 0 0 0 0 0 0 0 16 16 0 0 0 0 0 0 127
51 0;
egregore_data 0 0 127 0 0 127 0 0 0 0 0 0 0 0 0 127 38 0 127 0 0 0
0 0 0 0 0 0 0 100 0 0 127 127 78 0 93 90 56 51 19 127 17 73 0 0 70
0 0 0 127 127 34 1 53.7549 98.1133 82.4698 0 0 0 0 31.9513 0.945736
0 20.9684 0 39.6971 0 0 127 88 1 0 0 0 0 0 0 0 16 16 0 0 0 0 0 0 127
51 0;
egregore_data 0 0 127 0 0 127 0 0 0 0 0 0 0 0 0 127 38 0 127 0 0 0
0 0 0 0 0 0 0 100 0 0 127 127 78 0 93 90 56 51 19 127 17 73 0 0 70
0 0 0 127 127 34 1 53.7549 98.1133 82.4698 0 0 0 0 31.9513 0.945736
0 20.9684 0 39.6971 0 0 127 88 1 0 0 0 0 0 0 0 16 16 0 0 0 0 0 0 127
51 0;
egregore_data 0 0 127 0 0 127 0 0 0 0 0 0 0 0 0 127 38 0 127 0 0 0
0 0 0 0 0 0 0 100 0 0 127 127 78 0 93 90 56 51 19 127 17 73 0 0 70
0 0 0 127 127 34 1 54.0107 97.874 82.2431 0 0 0 0 31.7055 1.40769 0
21.1224 0 39.3918 0 0 127 88 1 0 0 0 0 0 0 0 16 16 0 0 0 0 0 0 127
51 0;
egregore_data 0 0 127 0 0 127 0 0 0 0 0 0 0 0 0 127 38 0 127 0 0 0
0 0 0 0 0 0 0 100 0 0 127 127 78 0 93 90 56 51 19 127 17 73 0 0 70
0 0 0 127 127 34 1 54.2625 97.6383 82.0199 0 0 0 0 31.4635 1.8626 0
21.2742 0 39.0911 0 0 127 88 1 0 0 0 0 0 0 0 16 16 0 0 0 0 0 0 127
51 0;
egregore_data 0 0 127 0 0 127 0 0 0 0 0 0 0 0 0 127 38 0 127 0 0 0
0 0 0 0 0 0 0 100 0 0 127 127 78 0 93 90 56 51 19 127 17 73 0 0 70
0 0 0 127 127 34 1 54.5105 97.4062 81.8 0 0 0 0 31.2252 2.31061 0 21.4236
0 38.7949 0 0 127 88 1 0 0 0 0 0 0 0 16 16 0 0 0 0 0 0 127 51 0;
egregore_data 0 0 127 0 0 127 0 0 0 0 0 0 0 0 0 127 38 0 127 0 0 0
0 0 0 0 0 0 0 100 0 0 127 127 78 0 93 90 56 51 19 127 17 73 0 0 70
0 0 0 127 127 34 1 54.9954 96.9524 81.3702 0 0 0 0 30.7591 3.18657
0 21.7158 0 38.2159 0 0 127 88 1 0 0 0 0 0 0 0 16 16 0 0 0 0 0 0 127
51 0;
egregore_data 0 0 127 0 0 127 0 0 0 0 0 0 0 0 0 127 38 0 127 0 0 0
0 0 0 0 0 0 0 100 0 0 127 127 78 0 93 90 56 51 19 127 17 73 0 0 70
0 0 0 127 127 34 1 54.9954 96.9524 81.3702 0 0 0 0 30.7591 3.18657
0 21.7158 0 38.2159 0 0 127 88 1 0 0 0 0 0 0 0 16 16 0 0 0 0 0 0 127
51 0;
egregore_data 0 0 127 0 0 127 0 0 0 0 0 0 0 0 0 127 38 0 127 0 0 0
0 0 0 0 0 0 0 100 0 0 127 127 78 0 93 90 56 51 19 127 17 73 0 0 70
0 0 0 127 127 34 1 55.2325 96.7305 81.16 0 0 0 0 30.5313 3.61481 0
21.8587 0 37.9328 0 0 127 88 1 0 0 0 0 0 0 0 16 16 0 0 0 0 0 0 127
51 0;
egregore_data 0 0 127 0 0 127 0 0 0 0 0 0 0 0 0 127 38 0 127 0 0 0
0 0 0 0 0 0 0 100 0 0 127 127 78 0 93 90 56 51 19 127 17 73 0 0 70
0 0 0 127 127 34 1 55.2325 96.7305 81.16 0 0 0 0 30.5313 3.61481 0
21.8587 0 37.9328 0 0 127 88 1 0 0 0 0 0 0 0 16 16 0 0 0 0 0 0 127
51 0;
egregore_data 0 0 127 0 0 127 0 0 0 0 0 0 0 0 0 127 38 0 127 0 0 0
0 0 0 0 0 0 0 100 0 0 127 127 78 0 93 90 56 51 19 127 17 73 0 0 70
0 0 0 127 127 34 1 55.2325 96.7305 81.16 0 0 0 0 30.5313 3.61481 0
21.8587 0 37.9328 0 0 127 88 1 0 0 0 0 0 0 0 16 16 0 0 0 0 0 0 127
51 0;
egregore_data 0 0 127 0 0 127 0 0 0 0 0 0 0 0 0 127 38 0 127 0 0 0
0 0 0 0 0 0 0 100 0 0 127 127 78 0 93 90 56 51 19 127 17 73 0 0 70
0 0 0 127 127 34 1 55.4661 96.5119 80.953 0 0 0 0 30.3068 4.03677 0
21.9994 0 37.6539 0 0 127 88 1 0 0 0 0 0 0 0 16 16 0 0 0 0 0 0 127
51 0;
egregore_data 0 0 127 0 0 127 0 0 0 0 0 0 0 0 0 127 38 0 127 0 0 0
0 0 0 0 0 0 0 100 0 0 127 127 78 0 93 90 56 51 19 127 17 73 0 0 70
0 0 0 127 127 34 1 55.4661 96.5119 80.953 0 0 0 0 30.3068 4.03677 0
21.9994 0 37.6539 0 0 127 88 1 0 0 0 0 0 0 0 16 16 0 0 0 0 0 0 127
51 0;
egregore_data 0 0 127 0 0 127 0 0 0 0 0 0 0 0 0 127 38 0 127 0 0 0
0 0 0 0 0 0 0 100 0 0 127 127 78 0 93 90 56 51 19 127 17 73 0 0 70
0 0 0 127 127 34 1 55.6963 96.2965 80.7489 0 0 0 0 30.0856 4.45255
0 22.1381 0 37.3791 0 0 127 88 1 0 0 0 0 0 0 0 16 16 0 0 0 0 0 0 127
51 0;
END;
