HTTP/1.1 200 OK
Date: Thu, 28 May 2015 12:31:02 GMT
Server: Apache
Last-Modified: Wed, 27 May 2015 19:04:02 GMT
Accept-Ranges: bytes
Content-Length: 24272
Vary: Accept-Encoding
Connection: close
Content-Type: text/plain

chdh_egregore_live_data;
egregore_data 123 127 0 121 119 0 127 0 0 0 0 0 0 0 0 127 38 1 0 0
0 0 0 0 0 0 0 6 0 127 0 0 0 127 78 1 0 0 127 0 0 30 127 0 0 0 70 0
0 0 0 127 34 0 53 99 83 0 0 0 0 32 0 0 21 0 40 0 0 127 88 0 0 0 0 0
0 0 0 16 16 0 0 0 0 0 0 127 51 0;
egregore_data 123 127 0 121 119 0 127 0 0 0 0 0 0 0 0 127 38 1 0 0
0 0 0 0 0 0 0 6 0 127 0 0 0 127 78 1 0 0 127 0 0 30 127 0 0 0 70 0
0 0 0 127 34 0 53 99 83 0 0 0 0 32 0 0 21 0 40 0 0 127 88 0 0 0 0 0
0 0 0 16 16 0 0 0 0 0 0 127 51 0;
egregore_data 123 127 0 121 119 0 127 0 0 0 0 0 0 0 0 127 38 1 0 0
0 0 0 0 0 0 0 6 0 127 0 0 0 127 78 1 0 0 127 0 0 30 127 0 0 0 70 0
0 0 0 127 34 0 53 99 83 0 0 0 0 32 0 0 21 0 40 0 0 127 88 0 0 0 0 0
0 0 0 16 16 0 0 0 0 0 0 127 51 0;
egregore_data 123 127 0 121 119 0 127 0 0 0 0 0 0 0 0 127 38 1 0 0
0 0 0 0 0 0 0 6 0 127 0 0 0 127 78 1 0 0 127 0 0 30 127 0 0 0 70 0
0 0 0 127 34 0 53 99 83 0 0 0 0 32 0 0 21 0 40 0 0 127 88 0 0 0 0 0
0 0 0 16 16 0 0 0 0 0 0 127 51 0;
egregore_data 123 127 0 121 121 0 127 0 0 0 0 0 0 0 0 127 38 1 0 0
0 0 0 0 0 0 0 6 0 127 0 0 0 127 78 1 0 0 127 0 0 30 127 0 0 0 70 0
0 0 0 127 34 0 53 99 83 0 0 0 0 32 0 0 21 0 40 0 0 127 88 0 0 0 0 0
0 0 0 16 16 0 0 0 0 0 0 127 51 0;
egregore_data 123 127 0 121 121 0 127 0 0 0 0 0 0 0 0 127 38 1 0 0
0 0 0 0 0 0 0 6 0 127 0 0 0 127 78 1 0 0 127 0 0 30 127 0 0 0 70 0
0 0 0 127 34 0 53 99 83 0 0 0 0 32 0 0 21 0 40 0 0 127 88 0 0 0 0 0
0 0 0 16 16 0 0 0 0 0 0 127 51 0;
egregore_data 123 127 0 121 121 0 127 0 0 0 0 0 0 0 0 127 38 1 0 0
0 0 0 0 0 0 0 6 0 127 0 0 0 127 78 1 0 0 127 0 0 30 127 0 0 0 70 0
0 0 0 127 34 0 53 99 83 0 0 0 0 32 0 0 21 0 40 0 0 127 88 0 0 0 0 0
0 0 0 16 16 0 0 0 0 0 0 127 51 0;
egregore_data 123 127 0 121 121 0 127 0 0 0 0 0 0 0 0 127 38 1 0 0
0 0 0 0 0 0 0 6 0 127 0 0 0 127 78 1 0 0 127 0 0 30 127 0 0 0 70 0
0 0 0 127 34 0 53 99 83 0 0 0 0 32 0 0 21 0 40 0 0 127 88 0 0 0 0 0
0 0 0 16 16 0 0 0 0 0 0 127 51 0;
egregore_data 123 127 0 121 121 0 127 0 0 0 0 0 0 0 0 127 38 1 0 0
0 0 0 0 0 0 0 6 0 127 0 0 0 127 78 1 0 0 127 0 0 30 127 0 0 0 70 0
0 0 0 127 34 0 53 99 83 0 0 0 0 32 0 0 21 0 40 0 0 127 88 0 0 0 0 0
0 0 0 16 16 0 0 0 0 0 0 127 51 0;
egregore_data 123 127 0 121 121 0 127 0 0 0 0 0 0 0 0 127 38 1 0 0
0 0 0 0 0 0 0 6 0 127 0 0 0 127 78 1 0 0 127 0 0 30 127 0 0 0 70 0
0 0 0 127 34 0 53 99 83 0 0 0 0 32 0 0 21 0 40 0 0 127 88 0 0 0 0 0
0 0 0 16 16 0 0 0 0 0 0 127 51 0;
egregore_data 123 127 0 121 121 0 127 0 0 0 0 0 0 0 0 127 38 1 0 0
0 0 0 0 0 0 0 6 0 127 0 0 0 127 78 1 0 0 127 0 0 30 127 0 0 0 70 0
0 0 0 127 34 0 53 99 83 0 0 0 0 32 0 0 21 0 40 0 0 127 88 0 0 0 0 0
0 0 0 16 16 0 0 0 0 0 0 127 51 0;
egregore_data 123 127 0 121 121 0 127 0 0 0 0 0 0 0 0 127 38 1 0 0
0 0 0 0 0 0 0 6 0 127 0 0 0 127 78 1 0 0 127 0 0 30 127 0 0 0 70 0
0 0 0 127 34 0 53 99 83 0 0 0 0 32 0 0 21 0 40 0 0 127 88 0 0 0 0 0
0 0 0 16 16 0 0 0 0 0 0 127 51 0;
egregore_data 123 127 0 121 121 0 127 0 0 0 0 0 0 0 0 127 38 1 0 0
0 0 0 0 0 0 0 6 0 127 0 0 0 127 78 1 0 0 127 0 0 30 127 0 0 0 70 0
0 0 0 127 34 0 53 99 83 0 0 0 0 32 0 0 21 0 40 0 0 127 88 0 0 0 0 0
0 0 0 16 16 0 0 0 0 0 0 127 51 0;
egregore_data 123 127 0 121 121 0 127 0 0 0 0 0 0 0 0 127 38 1 0 0
0 0 0 0 0 0 0 6 0 127 0 0 0 127 78 1 0 0 127 0 0 30 127 0 0 0 70 0
0 0 0 127 34 0 53 99 83 0 0 0 0 32 0 0 21 0 40 0 0 127 88 0 0 0 0 0
0 0 0 16 16 0 0 0 0 0 0 127 51 0;
egregore_data 123 127 0 121 121 0 127 0 0 0 0 0 0 0 0 127 38 1 0 0
0 0 0 0 0 0 0 6 0 127 0 0 0 127 78 1 0 0 127 0 0 30 127 0 0 0 70 0
0 0 0 127 34 0 53 99 83 0 0 0 0 32 0 0 21 0 40 0 0 127 88 0 0 0 0 0
0 0 0 16 16 0 0 0 0 0 0 127 51 0;
egregore_data 123 127 0 121 121 0 127 0 0 0 0 0 0 0 0 127 38 1 0 0
0 0 0 0 0 0 0 6 0 127 0 0 0 127 78 1 0 0 127 0 0 30 127 0 0 0 70 0
0 0 0 127 34 0 53 99 83 0 0 0 0 32 0 0 21 0 40 0 0 127 88 0 0 0 0 0
0 0 0 16 16 0 0 0 0 0 0 127 51 0;
egregore_data 123 127 0 121 121 0 127 0 0 0 0 0 0 0 0 127 38 1 0 0
0 0 0 0 0 0 0 6 0 127 0 0 0 127 78 1 0 0 127 0 0 30 127 0 0 0 70 0
0 0 0 127 34 0 53 99 83 0 0 0 0 32 0 0 21 0 40 0 0 127 88 0 0 0 0 0
0 0 0 16 16 0 0 0 0 0 0 127 51 0;
egregore_data 123 127 0 121 121 0 127 0 0 0 0 0 0 0 0 127 38 1 0 0
0 0 0 0 0 0 0 6 0 127 0 0 0 127 78 1 0 0 127 0 0 30 127 0 0 0 70 0
0 0 0 127 34 0 53 99 83 0 0 0 0 32 0 0 21 0 40 0 0 127 88 0 0 0 0 0
0 0 0 16 16 0 0 0 0 0 0 127 51 0;
egregore_data 123 127 0 121 121 0 127 0 0 0 0 0 0 0 0 127 38 1 0 0
0 0 0 0 0 0 0 6 0 127 0 0 0 127 78 1 0 0 127 0 0 30 127 0 0 0 70 0
0 0 0 127 34 0 53 99 83 0 0 0 0 32 0 0 21 0 40 0 0 127 88 0 0 0 0 0
0 0 0 16 16 0 0 0 0 0 0 127 51 0;
egregore_data 123 127 0 121 121 0 127 0 0 0 0 0 0 0 0 127 38 1 0 0
0 0 0 0 0 0 0 6 0 127 0 0 0 127 78 1 0 0 127 0 0 30 127 0 0 0 70 0
0 0 0 127 34 0 53 99 83 0 0 0 0 32 0 0 21 0 40 0 0 127 88 0 0 0 0 0
0 0 0 16 16 0 0 0 0 0 0 127 51 0;
egregore_data 123 127 0 121 121 0 127 0 0 0 0 0 0 0 0 127 38 1 0 0
0 0 0 0 0 0 0 6 0 127 0 0 0 127 78 1 0 0 127 0 0 30 127 0 0 0 70 0
0 0 0 127 34 0 53 99 83 0 0 0 0 32 0 0 21 0 40 0 0 127 88 0 0 0 0 0
0 0 0 16 16 0 0 0 0 0 0 127 51 0;
egregore_data 123 127 0 121 121 0 127 0 0 0 0 0 0 0 0 127 38 1 0 0
0 0 0 0 0 0 0 6 0 127 0 0 0 127 78 1 0 0 127 0 0 30 127 0 0 0 70 0
0 0 0 127 34 0 53 99 83 0 0 0 0 32 0 0 21 0 40 0 0 127 88 0 0 0 0 0
0 0 0 16 16 0 0 0 0 0 0 127 51 0;
egregore_data 123 127 0 121 121 0 127 0 0 0 0 0 0 0 0 127 38 1 0 0
0 0 0 0 0 0 0 6 0 127 0 0 0 127 78 1 0 0 127 0 0 30 127 0 0 0 70 0
0 0 0 127 34 0 53 99 83 0 0 0 0 32 0 0 21 0 40 0 0 127 88 0 0 0 0 0
0 0 0 16 16 0 0 0 0 0 0 127 51 0;
egregore_data 123 127 0 121 121 0 127 0 0 0 0 0 0 0 0 127 38 1 0 0
0 0 0 0 0 0 0 6 0 127 0 0 0 127 78 1 0 0 127 0 0 30 127 0 0 0 70 0
0 0 0 127 34 0 53 99 83 0 0 0 0 32 0 0 21 0 40 0 0 127 88 0 0 0 0 0
0 0 0 16 16 0 0 0 0 0 0 127 51 0;
egregore_data 123 127 0 121 121 0 127 0 0 0 0 0 0 0 0 127 38 1 0 0
0 0 0 0 0 0 0 6 0 127 0 0 0 127 78 1 0 0 127 0 0 30 127 0 0 0 70 0
0 0 0 127 34 0 53 99 83 0 0 0 0 32 0 0 21 0 40 0 0 127 88 0 0 0 0 0
0 0 0 16 16 0 0 0 0 0 0 127 51 0;
egregore_data 123 127 0 121 121 0 127 0 0 0 0 0 0 0 0 127 38 1 0 0
0 0 0 0 0 0 0 6 0 127 0 0 0 127 78 1 0 0 127 0 0 30 127 0 0 0 70 0
0 0 0 127 34 0 53 99 83 0 0 0 0 32 0 0 21 0 40 0 0 127 88 0 0 0 0 0
0 0 0 16 16 0 0 0 0 0 0 127 51 0;
egregore_data 123 127 0 121 121 0 127 0 0 0 0 0 0 0 0 127 38 1 0 0
0 0 0 0 0 0 0 6 0 127 0 0 0 127 78 1 0 0 127 0 0 30 127 0 0 0 70 0
0 0 0 127 34 0 53 99 83 0 0 0 0 32 0 0 21 0 40 0 0 127 88 0 0 0 0 0
0 0 0 16 16 0 0 0 0 0 0 127 51 0;
egregore_data 123 127 0 121 121 0 127 0 0 0 0 0 0 0 0 127 38 1 0 0
0 0 0 0 0 0 0 6 0 127 0 0 0 127 78 1 0 0 127 0 0 30 127 0 0 0 70 0
0 0 0 127 34 0 53 99 83 0 0 0 0 32 0 0 21 0 40 0 0 127 88 0 0 0 0 0
0 0 0 16 16 0 0 0 0 0 0 127 51 0;
egregore_data 123 127 0 121 121 0 127 0 0 0 0 0 0 0 0 127 38 1 0 0
0 0 0 0 0 0 0 6 0 127 0 0 0 127 78 1 0 0 127 0 0 30 127 0 0 0 70 0
0 0 0 127 34 0 53 99 83 0 0 0 0 32 0 0 21 0 40 0 0 127 88 0 0 0 0 0
0 0 0 16 16 0 0 0 0 0 0 127 51 0;
egregore_data 123 127 0 121 121 0 127 0 0 0 0 0 0 0 0 127 38 1 0 0
0 0 0 0 0 0 0 6 0 127 0 0 0 127 78 1 0 0 127 0 0 30 127 0 0 0 70 0
0 0 0 127 34 0 53 99 83 0 0 0 0 32 0 0 21 0 40 0 0 127 88 0 0 0 0 0
0 0 0 16 16 0 0 0 0 0 0 127 51 0;
egregore_data 123 127 0 121 121 0 127 0 0 0 0 0 0 0 0 127 38 1 0 0
0 0 0 0 0 0 0 6 0 127 0 0 0 127 78 1 0 0 127 0 0 30 127 0 0 0 70 0
0 0 0 127 34 0 53 99 83 0 0 0 0 32 0 0 21 0 40 0 0 127 88 0 0 0 0 0
0 0 0 16 16 0 0 0 0 0 0 127 51 0;
egregore_data 123 127 0 121 121 0 127 0 0 0 0 0 0 0 0 127 38 1 0 0
0 0 0 0 0 0 0 6 0 127 0 0 0 127 78 1 0 0 127 0 0 30 127 0 0 0 70 0
0 0 0 127 34 0 53 99 83 0 0 0 0 32 0 0 21 0 40 0 0 127 88 0 0 0 0 0
0 0 0 16 16 0 0 0 0 0 0 127 51 0;
egregore_data 123 127 0 121 121 0 127 0 0 0 0 0 0 0 0 127 38 1 0 0
0 0 0 0 0 0 0 6 0 127 0 0 0 127 78 1 0 0 127 0 0 30 127 0 0 0 70 0
0 0 0 127 34 0 53 99 83 0 0 0 0 32 0 0 21 0 40 0 0 127 88 0 0 0 0 0
0 0 0 16 16 0 0 0 0 0 0 127 51 0;
egregore_data 123 127 0 121 121 0 127 0 0 0 0 0 0 0 0 127 38 1 0 0
0 0 0 0 0 0 0 6 0 127 0 0 0 127 78 1 0 0 127 0 0 30 127 0 0 0 70 0
0 0 0 127 34 0 53 99 83 0 0 0 0 32 0 0 21 0 40 0 0 127 88 0 0 0 0 0
0 0 0 16 16 0 0 0 0 0 0 127 51 0;
egregore_data 123 127 0 121 121 0 127 0 0 0 0 0 0 0 0 127 38 1 0 0
0 0 0 0 0 0 0 6 0 127 0 0 0 127 78 1 0 0 127 0 0 30 127 0 0 0 70 0
0 0 0 127 34 0 53 99 83 0 0 0 0 32 0 0 21 0 40 0 0 127 88 0 0 0 0 0
0 0 0 16 16 0 0 0 0 0 0 127 51 0;
egregore_data 123 127 0 121 121 0 127 0 0 0 0 0 0 0 0 127 38 1 0 0
0 0 0 0 0 0 0 6 0 127 0 0 0 127 78 1 0 0 127 0 0 30 127 0 0 0 70 0
0 0 0 127 34 0 53 99 83 0 0 0 0 32 0 0 21 0 40 0 0 127 88 0 0 0 0 0
0 0 0 16 16 0 0 0 0 0 0 127 51 0;
egregore_data 123 127 0 121 121 0 127 0 0 0 0 0 0 0 0 127 38 1 0 0
0 0 0 0 0 0 0 6 0 127 0 0 0 127 78 1 0 0 127 0 0 30 127 0 0 0 70 0
0 0 0 127 34 0 53 99 83 0 0 0 0 32 0 0 21 0 40 0 0 127 88 0 0 0 0 0
0 0 0 16 16 0 0 0 0 0 0 127 51 0;
egregore_data 123 127 0 121 121 0 127 0 0 0 0 0 0 0 0 127 38 1 0 0
0 0 0 0 0 0 0 6 0 127 0 0 0 127 78 1 0 0 127 0 0 30 127 0 0 0 70 0
0 0 0 127 34 0 53 99 83 0 0 0 0 32 0 0 21 0 40 0 0 127 88 0 0 0 0 0
0 0 0 16 16 0 0 0 0 0 0 127 51 0;
egregore_data 123 127 0 121 121 0 127 0 0 0 0 0 0 0 0 127 38 1 0 0
0 0 0 0 0 0 0 6 0 127 0 0 0 127 78 1 0 0 127 0 0 30 127 0 0 0 70 0
0 0 0 127 34 0 53 99 83 0 0 0 0 32 0 0 21 0 40 0 0 127 88 0 0 0 0 0
0 0 0 16 16 0 0 0 0 0 0 127 51 0;
egregore_data 123 127 0 121 121 0 127 0 0 0 0 0 0 0 0 127 38 1 0 0
0 0 0 0 0 0 0 6 0 127 0 0 0 127 78 1 0 0 127 0 0 30 127 0 0 0 70 0
0 0 0 127 34 0 53 99 83 0 0 0 0 32 0 0 21 0 40 0 0 127 88 0 0 0 0 0
0 0 0 16 16 0 0 0 0 0 0 127 51 0;
egregore_data 123 127 0 121 121 0 127 0 0 0 0 0 0 0 0 127 38 1 0 0
0 0 0 0 0 0 0 6 0 127 0 0 0 127 78 1 0 0 127 0 0 30 127 0 0 0 70 0
0 0 0 127 34 0 53 99 83 0 0 0 0 32 0 0 21 0 40 0 0 127 88 0 0 0 0 0
0 0 0 16 16 0 0 0 0 0 0 127 51 0;
egregore_data 123 127 0 121 121 0 127 0 0 0 0 0 0 0 0 127 38 1 0 0
0 0 0 0 0 0 0 6 0 127 0 0 0 127 78 1 0 0 127 0 0 30 127 0 0 0 70 0
0 0 0 127 34 0 53 99 83 0 0 0 0 32 0 0 21 0 40 0 0 127 88 0 0 0 0 0
0 0 0 16 16 0 0 0 0 0 0 127 51 0;
egregore_data 123 127 0 121 121 0 127 0 0 0 0 0 0 0 0 127 38 1 0 0
0 0 0 0 0 0 0 6 0 127 0 0 0 127 78 1 0 0 127 0 0 30 127 0 0 0 70 0
0 0 0 127 34 0 53 99 83 0 0 0 0 32 0 0 21 0 40 0 0 127 88 0 0 0 0 0
0 0 0 16 16 0 0 0 0 0 0 127 51 0;
egregore_data 123 127 0 121 121 0 127 0 0 0 0 0 0 0 0 127 38 1 0 0
0 0 0 0 0 0 0 6 0 127 0 0 0 127 78 1 0 0 127 0 0 30 127 0 0 0 70 0
0 0 0 127 34 0 53 99 83 0 0 0 0 32 0 0 21 0 40 0 0 127 88 0 0 0 0 0
0 0 0 16 16 0 0 0 0 0 0 127 51 0;
egregore_data 123 127 0 121 121 0 127 0 0 0 0 0 0 0 0 127 38 1 1.17126
0 0 0 0 0 0 0 0 6 0 127 0 0 0.351378 127 78 1 0 0 127 0 0 30 127 0
0 0 70 0 0 0 0 127 34 0 53 99 83 0 0 0 0 32 0 0 21 0 40 0 0 127 88
0 0 0 0 0 0 0 0 16 16 0 0 0 0 0 0 127 51 0;
egregore_data 123 127 0 121 121 0 127 0 0 0 0 0 0 0 0 127 38 1 2.34252
0 0 0 0 0 0 0 0 6 0 127 0 0 0.702756 127 78 1 0 0 127 0 0 30 127 0
0 0 70 0 0 0 0 127 34 0 53 99 83 0 0 0 0 32 0 0 21 0 40 0 0 127 88
0 0 0 0 0 0 0 0 16 16 0 0 0 0 0 0 127 51 0;
egregore_data 123 127 0 121 121 0 127 0 0 0 0 0 0 0 0 127 38 1 4.68504
0 0 0 0 0 0 0 0 6 0 127 0 0 1.40551 127 78 1 0 0 127 0 0 30 127 0 0
0 70 0 0 0 0 127 34 0 53 99 83 0 0 0 0 32 0 0 21 0 40 0 0 127 88 0
0 0 0 0 0 0 0 16 16 0 0 0 0 0 0 127 51 0;
egregore_data 123 127 0 121 121 0 127 0 0 0 0 0 0 0 0 127 38 1 4.68504
0 0 0 0 0 0 0 0 6 0 127 0 0 1.40551 127 78 1 0 0 127 0 0 30 127 0 0
0 70 0 0 0 0 127 34 0 53 99 83 0 0 0 0 32 0 0 21 0 40 0 0 127 88 0
0 0 0 0 0 0 0 16 16 0 0 0 0 0 0 127 51 0;
egregore_data 123 127 0 121 121 0 127 0 0 0 0 0 0 0 0 127 38 1 4.68504
0 0 0 0 0 0 0 0 6 0 127 0 0 1.40551 127 78 1 0 0 127 0 0 30 127 0 0
0 70 0 0 0 0 127 34 0 53 99 83 0 0 0 0 32 0 0 21 0 40 0 0 127 88 0
0 0 0 0 0 0 0 16 16 0 0 0 0 0 0 127 51 0;
egregore_data 123 127 0 121 121 0 127 0 0 0 0 0 0 0 0 127 38 1 4.68504
0 0 0 0 0 0 0 0 6 0 127 0 0 1.40551 127 78 1 0 0 127 0 0 30 127 0 0
0 70 0 0 0 0 127 34 0 53 99 83 0 0 0 0 32 0 0 21 0 40 0 0 127 88 0
0 0 0 0 0 0 0 16 16 0 0 0 0 0 0 127 51 0;
egregore_data 123 127 0 121 121 0 127 0 0 0 0 0 0 0 0 127 38 1 5.8563
0 0 0 0 0 0 0 0 6 0 127 0 0 1.75689 127 78 1 0 0 127 0 0 30 127 0 0
0 70 0 0 0 0 127 34 0 53 99 83 0 0 0 0 32 0 0 21 0 40 0 0 127 88 0
0 0 0 0 0 0 0 16 16 0 0 0 0 0 0 127 51 0;
egregore_data 123 127 0 121 121 0 127 0 0 0 0 0 0 0 0 127 38 1 5.8563
0 0 0 0 0 0 0 0 6 0 127 0 0 1.75689 127 78 1 0 0 127 0 0 30 127 0 0
0 70 0 0 0 0 127 34 0 53 99 83 0 0 0 0 32 0 0 21 0 40 0 0 127 88 0
0 0 0 0 0 0 0 16 16 0 0 0 0 0 0 127 51 0;
egregore_data 123 127 0 121 121 0 127 0 0 0 0 0 0 0 0 127 38 1 5.8563
0 0 0 0 0 0 0 0 6 0 127 0 0 1.75689 127 78 1 0 0 127 0 0 30 127 0 0
0 70 0 0 0 0 127 34 0 53 99 83 0 0 0 0 32 0 0 21 0 40 0 0 127 88 0
0 0 0 0 0 0 0 16 16 0 0 0 0 0 0 127 51 0;
egregore_data 123 127 0 121 121 0 127 0 0 0 0 0 0 0 0 127 38 1 5.8563
0 0 0 0 0 0 0 0 6 0 127 0 0 1.75689 127 78 1 0 0 127 0 0 30 127 0 0
0 70 0 0 0 0 127 34 0 53 99 83 0 0 0 0 32 0 0 21 0 40 0 0 127 88 0
0 0 0 0 0 0 0 16 16 0 0 0 0 0 0 127 51 0;
egregore_data 123 127 0 121 121 0 127 0 0 0 0 0 0 0 0 127 38 1 5.8563
0 0 0 0 0 0 0 0 6 0 127 0 0 1.75689 127 78 1 0 0 127 0 0 30 127 0 0
0 70 0 0 0 0 127 34 0 53 99 83 0 0 0 0 32 0 0 21 0 40 0 0 127 88 0
0 0 0 0 0 0 0 16 16 0 0 0 0 0 0 127 51 0;
egregore_data 123 127 0 121 121 0 127 0 0 0 0 0 0 0 0 127 38 1 5.8563
0 0 0 0 0 0 0 0 6 0 127 0 0 1.75689 127 78 1 0 0 127 0 0 30 127 0 0
0 70 0 0 0 0 127 34 0 53 99 83 0 0 0 0 32 0 0 21 0 40 0 0 127 88 0
0 0 0 0 0 0 0 16 16 0 0 0 0 0 0 127 51 0;
egregore_data 123 127 0 121 121 0 127 0 0 0 0 0 0 0 0 127 38 1 5.8563
0 0 0 0 0 0 0 0 6 0 127 0 0 1.75689 127 78 1 0 0 127 0 0 30 127 0 0
0 70 0 0 0 0 127 34 0 53 99 83 0 0 0 0 32 0 0 21 0 40 0 0 127 88 0
0 0 0 0 0 0 0 16 16 0 0 0 0 0 0 127 51 0;
egregore_data 123 127 0 121 121 0 127 0 0 0 0 0 0 0 0 127 38 1 5.8563
0 0 0 0 0 0 0 0 6 0 127 0 0 1.75689 127 78 1 0 0 127 0 0 30 127 0 0
0 70 0 0 0 0 127 34 0 53 99 83 0 0 0 0 32 0 0 21 0 40 0 0 127 88 0
0 0 0 0 0 0 0 16 16 0 0 0 0 0 0 127 51 0;
egregore_data 123 127 0 121 121 0 127 0 0 0 0 0 0 0 0 127 38 1 5.8563
0 0 0 0 0 0 0 0 6 0 127 0 0 1.75689 127 78 1 0 0 127 0 0 30 127 0 0
0 70 0 0 0 0 127 34 0 53 99 83 0 0 0 0 32 0 0 21 0 40 0 0 127 88 0
0 0 0 0 0 0 0 16 16 0 0 0 0 0 0 127 51 0;
egregore_data 123 127 0 121 121 0 127 0 0 0 0 0 0 0 0 127 38 1 5.8563
0 0 0 0 0 0 0 0 6 0 127 0 0 1.75689 127 78 1 0 0 127 0 0 30 127 0 0
0 70 0 0 0 0 127 34 0 53 99 83 0 0 0 0 32 0 0 21 0 40 0 0 127 88 0
0 0 0 0 0 0 0 16 16 0 0 0 0 0 0 127 51 0;
egregore_data 123 127 0 121 121 0 127 0 0 0 0 0 0 0 0 127 38 1 5.8563
0 0 0 0 0 0 0 0 6 0 127 0 0 1.75689 127 78 1 0 0 127 0 0 30 127 0 0
0 70 0 0 0 0 127 34 0 53 99 83 0 0 0 0 32 0 0 21 0 40 0 0 127 88 0
0 0 0 0 0 0 0 16 16 0 0 0 0 0 0 127 51 0;
egregore_data 123 127 0 121 121 0 127 0 0 0 0 0 0 0 0 127 38 1 5.8563
0 0 0 0 0 0 0 0 6 0 127 0 0 1.75689 127 78 1 0 0 127 0 0 30 127 0 0
0 70 0 0 0 0 127 34 0 53 99 83 0 0 0 0 32 0 0 21 0 40 0 0 127 88 0
0 0 0 0 0 0 0 16 16 0 0 0 0 0 0 127 51 0;
egregore_data 123 127 0 121 121 0 127 0 0 0 0 0 0 0 0 127 38 1 5.8563
0 0 0 0 0 0 0 0 6 0 127 0 0 1.75689 127 78 1 0 0 127 0 0 30 127 0 0
0 70 0 0 0 0 127 34 0 53 99 83 0 0 0 0 32 0 0 21 0 40 0 0 127 88 0
0 0 0 0 0 0 0 16 16 0 0 0 0 0 0 127 51 0;
egregore_data 123 127 0 121 121 0 127 0 0 0 0 0 0 0 0 127 38 1 5.8563
0 0 0 0 0 0 0 0 6 0 127 0 0 1.75689 127 78 1 0 0 127 0 0 30 127 0 0
0 70 0 0 0 0 127 34 0 53 99 83 0 0 0 0 32 0 0 21 0 40 0 0 127 88 0
0 0 0 0 0 0 0 16 16 0 0 0 0 0 0 127 51 0;
egregore_data 123 127 0 121 121 0 127 0 0 0 0 0 0 0 0 127 38 1 5.8563
0 0 0 0 0 0 0 0 6 0 127 0 0 1.75689 127 78 1 0 0 127 0 0 30 127 0 0
0 70 0 0 0 0 127 34 0 53 99 83 0 0 0 0 32 0 0 21 0 40 0 0 127 88 0
0 0 0 0 0 0 0 16 16 0 0 0 0 0 0 127 51 0;
egregore_data 123 127 0 121 121 0 127 0 0 0 0 0 0 0 0 127 38 1 5.8563
0 0 0 0 0 0 0 0 6 0 127 0 0 1.75689 127 78 1 0 0 127 0 0 30 127 0 0
0 70 0 0 0 0 127 34 0 53 99 83 0 0 0 0 32 0 0 21 0 40 0 0 127 88 0
0 0 0 0 0 0 0 16 16 0 0 0 0 0 0 127 51 0;
egregore_data 123 127 0 121 121 0 127 0 0 0 0 0 0 0 0 127 38 1 5.8563
0 0 0 0 0 0 0 0 6 0 127 0 0 1.75689 127 78 1 0 0 127 0 0 30 127 0 0
0 70 0 0 0 0 127 34 0 53 99 83 0 0 0 0 32 0 0 21 0 40 0 0 127 88 0
0 0 0 0 0 0 0 16 16 0 0 0 0 0 0 127 51 0;
egregore_data 123 127 0 121 121 0 127 0 0 0 0 0 0 0 0 127 38 1 8.19882
0 0 0 0 0 0 0 0 6 0 127 0 0 2.45965 127 78 1 0 0 127 0 0 30 127 0 0
0 70 0 0 0 0 127 34 0 53 99 83 0 0 0 0 32 0 0 21 0 40 0 0 127 88 0
0 0 0 0 0 0 0 16 16 0 0 0 0 0 0 127 51 0;
egregore_data 123 127 0 121 121 0 127 0 0 0 0 0 0 0 0 127 38 1 8.19882
0 0 0 0 0 0 0 0 6 0 127 0 0 2.45965 127 78 1 0 0 127 0 0 30 127 0 0
0 70 0 0 0 0 127 34 0 53 99 83 0 0 0 0 32 0 0 21 0 40 0 0 127 88 0
0 0 0 0 0 0 0 16 16 0 0 0 0 0 0 127 51 0;
egregore_data 123 127 0 121 121 0 127 0 0 0 0 0 0 0 0 127 38 1 8.19882
0 0 0 0 0 0 0 0 6 0 127 0 0 2.45965 127 78 1 0 0 127 0 0 30 127 0 0
0 70 0 0 0 0 127 34 0 53 99 83 0 0 0 0 32 0 0 21 0 40 0 0 127 88 0
0 0 0 0 0 0 0 16 16 0 0 0 0 0 0 127 51 0;
egregore_data 123 127 0 121 121 0 127 0 0 0 0 0 0 0 0 127 38 1 8.19882
0 0 0 0 0 0 0 0 6 0 127 0 0 2.45965 127 78 1 0 0 127 0 0 30 127 0 0
0 70 0 0 0 0 127 34 0 53 99 83 0 0 0 0 32 0 0 21 0 40 0 0 127 88 0
0 0 0 0 0 0 0 16 16 0 0 0 0 0 0 127 51 0;
egregore_data 123 127 0 121 121 0 127 0 0 0 0 0 0 0 0 127 38 1 8.19882
0 0 0 0 0 0 0 0 6 0 127 0 0 2.45965 127 78 1 0 0 127 0 0 30 127 0 0
0 70 0 0 0 0 127 34 0 53 99 83 0 0 0 0 32 0 0 21 0 40 0 0 127 88 0
0 0 0 0 0 0 0 16 16 0 0 0 0 0 0 127 51 0;
egregore_data 123 127 0 121 121 0 127 0 0 0 0 0 0 0 0 127 38 1 8.19882
0 0 0 0 0 0 0 0 6 0 127 0 0 2.45965 127 78 1 0 0 127 0 0 30 127 0 0
0 70 0 0 0 0 127 34 0 53 99 83 0 0 0 0 32 0 0 21 0 40 0 0 127 88 0
0 0 0 0 0 0 0 16 16 0 0 0 0 0 0 127 51 0;
egregore_data 123 127 0 121 121 0 127 0 0 0 0 0 0 0 0 127 38 1 8.19882
0 0 0 0 0 0 0 0 6 0 127 0 0 2.45965 127 78 1 0 0 127 0 0 30 127 0 0
0 70 0 0 0 0 127 34 0 53 99 83 0 0 0 0 32 0 0 21 0 40 0 0 127 88 0
0 0 0 0 0 0 0 16 16 0 0 0 0 0 0 127 51 0;
egregore_data 123 127 0 121 121 0 127 0 0 0 0 0 0 0 0 127 38 1 8.19882
0 0 0 0 0 0 0 0 6 0 127 0 0 2.45965 127 78 1 0 0 127 0 0 30 127 0 0
0 70 0 0 0 0 127 34 0 53 99 83 0 0 0 0 32 0 0 21 0 40 0 0 127 88 0
0 0 0 0 0 0 0 16 16 0 0 0 0 0 0 127 51 0;
egregore_data 123 127 0 121 121 0 127 0 0 0 0 0 0 0 0 127 38 1 8.19882
0 0 0 0 0 0 0 0 6 0 127 0 0 2.45965 127 78 1 0 0 127 0 0 30 127 0 0
0 70 0 0 0 0 127 34 0 53 99 83 0 0 0 0 32 0 0 21 0 40 0 0 127 88 0
0 0 0 0 0 0 0 16 16 0 0 0 0 0 0 127 51 0;
egregore_data 123 127 0 121 121 0 127 0 0 0 0 0 0 0 0 127 38 1 8.19882
0 0 0 0 0 0 0 0 6 0 127 0 0 2.45965 127 78 1 0 0 127 0 0 30 127 0 0
0 70 0 0 0 0 127 34 0 53 99 83 0 0 0 0 32 0 0 21 0 40 0 0 127 88 0
0 0 0 0 0 0 0 16 16 0 0 0 0 0 0 127 51 0;
egregore_data 123 127 0 121 121 0 127 0 0 0 0 0 0 0 0 127 38 1 8.19882
0 0 0 0 0 0 0 0 6 0 127 0 0 2.45965 127 78 1 0 0 127 0 0 30 127 0 0
0 70 0 0 0 0 127 34 0 53 99 83 0 0 0 0 32 0 0 21 0 40 0 0 127 88 0
0 0 0 0 0 0 0 16 16 0 0 0 0 0 0 127 51 0;
egregore_data 123 127 0 121 121 0 127 0 0 0 0 0 0 0 0 127 38 1 8.19882
0 0 0 0 0 0 0 0 6 0 127 0 0 2.45965 127 78 1 0 0 127 0 0 30 127 0 0
0 70 0 0 0 0 127 34 0 53 99 83 0 0 0 0 32 0 0 21 0 40 0 0 127 88 0
0 0 0 0 0 0 0 16 16 0 0 0 0 0 0 127 51 0;
egregore_data 123 127 0 121 121 0 127 0 0 0 0 0 0 0 0 127 38 1 9.37008
0 0 0 0 0 0 0 0 6 0 127 0 0 2.81102 127 78 1 0 0 127 0 0 30 127 0 0
0 70 0 0 0 0 127 34 0 53 99 83 0 0 0 0 32 0 0 21 0 40 0 0 127 88 0
0 0 0 0 0 0 0 16 16 0 0 0 0 0 0 127 51 0;
egregore_data 123 127 0 121 121 0 127 0 0 0 0 0 0 0 0 127 38 1 9.37008
0 0 0 0 0 0 0 0 6 0 127 0 0 2.81102 127 78 1 0 0 127 0 0 30 127 0 0
0 70 0 0 0 0 127 34 0 53 99 83 0 0 0 0 32 0 0 21 0 40 0 0 127 88 0
0 0 0 0 0 0 0 16 16 0 0 0 0 0 0 127 51 0;
egregore_data 123 127 0 121 121 0 127 0 0 0 0 0 0 0 0 127 38 1 9.37008
0 0 0 0 0 0 0 0 6 0 127 0 0 2.81102 127 78 1 0 0 127 0 0 30 127 0 0
0 70 0 0 0 0 127 34 0 53 99 83 0 0 0 0 32 0 0 21 0 40 0 0 127 88 0
0 0 0 0 0 0 0 16 16 0 0 0 0 0 0 127 51 0;
egregore_data 123 127 0 121 121 0 127 0 0 0 0 0 0 0 0 127 38 1 9.37008
0 0 0 0 0 0 0 0 6 0 127 0 0 2.81102 127 78 1 0 0 127 0 0 30 127 0 0
0 70 0 0 0 0 127 34 0 53 99 83 0 0 0 0 32 0 0 21 0 40 0 0 127 88 0
0 0 0 0 0 0 0 16 16 0 0 0 0 0 0 127 51 0;
egregore_data 123 127 0 121 121 0 127 0 0 0 0 0 0 0 0 127 38 1 9.37008
0 0 0 0 0 0 0 0 6 0 127 0 0 2.81102 127 78 1 0 0 127 0 0 30 127 0 0
0 70 0 0 0 0 127 34 0 53 99 83 0 0 0 0 32 0 0 21 0 40 0 0 127 88 0
0 0 0 0 0 0 0 16 16 0 0 0 0 0 0 127 51 0;
egregore_data 123 127 0 121 121 0 125 0 0 0 0 0 0 0 0 127 38 1 9.37008
0 0 0 0 0 0 0 0 6 0 127 0 0 2.81102 127 78 1 0 0 127 0 0 30 127 0 0
0 70 0 0 0 0 127 34 0 53 99 83 0 0 0 0 32 0 0 21 0 40 0 0 127 88 0
0 0 0 0 0 0 0 16 16 0 0 0 0 0 0 127 51 0;
egregore_data 123 127 0 121 121 0 125 0 0 0 0 0 0 0 0 127 38 1 10.5413
0 0 0 0 0 0 0 0 6 0 127 0 0 3.1624 127 78 1 0 0 127 0 0 30 127 0 0
0 70 0 0 0 0 127 34 0 53 99 83 0 0 0 0 32 0 0 21 0 40 0 0 127 88 0
0 0 0 0 0 0 0 16 16 0 0 0 0 0 0 127 51 0;
egregore_data 123 127 0 121 121 0 124 0 0 0 0 0 0 0 0 127 38 1 10.5413
0 0 0 0 0 0 0 0 6 0 127 0 0 3.1624 127 78 1 0 0 127 0 0 30 127 0 0
0 70 0 0 0 0 127 34 0 53 99 83 0 0 0 0 32 0 0 21 0 40 0 0 127 88 0
0 0 0 0 0 0 0 16 16 0 0 0 0 0 0 127 51 0;
egregore_data 123 127 0 121 121 0 124 0 0 0 0 0 0 0 0 127 38 1 10.5413
0 0 0 0 0 0 0 0 6 0 127 0 0 3.1624 127 78 1 0 0 127 0 0 30 127 0 0
0 70 0 0 0 0 127 34 0 53 99 83 0 0 0 0 32 0 0 21 0 40 0 0 127 88 0
0 0 0 0 0 0 0 16 16 0 0 0 0 0 0 127 51 0;
egregore_data 123 127 0 121 121 0 124 0 0 0 0 0 0 0 0 127 38 1 10.5413
0 0 0 0 0 0 0 0 6 0 127 0 0 3.1624 127 78 1 0 0 127 0 0 30 127 0 0
0 70 0 0 0 0 127 34 0 53 99 83 0 0 0 0 32 0 0 21 0 40 0 0 127 88 0
0 0 0 0 0 0 0 16 16 0 0 0 0 0 0 127 51 0;
egregore_data 123 127 0 121 121 0 124 0 0 0 0 0 0 0 0 127 38 1 10.5413
0 0 0 0 0 0 0 0 6 0 127 0 0 3.1624 127 78 1 0 0 127 0 0 30 127 0 0
0 70 0 0 0 0 127 34 0 53 99 83 0 0 0 0 32 0 0 21 0 40 0 0 127 88 0
0 0 0 0 0 0 0 16 16 0 0 0 0 0 0 127 51 0;
egregore_data 123 127 0 121 121 0 124 0 0 0 0 0 0 0 0 127 38 1 10.5413
0 0 0 0 0 0 0 0 6 0 127 0 0 3.1624 127 78 1 0 0 127 0 0 30 127 0 0
0 70 0 0 0 0 127 34 0 53 99 83 0 0 0 0 32 0 0 21 0 40 0 0 127 88 0
0 0 0 0 0 0 0 16 16 0 0 0 0 0 0 127 51 0;
egregore_data 123 127 0 121 121 0 124 0 0 0 0 0 0 0 0 127 38 1 10.5413
0 0 0 0 0 0 0 0 6 0 127 0 0 3.1624 127 78 1 0 0 127 0 0 30 127 0 0
0 70 0 0 0 0 127 34 0 53 99 83 0 0 0 0 32 0 0 21 0 40 0 0 127 88 0
0 0 0 0 0 0 0 16 16 0 0 0 0 0 0 127 51 0;
egregore_data 123 127 0 121 121 0 124 0 0 0 0 0 0 0 0 127 38 1 10.5413
0 0 0 0 0 0 0 0 6 0 127 0 0 3.1624 127 78 1 0 0 127 0 0 30 127 0 0
0 70 0 0 0 0 127 34 0 53 99 83 0 0 0 0 32 0 0 21 0 40 0 0 127 88 0
0 0 0 0 0 0 0 16 16 0 0 0 0 0 0 127 51 0;
egregore_data 123 127 0 121 121 0 124 0 0 0 0 0 0 0 0 127 38 1 10.5413
0 0 0 0 0 0 0 0 6 0 127 0 0 3.1624 127 78 1 0 0 127 0 0 30 127 0 0
0 70 0 0 0 0 127 34 0 53 99 83 0 0 0 0 32 0 0 21 0 40 0 0 127 88 0
0 0 0 0 0 0 0 16 16 0 0 0 0 0 0 127 51 0;
egregore_data 123 127 0 121 121 0 124 0 0 0 0 0 0 0 0 127 38 1 10.5413
0 0 0 0 0 0 0 0 6 0 127 0 0 3.1624 127 78 1 0 0 127 0 0 30 127 0 0
0 70 0 0 0 0 127 34 0 53 99 83 0 0 0 0 32 0 0 21 0 40 0 0 127 88 0
0 0 0 0 0 0 0 16 16 0 0 0 0 0 0 127 51 0;
egregore_data 123 127 0 121 121 0 124 0 0 0 0 0 0 0 0 127 38 1 10.5413
0 0 0 0 0 0 0 0 6 0 127 0 0 3.1624 127 78 1 0 0 127 0 0 30 127 0 0
0 70 0 0 0 0 127 34 0 53 99 83 0 0 0 0 32 0 0 21 0 40 0 0 127 88 0
0 0 0 0 0 0 0 16 16 0 0 0 0 0 0 127 51 0;
egregore_data 123 127 0 121 121 0 124 0 0 0 0 0 0 0 0 127 38 1 10.5413
0 0 0 0 0 0 0 0 6 0 127 0 0 3.1624 127 78 1 0 0 127 0 0 30 127 0 0
0 70 0 0 0 0 127 34 0 53 99 83 0 0 0 0 32 0 0 21 0 40 0 0 127 88 0
0 0 0 0 0 0 0 16 16 0 0 0 0 0 0 127 51 0;
egregore_data 123 127 0 121 121 0 124 0 0 0 0 0 0 0 0 127 38 1 10.5413
0 0 0 0 0 0 0 0 6 0 127 0 0 3.1624 127 78 1 0 0 127 0 0 30 127 0 0
0 70 0 0 0 0 127 34 0 53 99 83 0 0 0 0 32 0 0 21 0 40 0 0 127 88 0
0 0 0 0 0 0 0 16 16 0 0 0 0 0 0 127 51 0;
egregore_data 123 127 0 121 121 0 124 0 0 0 0 0 0 0 0 127 38 1 10.5413
0 0 0 0 0 0 0 0 6 0 127 0 0 3.1624 127 78 1 0 0 127 0 0 30 127 0 0
0 70 0 0 0 0 127 34 0 53 99 83 0 0 0 0 32 0 0 21 0 40 0 0 127 88 0
0 0 0 0 0 0 0 16 16 0 0 0 0 0 0 127 51 0;
egregore_data 123 127 0 121 121 0 124 0 0 0 0 0 0 0 0 127 38 1 10.5413
0 0 0 0 0 0 0 0 6 0 127 0 0 3.1624 127 78 1 0 0 127 0 0 30 127 0 0
0 70 0 0 0 0 127 34 0 53 99 83 0 0 0 0 32 0 0 21 0 40 0 0 127 88 0
0 0 0 0 0 0 0 16 16 0 0 0 0 0 0 127 51 0;
END;
