HTTP/1.1 200 OK
Date: Thu, 28 May 2015 12:25:46 GMT
Server: Apache
Last-Modified: Wed, 27 May 2015 19:35:22 GMT
Accept-Ranges: bytes
Content-Length: 31132
Vary: Accept-Encoding
Connection: close
Content-Type: text/plain

chdh_egregore_live_data;
egregore_data 0 0 127 0 0 127 0 0 0 0 0 0 0 0 0 127 38 0 127 0 0 0
0 0 0 0 0 0 0 100 0 0 127 127 78 0 93 90 127 0 19 127 127 0 0 0 70
0 0 0 127 127 34 0 121.161 83.7126 17.0805 0 94.6494 11.0747 0 104.814
21.1667 66.1897 83.3563 2.70115 1.62069 33.592 0 127 43.9337 1 62 0
0 0 0 0 0 16 16 0 0 0 0 0 0 127 51 1;
egregore_data 0 0 127 0 0 127 0 0 0 0 0 0 0 0 0 127 38 0 127 0 0 0
0 0 0 0 0 0 0 100 0 0 127 127 78 0 93 90 127 0 19 127 127 0 0 0 70
0 0 0 127 127 34 0 121.161 83.7126 17.0805 0 94.6494 11.0747 0 104.814
21.1667 66.1897 83.3563 2.70115 1.62069 33.592 0 127 43.9337 1 62 0
0 0 0 0 0 16 16 0 0 0 0 0 0 127 51 1;
egregore_data 0 0 127 0 0 127 0 0 0 0 0 0 0 0 0 127 38 0 127 0 0 0
0 0 0 0 0 0 0 100 0 0 127 127 78 0 93 90 127 0 19 127 127 0 0 0 70
0 0 0 127 127 34 0 121.161 83.7126 17.0805 0 94.6494 11.0747 0 104.814
21.1667 66.1897 83.3563 2.70115 1.62069 33.592 0 127 43.9337 1 62 0
0 0 0 0 0 16 16 0 0 0 0 0 0 127 51 1;
egregore_data 0 0 127 0 0 127 0 0 0 0 0 0 0 0 0 127 38 0 127 0 0 0
0 0 0 0 0 0 0 100 0 0 127 127 78 0 93 90 127 0 19 127 127 0 0 0 70
0 0 0 127 127 34 0 121.161 83.7126 17.0805 0 94.6494 11.0747 0 104.814
21.1667 66.1897 83.3563 2.70115 1.62069 33.592 0 127 43.9337 1 62 0
0 0 0 0 0 16 16 0 0 0 0 0 0 127 51 1;
egregore_data 0 0 127 0 0 127 0 0 0 0 0 0 0 0 0 127 38 0 127 0 0 0
0 0 0 0 0 0 0 100 0 0 127 127 78 0 93 90 127 0 19 127 127 0 0 0 70
0 0 0 127 127 34 0 121.161 83.7126 17.0805 0 94.6494 11.0747 0 104.814
21.1667 66.1897 83.3563 2.70115 1.62069 33.592 0 127 43.9337 1 62 0
0 0 0 0 0 16 16 0 0 0 0 0 0 127 51 1;
egregore_data 0 0 127 0 0 127 0 0 0 0 0 0 0 0 0 127 38 0 127 0 0 0
0 0 0 0 0 0 0 100 0 0 127 127 78 0 93 90 127 0 19 127 127 0 0 0 70
0 0 0 127 127 34 0 121.161 83.7126 17.0805 0 94.6494 11.0747 0 104.814
21.1667 66.1897 83.3563 2.70115 1.62069 33.592 0 127 43.9337 1 62 0
0 0 0 0 0 16 16 0 0 0 0 0 0 127 51 1;
egregore_data 0 0 127 0 0 127 0 0 0 0 0 0 0 0 0 127 38 0 127 0 0 0
0 0 0 0 0 0 0 100 0 0 127 127 78 0 93 90 127 0 19 127 127 0 0 0 70
0 0 0 127 127 34 0 121.194 83.4457 17.0971 0 94.6286 11.2457 0 104.749
21.0457 66.1771 83.2229 2.74286 1.64571 33.6629 0 127 43.9337 1 62
0 0 0 0 0 0 16 16 0 0 0 0 0 0 127 51 1;
egregore_data 0 0 127 0 0 127 0 0 0 0 0 0 0 0 0 127 38 0 127 0 0 0
0 0 0 0 0 0 0 100 0 0 127 127 78 0 93 90 127 0 19 127 127 0 0 0 70
0 0 0 127 127 34 0 121.194 83.4457 17.0971 0 94.6286 11.2457 0 104.749
21.0457 66.1771 83.2229 2.74286 1.64571 33.6629 0 127 43.9337 1 62
0 0 0 0 0 0 16 16 0 0 0 0 0 0 127 51 1;
egregore_data 0 0 127 0 0 127 0 0 0 0 0 0 0 0 0 127 38 0 127 0 0 0
0 0 0 0 0 0 0 100 0 0 127 127 78 0 93 90 127 0 19 127 127 0 0 0 70
0 0 0 127 127 34 0 121.194 83.4457 17.0971 0 94.6286 11.2457 0 104.749
21.0457 66.1771 83.2229 2.74286 1.64571 33.6629 0 127 43.9337 1 62
0 0 0 0 0 0 16 16 0 0 0 0 0 0 127 51 1;
egregore_data 0 0 127 0 0 127 0 0 0 0 0 0 0 0 0 127 38 0 127 0 0 0
0 0 0 0 0 0 0 100 0 0 127 127 78 0 93 90 127 0 19 127 127 0 0 0 70
0 0 0 127 127 34 0 121.194 83.4457 17.0971 0 94.6286 11.2457 0 104.749
21.0457 66.1771 83.2229 2.74286 1.64571 33.6629 0 127 43.9337 1 62
0 0 0 0 0 0 16 16 0 0 0 0 0 0 127 51 1;
egregore_data 0 0 127 0 0 127 0 0 0 0 0 0 0 0 0 127 38 0 127 0 0 0
0 0 0 0 0 0 0 100 0 0 127 127 78 0 93 90 127 0 19 127 127 0 0 0 70
0 0 0 127 127 34 0 121.227 83.1818 17.1136 0 94.608 11.4148 0 104.685
20.9261 66.1648 83.0909 2.78409 1.67045 33.733 0 127 43.9337 1 62 0
0 0 0 0 0 16 16 0 0 0 0 0 0 127 51 1;
egregore_data 0 0 127 0 0 127 0 0 0 0 0 0 0 0 0 127 38 0 127 0 0 0
0 0 0 0 0 0 0 100 0 0 127 127 78 0 93 90 127 0 19 127 127 0 0 0 70
0 0 0 127 127 34 0 121.227 83.1818 17.1136 0 94.608 11.4148 0 104.685
20.9261 66.1648 83.0909 2.78409 1.67045 33.733 0 127 43.9337 1 62 0
0 0 0 0 0 16 16 0 0 0 0 0 0 127 51 1;
egregore_data 0 0 127 0 0 127 0 0 0 0 0 0 0 0 0 127 38 0 127 0 0 0
0 0 0 0 0 0 0 100 0 0 127 127 78 0 93 90 127 0 19 127 127 0 0 0 70
0 0 0 127 127 34 0 121.227 83.1818 17.1136 0 94.608 11.4148 0 104.685
20.9261 66.1648 83.0909 2.78409 1.67045 33.733 0 127 43.9337 1 62 0
0 0 0 0 0 16 16 0 0 0 0 0 0 127 51 1;
egregore_data 0 0 127 0 0 127 0 0 0 0 0 0 0 0 0 127 38 0 127 0 0 0
0 0 0 0 0 0 0 100 0 0 127 127 78 0 93 90 127 0 19 127 127 0 0 0 70
0 0 0 127 127 34 0 121.227 83.1818 17.1136 0 94.608 11.4148 0 104.685
20.9261 66.1648 83.0909 2.78409 1.67045 33.733 0 127 43.9337 1 62 0
0 0 0 0 0 16 16 0 0 0 0 0 0 127 51 1;
egregore_data 0 0 127 0 0 127 0 0 0 0 0 0 0 0 0 127 38 0 127 0 0 0
0 0 0 0 0 0 0 100 0 0 127 127 78 0 93 90 127 0 19 127 127 0 0 0 70
0 0 0 127 127 34 0 121.227 83.1818 17.1136 0 94.608 11.4148 0 104.685
20.9261 66.1648 83.0909 2.78409 1.67045 33.733 0 127 43.9337 1 62 0
0 0 0 0 0 16 16 0 0 0 0 0 0 127 51 1;
egregore_data 0 0 127 0 0 127 0 0 0 0 0 0 0 0 0 127 38 0 127 0 0 0
0 0 0 0 0 0 0 100 0 0 127 127 78 0 93 90 127 0 19 127 127 0 0 0 70
0 0 0 127 127 34 0 121.227 83.1818 17.1136 0 94.608 11.4148 0 104.685
20.9261 66.1648 83.0909 2.78409 1.67045 33.733 0 127 43.9337 1 62 0
0 0 0 0 0 16 16 0 0 0 0 0 0 127 51 1;
egregore_data 0 0 127 0 0 127 0 0 0 0 0 0 0 0 0 127 38 0 127 0 0 0
0 0 0 0 0 0 0 100 0 0 127 127 78 0 93 90 127 0 19 127 127 0 0 0 70
0 0 0 127 127 34 0 121.292 82.6629 17.1461 0 94.5674 11.7472 0 104.56
20.691 66.1404 82.8315 2.86517 1.7191 33.8708 0 127 43.9337 1 62 0
0 0 0 0 0 16 16 0 0 0 0 0 0 127 51 1;
egregore_data 0 0 127 0 0 127 0 0 0 0 0 0 0 0 0 127 38 0 127 0 0 0
0 0 0 0 0 0 0 100 0 0 127 127 78 0 93 90 127 0 19 127 127 0 0 0 70
0 0 0 127 127 34 0 121.324 82.4078 17.162 0 94.5475 11.9106 0 104.498
20.5754 66.1285 82.7039 2.90503 1.74302 33.9385 0 127 43.9337 1 62
0 0 0 0 0 0 16 16 0 0 0 0 0 0 127 51 1;
egregore_data 0 0 127 0 0 127 0 0 0 0 0 0 0 0 0 127 38 0 127 0 0 0
0 0 0 0 0 0 0 100 0 0 127 127 78 0 93 90 127 0 19 127 127 0 0 0 70
0 0 0 127 127 34 0 121.324 82.4078 17.162 0 94.5475 11.9106 0 104.498
20.5754 66.1285 82.7039 2.90503 1.74302 33.9385 0 127 43.9337 1 62
0 0 0 0 0 0 16 16 0 0 0 0 0 0 127 51 1;
egregore_data 0 0 127 0 0 127 0 0 0 0 0 0 0 0 0 127 38 0 127 0 0 0
0 0 0 0 0 0 0 100 0 0 127 127 78 0 93 90 127 0 19 127 127 0 0 0 70
0 0 0 127 127 34 0 121.324 82.4078 17.162 0 94.5475 11.9106 0 104.498
20.5754 66.1285 82.7039 2.90503 1.74302 33.9385 0 127 43.9337 1 62
0 0 0 0 0 0 16 16 0 0 0 0 0 0 127 51 1;
egregore_data 0 0 127 0 0 127 0 0 0 0 0 0 0 0 0 127 38 0 127 0 0 0
0 0 0 0 0 0 0 100 0 0 127 127 78 0 93 90 127 0 19 127 127 0 0 0 70
0 0 0 127 127 34 0 121.324 82.4078 17.162 0 94.5475 11.9106 0 104.498
20.5754 66.1285 82.7039 2.90503 1.74302 33.9385 0 127 43.9337 1 62
0 0 0 0 0 0 16 16 0 0 0 0 0 0 127 51 1;
egregore_data 0 0 127 0 0 127 0 0 0 0 0 0 0 0 0 127 38 0 127 0 0 0
0 0 0 0 0 0 0 100 0 0 127 127 78 0 93 90 127 0 19 127 127 0 0 0 70
0 0 0 127 127 34 0 121.324 82.4078 17.162 0 94.5475 11.9106 0 104.498
20.5754 66.1285 82.7039 2.90503 1.74302 33.9385 0 127 43.9337 1 62
0 0 0 0 0 0 16 16 0 0 0 0 0 0 127 51 1;
egregore_data 0 0 127 0 0 127 0 0 0 0 0 0 0 0 0 127 38 0 127 0 0 0
0 0 0 0 0 0 0 100 0 0 127 127 78 0 93 90 127 0 19 127 127 0 0 0 70
0 0 0 127 127 34 0 121.324 82.4078 17.162 0 94.5475 11.9106 0 104.498
20.5754 66.1285 82.7039 2.90503 1.74302 33.9385 0 127 43.9337 1 62
0 0 0 0 0 0 16 16 0 0 0 0 0 0 127 51 1;
egregore_data 0 0 127 0 0 127 0 0 0 0 0 0 0 0 0 127 38 0 127 0 0 0
0 0 0 0 0 0 0 100 0 0 127 127 78 0 93 90 127 0 19 127 127 0 0 0 70
0 0 0 127 127 34 0 121.324 82.4078 17.162 0 94.5475 11.9106 0 104.498
20.5754 66.1285 82.7039 2.90503 1.74302 33.9385 0 127 43.9337 1 62
0 0 0 0 0 0 16 16 0 0 0 0 0 0 127 51 1;
egregore_data 0 0 127 0 0 127 0 0 0 0 0 0 0 0 0 127 38 0 127 0 0 0
0 0 0 0 0 0 0 100 0 0 127 127 78 0 93 90 127 0 19 127 127 0 0 0 70
0 0 0 127 127 34 0 121.324 82.4078 17.162 0 94.5475 11.9106 0 104.498
20.5754 66.1285 82.7039 2.90503 1.74302 33.9385 0 127 43.9337 1 62
0 0 0 0 0 0 16 16 0 0 0 0 0 0 127 51 1;
egregore_data 0 0 127 0 0 127 0 0 0 0 0 0 0 0 0 127 38 0 127 0 0 0
0 0 0 0 0 0 0 100 0 0 127 127 78 0 93 90 127 0 19 127 127 0 0 0 70
0 0 0 127 127 34 0 121.324 82.4078 17.162 0 94.5475 11.9106 0 104.498
20.5754 66.1285 82.7039 2.90503 1.74302 33.9385 0 127 43.9337 1 62
0 0 0 0 0 0 16 16 0 0 0 0 0 0 127 51 1;
egregore_data 0 0 127 0 0 127 0 0 0 0 0 0 0 0 0 127 38 0 127 0 0 0
0 0 0 0 0 0 0 100 0 0 127 127 78 0 93 90 127 0 19 127 127 0 0 0 70
0 0 0 127 127 34 0 121.356 82.1556 17.1778 0 94.5278 12.0722 0 104.437
20.4611 66.1167 82.5778 2.94444 1.76667 34.0056 0 127 43.9337 1 62
0 0 0 0 0 0 16 16 0 0 0 0 0 0 127 51 1;
egregore_data 0 0 127 0 0 127 0 0 0 0 0 0 0 0 0 127 38 0 127 0 0 0
0 0 0 0 0 0 0 100 0 0 127 127 78 0 93 90 127 0 19 127 127 0 0 0 70
0 0 0 127 127 34 0 121.356 82.1556 17.1778 0 94.5278 12.0722 0 104.437
20.4611 66.1167 82.5778 2.94444 1.76667 34.0056 0 127 43.9337 1 62
0 0 0 0 0 0 16 16 0 0 0 0 0 0 127 51 1;
egregore_data 0 0 127 0 0 127 0 0 0 0 0 0 0 0 0 127 38 0 127 0 0 0
0 0 0 0 0 0 0 100 0 0 127 127 78 0 93 90 127 0 19 127 127 0 0 0 70
0 0 0 127 127 34 0 121.387 81.9061 17.1934 0 94.5083 12.232 0 104.376
20.3481 66.105 82.453 2.98343 1.79006 34.0718 0 127 43.9337 1 62 0
0 0 0 0 0 16 16 0 0 0 0 0 0 127 51 1;
egregore_data 0 0 127 0 0 127 0 0 0 0 0 0 0 0 0 127 38 0 127 0 0 0
0 0 0 0 0 0 0 100 0 0 127 127 78 0 93 90 127 0 19 127 127 0 0 0 70
0 0 0 127 127 34 0 121.387 81.9061 17.1934 0 94.5083 12.232 0 104.376
20.3481 66.105 82.453 2.98343 1.79006 34.0718 0 127 43.9337 1 62 0
0 0 0 0 0 16 16 0 0 0 0 0 0 127 51 1;
egregore_data 0 0 127 0 0 127 0 0 0 0 0 0 0 0 0 127 38 0 127 0 0 0
0 0 0 0 0 0 0 100 0 0 127 127 78 0 93 90 127 0 19 127 127 0 0 0 70
0 0 0 127 127 34 0 121.387 81.9061 17.1934 0 94.5083 12.232 0 104.376
20.3481 66.105 82.453 2.98343 1.79006 34.0718 0 127 43.9337 1 62 0
0 0 0 0 0 16 16 0 0 0 0 0 0 127 51 1;
egregore_data 0 0 127 0 0 127 0 0 0 0 0 0 0 0 0 127 38 0 127 0 0 0
0 0 0 0 0 0 0 100 0 0 127 127 78 0 93 90 127 0 19 127 127 0 0 0 70
0 0 0 127 127 34 0 121.387 81.9061 17.1934 0 94.5083 12.232 0 104.376
20.3481 66.105 82.453 2.98343 1.79006 34.0718 0 127 43.9337 1 62 0
0 0 0 0 0 16 16 0 0 0 0 0 0 127 51 1;
egregore_data 0 0 127 0 0 127 0 0 0 0 0 0 0 0 0 127 38 0 127 0 0 0
0 0 0 0 0 0 0 100 0 0 127 127 78 0 93 90 127 0 19 127 127 0 0 0 70
0 0 0 127 127 34 0 121.448 81.4153 17.224 0 94.4699 12.5464 0 104.257
20.1257 66.082 82.2077 3.06011 1.83607 34.2022 0 127 43.9337 1 62 0
0 0 0 0 0 16 16 0 0 0 0 0 0 127 51 1;
egregore_data 0 0 127 0 0 127 0 0 0 0 0 0 0 0 0 127 38 0 127 0 0 0
0 0 0 0 0 0 0 100 0 0 127 127 78 0 93 90 127 0 19 127 127 0 0 0 70
0 0 0 127 127 34 0 121.448 81.4153 17.224 0 94.4699 12.5464 0 104.257
20.1257 66.082 82.2077 3.06011 1.83607 34.2022 0 127 43.9337 1 62 0
0 0 0 0 0 16 16 0 0 0 0 0 0 127 51 1;
egregore_data 0 0 127 0 0 127 0 0 0 0 0 0 0 0 0 127 38 0 127 0 0 0
0 0 0 0 0 0 0 100 0 0 127 127 78 0 93 90 127 0 19 127 127 0 0 0 70
0 0 0 127 127 34 0 121.508 80.9351 17.2541 0 94.4324 12.8541 0 104.141
19.9081 66.0595 81.9676 3.13514 1.88108 34.3297 0 127 43.9337 1 62
0 0 0 0 0 0 16 16 0 0 0 0 0 0 127 51 1;
egregore_data 0 0 127 0 0 127 0 0 0 0 0 0 0 0 0 127 38 0 127 0 0 0
0 0 0 0 0 0 0 100 0 0 127 127 78 0 93 90 127 0 19 127 127 0 0 0 70
0 0 0 127 127 34 0 121.508 80.9351 17.2541 0 94.4324 12.8541 0 104.141
19.9081 66.0595 81.9676 3.13514 1.88108 34.3297 0 127 43.9337 1 62
0 0 0 0 0 0 16 16 0 0 0 0 0 0 127 51 1;
egregore_data 0 0 127 0 0 127 0 0 0 0 0 0 0 0 0 127 38 0 127 0 0 0
0 0 0 0 0 0 0 100 0 0 127 127 78 0 93 90 127 0 19 127 127 0 0 0 70
0 0 0 127 127 34 0 121.508 80.9351 17.2541 0 94.4324 12.8541 0 104.141
19.9081 66.0595 81.9676 3.13514 1.88108 34.3297 0 127 43.9337 1 62
0 0 0 0 0 0 16 16 0 0 0 0 0 0 127 51 1;
egregore_data 0 0 127 0 0 127 0 0 0 0 0 0 0 0 0 127 38 0 127 0 0 0
0 0 0 0 0 0 0 100 0 0 127 127 78 0 93 90 127 0 19 127 127 0 0 0 70
0 0 0 127 127 34 0 121.508 80.9351 17.2541 0 94.4324 12.8541 0 104.141
19.9081 66.0595 81.9676 3.13514 1.88108 34.3297 0 127 43.9337 1 62
0 0 0 0 0 0 16 16 0 0 0 0 0 0 127 51 1;
egregore_data 0 0 127 0 0 127 0 0 0 0 0 0 0 0 0 127 38 0 127 0 0 0
0 0 0 0 0 0 0 100 0 0 127 127 78 0 93 90 127 0 19 127 127 0 0 0 70
0 0 0 127 127 34 0 121.508 80.9351 17.2541 0 94.4324 12.8541 0 104.141
19.9081 66.0595 81.9676 3.13514 1.88108 34.3297 0 127 43.9337 1 62
0 0 0 0 0 0 16 16 0 0 0 0 0 0 127 51 1;
egregore_data 0 0 127 0 0 127 0 0 0 0 0 0 0 0 0 127 38 0 127 0 0 0
0 0 0 0 0 0 0 100 0 0 127 127 78 0 93 90 127 0 19 127 127 0 0 0 70
0 0 0 127 127 34 0 121.508 80.9351 17.2541 0 94.4324 12.8541 0 104.141
19.9081 66.0595 81.9676 3.13514 1.88108 34.3297 0 127 43.9337 1 62
0 0 0 0 0 0 16 16 0 0 0 0 0 0 127 51 1;
egregore_data 0 0 127 0 0 127 0 0 0 0 0 0 0 0 0 127 38 0 127 0 0 0
0 0 0 0 0 0 0 100 0 0 127 127 78 0 93 90 127 0 19 127 127 0 0 0 70
0 0 0 127 127 34 0 121.508 80.9351 17.2541 0 94.4324 12.8541 0 104.141
19.9081 66.0595 81.9676 3.13514 1.88108 34.3297 0 127 43.9337 1 62
0 0 0 0 0 0 16 16 0 0 0 0 0 0 127 51 1;
egregore_data 0 0 127 0 0 127 0 0 0 0 0 0 0 0 0 127 38 0 127 0 0 0
0 0 0 0 0 0 0 100 0 0 127 127 78 0 93 90 127 0 19 127 127 0 0 0 70
0 0 0 127 127 34 0 121.508 80.9351 17.2541 0 94.4324 12.8541 0 104.141
19.9081 66.0595 81.9676 3.13514 1.88108 34.3297 0 127 43.9337 1 62
0 0 0 0 0 0 16 16 0 0 0 0 0 0 127 51 1;
egregore_data 0 0 127 0 0 127 0 0 0 0 0 0 0 0 0 127 38 0 127 0 0 0
0 0 0 0 0 0 0 100 0 0 127 127 78 0 93 90 127 0 19 127 127 0 0 0 70
0 0 0 127 127 34 0 121.508 80.9351 17.2541 0 94.4324 12.8541 0 104.141
19.9081 66.0595 81.9676 3.13514 1.88108 34.3297 0 127 43.9337 1 62
0 0 0 0 0 0 16 16 0 0 0 0 0 0 127 51 1;
egregore_data 0 0 127 0 0 127 0 0 0 0 0 0 0 0 0 127 38 0 127 0 0 0
0 0 0 0 0 0 0 100 0 0 127 127 78 0 93 90 127 0 19 127 127 0 0 0 70
0 0 0 127 127 34 0 121.508 80.9351 17.2541 0 94.4324 12.8541 0 104.141
19.9081 66.0595 81.9676 3.13514 1.88108 34.3297 0 127 43.9337 1 62
0 0 0 0 0 0 16 16 0 0 0 0 0 0 127 51 1;
egregore_data 0 0 127 0 0 127 0 0 0 0 0 0 0 0 0 127 38 0 127 0 0 0
0 0 0 0 0 0 0 100 0 0 127 127 78 0 93 90 127 0 19 127 127 0 0 0 70
0 0 0 127 127 34 0 121.508 80.9351 17.2541 0 94.4324 12.8541 0 104.141
19.9081 66.0595 81.9676 3.13514 1.88108 34.3297 0 127 43.9337 1 62
0 0 0 0 0 0 16 16 0 0 0 0 0 0 127 51 1;
egregore_data 0 0 127 0 0 127 0 0 0 0 0 0 0 0 0 127 38 0 127 0 0 0
0 0 0 0 0 0 0 100 0 0 127 127 78 0 93 90 127 0 19 127 127 0 0 0 70
0 0 0 127 127 34 0 121.508 80.9351 17.2541 0 94.4324 12.8541 0 104.141
19.9081 66.0595 81.9676 3.13514 1.88108 34.3297 0 127 43.9337 1 62
0 0 0 0 0 0 16 16 0 0 0 0 0 0 127 51 1;
egregore_data 0 0 127 0 0 127 0 0 0 0 0 0 0 0 0 127 38 0 127 0 0 0
0 0 0 0 0 0 0 100 0 0 127 127 78 0 93 90 127 0 19 127 127 0 0 0 70
0 0 0 127 127 34 0 121.508 80.9351 17.2541 0 94.4324 12.8541 0 104.141
19.9081 66.0595 81.9676 3.13514 1.88108 34.3297 0 127 43.9337 1 62
0 0 0 0 0 0 16 16 0 0 0 0 0 0 127 51 1;
egregore_data 0 0 127 0 0 127 0 0 0 0 0 0 0 0 0 127 38 0 127 0 0 0
0 0 0 0 0 0 0 100 0 0 127 127 78 0 93 90 127 0 19 127 127 0 0 0 70
0 0 0 127 127 34 0 121.508 80.9351 17.2541 0 94.4324 12.8541 0 104.141
19.9081 66.0595 81.9676 3.13514 1.88108 34.3297 0 127 43.9337 1 62
0 0 0 0 0 0 16 16 0 0 0 0 0 0 127 51 1;
egregore_data 0 0 127 0 0 127 0 0 0 0 0 0 0 0 0 127 38 0 127 0 0 0
0 0 0 0 0 0 0 100 0 0 127 127 78 0 93 90 127 0 19 127 127 0 0 0 70
0 0 0 127 127 34 0 121.508 80.9351 17.2541 0 94.4324 12.8541 0 104.141
19.9081 66.0595 81.9676 3.13514 1.88108 34.3297 0 127 43.9337 1 62
0 0 0 0 0 0 16 16 0 0 0 0 0 0 127 51 1;
egregore_data 0 0 127 0 0 127 0 0 0 0 0 0 0 0 0 127 38 0 127 0 0 0
0 0 0 0 0 0 0 100 0 0 127 127 78 0 93 90 127 0 19 127 127 0 0 0 70
0 0 0 127 127 34 0 121.508 80.9351 17.2541 0 94.4324 12.8541 0 104.141
19.9081 66.0595 81.9676 3.13514 1.88108 34.3297 0 127 43.9337 1 62
0 0 0 0 0 0 16 16 0 0 0 0 0 0 127 51 1;
egregore_data 0 0 127 0 0 127 0 0 0 0 0 0 0 0 0 127 38 0 127 0 0 0
0 0 0 0 0 0 0 100 0 0 127 127 78 0 93 90 127 0 19 127 127 0 0 0 70
0 0 0 127 127 34 0 121.508 80.9351 17.2541 0 94.4324 12.8541 0 104.141
19.9081 66.0595 81.9676 3.13514 1.88108 34.3297 0 127 43.9337 1 62
0 0 0 0 0 0 16 16 0 0 0 0 0 0 127 51 1;
egregore_data 0 0 127 0 0 127 0 0 0 0 0 0 0 0 0 127 38 0 127 0 0 0
0 0 0 0 0 0 0 100 0 0 127 127 78 0 93 90 127 0 19 127 127 0 0 0 70
0 0 0 127 127 34 0 121.508 80.9351 17.2541 0 94.4324 12.8541 0 104.141
19.9081 66.0595 81.9676 3.13514 1.88108 34.3297 0 127 43.9337 1 62
0 0 0 0 0 0 16 16 0 0 0 0 0 0 127 51 1;
egregore_data 0 0 127 0 0 127 0 0 0 0 0 0 0 0 0 127 38 0 127 0 0 0
0 0 0 0 0 0 0 100 0 0 127 127 78 0 93 90 127 0 19 127 127 0 0 0 70
0 0 0 127 127 34 0 121.508 80.9351 17.2541 0 94.4324 12.8541 0 104.141
19.9081 66.0595 81.9676 3.13514 1.88108 34.3297 0 127 43.9337 1 61
0 0 0 0 0 0 16 16 0 0 0 0 0 0 127 51 1;
egregore_data 0 0 127 0 0 127 0 0 0 0 0 0 0 0 0 127 38 0 127 0 0 0
0 0 0 0 0 0 0 100 0 0 127 127 78 0 93 90 127 0 19 127 127 0 0 0 70
0 0 0 127 127 34 0 121.508 80.9351 17.2541 0 94.4324 12.8541 0 104.141
19.9081 66.0595 81.9676 3.13514 1.88108 34.3297 0 127 43.9337 1 61
0 0 0 0 0 0 16 16 0 0 0 0 0 0 127 51 1;
egregore_data 0 0 127 0 0 127 0 0 0 0 0 0 0 0 0 127 38 0 127 0 0 0
0 0 0 0 0 0 0 100 0 0 127 127 78 0 93 90 127 0 19 127 127 0 0 0 70
0 0 0 127 127 34 0 121.508 80.9351 17.2541 0 94.4324 12.8541 0 104.141
19.9081 66.0595 81.9676 3.13514 1.88108 34.3297 0 127 43.9337 1 60
0 0 0 0 0 0 16 16 0 0 0 0 0 0 127 51 1;
egregore_data 0 0 127 0 0 127 0 0 0 0 0 0 0 0 0 127 38 0 127 0 0 0
0 0 0 0 0 0 0 100 0 0 127 127 78 0 93 90 127 0 19 127 127 0 0 0 70
0 0 0 127 127 34 0 121.508 80.9351 17.2541 0 94.4324 12.8541 0 104.141
19.9081 66.0595 81.9676 3.13514 1.88108 34.3297 0 127 43.9337 1 60
0 0 0 0 0 0 16 16 0 0 0 0 0 0 127 51 1;
egregore_data 0 0 127 0 0 127 0 0 0 0 0 0 0 0 0 127 38 0 127 0 0 0
0 0 0 0 0 0 0 100 0 0 127 127 78 0 93 90 127 0 19 127 127 0 0 0 70
0 0 0 127 127 34 0 121.508 80.9351 17.2541 0 94.4324 12.8541 0 104.141
19.9081 66.0595 81.9676 3.13514 1.88108 34.3297 0 127 43.9337 1 60
0 0 0 0 0 0 16 16 0 0 0 0 0 0 127 51 1;
egregore_data 0 0 127 0 0 127 0 0 0 0 0 0 0 0 0 127 38 0 127 0 0 0
0 0 0 0 0 0 0 100 0 0 127 127 78 0 93 90 127 0 19 127 127 0 0 0 70
0 0 0 127 127 34 0 121.508 80.9351 17.2541 0 94.4324 12.8541 0 104.141
19.9081 66.0595 81.9676 3.13514 1.88108 34.3297 0 127 43.9337 1 59
0 0 0 0 0 0 16 16 0 0 0 0 0 0 127 51 1;
egregore_data 0 0 127 0 0 127 0 0 0 0 0 0 0 0 0 127 38 0 127 0 0 0
0 0 0 0 0 0 0 100 0 0 127 127 78 0 93 90 127 0 19 127 127 0 0 0 70
0 0 0 127 127 34 0 121.538 80.6989 17.2688 0 94.414 13.0054 0 104.084
19.8011 66.0484 81.8495 3.17204 1.90323 34.3925 0 127 43.9337 1 59
0 0 0 0 0 0 16 16 0 0 0 0 0 0 127 51 1;
egregore_data 0 0 127 0 0 127 0 0 0 0 0 0 0 0 0 127 38 0 127 0 0 0
0 0 0 0 0 0 0 100 0 0 127 127 78 0 93 90 127 0 19 127 127 0 0 0 70
0 0 0 127 127 34 0 121.538 80.6989 17.2688 0 94.414 13.0054 0 104.084
19.8011 66.0484 81.8495 3.17204 1.90323 34.3925 0 127 43.9337 1 58
0 0 0 0 0 0 16 16 0 0 0 0 0 0 127 51 1;
egregore_data 0 0 127 0 0 127 0 0 0 0 0 0 0 0 0 127 38 0 127 0 0 0
0 0 0 0 0 0 0 100 0 0 127 127 78 0 93 90 127 0 19 127 127 0 0 0 70
0 0 0 127 127 34 0 121.567 80.4652 17.2834 0 94.3957 13.1551 0 104.027
19.6952 66.0374 81.7326 3.20856 1.92513 34.4545 0 127 43.9337 1 58
0 0 0 0 0 0 16 16 0 0 0 0 0 0 127 51 1;
egregore_data 0 0 127 0 0 127 0 0 0 0 0 0 0 0 0 127 38 0 127 0 0 0
0 0 0 0 0 0 0 100 0 0 127 127 78 0 93 90 127 0 19 127 127 0 0 0 70
0 0 0 127 127 34 0 121.567 80.4652 17.2834 0 94.3957 13.1551 0 104.027
19.6952 66.0374 81.7326 3.20856 1.92513 34.4545 0 127 43.9337 1 58
0 0 0 0 0 0 16 16 0 0 0 0 0 0 127 51 1;
egregore_data 0 0 127 0 0 127 0 0 0 0 0 0 0 0 0 127 38 0 127 0 0 0
0 0 0 0 0 0 0 100 0 0 127 127 78 0 93 90 127 0 19 127 127 0 0 0 70
0 0 0 127 127 34 0 121.567 80.4652 17.2834 0 94.3957 13.1551 0 104.027
19.6952 66.0374 81.7326 3.20856 1.92513 34.4545 0 127 43.9337 1 58
0 0 0 0 0 0 16 16 0 0 0 0 0 0 127 51 1;
egregore_data 0 0 127 0 0 127 0 0 0 0 0 0 0 0 0 127 38 0 127 0 0 0
0 0 0 0 0 0 0 100 0 0 127 127 78 0 93 90 127 0 19 127 127 0 0 0 70
0 0 0 127 127 34 0 121.567 80.4652 17.2834 0 94.3957 13.1551 0 104.027
19.6952 66.0374 81.7326 3.20856 1.92513 34.4545 0 127 43.9337 1 58
0 0 0 0 0 0 16 16 0 0 0 0 0 0 127 51 1;
egregore_data 0 0 127 0 0 127 0 0 0 0 0 0 0 0 0 127 38 0 127 0 0 0
0 0 0 0 0 0 0 100 0 0 127 127 78 0 93 90 127 0 19 127 127 0 0 0 70
0 0 0 127 127 34 0 121.567 80.4652 17.2834 0 94.3957 13.1551 0 104.027
19.6952 66.0374 81.7326 3.20856 1.92513 34.4545 0 127 43.9337 1 58
0 0 0 0 0 0 16 16 0 0 0 0 0 0 127 51 1;
egregore_data 0 0 127 0 0 127 0 0 0 0 0 0 0 0 0 127 38 0 127 0 0 0
0 0 0 0 0 0 0 100 0 0 127 127 78 0 93 90 127 0 19 127 127 0 0 0 70
0 0 0 127 127 34 0 121.567 80.4652 17.2834 0 94.3957 13.1551 0 104.027
19.6952 66.0374 81.7326 3.20856 1.92513 34.4545 0 127 43.9337 1 58
0 0 0 0 0 0 16 16 0 0 0 0 0 0 127 51 1;
egregore_data 0 0 127 0 0 127 0 0 0 0 0 0 0 0 0 127 38 0 127 0 0 0
0 0 0 0 0 0 0 100 0 0 127 127 78 0 93 90 127 0 19 127 127 0 0 0 70
0 0 0 127 127 34 0 121.567 80.4652 17.2834 0 94.3957 13.1551 0 104.027
19.6952 66.0374 81.7326 3.20856 1.92513 34.4545 0 127 43.9337 1 58
0 0 0 0 0 0 16 16 0 0 0 0 0 0 127 51 1;
egregore_data 0 0 127 0 0 127 0 0 0 0 0 0 0 0 0 127 38 0 127 0 0 0
0 0 0 0 0 0 0 100 0 0 127 127 78 0 93 90 127 0 19 127 127 0 0 0 70
0 0 0 127 127 34 0 121.567 80.4652 17.2834 0 94.3957 13.1551 0 104.027
19.6952 66.0374 81.7326 3.20856 1.92513 34.4545 0 127 43.9337 1 58
0 0 0 0 0 0 16 16 0 0 0 0 0 0 127 51 1;
egregore_data 0 0 127 0 0 127 0 0 0 0 0 0 0 0 0 127 38 0 127 0 0 0
0 0 0 0 0 0 0 100 0 0 127 127 78 0 93 90 127 0 19 127 127 0 0 0 70
0 0 0 127 127 34 0 121.567 80.4652 17.2834 0 94.3957 13.1551 0 104.027
19.6952 66.0374 81.7326 3.20856 1.92513 34.4545 0 127 43.9337 1 58
0 0 0 0 0 0 16 16 0 0 0 0 0 0 127 51 1;
egregore_data 0 0 127 0 0 127 0 0 0 0 0 0 0 0 0 127 38 0 127 0 0 0
0 0 0 0 0 0 0 100 0 0 127 127 78 0 93 90 127 0 19 127 127 0 0 0 70
0 0 0 127 127 34 0 121.596 80.234 17.2979 0 94.3777 13.3032 0 103.971
19.5904 66.0266 81.617 3.24468 1.94681 34.516 0 127 43.9337 1 58 0
0 0 0 0 0 16 16 0 0 0 0 0 0 127 51 1;
egregore_data 0 0 127 0 0 127 0 0 0 0 0 0 0 0 0 127 38 0 127 0 0 0
0 0 0 0 0 0 0 100 0 0 127 127 78 0 93 90 127 0 19 127 127 0 0 0 70
0 0 0 127 127 34 0 121.596 80.234 17.2979 0 94.3777 13.3032 0 103.971
19.5904 66.0266 81.617 3.24468 1.94681 34.516 0 127 43.9337 1 58 0
0 0 0 0 0 16 16 0 0 0 0 0 0 127 51 1;
egregore_data 0 0 127 0 0 127 0 0 0 0 0 0 0 0 0 127 38 0 127 0 0 0
0 0 0 0 0 0 0 100 0 0 127 127 78 0 93 90 127 0 19 127 127 0 0 0 70
0 0 0 127 127 34 0 121.596 80.234 17.2979 0 94.3777 13.3032 0 103.971
19.5904 66.0266 81.617 3.24468 1.94681 34.516 0 127 43.9337 1 58 0
0 0 0 0 0 16 16 0 0 0 0 0 0 127 51 1;
egregore_data 0 0 127 0 0 127 0 0 0 0 0 0 0 0 0 127 38 0 127 0 0 0
0 0 0 0 0 0 0 100 0 0 127 127 78 0 93 90 127 0 19 127 127 0 0 0 70
0 0 0 127 127 34 0 121.596 80.234 17.2979 0 94.3777 13.3032 0 103.971
19.5904 66.0266 81.617 3.24468 1.94681 34.516 0 127 43.9337 1 58 0
0 0 0 0 0 16 16 0 0 0 0 0 0 127 51 1;
egregore_data 0 0 127 0 0 127 0 0 0 0 0 0 0 0 0 127 38 0 127 0 0 0
0 0 0 0 0 0 0 100 0 0 127 127 78 0 93 90 127 0 19 127 127 0 0 0 70
0 0 0 127 127 34 0 121.596 80.234 17.2979 0 94.3777 13.3032 0 103.971
19.5904 66.0266 81.617 3.24468 1.94681 34.516 0 127 43.9337 1 58 0
0 0 0 0 0 16 16 0 0 0 0 0 0 127 51 1;
egregore_data 0 0 127 0 0 127 0 0 0 0 0 0 0 0 0 127 38 0 127 0 0 0
0 0 0 0 0 0 0 100 0 0 127 127 78 0 93 90 127 0 19 127 127 0 0 0 70
0 0 0 127 127 34 0 121.596 80.234 17.2979 0 94.3777 13.3032 0 103.971
19.5904 66.0266 81.617 3.24468 1.94681 34.516 0 127 43.9337 1 58 0
0 0 0 0 0 16 16 0 0 0 0 0 0 127 51 1;
egregore_data 0 0 127 0 0 127 0 0 0 0 0 0 0 0 0 127 38 0 127 0 0 0
0 0 0 0 0 0 0 100 0 0 127 127 78 0 93 90 127 0 19 127 127 0 0 0 70
0 0 0 127 127 34 0 121.624 80.0053 17.3122 0 94.3598 13.4497 0 103.916
19.4868 66.0159 81.5026 3.28042 1.96825 34.5767 0 127 43.9337 1 58
0 0 0 0 0 0 16 16 0 0 0 0 0 0 127 51 1;
egregore_data 0 0 127 0 0 127 0 0 0 0 0 0 0 0 0 127 38 0 127 0 0 0
0 0 0 0 0 0 0 100 0 0 127 127 78 0 93 90 127 0 19 127 127 0 0 0 70
0 0 0 127 127 34 0 121.624 80.0053 17.3122 0 94.3598 13.4497 0 103.916
19.4868 66.0159 81.5026 3.28042 1.96825 34.5767 0 127 43.9337 1 59
0 0 0 0 0 0 16 16 0 0 0 0 0 0 127 51 1;
egregore_data 0 0 127 0 0 127 0 0 0 0 0 0 0 0 0 127 38 0 127 0 0 0
0 0 0 0 0 0 0 100 0 0 127 127 78 0 93 90 127 0 19 127 127 0 0 0 70
0 0 0 127 127 34 0 121.624 80.0053 17.3122 0 94.3598 13.4497 0 103.916
19.4868 66.0159 81.5026 3.28042 1.96825 34.5767 0 127 43.9337 1 59
0 0 0 0 0 0 16 16 0 0 0 0 0 0 127 51 1;
egregore_data 0 0 127 0 0 127 0 0 0 0 0 0 0 0 0 127 38 0 127 0 0 0
0 0 0 0 0 0 0 100 0 0 127 127 78 0 93 90 127 0 19 127 127 0 0 0 70
0 0 0 127 127 34 0 121.624 80.0053 17.3122 0 94.3598 13.4497 0 103.916
19.4868 66.0159 81.5026 3.28042 1.96825 34.5767 0 127 43.9337 1 59
0 0 0 0 0 0 16 16 0 0 0 0 0 0 127 51 1;
egregore_data 0 0 127 0 0 127 0 0 0 0 0 0 0 0 0 127 38 0 127 0 0 0
0 0 0 0 0 0 0 100 0 0 127 127 78 0 93 90 127 0 19 127 127 0 0 0 70
0 0 0 127 127 34 0 121.681 79.555 17.3403 0 94.3246 13.7382 0 103.807
19.2827 65.9948 81.2775 3.35079 2.01047 34.6963 0 127 43.9337 1 59
0 0 0 0 0 0 16 16 0 0 0 0 0 0 127 51 1;
egregore_data 0 0 127 0 0 127 0 0 0 0 0 0 0 0 0 127 38 0 127 0 0 0
0 0 0 0 0 0 0 100 0 0 127 127 78 0 93 90 127 0 19 127 127 0 0 0 70
0 0 0 127 127 34 0 121.681 79.555 17.3403 0 94.3246 13.7382 0 103.807
19.2827 65.9948 81.2775 3.35079 2.01047 34.6963 0 127 43.9337 1 60
0 0 0 0 0 0 16 16 0 0 0 0 0 0 127 51 1;
egregore_data 0 0 127 0 0 127 0 0 0 0 0 0 0 0 0 127 38 0 127 0 0 0
0 0 0 0 0 0 0 100 0 0 127 127 78 0 93 90 127 0 19 127 127 0 0 0 70
0 0 0 127 127 34 0 121.681 79.555 17.3403 0 94.3246 13.7382 0 103.807
19.2827 65.9948 81.2775 3.35079 2.01047 34.6963 0 127 43.9337 1 60
0 0 0 0 0 0 16 16 0 0 0 0 0 0 127 51 1;
egregore_data 0 0 127 0 0 127 0 0 0 0 0 0 0 0 0 127 38 0 127 0 0 0
0 0 0 0 0 0 0 100 0 0 127 127 78 0 93 90 127 0 19 127 127 0 0 0 70
0 0 0 127 127 34 0 121.681 79.555 17.3403 0 94.3246 13.7382 0 103.807
19.2827 65.9948 81.2775 3.35079 2.01047 34.6963 0 127 43.9337 1 60
0 0 0 0 0 0 16 16 0 0 0 0 0 0 127 51 1;
egregore_data 0 0 127 0 0 127 0 0 0 0 0 0 0 0 0 127 38 0 127 0 0 0
0 0 0 0 0 0 0 100 0 0 127 127 78 0 93 90 127 0 19 127 127 0 0 0 70
0 0 0 127 127 34 0 121.708 79.3333 17.3542 0 94.3073 13.8802 0 103.753
19.1823 65.9844 81.1667 3.38542 2.03125 34.7552 0 127 43.9337 1 60
0 0 0 0 0 0 16 16 0 0 0 0 0 0 127 51 1;
egregore_data 0 0 127 0 0 127 0 0 0 0 0 0 0 0 0 127 38 0 127 0 0 0
0 0 0 0 0 0 0 100 0 0 127 127 78 0 93 90 127 0 19 127 127 0 0 0 70
0 0 0 127 127 34 0 121.708 79.3333 17.3542 0 94.3073 13.8802 0 103.753
19.1823 65.9844 81.1667 3.38542 2.03125 34.7552 0 127 43.9337 1 60
0 0 0 0 0 0 16 16 0 0 0 0 0 0 127 51 1;
egregore_data 0 0 127 0 0 127 0 0 0 0 0 0 0 0 0 127 38 0 127 0 0 0
0 0 0 0 0 0 0 100 0 0 127 127 78 0 93 90 127 0 19 127 127 0 0 0 70
0 0 0 127 127 34 0 121.708 79.3333 17.3542 0 94.3073 13.8802 0 103.753
19.1823 65.9844 81.1667 3.38542 2.03125 34.7552 0 127 43.9337 1 60
0 0 0 0 0 0 16 16 0 0 0 0 0 0 127 51 1;
egregore_data 0 0 127 0 0 127 0 0 0 0 0 0 0 0 0 127 38 0 127 0 0 0
0 0 0 0 0 0 0 100 0 0 127 127 78 0 93 90 127 0 19 127 127 0 0 0 70
0 0 0 127 127 34 0 121.708 79.3333 17.3542 0 94.3073 13.8802 0 103.753
19.1823 65.9844 81.1667 3.38542 2.03125 34.7552 0 127 43.9337 1 61
0 0 0 0 0 0 16 16 0 0 0 0 0 0 127 51 1;
egregore_data 0 0 127 0 0 127 0 0 0 0 0 0 0 0 0 127 38 0 127 0 0 0
0 0 0 0 0 0 0 100 0 0 127 127 78 0 93 90 127 0 19 127 127 0 0 0 70
0 0 0 127 127 34 0 121.708 79.3333 17.3542 0 94.3073 13.8802 0 103.753
19.1823 65.9844 81.1667 3.38542 2.03125 34.7552 0 127 43.9337 1 61
0 0 0 0 0 0 16 16 0 0 0 0 0 0 127 51 1;
egregore_data 0 0 127 0 0 127 0 0 0 0 0 0 0 0 0 127 38 0 127 0 0 0
0 0 0 0 0 0 0 100 0 0 127 127 78 0 93 90 127 0 19 127 127 0 0 0 70
0 0 0 127 127 34 0 121.736 79.114 17.3679 0 94.2902 14.0207 0 103.7
19.0829 65.9741 81.057 3.41969 2.05181 34.8135 0 127 43.9337 1 61 0
0 0 0 0 0 16 16 0 0 0 0 0 0 127 51 1;
egregore_data 0 0 127 0 0 127 0 0 0 0 0 0 0 0 0 127 38 0 127 0 0 0
0 0 0 0 0 0 0 100 0 0 127 127 78 0 93 90 127 0 19 127 127 0 0 0 70
0 0 0 127 127 34 0 121.736 79.114 17.3679 0 94.2902 14.0207 0 103.7
19.0829 65.9741 81.057 3.41969 2.05181 34.8135 0 127 43.9337 1 61 0
0 0 0 0 0 16 16 0 0 0 0 0 0 127 51 1;
egregore_data 0 0 127 0 0 127 0 0 0 0 0 0 0 0 0 127 38 0 127 0 0 0
0 0 0 0 0 0 0 100 0 0 127 127 78 0 93 90 127 0 19 127 127 0 0 0 70
0 0 0 127 127 34 0 121.736 79.114 17.3679 0 94.2902 14.0207 0 103.7
19.0829 65.9741 81.057 3.41969 2.05181 34.8135 0 127 43.9337 1 61 0
0 0 0 0 0 16 16 0 0 0 0 0 0 127 51 1;
egregore_data 0 0 127 0 0 127 0 0 0 0 0 0 0 0 0 127 38 0 127 0 0 0
0 0 0 0 0 0 0 100 0 0 127 127 78 0 93 90 127 0 19 127 127 0 0 0 70
0 0 0 127 127 34 0 121.736 79.114 17.3679 0 94.2902 14.0207 0 103.7
19.0829 65.9741 81.057 3.41969 2.05181 34.8135 0 127 43.9337 1 61 0
0 0 0 0 0 16 16 0 0 0 0 0 0 127 51 1;
egregore_data 0 0 127 0 0 127 0 0 0 0 0 0 0 0 0 127 38 0 127 0 0 0
0 0 0 0 0 0 0 100 0 0 127 127 78 0 93 90 127 0 19 127 127 0 0 0 70
0 0 0 127 127 34 0 121.736 79.114 17.3679 0 94.2902 14.0207 0 103.7
19.0829 65.9741 81.057 3.41969 2.05181 34.8135 0 127 43.9337 1 61 0
0 0 0 0 0 16 16 0 0 0 0 0 0 127 51 1;
egregore_data 0 0 127 0 0 127 0 0 0 0 0 0 0 0 0 127 38 0 127 0 0 0
0 0 0 0 0 0 0 100 0 0 127 127 78 0 93 90 127 0 19 127 127 0 0 0 70
0 0 0 127 127 34 0 121.736 79.114 17.3679 0 94.2902 14.0207 0 103.7
19.0829 65.9741 81.057 3.41969 2.05181 34.8135 0 127 43.9337 1 61 0
0 0 0 0 0 16 16 0 0 0 0 0 0 127 51 1;
egregore_data 0 0 127 0 0 127 0 0 0 0 0 0 0 0 0 127 38 0 127 0 0 0
0 0 0 0 0 0 0 100 0 0 127 127 78 0 93 90 127 0 19 127 127 0 0 0 70
0 0 0 127 127 34 0 121.763 78.8969 17.3814 0 94.2732 14.1598 0 103.648
18.9845 65.9639 80.9485 3.45361 2.07217 34.8711 0 127 43.9337 1 62
0 0 0 0 0 0 16 16 0 0 0 0 0 0 127 51 1;
egregore_data 0 0 127 0 0 127 0 0 0 0 0 0 0 0 0 127 38 0 127 0 0 0
0 0 0 0 0 0 0 100 0 0 127 127 78 0 93 90 127 0 19 127 127 0 0 0 70
0 0 0 127 127 34 0 121.763 78.8969 17.3814 0 94.2732 14.1598 0 103.648
18.9845 65.9639 80.9485 3.45361 2.07217 34.8711 0 127 43.9337 1 62
0 0 0 0 0 0 16 16 0 0 0 0 0 0 127 51 1;
egregore_data 0 0 127 0 0 127 0 0 0 0 0 0 0 0 0 127 38 0 127 0 0 0
0 0 0 0 0 0 0 100 0 0 127 127 78 0 93 90 127 0 19 127 127 0 0 0 70
0 0 0 127 127 34 0 121.763 78.8969 17.3814 0 94.2732 14.1598 0 103.648
18.9845 65.9639 80.9485 3.45361 2.07217 34.8711 0 127 43.9337 1 62
0 0 0 0 0 0 16 16 0 0 0 0 0 0 127 51 1;
egregore_data 0 0 127 0 0 127 0 0 0 0 0 0 0 0 0 127 38 0 127 0 0 0
0 0 0 0 0 0 0 100 0 0 127 127 78 0 93 90 127 0 19 127 127 0 0 0 70
0 0 0 127 127 34 0 121.763 78.8969 17.3814 0 94.2732 14.1598 0 103.648
18.9845 65.9639 80.9485 3.45361 2.07217 34.8711 0 127 43.9337 1 62
0 0 0 0 0 0 16 16 0 0 0 0 0 0 127 51 1;
egregore_data 0 0 127 0 0 127 0 0 0 0 0 0 0 0 0 127 38 0 127 0 0 0
0 0 0 0 0 0 0 100 0 0 127 127 78 0 93 90 127 0 19 127 127 0 0 0 70
0 0 0 127 127 34 0 121.79 78.6821 17.3949 0 94.2564 14.2974 0 103.596
18.8872 65.9538 80.841 3.48718 2.09231 34.9282 0 127 43.9337 1 62 0
0 0 0 0 0 16 16 0 0 0 0 0 0 127 51 1;
egregore_data 0 0 127 0 0 127 0 0 0 0 0 0 0 0 0 127 38 0 127 0 0 0
0 0 0 0 0 0 0 100 0 0 127 127 78 0 93 90 127 0 19 127 127 0 0 0 70
0 0 0 127 127 34 0 121.79 78.6821 17.3949 0 94.2564 14.2974 0 103.596
18.8872 65.9538 80.841 3.48718 2.09231 34.9282 0 127 43.9337 1 62 0
0 0 0 0 0 16 16 0 0 0 0 0 0 127 51 1;
END;
