HTTP/1.1 200 OK
Date: Thu, 28 May 2015 12:24:40 GMT
Server: Apache
Last-Modified: Wed, 27 May 2015 19:13:22 GMT
Accept-Ranges: bytes
Content-Length: 23400
Vary: Accept-Encoding
Connection: close
Content-Type: text/plain

chdh_egregore_live_data;
egregore_data 0 0 127 0 0 127 0 0 0 0 0 0 0 0 0 127 38 0 127 0 0 0
0 0 0 0 0 0 0 100 0 0 127 127 78 1 0 0 35 0 0 30 125 0 0 0 70 5 0 0
0 127 34 1 53 99 83 0 0 0 0 32 0 0 21 0 40 0 0 127 88 0 0 0 0 0 0 0
0 16 16 0 0 0 0 0 0 127 51 0;
egregore_data 0 0 127 0 0 127 0 0 0 0 0 0 0 0 0 127 38 0 127 0 0 0
0 0 0 0 0 0 0 100 0 0 127 127 78 1 0 0 35 0 0 30 124 0 0 0 70 5 0 0
0 127 34 1 53 99 83 0 0 0 0 32 0 0 21 0 40 0 0 127 88 0 0 0 0 0 0 0
0 16 16 0 0 0 0 0 0 127 51 0;
egregore_data 0 0 127 0 0 127 0 0 0 0 0 0 0 0 0 127 38 0 127 0 0 0
0 0 0 0 0 0 0 100 0 0 127 127 78 1 0 0 35 0 0 30 124 0 0 0 70 6 0 0
0 127 34 1 53 99 83 0 0 0 0 32 0 0 21 0 40 0 0 127 88 0 0 0 0 0 0 0
0 16 16 0 0 0 0 0 0 127 51 0;
egregore_data 0 0 127 0 0 127 0 0 0 0 0 0 0 0 0 127 38 0 127 0 0 0
0 0 0 0 0 0 0 100 0 0 127 127 78 1 0 0 35 0 0 30 124 0 0 0 70 6 0 0
0 127 34 1 53 99 83 0 0 0 0 32 0 0 21 0 40 0 0 127 88 0 0 0 0 0 0 0
0 16 16 0 0 0 0 0 0 127 51 0;
egregore_data 0 0 127 0 0 127 0 0 0 0 0 0 0 0 0 127 38 0 127 0 0 0
0 0 0 0 0 0 0 100 0 0 127 127 78 1 0 0 35 0 0 30 124 0 0 0 70 7 0 0
0 127 34 1 53 99 83 0 0 0 0 32 0 0 21 0 40 0 0 127 88 0 0 0 0 0 0 0
0 16 16 0 0 0 0 0 0 127 51 0;
egregore_data 0 0 127 0 0 127 0 0 0 0 0 0 0 0 0 127 38 0 127 0 0 0
0 0 0 0 0 0 0 100 0 0 127 127 78 1 0 0 35 0 0 30 123 0 0 0 70 7 0 0
0 127 34 1 53 99 83 0 0 0 0 32 0 0 21 0 40 0 0 127 88 0 0 0 0 0 0 0
0 16 16 0 0 0 0 0 0 127 51 0;
egregore_data 0 0 127 0 0 127 0 0 0 0 0 0 0 0 0 127 38 0 127 0 0 0
0 0 0 0 0 0 0 100 0 0 127 127 78 1 0 0 35 0 0 30 123 0 0 0 70 7 0 0
0 127 34 1 53 99 83 0 0 0 0 32 0 0 21 0 40 0 0 127 88 0 0 0 0 0 0 0
0 16 16 0 0 0 0 0 0 127 51 0;
egregore_data 0 0 127 0 0 127 0 0 0 0 0 0 0 0 0 127 38 0 127 0 0 0
0 0 0 0 0 0 0 100 0 0 127 127 78 1 0 0 35 0 0 30 123 0 0 0 70 8 0 0
0 127 34 1 53 99 83 0 0 0 0 32 0 0 21 0 40 0 0 127 88 0 0 0 0 0 0 0
0 16 16 0 0 0 0 0 0 127 51 0;
egregore_data 0 0 127 0 0 127 0 0 0 0 0 0 0 0 0 127 38 0 127 0 0 0
0 0 0 0 0 0 0 100 0 0 127 127 78 1 0 0 35 0 0 30 123 0 0 0 70 9 0 0
0 127 34 1 53 99 83 0 0 0 0 32 0 0 21 0 40 0 0 127 88 0 0 0 0 0 0 0
0 16 16 0 0 0 0 0 0 127 51 0;
egregore_data 0 0 127 0 0 127 0 0 0 0 0 0 0 0 0 127 38 0 127 0 0 0
0 0 0 0 0 0 0 100 0 0 127 127 78 1 0 0 35 0 0 30 122 0 0 0 70 9 0 0
0 127 34 1 53 99 83 0 0 0 0 32 0 0 21 0 40 0 0 127 88 0 0 0 0 0 0 0
0 16 16 0 0 0 0 0 0 127 51 0;
egregore_data 0 0 127 0 0 127 0 0 0 0 0 0 0 0 0 127 38 0 127 0 0 0
0 0 0 0 0 0 0 100 0 0 127 127 78 1 0 0 35 0 0 30 122 0 0 0 70 9 0 0
0 127 34 1 53 99 83 0 0 0 0 32 0 0 21 0 40 0 0 127 88 0 0 0 0 0 0 0
0 16 16 0 0 0 0 0 0 127 51 0;
egregore_data 0 0 127 0 0 127 0 0 0 0 0 0 0 0 0 127 38 0 127 0 0 0
0 0 0 0 0 0 0 100 0 0 127 127 78 1 0 0 35 0 0 30 122 0 0 0 70 9 0 0
0 127 34 1 53 99 83 0 0 0 0 32 0 0 21 0 40 0 0 127 88 0 0 0 0 0 0 0
0 16 16 0 0 0 0 0 0 127 51 0;
egregore_data 0 0 127 0 0 127 0 0 0 0 0 0 0 0 0 127 38 0 127 0 0 0
0 0 0 0 0 0 0 100 0 0 127 127 78 1 0 0 35 0 0 30 122 0 0 0 70 9 0 0
0 127 34 1 53 99 83 0 0 0 0 32 0 0 21 0 40 0 0 127 88 0 0 0 0 0 0 0
0 16 16 0 0 0 0 0 0 127 51 0;
egregore_data 0 0 127 0 0 127 0 0 0 0 0 0 0 0 0 127 38 0 127 0 0 0
0 0 0 0 0 0 0 100 0 0 127 127 78 1 0 0 35 0 0 30 122 0 0 0 70 9 0 0
0 127 34 1 53 99 83 0 0 0 0 32 0 0 21 0 40 0 0 127 88 0 0 0 0 0 0 0
0 16 16 0 0 0 0 0 0 127 51 0;
egregore_data 0 0 127 0 0 127 0 0 0 0 0 0 0 0 0 127 38 0 127 0 0 0
0 0 0 0 0 0 0 100 0 0 127 127 78 1 0 0 35 0 0 30 122 0 0 0 70 9 0 0
0 127 34 1 53 99 83 0 0 0 0 32 0 0 21 0 40 0 0 127 88 0 0 0 0 0 0 0
0 16 16 0 0 0 0 0 0 127 51 0;
egregore_data 0 0 127 0 0 127 0 0 0 0 0 0 0 0 0 127 38 0 127 0 0 0
0 0 0 0 0 0 0 100 0 0 127 127 78 1 0 0 35 0 0 30 122 0 0 0 70 9 0 0
0 127 34 1 53 99 83 0 0 0 0 32 0 0 21 0 40 0 0 127 88 0 0 0 0 0 0 0
0 16 16 0 0 0 0 0 0 127 51 0;
egregore_data 0 0 127 0 0 127 0 0 0 0 0 0 0 0 0 127 38 0 127 0 0 0
0 0 0 0 0 0 0 100 0 0 127 127 78 1 0 0 35 0 0 30 122 0 0 0 70 9 0 0
0 127 34 1 53 99 83 0 0 0 0 32 0 0 21 0 40 0 0 127 88 0 0 0 0 0 0 0
0 16 16 0 0 0 0 0 0 127 51 0;
egregore_data 0 0 127 0 0 127 0 0 0 0 0 0 0 0 0 127 38 0 127 0 0 0
0 0 0 0 0 0 0 100 0 0 127 127 78 1 0 0 35 0 0 30 122 0 0 0 70 9 0 0
0 127 34 1 53 99 83 0 0 0 0 32 0 0 21 0 40 0 0 127 88 0 0 0 0 0 0 0
0 16 16 0 0 0 0 0 0 127 51 0;
egregore_data 0 0 127 0 0 127 0 0 0 0 0 0 0 0 0 127 38 0 127 0 0 0
0 0 0 0 0 0 0 100 0 0 127 127 78 1 0 0 35 0 0 30 122 0 0 0 70 9 0 0
0 127 34 1 53 99 83 0 0 0 0 32 0 0 21 0 40 0 0 127 88 0 0 0 0 0 0 0
0 16 16 0 0 0 0 0 0 127 51 0;
egregore_data 0 0 127 0 0 127 0 0 0 0 0 0 0 0 0 127 38 0 127 0 0 0
0 0 0 0 0 0 0 100 0 0 127 127 78 1 0 0 35 0 0 30 122 0 0 0 70 9 0 0
0 127 34 1 53 99 83 0 0 0 0 32 0 0 21 0 40 0 0 127 88 0 0 0 0 0 0 0
0 16 16 0 0 0 0 0 0 127 51 0;
egregore_data 0 0 127 0 0 127 0 0 0 0 0 0 0 0 0 127 38 0 127 0 0 0
0 0 0 0 0 0 0 100 0 0 127 127 78 1 0 0 35 0 0 30 122 0 0 0 70 9 0 0
0 127 34 1 53 99 83 0 0 0 0 32 0 0 21 0 40 0 0 127 88 0 0 0 0 0 0 0
0 16 16 0 0 0 0 0 0 127 51 0;
egregore_data 0 0 127 0 0 127 0 0 0 0 0 0 0 0 0 127 38 0 127 0 0 0
0 0 0 0 0 0 0 100 0 0 127 127 78 1 0 0 35 0 0 30 122 0 0 0 70 9 0 0
0 127 34 1 53 99 83 0 0 0 0 32 0 0 21 0 40 0 0 127 88 0 0 0 0 0 0 0
0 16 16 0 0 0 0 0 0 127 51 0;
egregore_data 0 0 127 0 0 127 0 0 0 0 0 0 0 0 0 127 38 0 127 0 0 0
0 0 0 0 0 0 0 100 0 0 127 127 78 1 0 0 35 0 0 30 122 0 0 0 70 9 0 0
0 127 34 1 53 99 83 0 0 0 0 32 0 0 21 0 40 0 0 127 88 0 0 0 0 0 0 0
0 16 16 0 0 0 0 0 0 127 51 0;
egregore_data 0 0 127 0 0 127 0 0 0 0 0 0 0 0 0 127 38 0 127 0 0 0
0 0 0 0 0 0 0 100 0 0 127 127 78 1 0 0 35 0 0 30 122 0 0 0 70 9 0 0
0 127 34 1 53 99 83 0 0 0 0 32 0 0 21 0 40 0 0 127 88 0 0 0 0 0 0 0
0 16 16 0 0 0 0 0 0 127 51 0;
egregore_data 0 0 127 0 0 127 0 0 0 0 0 0 0 0 0 127 38 0 127 0 0 0
0 0 0 0 0 0 0 100 0 0 127 127 78 1 0 0 35 0 0 30 122 0 0 0 70 9 0 0
0 127 34 1 53 99 83 0 0 0 0 32 0 0 21 0 40 0 0 127 88 0 0 0 0 0 0 0
0 16 16 0 0 0 0 0 0 127 51 0;
egregore_data 0 0 127 0 0 127 0 0 0 0 0 0 0 0 0 127 38 0 127 0 0 0
0 0 0 0 0 0 0 100 0 0 127 127 78 1 0 0 35 0 0 30 122 0 0 0 70 9 0 0
0 127 34 1 53 99 83 0 0 0 0 32 0 0 21 0 40 0 0 127 88 0 0 0 0 0 0 0
0 16 16 0 0 0 0 0 0 127 51 0;
egregore_data 0 0 127 0 0 127 0 0 0 0 0 0 0 0 0 127 38 0 127 0 0 0
0 0 0 0 0 0 0 100 0 0 127 127 78 1 0 0 35 0 0 30 122 0 0 0 70 9 0 0
0 127 34 1 53 99 83 0 0 0 0 32 0 0 21 0 40 0 0 127 88 0 0 0 0 0 0 0
0 16 16 0 0 0 0 0 0 127 51 0;
egregore_data 0 0 127 0 0 127 0 0 0 0 0 0 0 0 0 127 38 0 127 0 0 0
0 0 0 0 0 0 0 100 0 0 127 127 78 1 0 0 35 0 0 30 122 0 0 0 70 9 0 0
0 127 34 1 53 99 83 0 0 0 0 32 0 0 21 0 40 0 0 127 88 0 0 0 0 0 0 0
0 16 16 0 0 0 0 0 0 127 51 0;
egregore_data 0 0 127 0 0 127 0 0 0 0 0 0 0 0 0 127 38 0 127 0 0 0
0 0 0 0 0 0 0 100 0 0 127 127 78 1 0 0 35 0 0 30 122 0 0 0 70 9 0 0
0 127 34 1 53 99 83 0 0 0 0 32 0 0 21 0 40 0 0 127 88 0 0 0 0 0 0 0
0 16 16 0 0 0 0 0 0 127 51 0;
egregore_data 0 0 127 0 0 127 0 0 0 0 0 0 0 0 0 127 38 0 127 0 0 0
0 0 0 0 0 0 0 100 0 0 127 127 78 1 0 0 35 0 0 30 122 0 0 0 70 9 0 0
0 127 34 1 53 99 83 0 0 0 0 32 0 0 21 0 40 0 0 127 88 0 0 0 0 0 0 0
0 16 16 0 0 0 0 0 0 127 51 0;
egregore_data 0 0 127 0 0 127 0 0 0 0 0 0 0 0 0 127 38 0 127 0 0 0
0 0 0 0 0 0 0 100 0 0 127 127 78 1 0 0 35 0 0 30 122 0 0 0 70 10 0
0 0 127 34 1 53 99 83 0 0 0 0 32 0 0 21 0 40 0 0 127 88 0 0 0 0 0 0
0 0 16 16 0 0 0 0 0 0 127 51 0;
egregore_data 0 0 127 0 0 127 0 0 0 0 0 0 0 0 0 127 38 0 127 0 0 0
0 0 0 0 0 0 0 100 0 0 127 127 78 1 0 0 35 0 0 30 122 0 0 0 70 11 0
0 0 127 34 1 53 99 83 0 0 0 0 32 0 0 21 0 40 0 0 127 88 0 0 0 0 0 0
0 0 16 16 0 0 0 0 0 0 127 51 0;
egregore_data 0 0 127 0 0 127 0 0 0 0 0 0 0 0 0 127 38 0 127 0 0 0
0 0 0 0 0 0 0 100 0 0 127 127 78 1 0 0 35 0 0 30 122 0 0 0 70 11 0
0 0 127 34 1 53 99 83 0 0 0 0 32 0 0 21 0 40 0 0 127 88 0 0 0 0 0 0
0 0 16 16 0 0 0 0 0 0 127 51 0;
egregore_data 0 0 127 0 0 127 0 0 0 0 0 0 0 0 0 127 38 0 127 0 0 0
0 0 0 0 0 0 0 100 0 0 127 127 78 1 0 0 35 0 0 30 121 0 0 0 70 13 0
0 0 127 34 1 53 99 83 0 0 0 0 32 0 0 21 0 40 0 0 127 88 0 0 0 0 0 0
0 0 16 16 0 0 0 0 0 0 127 51 0;
egregore_data 0 0 127 0 0 127 0 0 0 0 0 0 0 0 0 127 38 0 127 0 0 0
0 0 0 0 0 0 0 100 0 0 127 127 78 1 0 0 35 0 0 30 121 0 0 0 70 13 0
0 0 127 34 1 53 99 83 0 0 0 0 32 0 0 21 0 40 0 0 127 88 0 0 0 0 0 0
0 0 16 16 0 0 0 0 0 0 127 51 0;
egregore_data 0 0 127 0 0 127 0 0 0 0 0 0 0 0 0 127 38 0 127 0 0 0
0 0 0 0 0 0 0 100 0 0 127 127 78 1 0 0 35 0 0 30 120 0 0 0 70 14 0
0 0 127 34 1 53 99 83 0 0 0 0 32 0 0 21 0 40 0 0 127 88 0 0 0 0 0 0
0 0 16 16 0 0 0 0 0 0 127 51 0;
egregore_data 0 0 127 0 0 127 0 0 0 0 0 0 0 0 0 127 38 0 127 0 0 0
0 0 0 0 0 0 0 100 0 0 127 127 78 1 0 0 35 0 0 30 120 0 0 0 70 15 0
0 0 127 34 1 53 99 83 0 0 0 0 32 0 0 21 0 40 0 0 127 88 0 0 0 0 0 0
0 0 16 16 0 0 0 0 0 0 127 51 0;
egregore_data 0 0 127 0 0 127 0 0 0 0 0 0 0 0 0 127 38 0 127 0 0 0
0 0 0 0 0 0 0 100 0 0 127 127 78 1 0 0 35 0 0 30 120 0 0 0 70 15 0
0 0 127 34 1 53 99 83 0 0 0 0 32 0 0 21 0 40 0 0 127 88 0 0 0 0 0 0
0 0 16 16 0 0 0 0 0 0 127 51 0;
egregore_data 0 0 127 0 0 127 0 0 0 0 0 0 0 0 0 127 38 0 127 0 0 0
0 0 0 0 0 0 0 100 0 0 127 127 78 1 0 0 35 0 0 30 119 0 0 0 70 16 0
0 0 127 34 1 53 99 83 0 0 0 0 32 0 0 21 0 40 0 0 127 88 0 0 0 0 0 0
0 0 16 16 0 0 0 0 0 0 127 51 0;
egregore_data 0 0 127 0 0 127 0 0 0 0 0 0 0 0 0 127 38 0 127 0 0 0
0 0 0 0 0 0 0 100 0 0 127 127 78 1 0 0 35 0 0 30 119 0 0 0 70 16 0
0 0 127 34 1 53 99 83 0 0 0 0 32 0 0 21 0 40 0 0 127 88 0 0 0 0 0 0
0 0 16 16 0 0 0 0 0 0 127 51 0;
egregore_data 0 0 127 0 0 127 0 0 0 0 0 0 0 0 0 127 38 0 127 0 0 0
0 0 0 0 0 0 0 100 0 0 127 127 78 1 0 0 35 0 0 30 119 0 0 0 70 17 0
0 0 127 34 1 53 99 83 0 0 0 0 32 0 0 21 0 40 0 0 127 88 0 0 0 0 0 0
0 0 16 16 0 0 0 0 0 0 127 51 0;
egregore_data 0 0 127 0 0 127 0 0 0 0 0 0 0 0 0 127 38 0 127 0 0 0
0 0 0 0 0 0 0 100 0 0 127 127 78 1 0 0 35 0 0 30 119 0 0 0 70 17 0
0 0 127 34 1 53 99 83 0 0 0 0 32 0 0 21 0 40 0 0 127 88 0 0 0 0 0 0
0 0 16 16 0 0 0 0 0 0 127 51 0;
egregore_data 0 0 127 0 0 127 0 0 0 0 0 0 0 0 0 127 38 0 127 0 0 0
0 0 0 0 0 0 0 100 0 0 127 127 78 1 0 0 35 0 0 30 119 0 0 0 70 17 0
0 0 127 34 1 53 99 83 0 0 0 0 32 0 0 21 0 40 0 0 127 88 0 0 0 0 0 0
0 0 16 16 0 0 0 0 0 0 127 51 0;
egregore_data 0 0 127 0 0 127 0 0 0 0 0 0 0 0 0 127 38 0 127 0 0 0
0 0 0 0 0 0 0 100 0 0 127 127 78 1 0 0 35 0 0 30 118 0 0 0 70 18 0
0 0 127 34 1 53 99 83 0 0 0 0 32 0 0 21 0 40 0 0 127 88 0 0 0 0 0 0
0 0 16 16 0 0 0 0 0 0 127 51 0;
egregore_data 0 0 127 0 0 127 0 0 0 0 0 0 0 0 0 127 38 0 127 0 0 0
0 0 0 0 0 0 0 100 0 0 127 127 78 1 0 0 35 0 0 30 118 0 0 0 70 18 0
0 0 127 34 1 53 99 83 0 0 0 0 32 0 0 21 0 40 0 0 127 88 0 0 0 0 0 0
0 0 16 16 0 0 0 0 0 0 127 51 0;
egregore_data 0 0 127 0 0 127 0 0 0 0 0 0 0 0 0 127 38 0 127 0 0 0
0 0 0 0 0 0 0 100 0 0 127 127 78 1 0 0 35 0 0 30 118 0 0 0 70 18 0
0 0 127 34 1 53 99 83 0 0 0 0 32 0 0 21 0 40 0 0 127 88 0 0 0 0 0 0
0 0 16 16 0 0 0 0 0 0 127 51 0;
egregore_data 0 0 127 0 0 127 0 0 0 0 0 0 0 0 0 127 38 0 127 0 0 0
0 0 0 0 0 0 0 100 0 0 127 127 78 1 0 0 35 0 0 30 118 0 0 0 70 18 0
0 0 127 34 1 53 99 83 0 0 0 0 32 0 0 21 0 40 0 0 127 88 0 0 0 0 0 0
0 0 16 16 0 0 0 0 0 0 127 51 0;
egregore_data 0 0 127 0 0 127 0 0 0 0 0 0 0 0 0 127 38 0 127 0 0 0
0 0 0 0 0 0 0 100 0 0 127 127 78 1 0 0 35 0 0 30 118 0 0 0 70 18 0
0 0 127 34 1 53 99 83 0 0 0 0 32 0 0 21 0 40 0 0 127 88 0 0 0 0 0 0
0 0 16 16 0 0 0 0 0 0 127 51 0;
egregore_data 0 0 127 0 0 127 0 0 0 0 0 0 0 0 0 127 38 0 127 0 0 0
0 0 0 0 0 0 0 100 0 0 127 127 78 1 0 0 35 0 0 30 118 0 0 0 70 18 0
0 0 127 34 1 53 99 83 0 0 0 0 32 0 0 21 0 40 0 0 127 88 0 0 0 0 0 0
0 0 16 16 0 0 0 0 0 0 127 51 0;
egregore_data 0 0 127 0 0 127 0 0 0 0 0 0 0 0 0 127 38 0 127 0 0 0
0 0 0 0 0 0 0 100 0 0 127 127 78 1 0 0 35 0 0 30 118 0 0 0 70 18 0
0 0 127 34 1 53 99 83 0 0 0 0 32 0 0 21 0 40 0 0 127 88 0 0 0 0 0 0
0 0 16 16 0 0 0 0 0 0 127 51 0;
egregore_data 0 0 127 0 0 127 0 0 0 0 0 0 0 0 0 127 38 0 127 0 0 0
0 0 0 0 0 0 0 100 0 0 127 127 78 1 0 0 35 0 0 30 118 0 0 0 70 18 0
0 0 127 34 1 53 99 83 0 0 0 0 32 0 0 21 0 40 0 0 127 88 0 0 0 0 0 0
0 0 16 16 0 0 0 0 0 0 127 51 0;
egregore_data 0 0 127 0 0 127 0 0 0 0 0 0 0 0 0 127 38 0 127 0 0 0
0 0 0 0 0 0 0 100 0 0 127 127 78 1 0 0 35 0 0 30 118 0 0 0 70 18 0
0 0 127 34 1 53 99 83 0 0 0 0 32 0 0 21 0 40 0 0 127 88 0 0 0 0 0 0
0 0 16 16 0 0 0 0 0 0 127 51 0;
egregore_data 0 0 127 0 0 127 0 0 0 0 0 0 0 0 0 127 38 0 127 0 0 0
0 0 0 0 0 0 0 100 0 0 127 127 78 1 0 0 35 0 0 30 118 0 0 0 70 18 0
0 0 127 34 1 53 99 83 0 0 0 0 32 0 0 21 0 40 0 0 127 88 0 0 0 0 0 0
0 0 16 16 0 0 0 0 0 0 127 51 0;
egregore_data 0 0 127 0 0 127 0 0 0 0 0 0 0 0 0 127 38 0 127 0 0 0
0 0 0 0 0 0 0 100 0 0 127 127 78 1 0 0 35 0 0 30 118 0 0 0 70 18 0
0 0 127 34 1 53 99 83 0 0 0 0 32 0 0 21 0 40 0 0 127 88 0 0 0 0 0 0
0 0 16 16 0 0 0 0 0 0 127 51 0;
egregore_data 0 0 127 0 0 127 0 0 0 0 0 0 0 0 0 127 38 0 127 0 0 0
0 0 0 0 0 0 0 100 0 0 127 127 78 1 0 0 35 0 0 30 118 0 0 0 70 18 0
0 0 127 34 1 53 99 83 0 0 0 0 32 0 0 21 0 40 0 0 127 88 0 0 0 0 0 0
0 0 16 16 0 0 0 0 0 0 127 51 0;
egregore_data 0 0 127 0 0 127 0 0 0 0 0 0 0 0 0 127 38 0 127 0 0 0
0 0 0 0 0 0 0 100 0 0 127 127 78 1 0 0 35 0 0 30 118 0 0 0 70 18 0
0 0 127 34 1 53 99 83 0 0 0 0 32 0 0 21 0 40 0 0 127 88 0 0 0 0 0 0
0 0 16 16 0 0 0 0 0 0 127 51 0;
egregore_data 0 0 127 0 0 127 0 0 0 0 0 0 0 0 0 127 38 0 127 0 0 0
0 0 0 0 0 0 0 100 0 0 127 127 78 1 0 0 35 0 0 30 118 0 0 0 70 18 0
0 0 127 34 1 53 99 83 0 0 0 0 32 0 0 21 0 40 0 0 127 88 0 0 0 0 0 0
0 0 16 16 0 0 0 0 0 0 127 51 0;
egregore_data 0 0 127 0 0 127 0 0 0 0 0 0 0 0 0 127 38 0 127 0 0 0
0 0 0 0 0 0 0 100 0 0 127 127 78 1 0 0 35 0 0 30 118 0 0 0 70 18 0
0 0 127 34 1 53 99 83 0 0 0 0 32 0 0 21 0 40 0 0 127 88 0 0 0 0 0 0
0 0 16 16 0 0 0 0 0 0 127 51 0;
egregore_data 0 0 127 0 0 127 0 0 0 0 0 0 0 0 0 127 38 0 127 0 0 0
0 0 0 0 0 0 0 100 0 0 127 127 78 1 0 0 35 0 0 30 118 0 0 0 70 18 0
0 0 127 34 1 53 99 83 0 0 0 0 32 0 0 21 0 40 0 0 127 88 0 0 0 0 0 0
0 0 16 16 0 0 0 0 0 0 127 51 0;
egregore_data 0 0 127 0 0 127 0 0 0 0 0 0 0 0 0 127 38 0 127 0 0 0
0 0 0 0 0 0 0 100 0 0 127 127 78 1 0 0 35 0 0 30 118 0 0 0 70 19 0
0 0 127 34 1 53 99 83 0 0 0 0 32 0 0 21 0 40 0 0 127 88 0 0 0 0 0 0
0 0 16 16 0 0 0 0 0 0 127 51 0;
egregore_data 0 0 127 0 0 127 0 0 0 0 0 0 0 0 0 127 38 0 127 0 0 0
0 0 0 0 0 0 0 100 0 0 127 127 78 1 0 0 35 0 0 30 118 0 0 0 70 19 0
0 0 127 34 1 53 99 83 0 0 0 0 32 0 0 21 0 40 0 0 127 88 0 0 0 0 0 0
0 0 16 16 0 0 0 0 0 0 127 51 0;
egregore_data 0 0 127 0 0 127 0 0 0 0 0 0 0 0 0 127 38 0 127 0 0 0
0 0 0 0 0 0 0 100 0 0 127 127 78 1 0 0 35 0 0 30 118 0 0 0 70 19 0
0 0 127 34 1 53 99 83 0 0 0 0 32 0 0 21 0 40 0 0 127 88 0 0 0 0 0 0
0 0 16 16 0 0 0 0 0 0 127 51 0;
egregore_data 0 0 127 0 0 127 0 0 0 0 0 0 0 0 0 127 38 0 127 0 0 0
0 0 0 0 0 0 0 100 0 0 127 127 78 1 0 0 35 0 0 30 117 0 0 0 70 20 0
0 0 127 34 1 53 99 83 0 0 0 0 32 0 0 21 0 40 0 0 127 88 0 0 0 0 0 0
0 0 16 16 0 0 0 0 0 0 127 51 0;
egregore_data 0 0 127 0 0 127 0 0 0 0 0 0 0 0 0 127 38 0 127 0 0 0
0 0 0 0 0 0 0 100 0 0 127 127 78 1 0 0 35 0 0 30 117 0 0 0 70 20 0
0 0 127 34 1 53 99 83 0 0 0 0 32 0 0 21 0 40 0 0 127 88 0 0 0 0 0 0
0 0 16 16 0 0 0 0 0 0 127 51 0;
egregore_data 0 0 127 0 0 127 0 0 0 0 0 0 0 0 0 127 38 0 127 0 0 0
0 0 0 0 0 0 0 100 0 0 127 127 78 1 0 0 35 0 0 30 117 0 0 0 70 20 0
0 0 127 34 1 53 99 83 0 0 0 0 32 0 0 21 0 40 0 0 127 88 0 0 0 0 0 0
0 0 16 16 0 0 0 0 0 0 127 51 0;
egregore_data 0 0 127 0 0 127 0 0 0 0 0 0 0 0 0 127 38 0 127 0 0 0
0 0 0 0 0 0 0 100 0 0 127 127 78 1 0 0 35 0 0 30 117 0 0 0 70 20 0
0 0 127 34 1 53 99 83 0 0 0 0 32 0 0 21 0 40 0 0 127 88 0 0 0 0 0 0
0 0 16 16 0 0 0 0 0 0 127 51 0;
egregore_data 0 0 127 0 0 127 0 0 0 0 0 0 0 0 0 127 38 0 127 0 0 0
0 0 0 0 0 0 0 100 0 0 127 127 78 1 0 0 35 0 0 30 117 0 0 0 70 21 0
0 0 127 34 1 53 99 83 0 0 0 0 32 0 0 21 0 40 0 0 127 88 0 0 0 0 0 0
0 0 16 16 0 0 0 0 0 0 127 51 0;
egregore_data 0 0 127 0 0 127 0 0 0 0 0 0 0 0 0 127 38 0 127 0 0 0
0 0 0 0 0 0 0 100 0 0 127 127 78 1 0 0 35 0 0 30 117 0 0 0 70 21 0
0 0 127 34 1 53 99 83 0 0 0 0 32 0 0 21 0 40 0 0 127 88 0 0 0 0 0 0
0 0 16 16 0 0 0 0 0 0 127 51 0;
egregore_data 0 0 127 0 0 127 0 0 0 0 0 0 0 0 0 127 38 0 127 0 0 0
0 0 0 0 0 0 0 100 0 0 127 127 78 1 0 0 35 0 0 30 116 0 0 0 70 22 0
0 0 127 34 1 53 99 83 0 0 0 0 32 0 0 21 0 40 0 0 127 88 0 0 0 0 0 0
0 0 16 16 0 0 0 0 0 0 127 51 0;
egregore_data 0 0 127 0 0 127 0 0 0 0 0 0 0 0 0 127 38 0 127 0 0 0
0 0 0 0 0 0 0 100 0 0 127 127 78 1 0 0 35 0 0 30 116 0 0 0 70 22 0
0 0 127 34 1 53 99 83 0 0 0 0 32 0 0 21 0 40 0 0 127 88 0 0 0 0 0 0
0 0 16 16 0 0 0 0 0 0 127 51 0;
egregore_data 0 0 127 0 0 127 0 0 0 0 0 0 0 0 0 127 38 0 127 0 0 0
0 0 0 0 0 0 0 100 0 0 127 127 78 1 0 0 35 0 0 30 116 0 0 0 70 22 0
0 0 127 34 1 53 99 83 0 0 0 0 32 0 0 21 0 40 0 0 127 88 0 0 0 0 0 0
0 0 16 16 0 0 0 0 0 0 127 51 0;
egregore_data 0 0 127 0 0 127 0 0 0 0 0 0 0 0 0 127 38 0 127 0 0 0
0 0 0 0 0 0 0 100 0 0 127 127 78 1 0 0 35 0 0 30 116 0 0 0 70 22 0
0 0 127 34 1 53 99 83 0 0 0 0 32 0 0 21 0 40 0 0 127 88 0 0 0 0 0 0
0 0 16 16 0 0 0 0 0 0 127 51 0;
egregore_data 0 0 127 0 0 127 0 0 0 0 0 0 0 0 0 127 38 0 127 0 0 0
0 0 0 0 0 0 0 100 0 0 127 127 78 1 0 0 35 0 0 30 116 0 0 0 70 22 0
0 0 127 34 1 53 99 83 0 0 0 0 32 0 0 21 0 40 0 0 127 88 0 0 0 0 0 0
0 0 16 16 0 0 0 0 0 0 127 51 0;
egregore_data 0 0 127 0 0 127 0 0 0 0 0 0 0 0 0 127 38 0 127 0 0 0
0 0 0 0 0 0 0 100 0 0 127 127 78 1 0 0 35 0 0 30 116 0 0 0 70 22 0
0 0 127 34 1 53 99 83 0 0 0 0 32 0 0 21 0 40 0 0 127 88 0 0 0 0 0 0
0 0 16 16 0 0 0 0 0 0 127 51 0;
egregore_data 0 0 127 0 0 127 0 0 0 0 0 0 0 0 0 127 38 0 127 0 0 0
0 0 0 0 0 0 0 100 0 0 127 127 78 1 0 0 35 0 0 30 116 0 0 0 70 22 0
0 0 127 34 1 53 99 83 0 0 0 0 32 0 0 21 0 40 0 0 127 88 0 0 0 0 0 0
0 0 16 16 0 0 0 0 0 0 127 51 0;
egregore_data 0 0 127 0 0 127 0 0 0 0 0 0 0 0 0 127 38 0 127 0 0 0
0 0 0 0 0 0 0 100 0 0 127 127 78 1 0 0 35 0 0 30 116 0 0 0 70 22 0
0 0 127 34 1 53 99 83 0 0 0 0 32 0 0 21 0 40 0 0 127 88 0 0 0 0 0 0
0 0 16 16 0 0 0 0 0 0 127 51 0;
egregore_data 0 0 127 0 0 127 0 0 0 0 0 0 0 0 0 127 38 0 127 0 0 0
0 0 0 0 0 0 0 100 0 0 127 127 78 1 0 0 35 0 0 30 116 0 0 0 70 22 0
0 0 127 34 1 53 99 83 0 0 0 0 32 0 0 21 0 40 0 0 127 88 0 0 0 0 0 0
0 0 16 16 0 0 0 0 0 0 127 51 0;
egregore_data 0 0 127 0 0 127 0 0 0 0 0 0 0 0 0 127 38 0 127 0 0 0
0 0 0 0 0 0 0 100 0 0 127 127 78 1 0 0 35 0 0 30 116 0 0 0 70 22 0
0 0 127 34 1 53 99 83 0 0 0 0 32 0 0 21 0 40 0 0 127 88 0 0 0 0 0 0
0 0 16 16 0 0 0 0 0 0 127 51 0;
egregore_data 0 0 127 0 0 127 0 0 0 0 0 0 0 0 0 127 38 0 127 0 0 0
0 0 0 0 0 0 0 100 0 0 127 127 78 1 0 0 35 0 0 30 116 0 0 0 70 23 0
0 0 127 34 1 53 99 83 0 0 0 0 32 0 0 21 0 40 0 0 127 88 0 0 0 0 0 0
0 0 16 16 0 0 0 0 0 0 127 51 0;
egregore_data 0 0 127 0 0 127 0 0 0 0 0 0 0 0 0 127 38 0 127 0 0 0
0 0 0 0 0 0 0 100 0 0 127 127 78 1 0 0 35 0 0 30 115 0 0 0 70 24 0
0 0 127 34 1 53 99 83 0 0 0 0 32 0 0 21 0 40 0 0 127 88 0 0 0 0 0 0
0 0 16 16 0 0 0 0 0 0 127 51 0;
egregore_data 0 0 127 0 0 127 0 0 0 0 0 0 0 0 0 127 38 0 127 0 0 0
0 0 0 0 0 0 0 100 0 0 127 127 78 1 0 0 35 0 0 30 115 0 0 0 70 24 0
0 0 127 34 1 53 99 83 0 0 0 0 32 0 0 21 0 40 0 0 127 88 0 0 0 0 0 0
0 0 16 16 0 0 0 0 0 0 127 51 0;
egregore_data 0 0 127 0 0 127 0 0 0 0 0 0 0 0 0 127 38 0 127 0 0 0
0 0 0 0 0 0 0 100 0 0 127 127 78 1 0 0 35 0 0 30 115 0 0 0 70 24 0
0 0 127 34 1 53 99 83 0 0 0 0 32 0 0 21 0 40 0 0 127 88 0 0 0 0 0 0
0 0 16 16 0 0 0 0 0 0 127 51 0;
egregore_data 0 0 127 0 0 127 0 0 0 0 0 0 0 0 0 127 38 0 127 0 0 0
0 0 0 0 0 0 0 100 0 0 127 127 78 1 0 0 35 0 0 30 115 0 0 0 70 24 0
0 0 127 34 1 53 99 83 0 0 0 0 32 0 0 21 0 40 0 0 127 88 0 0 0 0 0 0
0 0 16 16 0 0 0 0 0 0 127 51 0;
egregore_data 0 0 127 0 0 127 0 0 0 0 0 0 0 0 0 127 38 0 127 0 0 0
0 0 0 0 0 0 0 100 0 0 127 127 78 1 0 0 35 0 0 30 115 0 0 0 70 24 0
0 0 127 34 1 53 99 83 0 0 0 0 32 0 0 21 0 40 0 0 127 88 0 0 0 0 0 0
0 0 16 16 0 0 0 0 0 0 127 51 0;
egregore_data 0 0 127 0 0 127 0 0 0 0 0 0 0 0 0 127 38 0 127 0 0 0
0 0 0 0 0 0 0 100 0 0 127 127 78 1 0 0 35 0 0 30 115 0 0 0 70 24 0
0 0 127 34 1 53 99 83 0 0 0 0 32 0 0 21 0 40 0 0 127 88 0 0 0 0 0 0
0 0 16 16 0 0 0 0 0 0 127 51 0;
egregore_data 0 0 127 0 0 127 0 0 0 0 0 0 0 0 0 127 38 0 127 0 0 0
0 0 0 0 0 0 0 100 0 0 127 127 78 1 0 0 35 0 0 30 115 0 0 0 70 24 0
0 0 127 34 1 53 99 83 0 0 0 0 32 0 0 21 0 40 0 0 127 88 0 0 0 0 0 0
0 0 16 16 0 0 0 0 0 0 127 51 0;
egregore_data 0 0 127 0 0 127 0 0 0 0 0 0 0 0 0 127 38 0 127 0 0 0
0 0 0 0 0 0 0 100 0 0 127 127 78 1 0 0 35 0 0 30 115 0 0 0 70 25 0
0 0 127 34 1 53 99 83 0 0 0 0 32 0 0 21 0 40 0 0 127 88 0 0 0 0 0 0
0 0 16 16 0 0 0 0 0 0 127 51 0;
egregore_data 0 0 127 0 0 127 0 0 0 0 0 0 0 0 0 127 38 0 127 0 0 0
0 0 0 0 0 0 0 100 0 0 127 127 78 1 0 0 35 0 0 30 115 0 0 0 70 25 0
0 0 127 34 1 53 99 83 0 0 0 0 32 0 0 21 0 40 0 0 127 88 0 0 0 0 0 0
0 0 16 16 0 0 0 0 0 0 127 51 0;
egregore_data 0 0 127 0 0 127 0 0 0 0 0 0 0 0 0 127 38 0 127 0 0 0
0 0 0 0 0 0 0 100 0 0 127 127 78 1 0 0 35 0 0 30 115 0 0 0 70 25 0
0 0 127 34 1 53 99 83 0 0 0 0 32 0 0 21 0 40 0 0 127 88 0 0 0 0 0 0
0 0 16 16 0 0 0 0 0 0 127 51 0;
egregore_data 0 0 127 0 0 127 0 0 0 0 0 0 0 0 0 127 38 0 127 0 0 0
0 0 0 0 0 0 0 100 0 0 127 127 78 1 0 0 35 0 0 30 115 0 0 0 70 25 0
0 0 127 34 1 53 99 83 0 0 0 0 32 0 0 21 0 40 0 0 127 88 0 0 0 0 0 0
0 0 16 16 0 0 0 0 0 0 127 51 0;
egregore_data 0 0 127 0 0 127 0 0 0 0 0 0 0 0 0 127 38 0 127 0 0 0
0 0 0 0 0 0 0 100 0 0 127 127 78 1 0 0 35 0 0 30 115 0 0 0 70 25 0
0 0 127 34 1 53 99 83 0 0 0 0 32 0 0 21 0 40 0 0 127 88 0 0 0 0 0 0
0 0 16 16 0 0 0 0 0 0 127 51 0;
egregore_data 0 0 127 0 0 127 0 0 0 0 0 0 0 0 0 127 38 0 127 0 0 0
0 0 0 0 0 0 0 100 0 0 127 127 78 1 0 0 35 0 0 30 115 0 0 0 70 25 0
0 0 127 34 1 53 99 83 0 0 0 0 32 0 0 21 0 40 0 0 127 88 0 0 0 0 0 0
0 0 16 16 0 0 0 0 0 0 127 51 0;
egregore_data 0 0 127 0 0 127 0 0 0 0 0 0 0 0 0 127 38 0 127 0 0 0
0 0 0 0 0 0 0 100 0 0 127 127 78 1 0 0 35 0 0 30 115 0 0 0 70 25 0
0 0 127 34 1 53 99 83 0 0 0 0 32 0 0 21 0 40 0 0 127 88 0 0 0 0 0 0
0 0 16 16 0 0 0 0 0 0 127 51 0;
egregore_data 0 0 127 0 0 127 0 0 0 0 0 0 0 0 0 127 38 0 127 0 0 0
0 0 0 0 0 0 0 100 0 0 127 127 78 1 0 0 35 0 0 30 115 0 0 0 70 25 0
0 0 127 34 1 53 99 83 0 0 0 0 32 0 0 21 0 40 0 0 127 88 0 0 0 0 0 0
0 0 16 16 0 0 0 0 0 0 127 51 0;
egregore_data 0 0 127 0 0 127 0 0 0 0 0 0 0 0 0 127 38 0 127 0 0 0
0 0 0 0 0 0 0 100 0 0 127 127 78 1 0 0 35 0 0 30 114 0 0 0 70 26 0
0 0 127 34 1 53 99 83 0 0 0 0 32 0 0 21 0 40 0 0 127 88 0 0 0 0 0 0
0 0 16 16 0 0 0 0 0 0 127 51 0;
egregore_data 0 0 127 0 0 127 0 0 0 0 0 0 0 0 0 127 38 0 127 0 0 0
0 0 0 0 0 0 0 100 0 0 127 127 78 1 0 0 35 0 0 30 114 0 0 0 70 26 0
0 0 127 34 1 53 99 83 0 0 0 0 32 0 0 21 0 40 0 0 127 88 0 0 0 0 0 0
0 0 16 16 0 0 0 0 0 0 127 51 0;
egregore_data 0 0 127 0 0 127 0 0 0 0 0 0 0 0 0 127 38 0 127 0 0 0
0 0 0 0 0 0 0 100 0 0 127 127 78 1 0 0 35 0 0 30 114 0 0 0 70 27 0
0 0 127 34 1 53 99 83 0 0 0 0 32 0 0 21 0 40 0 0 127 88 0 0 0 0 0 0
0 0 16 16 0 0 0 0 0 0 127 51 0;
egregore_data 0 0 127 0 0 127 0 0 0 0 0 0 0 0 0 127 38 0 127 0 0 0
0 0 0 0 0 0 0 100 0 0 127 127 78 1 0 0 35 0 0 30 114 0 0 0 70 27 0
0 0 127 34 1 53 99 83 0 0 0 0 32 0 0 21 0 40 0 0 127 88 0 0 0 0 0 0
0 0 16 16 0 0 0 0 0 0 127 51 0;
egregore_data 0 0 127 0 0 127 0 0 0 0 0 0 0 0 0 127 38 0 127 0 0 0
0 0 0 0 0 0 0 100 0 0 127 127 78 1 0 0 35 0 0 30 114 0 0 0 70 27 0
0 0 127 34 1 53 99 83 0 0 0 0 32 0 0 21 0 40 0 0 127 88 0 0 0 0 0 0
0 0 16 16 0 0 0 0 0 0 127 51 0;
egregore_data 0 0 127 0 0 127 0 0 0 0 0 0 0 0 0 127 38 0 127 0 0 0
0 0 0 0 0 0 0 100 0 0 127 127 78 1 0 0 35 0 0 30 113 0 0 0 70 28 0
0 0 127 34 1 53 99 83 0 0 0 0 32 0 0 21 0 40 0 0 127 88 0 0 0 0 0 0
0 0 16 16 0 0 0 0 0 0 127 51 0;
END;
