HTTP/1.1 200 OK
Date: Thu, 28 May 2015 12:25:41 GMT
Server: Apache
Last-Modified: Wed, 27 May 2015 19:33:42 GMT
Accept-Ranges: bytes
Content-Length: 29400
Vary: Accept-Encoding
Connection: close
Content-Type: text/plain

chdh_egregore_live_data;
egregore_data 0 0 127 0 0 127 0 0 0 0 0 0 0 0 0 127 38 0 127 0 0 0
0 0 0 0 0 0 0 100 0 0 127 127 78 0 93 90 127 0 19 127 127 0 0 0 70
0 0 0 127 127 34 0 91.104 37.1329 16 93.2312 25.526 0 17.6185 76.6994
20.9249 67 75.1156 0 0 38.5434 0 127 59.0911 1 0 0 0 0 0 0 0 16 16
0 0 0 0 0 0 127 51 0;
egregore_data 0 0 127 0 0 127 0 0 0 0 0 0 0 0 0 127 38 0 127 0 0 0
0 0 0 0 0 0 0 100 0 0 127 127 78 0 93 90 127 0 19 127 127 0 0 0 70
0 0 0 127 127 34 0 91.104 37.1329 16 93.2312 25.526 0 17.6185 76.6994
20.9249 67 75.1156 0 0 38.5434 0 127 59.0911 1 0 0 0 0 0 0 0 16 16
0 0 0 0 0 0 127 51 0;
egregore_data 0 0 127 0 0 127 0 0 0 0 0 0 0 0 0 127 38 0 127 0 0 0
0 0 0 0 0 0 0 100 0 0 127 127 78 0 93 90 127 0 19 127 127 0 0 0 70
0 0 0 127 127 34 0 91.104 37.1329 16 93.2312 25.526 0 17.6185 76.6994
20.9249 67 75.1156 0 0 38.5434 0 127 59.0911 1 0 0 0 0 0 0 0 16 16
0 0 0 0 0 0 127 51 0;
egregore_data 0 0 127 0 0 127 0 0 0 0 0 0 0 0 0 127 38 0 127 0 0 0
0 0 0 0 0 0 0 100 0 0 127 127 78 0 93 90 127 0 19 127 127 0 0 0 70
0 0 0 127 127 34 0 91.104 37.1329 16 93.2312 25.526 0 17.6185 76.6994
20.9249 67 75.1156 0 0 38.5434 0 127 59.0911 1 0 0 0 0 0 0 0 16 16
0 0 0 0 0 0 127 51 0;
egregore_data 0 0 127 0 0 127 0 0 0 0 0 0 0 0 0 127 38 0 127 0 0 0
0 0 0 0 0 0 0 100 0 0 127 127 78 0 93 90 127 0 19 127 127 0 0 0 70
0 0 0 127 127 34 0 91.104 37.1329 16 93.2312 25.526 0 17.6185 76.6994
20.9249 67 75.1156 0 0 38.5434 0 127 59.0911 1 0 0 0 0 0 0 0 16 16
0 0 0 0 0 0 127 51 0;
egregore_data 0 0 127 0 0 127 0 0 0 0 0 0 0 0 0 127 38 0 127 0 0 0
0 0 0 0 0 0 0 100 0 0 127 127 78 0 93 90 127 0 19 127 127 0 0 0 70
0 0 0 127 127 34 0 91.2644 37.5 16 92.6954 25.931 0 17.5172 76.8851
20.9713 67 75.2126 0 0 38.4885 0 127 59.0911 1 0 0 0 0 0 0 0 16 16
0 0 0 0 0 0 127 51 0;
egregore_data 0 0 127 0 0 127 0 0 0 0 0 0 0 0 0 127 38 0 127 0 0 0
0 0 0 0 0 0 0 100 0 0 127 127 78 0 93 90 127 0 19 127 127 0 0 0 70
0 0 0 127 127 34 0 91.2644 37.5 16 92.6954 25.931 0 17.5172 76.8851
20.9713 67 75.2126 0 0 38.4885 0 127 59.0911 1 0 0 0 0 0 0 0 16 16
0 0 0 0 0 0 127 51 0;
egregore_data 0 0 127 0 0 127 0 0 0 0 0 0 0 0 0 127 38 0 127 0 0 0
0 0 0 0 0 0 0 100 0 0 127 127 78 0 93 90 127 0 19 127 127 0 0 0 70
0 0 0 127 127 34 0 91.4229 37.8629 16 92.1657 26.3314 0 17.4171 77.0686
21.0171 67 75.3086 0 0 38.4343 0 127 59.0911 1 0 0 0 0 0 0 0 16 16
0 0 0 0 0 0 127 51 0;
egregore_data 0 0 127 0 0 127 0 0 0 0 0 0 0 0 0 127 38 0 127 0 0 0
0 0 0 0 0 0 0 100 0 0 127 127 78 0 93 90 127 0 19 127 127 0 0 0 70
0 0 0 127 127 34 0 91.4229 37.8629 16 92.1657 26.3314 0 17.4171 77.0686
21.0171 67 75.3086 0 0 38.4343 0 127 59.0911 1 0 0 0 0 0 0 0 16 16
0 0 0 0 0 0 127 51 0;
egregore_data 0 0 127 0 0 127 0 0 0 0 0 0 0 0 0 127 38 0 127 0 0 0
0 0 0 0 0 0 0 100 0 0 127 127 78 0 93 90 127 0 19 127 127 0 0 0 70
0 0 0 127 127 34 0 91.5795 38.2216 16 91.6421 26.7273 0 17.3182 77.25
21.0625 67 75.4034 0 0 38.3807 0 127 59.0911 1 0 0 0 0 0 0 0 16 16
0 0 0 0 0 0 127 51 0;
egregore_data 0 0 127 0 0 127 0 0 0 0 0 0 0 0 0 127 38 0 127 0 0 0
0 0 0 0 0 0 0 100 0 0 127 127 78 0 93 90 127 0 19 127 127 0 0 0 70
0 0 0 127 127 34 0 91.8876 38.927 16 90.6124 27.5056 0 17.1236 77.6067
21.1517 67 75.5899 0 0 38.2753 0 127 59.0911 1 0 0 0 0 0 0 0 16 16
0 0 0 0 0 0 127 51 0;
egregore_data 0 0 127 0 0 127 0 0 0 0 0 0 0 0 0 127 38 0 127 0 0 0
0 0 0 0 0 0 0 100 0 0 127 127 78 0 93 90 127 0 19 127 127 0 0 0 70
0 0 0 127 127 34 0 91.8876 38.927 16 90.6124 27.5056 0 17.1236 77.6067
21.1517 67 75.5899 0 0 38.2753 0 127 59.0911 1 0 0 0 0 0 0 0 16 16
0 0 0 0 0 0 127 51 0;
egregore_data 0 0 127 0 0 127 0 0 0 0 0 0 0 0 0 127 38 0 127 0 0 0
0 0 0 0 0 0 0 100 0 0 127 127 78 0 93 90 127 0 19 127 127 0 0 0 70
0 0 0 127 127 34 0 91.8876 38.927 16 90.6124 27.5056 0 17.1236 77.6067
21.1517 67 75.5899 0 0 38.2753 0 127 59.0911 1 0 0 0 0 0 0 0 16 16
0 0 0 0 0 0 127 51 0;
egregore_data 0 0 127 0 0 127 0 0 0 0 0 0 0 0 0 127 38 0 127 0 0 0
0 0 0 0 0 0 0 100 0 0 127 127 78 0 93 90 127 0 19 127 127 0 0 0 70
0 0 0 127 127 34 0 91.8876 38.927 16 90.6124 27.5056 0 17.1236 77.6067
21.1517 67 75.5899 0 0 38.2753 0 127 59.0911 1 0 0 0 0 0 0 0 16 16
0 0 0 0 0 0 127 51 0;
egregore_data 0 0 127 0 0 127 0 0 0 0 0 0 0 0 0 127 38 0 127 0 0 0
0 0 0 0 0 0 0 100 0 0 127 127 78 0 93 90 127 0 19 127 127 0 0 0 70
0 0 0 127 127 34 0 92.0391 39.2737 16 90.1061 27.8883 0 17.0279 77.7821
21.1955 67 75.6816 0 0 38.2235 0 127 59.0911 1 0 0 0 0 0 0 0 16 16
0 0 0 0 0 0 127 51 0;
egregore_data 0 0 127 0 0 127 0 0 0 0 0 0 0 0 0 127 38 0 127 0 0 0
0 0 0 0 0 0 0 100 0 0 127 127 78 0 93 90 127 0 19 127 127 0 0 0 70
0 0 0 127 127 34 0 92.0391 39.2737 16 90.1061 27.8883 0 17.0279 77.7821
21.1955 67 75.6816 0 0 38.2235 0 127 59.0911 1 0 0 0 0 0 0 0 16 16
0 0 0 0 0 0 127 51 0;
egregore_data 0 0 127 0 0 127 0 0 0 0 0 0 0 0 0 127 38 0 127 0 0 0
0 0 0 0 0 0 0 100 0 0 127 127 78 0 93 90 127 0 19 127 127 0 0 0 70
0 0 0 127 127 34 0 92.0391 39.2737 16 90.1061 27.8883 0 17.0279 77.7821
21.1955 67 75.6816 0 0 38.2235 0 127 59.0911 1 0 0 0 0 0 0 0 16 16
0 0 0 0 0 0 127 51 0;
egregore_data 0 0 127 0 0 127 0 0 0 0 0 0 0 0 0 127 38 0 127 0 0 0
0 0 0 0 0 0 0 100 0 0 127 127 78 0 93 90 127 0 19 127 127 0 0 0 70
0 0 0 127 127 34 0 92.1889 39.6167 16 89.6056 28.2667 0 16.9333 77.9556
21.2389 67 75.7722 0 0 38.1722 0 127 59.0911 1 0 0 0 0 0 0 0 16 16
0 0 0 0 0 0 127 51 0;
egregore_data 0 0 127 0 0 127 0 0 0 0 0 0 0 0 0 127 38 0 127 0 0 0
0 0 0 0 0 0 0 100 0 0 127 127 78 0 93 90 127 0 19 127 127 0 0 0 70
0 0 0 127 127 34 0 92.1889 39.6167 16 89.6056 28.2667 0 16.9333 77.9556
21.2389 67 75.7722 0 0 38.1722 0 127 59.0911 1 0 0 0 0 0 0 0 16 16
0 0 0 0 0 0 127 51 0;
egregore_data 0 0 127 0 0 127 0 0 0 0 0 0 0 0 0 127 38 0 127 0 0 0
0 0 0 0 0 0 0 100 0 0 127 127 78 0 93 90 127 0 19 127 127 0 0 0 70
0 0 0 127 127 34 0 92.337 39.9558 16 89.1105 28.6409 0 16.8398 78.1271
21.2818 67 75.8619 0 0 38.1215 0 127 59.0911 1 0 0 0 0 0 0 0 16 16
0 0 0 0 0 0 127 51 0;
egregore_data 0 0 127 0 0 127 0 0 0 0 0 0 0 0 0 127 38 0 127 0 0 0
0 0 0 0 0 0 0 100 0 0 127 127 78 0 93 90 127 0 19 127 127 0 0 0 70
0 0 0 127 127 34 0 92.337 39.9558 16 89.1105 28.6409 0 16.8398 78.1271
21.2818 67 75.8619 0 0 38.1215 0 127 59.0911 1 0 0 0 0 0 0 0 16 16
0 0 0 0 0 0 127 51 0;
egregore_data 0 0 127 0 0 127 0 0 0 0 0 0 0 0 0 127 38 0 127 0 0 0
0 0 0 0 0 0 0 100 0 0 127 127 78 0 93 90 127 0 19 127 127 0 0 0 70
0 0 0 127 127 34 0 92.4835 40.2912 16 88.6209 29.011 0 16.7473 78.2967
21.3242 67 75.9505 0 0 38.0714 0 127 59.0911 1 0 0 0 0 0 0 0 16 16
0 0 0 0 0 0 127 51 0;
egregore_data 0 0 127 0 0 127 0 0 0 0 0 0 0 0 0 127 38 0 127 0 0 0
0 0 0 0 0 0 0 100 0 0 127 127 78 0 93 90 127 0 19 127 127 0 0 0 70
0 0 0 127 127 34 0 92.4835 40.2912 16 88.6209 29.011 0 16.7473 78.2967
21.3242 67 75.9505 0 0 38.0714 0 127 59.0911 1 0 0 0 0 0 0 0 16 16
0 0 0 0 0 0 127 51 0;
egregore_data 0 0 127 0 0 127 0 0 0 0 0 0 0 0 0 127 38 0 127 0 0 0
0 0 0 0 0 0 0 100 0 0 127 127 78 0 93 90 127 0 19 127 127 0 0 0 70
0 0 0 127 127 34 0 92.6284 40.623 16 88.1366 29.377 0 16.6557 78.4645
21.3661 67 76.0383 0 0 38.0219 0 127 59.0911 1 0 0 0 0 0 0 0 16 16
0 0 0 0 0 0 127 51 0;
egregore_data 0 0 127 0 0 127 0 0 0 0 0 0 0 0 0 127 38 0 127 0 0 0
0 0 0 0 0 0 0 100 0 0 127 127 78 0 93 90 127 0 19 127 127 0 0 0 70
0 0 0 127 127 34 0 92.6284 40.623 16 88.1366 29.377 0 16.6557 78.4645
21.3661 67 76.0383 0 0 38.0219 0 127 59.0911 1 0 0 0 0 0 0 0 16 16
0 0 0 0 0 0 127 51 0;
egregore_data 0 0 127 0 0 127 0 0 0 0 0 0 0 0 0 127 38 0 127 0 0 0
0 0 0 0 0 0 0 100 0 0 127 127 78 0 93 90 127 0 19 127 127 0 0 0 70
0 0 0 127 127 34 0 92.6284 40.623 16 88.1366 29.377 0 16.6557 78.4645
21.3661 67 76.0383 0 0 38.0219 0 127 59.0911 1 0 0 0 0 0 0 0 16 16
0 0 0 0 0 0 127 51 0;
egregore_data 0 0 127 0 0 127 0 0 0 0 0 0 0 0 0 127 38 0 127 0 0 0
0 0 0 0 0 0 0 100 0 0 127 127 78 0 93 90 127 0 19 127 127 0 0 0 70
0 0 0 127 127 34 0 92.6284 40.623 16 88.1366 29.377 0 16.6557 78.4645
21.3661 67 76.0383 0 0 38.0219 0 127 59.0911 1 0 0 0 0 0 0 0 16 16
0 0 0 0 0 0 127 51 0;
egregore_data 0 0 127 0 0 127 0 0 0 0 0 0 0 0 0 127 38 0 127 0 0 0
0 0 0 0 0 0 0 100 0 0 127 127 78 0 93 90 127 0 19 127 127 0 0 0 70
0 0 0 127 127 34 0 92.6284 40.623 16 88.1366 29.377 0 16.6557 78.4645
21.3661 67 76.0383 0 0 38.0219 0 127 59.0911 1 0 0 0 0 0 0 0 16 16
0 0 0 0 0 0 127 51 0;
egregore_data 0 0 127 0 0 127 0 0 0 0 0 0 0 0 0 127 38 0 127 0 0 0
0 0 0 0 0 0 0 100 0 0 127 127 78 0 93 90 127 0 19 127 127 0 0 0 70
0 0 0 127 127 34 0 92.9135 41.2757 16 87.1838 30.0973 0 16.4757 78.7946
21.4486 67 76.2108 0 0 37.9243 0 127 58.0586 1 0 0 0 0 0 0 0 16 16
0 0 0 0 0 0 127 51 0;
egregore_data 0 0 127 0 0 127 0 0 0 0 0 0 0 0 0 127 38 0 127 0 0 0
0 0 0 0 0 0 0 100 0 0 127 127 78 0 93 90 127 0 19 127 127 0 0 0 70
0 0 0 127 127 34 0 92.9135 41.2757 16 87.1838 30.0973 0 16.4757 78.7946
21.4486 67 76.2108 0 0 37.9243 0 127 55.3052 1 0 0 0 0 0 0 0 16 16
0 0 0 0 0 0 127 51 0;
egregore_data 0 0 127 0 0 127 0 0 0 0 0 0 0 0 0 127 38 0 127 0 0 0
0 0 0 0 0 0 0 100 0 0 127 127 78 0 93 90 127 0 19 127 127 0 0 0 70
0 0 0 127 127 34 0 92.9135 41.2757 16 87.1838 30.0973 0 16.4757 78.7946
21.4486 67 76.2108 0 0 37.9243 0 127 53.5844 1 0 0 0 0 0 0 0 16 16
0 0 0 0 0 0 127 51 0;
egregore_data 0 0 127 0 0 127 0 0 0 0 0 0 0 0 0 127 38 0 127 0 0 0
0 0 0 0 0 0 0 100 0 0 127 127 78 0 93 90 127 0 19 127 127 0 0 0 70
0 0 0 127 127 34 0 92.9135 41.2757 16 87.1838 30.0973 0 16.4757 78.7946
21.4486 67 76.2108 0 0 37.9243 0 127 53.2402 1 0 0 0 0 0 0 0 16 16
0 0 0 0 0 0 127 51 0;
egregore_data 0 0 127 0 0 127 0 0 0 0 0 0 0 0 0 127 38 0 127 0 0 0
0 0 0 0 0 0 0 100 0 0 127 127 78 0 93 90 127 0 19 127 127 0 0 0 70
0 0 0 127 127 34 0 93.0538 41.5968 16 86.7151 30.4516 0 16.3871 78.957
21.4892 67 76.2957 0 0 37.8763 0 127 53.2402 1 0 0 0 0 0 0 0 16 16
0 0 0 0 0 0 127 51 0;
egregore_data 0 0 127 0 0 127 0 0 0 0 0 0 0 0 0 127 38 0 127 0 0 0
0 0 0 0 0 0 0 100 0 0 127 127 78 0 93 90 127 0 19 127 127 0 0 0 70
0 0 0 127 127 34 0 93.0538 41.5968 16 86.7151 30.4516 0 16.3871 78.957
21.4892 67 76.2957 0 0 37.8763 0 127 53.2402 1 0 0 0 0 0 0 0 16 16
0 0 0 0 0 0 127 51 0;
egregore_data 0 0 127 0 0 127 0 0 0 0 0 0 0 0 0 127 38 0 127 0 0 0
0 0 0 0 0 0 0 100 0 0 127 127 78 0 93 90 127 0 19 127 127 0 0 0 70
0 0 0 127 127 34 0 93.0538 41.5968 16 86.7151 30.4516 0 16.3871 78.957
21.4892 67 76.2957 0 0 37.8763 0 127 53.2402 1 0 0 0 0 0 0 0 16 16
0 0 0 0 0 0 127 51 0;
egregore_data 0 0 127 0 0 127 0 0 0 0 0 0 0 0 0 127 38 0 127 0 0 0
0 0 0 0 0 0 0 100 0 0 127 127 78 0 93 90 127 0 19 127 127 0 0 0 70
0 0 0 127 127 34 0 93.1925 41.9144 16 86.2513 30.8021 0 16.2995 79.1176
21.5294 67 76.3797 0 0 37.8289 0 127 53.2402 1 0 0 0 0 0 0 0 16 16
0 0 0 0 0 0 127 51 0;
egregore_data 0 0 127 0 0 127 0 0 0 0 0 0 0 0 0 127 38 0 127 0 0 0
0 0 0 0 0 0 0 100 0 0 127 127 78 0 93 90 127 0 19 127 127 0 0 0 70
0 0 0 127 127 34 0 93.3298 42.2287 16 85.7926 31.1489 0 16.2128 79.2766
21.5691 67 76.4628 0 0 37.7819 0 127 53.2402 1 0 0 0 0 0 0 0 16 16
0 0 0 0 0 0 127 51 0;
egregore_data 0 0 127 0 0 127 0 0 0 0 0 0 0 0 0 127 38 0 127 0 0 0
0 0 0 0 0 0 0 100 0 0 127 127 78 0 93 90 127 0 19 127 127 0 0 0 70
0 0 0 127 127 34 0 93.3298 42.2287 16 85.7926 31.1489 0 16.2128 79.2766
21.5691 67 76.4628 0 0 37.7819 0 127 53.2402 1 0 0 0 0 0 0 0 16 16
0 0 0 0 0 0 127 51 0;
egregore_data 0 0 127 0 0 127 0 0 0 0 0 0 0 0 0 127 38 0 127 0 0 0
0 0 0 0 0 0 0 100 0 0 127 127 78 0 93 90 127 0 19 127 127 0 0 0 70
0 0 0 127 127 34 0 93.3298 42.2287 16 85.7926 31.1489 0 16.2128 79.2766
21.5691 67 76.4628 0 0 37.7819 0 127 53.2402 1 0 0 0 0 0 0 0 16 16
0 0 0 0 0 0 127 51 0;
egregore_data 0 0 127 0 0 127 0 0 0 0 0 0 0 0 0 127 38 0 127 0 0 0
0 0 0 0 0 0 0 100 0 0 127 127 78 0 93 90 127 0 19 127 127 0 0 0 70
0 0 0 127 127 34 0 93.4656 42.5397 16 85.3386 31.4921 0 16.127 79.4339
21.6085 67 76.545 0 0 37.7355 0 127 53.2402 1 0 0 0 0 0 0 0 16 16 0
0 0 0 0 0 127 51 0;
egregore_data 0 0 127 0 0 127 0 0 0 0 0 0 0 0 0 127 38 0 127 0 0 0
0 0 0 0 0 0 0 100 0 0 127 127 78 0 93 90 127 0 19 127 127 0 0 0 70
0 0 0 127 127 34 0 93.733 43.1518 16 84.445 32.1675 0 15.9581 79.7435
21.6859 67 76.7068 0 0 37.644 0 127 53.2402 1 0 0 0 0 0 0 0 16 16 0
0 0 0 0 0 127 51 0;
egregore_data 0 0 127 0 0 127 0 0 0 0 0 0 0 0 0 127 38 0 127 0 0 0
0 0 0 0 0 0 0 100 0 0 127 127 78 0 93 90 127 0 19 127 127 0 0 0 70
0 0 0 127 127 34 0 93.733 43.1518 16 84.445 32.1675 0 15.9581 79.7435
21.6859 67 76.7068 0 0 37.644 0 127 53.2402 1 0 0 0 0 0 0 0 16 16 0
0 0 0 0 0 127 51 0;
egregore_data 0 0 127 0 0 127 0 0 0 0 0 0 0 0 0 127 38 0 127 0 0 0
0 0 0 0 0 0 0 100 0 0 127 127 78 0 93 90 127 0 19 127 127 0 0 0 70
0 0 0 127 127 34 0 93.733 43.1518 16 84.445 32.1675 0 15.9581 79.7435
21.6859 67 76.7068 0 0 37.644 0 127 53.2402 1 0 0 0 0 0 0 0 16 16 0
0 0 0 0 0 127 51 0;
egregore_data 0 0 127 0 0 127 0 0 0 0 0 0 0 0 0 127 38 0 127 0 0 0
0 0 0 0 0 0 0 100 0 0 127 127 78 0 93 90 127 0 19 127 127 0 0 0 70
0 0 0 127 127 34 0 93.733 43.1518 16 84.445 32.1675 0 15.9581 79.7435
21.6859 67 76.7068 0 0 37.644 0 127 53.2402 1 0 0 0 0 0 0 0 16 16 0
0 0 0 0 0 127 51 0;
egregore_data 0 0 127 0 0 127 0 0 0 0 0 0 0 0 0 127 38 0 127 0 0 0
0 0 0 0 0 0 0 100 0 0 127 127 78 0 93 90 127 0 19 127 127 0 0 0 70
0 0 0 127 127 34 0 93.733 43.1518 16 84.445 32.1675 0 15.9581 79.7435
21.6859 67 76.7068 0 0 37.644 0 127 53.2402 1 0 0 0 0 0 0 0 16 16 0
0 0 0 0 0 127 51 0;
egregore_data 0 0 127 0 0 127 0 0 0 0 0 0 0 0 0 127 38 0 127 0 0 0
0 0 0 0 0 0 0 100 0 0 127 127 78 0 93 90 127 0 19 127 127 0 0 0 70
0 0 0 127 127 34 0 93.733 43.1518 16 84.445 32.1675 0 15.9581 79.7435
21.6859 67 76.7068 0 0 37.644 0 127 53.2402 1 0 0 0 0 0 0 0 16 16 0
0 0 0 0 0 127 51 0;
egregore_data 0 0 127 0 0 127 0 0 0 0 0 0 0 0 0 127 38 0 127 0 0 0
0 0 0 0 0 0 0 100 0 0 127 127 78 0 93 90 127 0 19 127 127 0 0 0 70
0 0 0 127 127 34 0 93.733 43.1518 16 84.445 32.1675 0 15.9581 79.7435
21.6859 67 76.7068 0 0 37.644 0 127 53.2402 1 0 0 0 0 0 0 0 16 16 0
0 0 0 0 0 127 51 0;
egregore_data 0 0 127 0 0 127 0 0 0 0 0 0 0 0 0 127 38 0 127 0 0 0
0 0 0 0 0 0 0 100 0 0 127 127 78 0 93 90 127 0 19 127 127 0 0 0 70
0 0 0 127 127 34 0 93.8646 43.4531 16 84.0052 32.5 0 15.875 79.8958
21.724 67 76.7865 0 0 37.599 0 127 53.2402 1 0 0 0 0 0 0 0 16 16 0
0 0 0 0 0 127 51 0;
egregore_data 0 0 127 0 0 127 0 0 0 0 0 0 0 0 0 127 38 0 127 0 0 0
0 0 0 0 0 0 0 100 0 0 127 127 78 0 93 90 127 0 19 127 127 0 0 0 70
0 0 0 127 127 34 0 93.8646 43.4531 16 84.0052 32.5 0 15.875 79.8958
21.724 67 76.7865 0 0 37.599 0 127 53.2402 1 0 0 0 0 0 0 0 16 16 0
0 0 0 0 0 127 51 0;
egregore_data 0 0 127 0 0 127 0 0 0 0 0 0 0 0 0 127 38 0 127 0 0 0
0 0 0 0 0 0 0 100 0 0 127 127 78 0 93 90 127 0 19 127 127 0 0 0 70
0 0 0 127 127 34 0 93.9948 43.7513 16 83.57 32.829 0 15.7927 80.0466
21.7617 67 76.8653 0 0 37.5544 0 127 53.2402 1 0 0 0 0 0 0 0 16 16
0 0 0 0 0 0 127 51 0;
egregore_data 0 0 127 0 0 127 0 0 0 0 0 0 0 0 0 127 38 0 127 0 0 0
0 0 0 0 0 0 0 100 0 0 127 127 78 0 93 90 127 0 19 127 127 0 0 0 70
0 0 0 127 127 34 0 93.9948 43.7513 16 83.57 32.829 0 15.7927 80.0466
21.7617 67 76.8653 0 0 37.5544 0 127 53.2402 1 0 0 0 0 0 0 0 16 16
0 0 0 0 0 0 127 51 0;
egregore_data 0 0 127 0 0 127 0 0 0 0 0 0 0 0 0 127 38 0 127 0 0 0
0 0 0 0 0 0 0 100 0 0 127 127 78 0 93 90 127 0 19 127 127 0 0 0 70
0 0 0 127 127 34 0 93.9948 43.7513 16 83.57 32.829 0 15.7927 80.0466
21.7617 67 76.8653 0 0 37.5544 0 127 53.2402 1 0 0 0 0 0 0 0 16 16
0 0 0 0 0 0 127 51 0;
egregore_data 0 0 127 0 0 127 0 0 0 0 0 0 0 0 0 127 38 0 127 0 0 0
0 0 0 0 0 0 0 100 0 0 127 127 78 0 93 90 127 0 19 127 127 0 0 0 70
0 0 0 127 127 34 0 93.9948 43.7513 16 83.57 32.829 0 15.7927 80.0466
21.7617 67 76.8653 0 0 37.5544 0 127 53.2402 1 0 0 0 0 0 0 0 16 16
0 0 0 0 0 0 127 51 0;
egregore_data 0 0 127 0 0 127 0 0 0 0 0 0 0 0 0 127 38 0 127 0 0 0
0 0 0 0 0 0 0 100 0 0 127 127 78 0 93 90 127 0 19 127 127 0 0 0 70
0 0 0 127 127 34 0 93.9948 43.7513 16 83.57 32.829 0 15.7927 80.0466
21.7617 67 76.8653 0 0 37.5544 0 127 53.9285 1 0 0 0 0 0 0 0 16 16
0 0 0 0 0 0 127 51 0;
egregore_data 0 0 127 0 0 127 0 0 0 0 0 0 0 0 0 127 38 0 127 0 0 0
0 0 0 0 0 0 0 100 0 0 127 127 78 0 93 90 127 0 19 127 127 0 0 0 70
0 0 0 127 127 34 0 94.1237 44.0464 16 83.1392 33.1546 0 15.7113 80.1959
21.799 67 76.9433 0 0 37.5103 0 127 54.6169 1 0 0 0 0 0 0 0 16 16 0
0 0 0 0 0 127 51 0;
egregore_data 0 0 127 0 0 127 0 0 0 0 0 0 0 0 0 127 38 0 127 0 0 0
0 0 0 0 0 0 0 100 0 0 127 127 78 0 93 90 127 0 19 127 127 0 0 0 70
0 0 0 127 127 34 0 94.1237 44.0464 16 83.1392 33.1546 0 15.7113 80.1959
21.799 67 76.9433 0 0 37.5103 0 127 55.3052 1 0 0 0 0 0 0 0 16 16 0
0 0 0 0 0 127 51 0;
egregore_data 0 0 127 0 0 127 0 0 0 0 0 0 0 0 0 127 38 0 127 0 0 0
0 0 0 0 0 0 0 100 0 0 127 127 78 0 93 90 127 0 19 127 127 0 0 0 70
0 0 0 127 127 34 0 94.1237 44.0464 16 83.1392 33.1546 0 15.7113 80.1959
21.799 67 76.9433 0 0 37.5103 0 127 55.3052 1 0 0 0 0 0 0 0 16 16 0
0 0 0 0 0 127 51 0;
egregore_data 0 0 127 0 0 127 0 0 0 0 0 0 0 0 0 127 38 0 127 0 0 0
0 0 0 0 0 0 0 100 0 0 127 127 78 0 93 90 127 0 19 127 127 0 0 0 70
0 0 0 127 127 34 0 94.2513 44.3385 16 82.7128 33.4769 0 15.6308 80.3436
21.8359 67 77.0205 0 0 37.4667 0 127 55.3052 1 0 0 0 0 0 0 0 16 16
0 0 0 0 0 0 127 51 0;
egregore_data 0 0 127 0 0 127 0 0 0 0 0 0 0 0 0 127 38 0 127 0 0 0
0 0 0 0 0 0 0 100 0 0 127 127 78 0 93 90 127 0 19 127 127 0 0 0 70
0 0 0 127 127 34 0 94.5025 44.9137 16 81.8731 34.1117 0 15.4721 80.6345
21.9086 67 77.1726 0 0 37.3807 0 127 55.3052 1 0 0 0 0 0 0 0 16 16
0 0 0 0 0 0 127 51 0;
egregore_data 0 0 127 0 0 127 0 0 0 0 0 0 0 0 0 127 38 0 127 0 0 0
0 0 0 0 0 0 0 100 0 0 127 127 78 0 93 90 127 0 19 127 127 0 0 0 70
0 0 0 127 127 34 0 94.6263 45.197 16 81.4596 34.4242 0 15.3939 80.7778
21.9444 67 77.2475 0 0 37.3384 0 127 55.3052 1 0 0 0 0 0 0 0 16 16
0 0 0 0 0 0 127 51 0;
egregore_data 0 0 127 0 0 127 0 0 0 0 0 0 0 0 0 127 38 0 127 0 0 0
0 0 0 0 0 0 0 100 0 0 127 127 78 0 93 90 127 0 19 127 127 0 0 0 70
0 0 0 127 127 34 0 94.6263 45.197 16 81.4596 34.4242 0 15.3939 80.7778
21.9444 67 77.2475 0 0 37.3384 0 127 55.3052 1 0 0 0 0 0 0 0 16 16
0 0 0 0 0 0 127 51 0;
egregore_data 0 0 127 0 0 127 0 0 0 0 0 0 0 0 0 127 38 0 127 0 0 0
0 0 0 0 0 0 0 100 0 0 127 127 78 0 93 90 127 0 19 127 127 0 0 0 70
0 0 0 127 127 34 0 94.7487 45.4774 16 81.0502 34.7337 0 15.3166 80.9196
21.9799 67 77.3216 0 0 37.2965 0 127 55.3052 1 0 0 0 0 0 0 0 16 16
0 0 0 0 0 0 127 51 0;
egregore_data 0 0 127 0 0 127 0 0 0 0 0 0 0 0 0 127 38 0 127 0 0 0
0 0 0 0 0 0 0 100 0 0 127 127 78 0 93 90 127 0 19 127 127 0 0 0 70
0 0 0 127 127 34 0 94.7487 45.4774 16 81.0502 34.7337 0 15.3166 80.9196
21.9799 67 77.3216 0 0 37.2965 0 127 55.3052 1 0 0 0 0 0 0 0 16 16
0 0 0 0 0 0 127 51 0;
egregore_data 0 0 127 0 0 127 0 0 0 0 0 0 0 0 0 127 38 0 127 0 0 0
0 0 0 0 0 0 0 100 0 0 127 127 78 0 93 90 127 0 19 127 127 0 0 0 70
0 0 0 127 127 34 0 94.7487 45.4774 16 81.0502 34.7337 0 15.3166 80.9196
21.9799 67 77.3216 0 0 37.2965 0 127 55.3052 1 0 0 0 0 0 0 0 16 16
0 0 0 0 0 0 127 51 0;
egregore_data 0 0 127 0 0 127 0 0 0 0 0 0 0 0 0 127 38 0 127 0 0 0
0 0 0 0 0 0 0 100 0 0 127 127 78 0 93 90 127 0 19 127 127 0 0 0 70
0 0 0 127 127 34 0 94.7487 45.4774 16 81.0502 34.7337 0 15.3166 80.9196
21.9799 67 77.3216 0 0 37.2965 0 127 55.3052 1 0 0 0 0 0 0 0 16 16
0 0 0 0 0 0 127 51 0;
egregore_data 0 0 127 0 0 127 0 0 0 0 0 0 0 0 0 127 38 0 127 0 0 0
0 0 0 0 0 0 0 100 0 0 127 127 78 0 93 90 127 0 19 127 127 0 0 0 70
0 0 0 127 127 34 0 94.7487 45.4774 16 81.0502 34.7337 0 15.3166 80.9196
21.9799 67 77.3216 0 0 37.2965 0 127 55.3052 1 0 0 0 0 0 0 0 16 16
0 0 0 0 0 0 127 51 0;
egregore_data 0 0 127 0 0 127 0 0 0 0 0 0 0 0 0 127 38 0 127 0 0 0
0 0 0 0 0 0 0 100 0 0 127 127 78 0 93 90 127 0 19 127 127 0 0 0 70
0 0 0 127 127 34 0 94.7487 45.4774 16 81.0502 34.7337 0 15.3166 80.9196
21.9799 67 77.3216 0 0 37.2965 0 127 55.3052 1 0 0 0 0 0 0 0 16 16
0 0 0 0 0 0 127 51 0;
egregore_data 0 0 127 0 0 127 0 0 0 0 0 0 0 0 0 127 38 0 127 0 0 0
0 0 0 0 0 0 0 100 0 0 127 127 78 0 93 90 127 0 19 127 127 0 0 0 70
0 0 0 127 127 34 0 94.7487 45.4774 16 81.0502 34.7337 0 15.3166 80.9196
21.9799 67 77.3216 0 0 37.2965 0 127 55.3052 1 0 0 0 0 0 0 0 16 16
0 0 0 0 0 0 127 51 0;
egregore_data 0 0 127 0 0 127 0 0 0 0 0 0 0 0 0 127 38 0 127 0 0 0
0 0 0 0 0 0 0 100 0 0 127 127 78 0 93 90 127 0 19 127 127 0 0 0 70
0 0 0 127 127 34 0 94.7487 45.4774 16 81.0502 34.7337 0 15.3166 80.9196
21.9799 67 77.3216 0 0 37.2965 0 127 55.3052 1 0 0 0 0 0 0 0 16 16
0 0 0 0 0 0 127 51 0;
egregore_data 0 0 127 0 0 127 0 0 0 0 0 0 0 0 0 127 38 0 127 0 0 0
0 0 0 0 0 0 0 100 0 0 127 127 78 0 93 90 127 0 19 127 127 0 0 0 70
0 0 0 127 127 34 0 94.7487 45.4774 16 81.0502 34.7337 0 15.3166 80.9196
21.9799 67 77.3216 0 0 37.2965 0 127 55.3052 1 0 0 0 0 0 0 0 16 16
0 0 0 0 0 0 127 51 0;
egregore_data 0 0 127 0 0 127 0 0 0 0 0 0 0 0 0 127 38 0 127 0 0 0
0 0 0 0 0 0 0 100 0 0 127 127 78 0 93 90 127 0 19 127 127 0 0 0 70
0 0 0 127 127 34 0 94.87 45.755 16 80.645 35.04 0 15.24 81.06 22.015
67 77.395 0 0 37.255 0 127 55.3052 1 0 0 0 0 0 0 0 16 16 0 0 0 0 0
0 127 51 0;
egregore_data 0 0 127 0 0 127 0 0 0 0 0 0 0 0 0 127 38 0 127 0 0 0
0 0 0 0 0 0 0 100 0 0 127 127 78 0 93 90 127 0 19 127 127 0 0 0 70
0 0 0 127 127 34 0 94.9901 46.0299 16 80.2438 35.3433 0 15.1642 81.199
22.0498 67 77.4677 0 0 37.2139 0 127 55.3052 1 0 0 0 0 0 0 0 16 16
0 0 0 0 0 0 127 51 0;
egregore_data 0 0 127 0 0 127 0 0 0 0 0 0 0 0 0 127 38 0 127 0 0 0
0 0 0 0 0 0 0 100 0 0 127 127 78 0 93 90 127 0 19 127 127 0 0 0 70
0 0 0 127 127 34 0 94.9901 46.0299 16 80.2438 35.3433 0 15.1642 81.199
22.0498 67 77.4677 0 0 37.2139 0 127 55.3052 1 0 0 0 0 0 0 0 16 16
0 0 0 0 0 0 127 51 0;
egregore_data 0 0 127 0 0 127 0 0 0 0 0 0 0 0 0 127 38 0 127 0 0 0
0 0 0 0 0 0 0 100 0 0 127 127 78 0 93 90 127 0 19 127 127 0 0 0 70
0 0 0 127 127 34 0 94.9901 46.0299 16 80.2438 35.3433 0 15.1642 81.199
22.0498 67 77.4677 0 0 37.2139 0 127 55.3052 1 0 0 0 0 0 0 0 16 16
0 0 0 0 0 0 127 51 0;
egregore_data 0 0 127 0 0 127 0 0 0 0 0 0 0 0 0 127 38 0 127 0 0 0
0 0 0 0 0 0 0 100 0 0 127 127 78 0 93 90 127 0 19 127 127 0 0 0 70
0 0 0 127 127 34 0 95.1089 46.302 16 79.8465 35.6436 0 15.0891 81.3366
22.0842 67 77.5396 0 0 37.1733 0 127 55.3052 1 0 0 0 0 0 0 0 16 16
0 0 0 0 0 0 127 51 0;
egregore_data 0 0 127 0 0 127 0 0 0 0 0 0 0 0 0 127 38 0 127 0 0 0
0 0 0 0 0 0 0 100 0 0 127 127 78 0 93 90 127 0 19 127 127 0 0 0 70
0 0 0 127 127 34 0 95.3431 46.8382 16 79.0637 36.2353 0 14.9412 81.6078
22.152 67 77.6814 0 0 37.0931 0 127 54.9611 1 0 0 0 0 0 0 0 16 16 0
0 0 0 0 0 127 51 0;
egregore_data 0 0 127 0 0 127 0 0 0 0 0 0 0 0 0 127 38 0 127 0 0 0
0 0 0 0 0 0 0 100 0 0 127 127 78 0 93 90 127 0 19 127 127 0 0 0 70
0 0 0 127 127 34 0 95.3431 46.8382 16 79.0637 36.2353 0 14.9412 81.6078
22.152 67 77.6814 0 0 37.0931 0 127 54.2727 1 0 0 0 0 0 0 0 16 16 0
0 0 0 0 0 127 51 0;
egregore_data 0 0 127 0 0 127 0 0 0 0 0 0 0 0 0 127 38 0 127 0 0 0
0 0 0 0 0 0 0 100 0 0 127 127 78 0 93 90 127 0 19 127 127 0 0 0 70
0 0 0 127 127 34 0 95.3431 46.8382 16 79.0637 36.2353 0 14.9412 81.6078
22.152 67 77.6814 0 0 37.0931 0 127 53.2402 1 0 0 0 0 0 0 0 16 16 0
0 0 0 0 0 127 51 0;
egregore_data 0 0 127 0 0 127 0 0 0 0 0 0 0 0 0 127 38 0 127 0 0 0
0 0 0 0 0 0 0 100 0 0 127 127 78 0 93 90 127 0 19 127 127 0 0 0 70
0 0 0 127 127 34 0 95.3431 46.8382 16 79.0637 36.2353 0 14.9412 81.6078
22.152 67 77.6814 0 0 37.0931 0 127 53.2402 1 0 0 0 0 0 0 0 16 16 0
0 0 0 0 0 127 51 0;
egregore_data 0 0 127 0 0 127 0 0 0 0 0 0 0 0 0 127 38 0 127 0 0 0
0 0 0 0 0 0 0 100 0 0 127 127 78 0 93 90 127 0 19 127 127 0 0 0 70
0 0 0 127 127 34 0 95.3431 46.8382 16 79.0637 36.2353 0 14.9412 81.6078
22.152 67 77.6814 0 0 37.0931 0 127 53.2402 1 0 0 0 0 0 0 0 16 16 0
0 0 0 0 0 127 51 0;
egregore_data 0 0 127 0 0 127 0 0 0 0 0 0 0 0 0 127 38 0 127 0 0 0
0 0 0 0 0 0 0 100 0 0 127 127 78 0 93 90 127 0 19 127 127 0 0 0 70
0 0 0 127 127 34 0 95.4585 47.1024 16 78.678 36.5268 0 14.8683 81.7415
22.1854 67 77.7512 0 0 37.0537 0 127 52.5518 1 0 0 0 0 0 0 0 16 16
0 0 0 0 0 0 127 51 0;
egregore_data 0 0 127 0 0 127 0 0 0 0 0 0 0 0 0 127 38 0 127 0 0 0
0 0 0 0 0 0 0 100 0 0 127 127 78 0 93 90 127 0 19 127 127 0 0 0 70
0 0 0 127 127 34 0 95.5728 47.3641 16 78.2961 36.8155 0 14.7961 81.8738
22.2184 67 77.8204 0 0 37.0146 0 127 51.8635 1 0 0 0 0 0 0 0 16 16
0 0 0 0 0 0 127 51 0;
egregore_data 0 0 127 0 0 127 0 0 0 0 0 0 0 0 0 127 38 0 127 0 0 0
0 0 0 0 0 0 0 100 0 0 127 127 78 0 93 90 127 0 19 127 127 0 0 0 70
0 0 0 127 127 34 0 95.5728 47.3641 16 78.2961 36.8155 0 14.7961 81.8738
22.2184 67 77.8204 0 0 37.0146 0 127 51.5193 1 0 0 0 0 0 0 0 16 16
0 0 0 0 0 0 127 51 0;
egregore_data 0 0 127 0 0 127 0 0 0 0 0 0 0 0 0 127 38 0 127 0 0 0
0 0 0 0 0 0 0 100 0 0 127 127 78 0 93 90 127 0 19 127 127 0 0 0 70
0 0 0 127 127 34 0 95.5728 47.3641 16 78.2961 36.8155 0 14.7961 81.8738
22.2184 67 77.8204 0 0 37.0146 0 127 51.5193 1 0 0 0 0 0 0 0 16 16
0 0 0 0 0 0 127 51 0;
egregore_data 0 0 127 0 0 127 0 0 0 0 0 0 0 0 0 127 38 0 127 0 0 0
0 0 0 0 0 0 0 100 0 0 127 127 78 0 93 90 127 0 19 127 127 0 0 0 70
0 0 0 127 127 34 0 95.686 47.6232 16 77.9179 37.1014 0 14.7246 82.0048
22.2512 67 77.8889 0 0 36.9758 0 127 51.5193 1 0 0 0 0 0 0 0 16 16
0 0 0 0 0 0 127 51 0;
egregore_data 0 0 127 0 0 127 0 0 0 0 0 0 0 0 0 127 38 0 127 0 0 0
0 0 0 0 0 0 0 100 0 0 127 127 78 0 93 90 127 0 19 127 127 0 0 0 70
0 0 0 127 127 34 0 95.686 47.6232 16 77.9179 37.1014 0 14.7246 82.0048
22.2512 67 77.8889 0 0 36.9758 0 127 51.5193 1 0 0 0 0 0 0 0 16 16
0 0 0 0 0 0 127 51 0;
egregore_data 0 0 127 0 0 127 0 0 0 0 0 0 0 0 0 127 38 0 127 0 0 0
0 0 0 0 0 0 0 100 0 0 127 127 78 0 93 90 127 0 19 127 127 0 0 0 70
0 0 0 127 127 34 0 95.686 47.6232 16 77.9179 37.1014 0 14.7246 82.0048
22.2512 67 77.8889 0 0 36.9758 0 127 51.5193 1 0 0 0 0 0 0 0 16 16
0 0 0 0 0 0 127 51 0;
egregore_data 0 0 127 0 0 127 0 0 0 0 0 0 0 0 0 127 38 0 127 0 0 0
0 0 0 0 0 0 0 100 0 0 127 127 78 0 93 90 127 0 19 127 127 0 0 0 70
0 0 0 127 127 34 0 95.686 47.6232 16 77.9179 37.1014 0 14.7246 82.0048
22.2512 67 77.8889 0 0 36.9758 0 127 51.5193 1 0 0 0 0 0 0 0 16 16
0 0 0 0 0 0 127 51 0;
egregore_data 0 0 127 0 0 127 0 0 0 0 0 0 0 0 0 127 38 0 127 0 0 0
0 0 0 0 0 0 0 100 0 0 127 127 78 0 93 90 127 0 19 127 127 0 0 0 70
0 0 0 127 127 34 0 95.686 47.6232 16 77.9179 37.1014 0 14.7246 82.0048
22.2512 67 77.8889 0 0 36.9758 0 127 51.5193 1 0 0 0 0 0 0 0 16 16
0 0 0 0 0 0 127 51 0;
egregore_data 0 0 127 0 0 127 0 0 0 0 0 0 0 0 0 127 38 0 127 0 0 0
0 0 0 0 0 0 0 100 0 0 127 127 78 0 93 90 127 0 19 127 127 0 0 0 70
0 0 0 127 127 34 0 95.7981 47.8798 16 77.5433 37.3846 0 14.6538 82.1346
22.2837 67 77.9567 0 0 36.9375 0 127 51.5193 1 0 0 0 0 0 0 0 16 16
0 0 0 0 0 0 127 51 0;
egregore_data 0 0 127 0 0 127 0 0 0 0 0 0 0 0 0 127 38 0 127 0 0 0
0 0 0 0 0 0 0 100 0 0 127 127 78 0 93 90 127 0 19 127 127 0 0 0 70
0 0 0 127 127 34 0 95.7981 47.8798 16 77.5433 37.3846 0 14.6538 82.1346
22.2837 67 77.9567 0 0 36.9375 0 127 51.5193 1 0 0 0 0 0 0 0 16 16
0 0 0 0 0 0 127 51 0;
egregore_data 0 0 127 0 0 127 0 0 0 0 0 0 0 0 0 127 38 0 127 0 0 0
0 0 0 0 0 0 0 100 0 0 127 127 78 0 93 90 127 0 19 127 127 0 0 0 70
0 0 0 127 127 34 0 95.7981 47.8798 16 77.5433 37.3846 0 14.6538 82.1346
22.2837 67 77.9567 0 0 36.9375 0 127 51.5193 1 0 0 0 0 0 0 0 16 16
0 0 0 0 0 0 127 51 0;
egregore_data 0 0 127 0 0 127 0 0 0 0 0 0 0 0 0 127 38 0 127 0 0 0
0 0 0 0 0 0 0 100 0 0 127 127 78 0 93 90 127 0 19 127 127 0 0 0 70
0 0 0 127 127 34 0 96.019 48.3857 16 76.8048 37.9429 0 14.5143 82.3905
22.3476 67 78.0905 0 0 36.8619 0 127 51.5193 1 0 0 0 0 0 0 0 16 16
0 0 0 0 0 0 127 51 0;
egregore_data 0 0 127 0 0 127 0 0 0 0 0 0 0 0 0 127 38 0 127 0 0 0
0 0 0 0 0 0 0 100 0 0 127 127 78 0 93 90 127 0 19 127 127 0 0 0 70
0 0 0 127 127 34 0 96.019 48.3857 16 76.8048 37.9429 0 14.5143 82.3905
22.3476 67 78.0905 0 0 36.8619 0 127 51.5193 1 0 0 0 0 0 0 0 16 16
0 0 0 0 0 0 127 51 0;
egregore_data 0 0 127 0 0 127 0 0 0 0 0 0 0 0 0 127 38 0 127 0 0 0
0 0 0 0 0 0 0 100 0 0 127 127 78 0 93 90 127 0 19 127 127 0 0 0 70
0 0 0 127 127 34 0 96.128 48.6351 16 76.4408 38.218 0 14.4455 82.5166
22.3791 67 78.1564 0 0 36.8246 0 127 51.5193 1 0 0 0 0 0 0 0 16 16
0 0 0 0 0 0 127 51 0;
egregore_data 0 0 127 0 0 127 0 0 0 0 0 0 0 0 0 127 38 0 127 0 0 0
0 0 0 0 0 0 0 100 0 0 127 127 78 0 93 90 127 0 19 127 127 0 0 0 70
0 0 0 127 127 34 0 96.2359 48.8821 16 76.0802 38.4906 0 14.3774 82.6415
22.4104 67 78.2217 0 0 36.7877 0 127 51.5193 1 0 0 0 0 0 0 0 16 16
0 0 0 0 0 0 127 51 0;
egregore_data 0 0 127 0 0 127 0 0 0 0 0 0 0 0 0 127 38 0 127 0 0 0
0 0 0 0 0 0 0 100 0 0 127 127 78 0 93 90 127 0 19 127 127 0 0 0 70
0 0 0 127 127 34 0 96.2359 48.8821 16 76.0802 38.4906 0 14.3774 82.6415
22.4104 67 78.2217 0 0 36.7877 0 127 51.5193 1 0 0 0 0 0 0 0 16 16
0 0 0 0 0 0 127 51 0;
egregore_data 0 0 127 0 0 127 0 0 0 0 0 0 0 0 0 127 38 0 127 0 0 0
0 0 0 0 0 0 0 100 0 0 127 127 78 0 93 90 127 0 19 127 127 0 0 0 70
0 0 0 127 127 34 0 96.2359 48.8821 16 76.0802 38.4906 0 14.3774 82.6415
22.4104 67 78.2217 0 0 36.7877 0 127 51.5193 1 0 0 0 0 0 0 0 16 16
0 0 0 0 0 0 127 51 0;
egregore_data 0 0 127 0 0 127 0 0 0 0 0 0 0 0 0 127 38 0 127 0 0 0
0 0 0 0 0 0 0 100 0 0 127 127 78 0 93 90 127 0 19 127 127 0 0 0 70
0 0 0 127 127 34 0 96.3427 49.1268 16 75.723 38.7606 0 14.3099 82.7653
22.4413 67 78.2864 0 0 36.7512 0 127 51.5193 1 0 0 0 0 0 0 0 16 16
0 0 0 0 0 0 127 51 0;
egregore_data 0 0 127 0 0 127 0 0 0 0 0 0 0 0 0 127 38 0 127 0 0 0
0 0 0 0 0 0 0 100 0 0 127 127 78 0 93 90 127 0 19 127 127 0 0 0 70
0 0 0 127 127 34 0 96.3427 49.1268 16 75.723 38.7606 0 14.3099 82.7653
22.4413 67 78.2864 0 0 36.7512 0 127 51.5193 1 0 0 0 0 0 0 0 16 16
0 0 0 0 0 0 127 51 0;
END;
