HTTP/1.1 200 OK
Date: Thu, 28 May 2015 12:25:22 GMT
Server: Apache
Last-Modified: Wed, 27 May 2015 19:27:32 GMT
Accept-Ranges: bytes
Content-Length: 32023
Vary: Accept-Encoding
Connection: close
Content-Type: text/plain

chdh_egregore_live_data;
egregore_data 0 0 127 0 0 127 0 0 0 0 0 0 0 0 0 127 38 0 127 0 0 0
0 0 0 0 0 0 0 100 0 0 127 127 78 0 93 90 127 0 19 127 127 0 0 0 70
0 0 0 127 127 34 0 74.4387 52.1179 47 83.2689 115.106 37.9764 85.4764
43.8491 32.6792 109.358 25.8038 0 16.0519 39.8066 2.39623 127 81.8066
1 0 0 0 0 0 0 0 16 16 0 0 0 0 0 0 127 51 0;
egregore_data 0 0 127 0 0 127 0 0 0 0 0 0 0 0 0 127 38 0 127 0 0 0
0 0 0 0 0 0 0 100 0 0 127 127 78 0 93 90 127 0 19 127 127 0 0 0 70
0 0 0 127 127 34 0 74.4387 52.1179 47 83.2689 115.106 37.9764 85.4764
43.8491 32.6792 109.358 25.8038 0 16.0519 39.8066 2.39623 127 81.8066
1 0 0 0 0 0 0 0 16 16 0 0 0 0 0 0 127 51 0;
egregore_data 0 0 127 0 0 127 0 0 0 0 0 0 0 0 0 127 38 0 127 0 0 0
0 0 0 0 0 0 0 100 0 0 127 127 78 0 93 90 127 0 19 127 127 0 0 0 70
0 0 0 127 127 34 0 74.4387 52.1179 47 83.2689 115.106 37.9764 85.4764
43.8491 32.6792 109.358 25.8038 0 16.0519 39.8066 2.39623 127 81.8066
1 0 0 0 0 0 0 0 16 16 0 0 0 0 0 0 127 51 0;
egregore_data 0 0 127 0 0 127 0 0 0 0 0 0 0 0 0 127 38 0 127 0 0 0
0 0 0 0 0 0 0 100 0 0 127 127 78 0 93 90 127 0 19 127 127 0 0 0 70
0 0 0 127 127 34 0 74.4387 52.1179 47 83.2689 115.106 37.9764 85.4764
43.8491 32.6792 109.358 25.8038 0 16.0519 39.8066 2.39623 127 81.8066
1 0 0 0 0 0 0 0 16 16 0 0 0 0 0 0 127 51 0;
egregore_data 0 0 127 0 0 127 0 0 0 0 0 0 0 0 0 127 38 0 127 0 0 0
0 0 0 0 0 0 0 100 0 0 127 127 78 0 93 90 127 0 19 127 127 0 0 0 70
0 0 0 127 127 34 0 74.4387 52.1179 47 83.2689 115.106 37.9764 85.4764
43.8491 32.6792 109.358 25.8038 0 16.0519 39.8066 2.39623 127 81.8066
1 0 0 0 0 0 0 0 16 16 0 0 0 0 0 0 127 51 0;
egregore_data 0 0 127 0 0 127 0 0 0 0 0 0 0 0 0 127 38 0 127 0 0 0
0 0 0 0 0 0 0 100 0 0 127 127 78 0 93 90 127 0 19 127 127 0 0 0 70
0 0 0 127 127 34 0 74.4387 52.1179 47 83.2689 115.106 37.9764 85.4764
43.8491 32.6792 109.358 25.8038 0 16.0519 39.8066 2.39623 127 81.8066
1 0 0 0 0 0 0 0 16 16 0 0 0 0 0 0 127 51 0;
egregore_data 0 0 127 0 0 127 0 0 0 0 0 0 0 0 0 127 38 0 127 0 0 0
0 0 0 0 0 0 0 100 0 0 127 127 78 0 93 90 127 0 19 127 127 0 0 0 70
0 0 0 127 127 34 0 74.4387 52.1179 47 83.2689 115.106 37.9764 85.4764
43.8491 32.6792 109.358 25.8038 0 16.0519 39.8066 2.39623 127 81.8066
1 0 0 0 0 0 0 0 16 16 0 0 0 0 0 0 127 51 0;
egregore_data 0 0 127 0 0 127 0 0 0 0 0 0 0 0 0 127 38 0 127 0 0 0
0 0 0 0 0 0 0 100 0 0 127 127 78 0 93 90 127 0 19 127 127 0 0 0 70
0 0 0 127 127 34 0 74.4387 52.1179 47 83.2689 115.106 37.9764 85.4764
43.8491 32.6792 109.358 25.8038 0 16.0519 39.8066 2.39623 127 81.8066
1 0 0 0 0 0 0 0 16 16 0 0 0 0 0 0 127 51 0;
egregore_data 0 0 127 0 0 127 0 0 0 0 0 0 0 0 0 127 38 0 127 0 0 0
0 0 0 0 0 0 0 100 0 0 127 127 78 0 93 90 127 0 19 127 127 0 0 0 70
0 0 0 127 127 34 0 74.4387 52.1179 47 83.2689 115.106 37.9764 85.4764
43.8491 32.6792 109.358 25.8038 0 16.0519 39.8066 2.39623 127 81.8066
1 0 0 0 0 0 0 0 16 16 0 0 0 0 0 0 127 51 0;
egregore_data 0 0 127 0 0 127 0 0 0 0 0 0 0 0 0 127 38 0 127 0 0 0
0 0 0 0 0 0 0 100 0 0 127 127 78 0 93 90 127 0 19 127 127 0 0 0 70
0 0 0 127 127 34 0 74.4387 52.1179 47 83.2689 115.106 37.9764 85.4764
43.8491 32.6792 109.358 25.8038 0 16.0519 39.8066 2.39623 127 81.8066
1 0 0 0 0 0 0 0 16 16 0 0 0 0 0 0 127 51 0;
egregore_data 0 0 127 0 0 127 0 0 0 0 0 0 0 0 0 127 38 0 127 0 0 0
0 0 0 0 0 0 0 100 0 0 127 127 78 0 93 90 127 0 19 127 127 0 0 0 70
0 0 0 127 127 34 0 74.4387 52.1179 47 83.2689 115.106 37.9764 85.4764
43.8491 32.6792 109.358 25.8038 0 16.0519 39.8066 2.39623 127 81.8066
1 0 0 0 0 0 0 0 16 16 0 0 0 0 0 0 127 51 0;
egregore_data 0 0 127 0 0 127 0 0 0 0 0 0 0 0 0 127 38 0 127 0 0 0
0 0 0 0 0 0 0 100 0 0 127 127 78 0 93 90 127 0 19 127 127 0 0 0 70
0 0 0 127 127 34 0 74.4387 52.1179 47 83.2689 115.106 37.9764 85.4764
43.8491 32.6792 109.358 25.8038 0 16.0519 39.8066 2.39623 127 81.8066
1 0 0 0 0 0 0 0 16 16 0 0 0 0 0 0 127 51 0;
egregore_data 0 0 127 0 0 127 0 0 0 0 0 0 0 0 0 127 38 0 127 0 0 0
0 0 0 0 0 0 0 100 0 0 127 127 78 0 93 90 127 0 19 127 127 0 0 0 70
0 0 0 127 127 34 0 74.4387 52.1179 47 83.2689 115.106 37.9764 85.4764
43.8491 32.6792 109.358 25.8038 0 16.0519 39.8066 2.39623 127 81.8066
1 0 0 0 0 0 0 0 16 16 0 0 0 0 0 0 127 51 0;
egregore_data 0 0 127 0 0 127 0 0 0 0 0 0 0 0 0 127 38 0 127 0 0 0
0 0 0 0 0 0 0 100 0 0 127 127 78 0 93 90 127 0 19 127 127 0 0 0 70
0 0 0 127 127 34 0 74.4387 52.1179 47 83.2689 115.106 37.9764 85.4764
43.8491 32.6792 109.358 25.8038 0 16.0519 39.8066 2.39623 127 81.8066
1 0 0 0 0 0 0 0 16 16 0 0 0 0 0 0 127 51 0;
egregore_data 0 0 127 0 0 127 0 0 0 0 0 0 0 0 0 127 38 0 127 0 0 0
0 0 0 0 0 0 0 100 0 0 127 127 78 0 93 90 127 0 19 127 127 0 0 0 70
0 0 0 127 127 34 0 74.4387 52.1179 47 83.2689 115.106 37.9764 85.4764
43.8491 32.6792 109.358 25.8038 0 16.0519 39.8066 2.39623 127 81.8066
1 0 0 0 0 0 0 0 16 16 0 0 0 0 0 0 127 51 0;
egregore_data 0 0 127 0 0 127 0 0 0 0 0 0 0 0 0 127 38 0 127 0 0 0
0 0 0 0 0 0 0 100 0 0 127 127 78 0 93 90 127 0 19 127 127 0 0 0 70
0 0 0 127 127 34 0 74.6524 52.6143 47.2952 82.8524 115.193 37.4143
86.0619 43.2 32.9905 109.59 25.4781 0 15.8143 39.7857 2.41905 127 81.8066
1 0 0 0 0 0 0 0 16 16 0 0 0 0 0 0 127 51 0;
egregore_data 0 0 127 0 0 127 0 0 0 0 0 0 0 0 0 127 38 0 127 0 0 0
0 0 0 0 0 0 0 100 0 0 127 127 78 0 93 90 127 0 19 127 127 0 0 0 70
0 0 0 127 127 34 0 74.6524 52.6143 47.2952 82.8524 115.193 37.4143
86.0619 43.2 32.9905 109.59 25.4781 0 15.8143 39.7857 2.41905 127 81.8066
1 0 0 0 0 0 0 0 16 16 0 0 0 0 0 0 127 51 0;
egregore_data 0 0 127 0 0 127 0 0 0 0 0 0 0 0 0 127 38 0 127 0 0 0
0 0 0 0 0 0 0 100 0 0 127 127 78 0 93 90 127 0 19 127 127 0 0 0 70
0 0 0 127 127 34 0 74.6524 52.6143 47.2952 82.8524 115.193 37.4143
86.0619 43.2 32.9905 109.59 25.4781 0 15.8143 39.7857 2.41905 127 81.8066
1 0 0 0 0 0 0 0 16 16 0 0 0 0 0 0 127 51 0;
egregore_data 0 0 127 0 0 127 0 0 0 0 0 0 0 0 0 127 38 0 127 0 0 0
0 0 0 0 0 0 0 100 0 0 127 127 78 0 93 90 127 0 19 127 127 0 0 0 70
0 0 0 127 127 34 0 74.6524 52.6143 47.2952 82.8524 115.193 37.4143
86.0619 43.2 32.9905 109.59 25.4781 0 15.8143 39.7857 2.41905 127 81.8066
1 0 0 0 0 0 0 0 16 16 0 0 0 0 0 0 127 51 0;
egregore_data 0 0 127 0 0 127 0 0 0 0 0 0 0 0 0 127 38 0 127 0 0 0
0 0 0 0 0 0 0 100 0 0 127 127 78 0 93 90 127 0 19 127 127 0 0 0 70
0 0 0 127 127 34 0 74.6524 52.6143 47.2952 82.8524 115.193 37.4143
86.0619 43.2 32.9905 109.59 25.4781 0 15.8143 39.7857 2.41905 127 81.8066
1 0 0 0 0 0 0 0 16 16 0 0 0 0 0 0 127 51 0;
egregore_data 0 0 127 0 0 127 0 0 0 0 0 0 0 0 0 127 38 0 127 0 0 0
0 0 0 0 0 0 0 100 0 0 127 127 78 0 93 90 127 0 19 127 127 0 0 0 70
0 0 0 127 127 34 0 74.6524 52.6143 47.2952 82.8524 115.193 37.4143
86.0619 43.2 32.9905 109.59 25.4781 0 15.8143 39.7857 2.41905 127 81.8066
1 0 0 0 0 0 0 0 16 16 0 0 0 0 0 0 127 51 0;
egregore_data 0 0 127 0 0 127 0 0 0 0 0 0 0 0 0 127 38 0 127 0 0 0
0 0 0 0 0 0 0 100 0 0 127 127 78 0 93 90 127 0 19 127 127 0 0 0 70
0 0 0 127 127 34 0 74.6524 52.6143 47.2952 82.8524 115.193 37.4143
86.0619 43.2 32.9905 109.59 25.4781 0 15.8143 39.7857 2.41905 127 81.8066
1 0 0 0 0 0 0 0 16 16 0 0 0 0 0 0 127 51 0;
egregore_data 0 0 127 0 0 127 0 0 0 0 0 0 0 0 0 127 38 0 127 0 0 0
0 0 0 0 0 0 0 100 0 0 127 127 78 0 93 90 127 0 19 127 127 0 0 0 70
0 0 0 127 127 34 0 74.6524 52.6143 47.2952 82.8524 115.193 37.4143
86.0619 43.2 32.9905 109.59 25.4781 0 15.8143 39.7857 2.41905 127 81.8066
1 0 0 0 0 0 0 0 16 16 0 0 0 0 0 0 127 51 0;
egregore_data 0 0 127 0 0 127 0 0 0 0 0 0 0 0 0 127 38 0 127 0 0 0
0 0 0 0 0 0 0 100 0 0 127 127 78 0 93 90 127 0 19 127 127 0 0 0 70
0 0 0 127 127 34 0 74.6524 52.6143 47.2952 82.8524 115.193 37.4143
86.0619 43.2 32.9905 109.59 25.4781 0 15.8143 39.7857 2.41905 127 81.8066
1 0 0 0 0 0 0 0 16 16 0 0 0 0 0 0 127 51 0;
egregore_data 0 0 127 0 0 127 0 0 0 0 0 0 0 0 0 127 38 0 127 0 0 0
0 0 0 0 0 0 0 100 0 0 127 127 78 0 93 90 127 0 19 127 127 0 0 0 70
0 0 0 127 127 34 0 74.6524 52.6143 47.2952 82.8524 115.193 37.4143
86.0619 43.2 32.9905 109.59 25.4781 0 15.8143 39.7857 2.41905 127 81.8066
1 0 0 0 0 0 0 0 16 16 0 0 0 0 0 0 127 51 0;
egregore_data 0 0 127 0 0 127 0 0 0 0 0 0 0 0 0 127 38 0 127 0 0 0
0 0 0 0 0 0 0 100 0 0 127 127 78 0 93 90 127 0 19 127 127 0 0 0 70
0 0 0 127 127 34 0 74.6524 52.6143 47.2952 82.8524 115.193 37.4143
86.0619 43.2 32.9905 109.59 25.4781 0 15.8143 39.7857 2.41905 127 81.8066
1 0 0 0 0 0 0 0 16 16 0 0 0 0 0 0 127 51 0;
egregore_data 0 0 127 0 0 127 0 0 0 0 0 0 0 0 0 127 38 0 127 0 0 0
0 0 0 0 0 0 0 100 0 0 127 127 78 0 93 90 127 0 19 127 127 0 0 0 70
0 0 0 127 127 34 0 74.6524 52.6143 47.2952 82.8524 115.193 37.4143
86.0619 43.2 32.9905 109.59 25.4781 0 15.8143 39.7857 2.41905 127 81.8066
1 0 0 0 0 0 0 0 16 16 0 0 0 0 0 0 127 51 0;
egregore_data 0 0 127 0 0 127 0 0 0 0 0 0 0 0 0 127 38 0 127 0 0 0
0 0 0 0 0 0 0 100 0 0 127 127 78 0 93 90 127 0 19 127 127 0 0 0 70
0 0 0 127 127 34 0 74.6524 52.6143 47.2952 82.8524 115.193 37.4143
86.0619 43.2 32.9905 109.59 25.4781 0 15.8143 39.7857 2.41905 127 81.8066
1 0 0 0 0 0 0 0 16 16 0 0 0 0 0 0 127 51 0;
egregore_data 0 0 127 0 0 127 0 0 0 0 0 0 0 0 0 127 38 0 127 0 0 0
0 0 0 0 0 0 0 100 0 0 127 127 78 0 93 90 127 0 19 127 127 0 0 0 70
0 0 0 127 127 34 0 74.6524 52.6143 47.2952 82.8524 115.193 37.4143
86.0619 43.2 32.9905 109.59 25.4781 0 15.8143 39.7857 2.41905 127 81.8066
1 0 0 0 0 0 0 0 16 16 0 0 0 0 0 0 127 51 0;
egregore_data 0 0 127 0 0 127 0 0 0 0 0 0 0 0 0 127 38 0 127 0 0 0
0 0 0 0 0 0 0 100 0 0 127 127 78 0 93 90 127 0 19 127 127 0 0 0 70
0 0 0 127 127 34 0 74.6524 52.6143 47.2952 82.8524 115.193 37.4143
86.0619 43.2 32.9905 109.59 25.4781 0 15.8143 39.7857 2.41905 127 81.8066
1 0 0 0 0 0 0 0 16 16 0 0 0 0 0 0 127 51 0;
egregore_data 0 0 127 0 0 127 0 0 0 0 0 0 0 0 0 127 38 0 127 0 0 0
0 0 0 0 0 0 0 100 0 0 127 127 78 0 93 90 127 0 19 127 127 0 0 0 70
0 0 0 127 127 34 0 74.6524 52.6143 47.2952 82.8524 115.193 37.4143
86.0619 43.2 32.9905 109.59 25.4781 0 15.8143 39.7857 2.41905 127 81.8066
1 0 0 0 0 0 0 0 16 16 0 0 0 0 0 0 127 51 0;
egregore_data 0 0 127 0 0 127 0 0 0 0 0 0 0 0 0 127 38 0 127 0 0 0
0 0 0 0 0 0 0 100 0 0 127 127 78 0 93 90 127 0 19 127 127 0 0 0 70
0 0 0 127 127 34 0 74.6524 52.6143 47.2952 82.8524 115.193 37.4143
86.0619 43.2 32.9905 109.59 25.4781 0 15.8143 39.7857 2.41905 127 81.8066
1 0 0 0 0 0 0 0 16 16 0 0 0 0 0 0 127 51 0;
egregore_data 0 0 127 0 0 127 0 0 0 0 0 0 0 0 0 127 38 0 127 0 0 0
0 0 0 0 0 0 0 100 0 0 127 127 78 0 93 90 127 0 19 127 127 0 0 0 70
0 0 0 127 127 34 0 74.6524 52.6143 47.2952 82.8524 115.193 37.4143
86.0619 43.2 32.9905 109.59 25.4781 0 15.8143 39.7857 2.41905 127 81.8066
1 0 0 0 0 0 0 0 16 16 0 0 0 0 0 0 127 51 0;
egregore_data 0 0 127 0 0 127 0 0 0 0 0 0 0 0 0 127 38 0 127 0 0 0
0 0 0 0 0 0 0 100 0 0 127 127 78 0 93 90 127 0 19 127 127 0 0 0 70
0 0 0 127 127 34 0 74.6524 52.6143 47.2952 82.8524 115.193 37.4143
86.0619 43.2 32.9905 109.59 25.4781 0 15.8143 39.7857 2.41905 127 81.8066
1 0 0 0 0 0 0 0 16 16 0 0 0 0 0 0 127 51 0;
egregore_data 0 0 127 0 0 127 0 0 0 0 0 0 0 0 0 127 38 0 127 0 0 0
0 0 0 0 0 0 0 100 0 0 127 127 78 0 93 90 127 0 19 127 127 0 0 0 70
0 0 0 127 127 34 0 74.6524 52.6143 47.2952 82.8524 115.193 37.4143
86.0619 43.2 32.9905 109.59 25.4781 0 15.8143 39.7857 2.41905 127 81.8066
1 0 0 0 0 0 0 0 16 16 0 0 0 0 0 0 127 51 0;
egregore_data 0 0 127 0 0 127 0 0 0 0 0 0 0 0 0 127 38 0 127 0 0 0
0 0 0 0 0 0 0 100 0 0 127 127 78 0 93 90 127 0 19 127 127 0 0 0 70
0 0 0 127 127 34 0 74.6524 52.6143 47.2952 82.8524 115.193 37.4143
86.0619 43.2 32.9905 109.59 25.4781 0 15.8143 39.7857 2.41905 127 81.8066
1 0 0 0 0 0 0 0 16 16 0 0 0 0 0 0 127 51 0;
egregore_data 0 0 127 0 0 127 0 0 0 0 0 0 0 0 0 127 38 0 127 0 0 0
0 0 0 0 0 0 0 100 0 0 127 127 78 0 93 90 127 0 19 127 127 0 0 0 70
0 0 0 127 127 34 0 74.6524 52.6143 47.2952 82.8524 115.193 37.4143
86.0619 43.2 32.9905 109.59 25.4781 0 15.8143 39.7857 2.41905 127 81.8066
1 0 0 0 0 0 0 0 16 16 0 0 0 0 0 0 127 51 0;
egregore_data 0 0 127 0 0 127 0 0 0 0 0 0 0 0 0 127 38 0 127 0 0 0
0 0 0 0 0 0 0 100 0 0 127 127 78 0 93 90 127 0 19 127 127 0 0 0 70
0 0 0 127 127 34 0 74.6524 52.6143 47.2952 82.8524 115.193 37.4143
86.0619 43.2 32.9905 109.59 25.4781 0 15.8143 39.7857 2.41905 127 81.8066
1 0 0 0 0 0 0 0 16 16 0 0 0 0 0 0 127 51 0;
egregore_data 0 0 127 0 0 127 0 0 0 0 0 0 0 0 0 127 38 0 127 0 0 0
0 0 0 0 0 0 0 100 0 0 127 127 78 0 93 90 127 0 19 127 127 0 0 0 70
0 0 0 127 127 34 0 74.6524 52.6143 47.2952 82.8524 115.193 37.4143
86.0619 43.2 32.9905 109.59 25.4781 0 15.8143 39.7857 2.41905 127 81.8066
1 0 0 0 0 0 0 0 16 16 0 0 0 0 0 0 127 51 0;
egregore_data 0 0 127 0 0 127 0 0 0 0 0 0 0 0 0 127 38 0 127 0 0 0
0 0 0 0 0 0 0 100 0 0 127 127 78 0 93 90 127 0 19 127 127 0 0 0 70
0 0 0 127 127 34 0 74.6524 52.6143 47.2952 82.8524 115.193 37.4143
86.0619 43.2 32.9905 109.59 25.4781 0 15.8143 39.7857 2.41905 127 81.8066
1 0 0 0 0 0 0 0 16 16 0 0 0 0 0 0 127 51 0;
egregore_data 0 0 127 0 0 127 0 0 0 0 0 0 0 0 0 127 38 0 127 0 0 0
0 0 0 0 0 0 0 100 0 0 127 127 78 0 93 90 127 0 19 127 127 0 0 0 70
0 0 0 127 127 34 0 74.7608 52.866 47.445 82.6412 115.237 37.1292 86.3589
42.8708 33.1483 109.708 25.3129 0 15.6938 39.7751 2.43062 127 81.8066
1 0 0 0 0 0 0 0 16 16 0 0 0 0 0 0 127 51 0;
egregore_data 0 0 127 0 0 127 0 0 0 0 0 0 0 0 0 127 38 0 127 0 0 0
0 0 0 0 0 0 0 100 0 0 127 127 78 0 93 90 127 0 19 127 127 0 0 0 70
0 0 0 127 127 34 0 74.7608 52.866 47.445 82.6412 115.237 37.1292 86.3589
42.8708 33.1483 109.708 25.3129 0 15.6938 39.7751 2.43062 127 81.8066
1 0 0 0 0 0 0 0 16 16 0 0 0 0 0 0 127 51 0;
egregore_data 0 0 127 0 0 127 0 0 0 0 0 0 0 0 0 127 38 0 127 0 0 0
0 0 0 0 0 0 0 100 0 0 127 127 78 0 93 90 127 0 19 127 127 0 0 0 70
0 0 0 127 127 34 0 74.8702 53.1202 47.5962 82.4279 115.281 36.8413
86.6587 42.5385 33.3077 109.827 25.1462 0 15.5721 39.7644 2.44231 127
81.8066 1 0 0 0 0 0 0 0 16 16 0 0 0 0 0 0 127 51 0;
egregore_data 0 0 127 0 0 127 0 0 0 0 0 0 0 0 0 127 38 0 127 0 0 0
0 0 0 0 0 0 0 100 0 0 127 127 78 0 93 90 127 0 19 127 127 0 0 0 70
0 0 0 127 127 34 0 74.8702 53.1202 47.5962 82.4279 115.281 36.8413
86.6587 42.5385 33.3077 109.827 25.1462 0 15.5721 39.7644 2.44231 127
81.8066 1 0 0 0 0 0 0 0 16 16 0 0 0 0 0 0 127 51 0;
egregore_data 0 0 127 0 0 127 0 0 0 0 0 0 0 0 0 127 38 0 127 0 0 0
0 0 0 0 0 0 0 100 0 0 127 127 78 0 93 90 127 0 19 127 127 0 0 0 70
0 0 0 127 127 34 0 74.8702 53.1202 47.5962 82.4279 115.281 36.8413
86.6587 42.5385 33.3077 109.827 25.1462 0 15.5721 39.7644 2.44231 127
81.8066 1 0 0 0 0 0 0 0 16 16 0 0 0 0 0 0 127 51 0;
egregore_data 0 0 127 0 0 127 0 0 0 0 0 0 0 0 0 127 38 0 127 0 0 0
0 0 0 0 0 0 0 100 0 0 127 127 78 0 93 90 127 0 19 127 127 0 0 0 70
0 0 0 127 127 34 0 74.8702 53.1202 47.5962 82.4279 115.281 36.8413
86.6587 42.5385 33.3077 109.827 25.1462 0 15.5721 39.7644 2.44231 127
81.8066 1 0 0 0 0 0 0 0 16 16 0 0 0 0 0 0 127 51 0;
egregore_data 0 0 127 0 0 127 0 0 0 0 0 0 0 0 0 127 38 0 127 0 0 0
0 0 0 0 0 0 0 100 0 0 127 127 78 0 93 90 127 0 19 127 127 0 0 0 70
0 0 0 127 127 34 0 74.9807 53.3768 47.7488 82.2126 115.326 36.5507
86.9614 42.2029 33.4686 109.947 24.9778 0 15.4493 39.7536 2.45411 127
81.8066 1 0 0 0 0 0 0 0 16 16 0 0 0 0 0 0 127 51 0;
egregore_data 0 0 127 0 0 127 0 0 0 0 0 0 0 0 0 127 38 0 127 0 0 0
0 0 0 0 0 0 0 100 0 0 127 127 78 0 93 90 127 0 19 127 127 0 0 0 70
0 0 0 127 127 34 0 74.9807 53.3768 47.7488 82.2126 115.326 36.5507
86.9614 42.2029 33.4686 109.947 24.9778 0 15.4493 39.7536 2.45411 127
81.8066 1 0 0 0 0 0 0 0 16 16 0 0 0 0 0 0 127 51 0;
egregore_data 0 0 127 0 0 127 0 0 0 0 0 0 0 0 0 127 38 0 127 0 0 0
0 0 0 0 0 0 0 100 0 0 127 127 78 0 93 90 127 0 19 127 127 0 0 0 70
0 0 0 127 127 34 0 74.9807 53.3768 47.7488 82.2126 115.326 36.5507
86.9614 42.2029 33.4686 109.947 24.9778 0 15.4493 39.7536 2.45411 127
81.8066 1 0 0 0 0 0 0 0 16 16 0 0 0 0 0 0 127 51 0;
egregore_data 0 0 127 0 0 127 0 0 0 0 0 0 0 0 0 127 38 0 127 0 0 0
0 0 0 0 0 0 0 100 0 0 127 127 78 0 93 90 127 0 19 127 127 0 0 0 70
0 0 0 127 127 34 0 74.9807 53.3768 47.7488 82.2126 115.326 36.5507
86.9614 42.2029 33.4686 109.947 24.9778 0 15.4493 39.7536 2.45411 127
81.8066 1 0 0 0 0 0 0 0 16 16 0 0 0 0 0 0 127 51 0;
egregore_data 0 0 127 0 0 127 0 0 0 0 0 0 0 0 0 127 38 0 127 0 0 0
0 0 0 0 0 0 0 100 0 0 127 127 78 0 93 90 127 0 19 127 127 0 0 0 70
0 0 0 127 127 34 0 74.9807 53.3768 47.7488 82.2126 115.326 36.5507
86.9614 42.2029 33.4686 109.947 24.9778 0 15.4493 39.7536 2.45411 127
81.8066 1 0 0 0 0 0 0 0 16 16 0 0 0 0 0 0 127 51 0;
egregore_data 0 0 127 0 0 127 0 0 0 0 0 0 0 0 0 127 38 0 127 0 0 0
0 0 0 0 0 0 0 100 0 0 127 127 78 0 93 90 127 0 19 127 127 0 0 0 70
0 0 0 127 127 34 0 74.9807 53.3768 47.7488 82.2126 115.326 36.5507
86.9614 42.2029 33.4686 109.947 24.9778 0 15.4493 39.7536 2.45411 127
81.8066 1 0 0 0 0 0 0 0 16 16 0 0 0 0 0 0 127 51 0;
egregore_data 0 0 127 0 0 127 0 0 0 0 0 0 0 0 0 127 38 0 127 0 0 0
0 0 0 0 0 0 0 100 0 0 127 127 78 0 93 90 127 0 19 127 127 0 0 0 70
0 0 0 127 127 34 0 74.9807 53.3768 47.7488 82.2126 115.326 36.5507
86.9614 42.2029 33.4686 109.947 24.9778 0 15.4493 39.7536 2.45411 127
81.8066 1 0 0 0 0 0 0 0 16 16 0 0 0 0 0 0 127 51 0;
egregore_data 0 0 127 0 0 127 0 0 0 0 0 0 0 0 0 127 38 0 127 0 0 0
0 0 0 0 0 0 0 100 0 0 127 127 78 0 93 90 127 0 19 127 127 0 0 0 70
0 0 0 127 127 34 0 74.9807 53.3768 47.7488 82.2126 115.326 36.5507
86.9614 42.2029 33.4686 109.947 24.9778 0 15.4493 39.7536 2.45411 127
81.8066 1 0 0 0 0 0 0 0 16 16 0 0 0 0 0 0 127 51 0;
egregore_data 0 0 127 0 0 127 0 0 0 0 0 0 0 0 0 127 38 0 127 0 0 0
0 0 0 0 0 0 0 100 0 0 127 127 78 0 93 90 127 0 19 127 127 0 0 0 70
0 0 0 127 127 34 0 74.9807 53.3768 47.7488 82.2126 115.326 36.5507
86.9614 42.2029 33.4686 109.947 24.9778 0 15.4493 39.7536 2.45411 127
81.8066 1 0 0 0 0 0 0 0 16 16 0 0 0 0 0 0 127 51 0;
egregore_data 0 0 127 0 0 127 0 0 0 0 0 0 0 0 0 127 38 0 127 0 0 0
0 0 0 0 0 0 0 100 0 0 127 127 78 0 93 90 127 0 19 127 127 0 0 0 70
0 0 0 127 127 34 0 74.9807 53.3768 47.7488 82.2126 115.326 36.5507
86.9614 42.2029 33.4686 109.947 24.9778 0 15.4493 39.7536 2.45411 127
81.8066 1 0 0 0 0 0 0 0 16 16 0 0 0 0 0 0 127 51 0;
egregore_data 0 0 127 0 0 127 0 0 0 0 0 0 0 0 0 127 38 0 127 0 0 0
0 0 0 0 0 0 0 100 0 0 127 127 78 0 93 90 127 0 19 127 127 0 0 0 70
0 0 0 127 127 34 0 74.9807 53.3768 47.7488 82.2126 115.326 36.5507
86.9614 42.2029 33.4686 109.947 24.9778 0 15.4493 39.7536 2.45411 127
81.8066 1 0 0 0 0 0 0 0 16 16 0 0 0 0 0 0 127 51 0;
egregore_data 0 0 127 0 0 127 0 0 0 0 0 0 0 0 0 127 38 0 127 0 0 0
0 0 0 0 0 0 0 100 0 0 127 127 78 0 93 90 127 0 19 127 127 0 0 0 70
0 0 0 127 127 34 0 74.9807 53.3768 47.7488 82.2126 115.326 36.5507
86.9614 42.2029 33.4686 109.947 24.9778 0 15.4493 39.7536 2.45411 127
81.8066 1 0 0 0 0 0 0 0 16 16 0 0 0 0 0 0 127 51 0;
egregore_data 0 0 127 0 0 127 0 0 0 0 0 0 0 0 0 127 38 0 127 0 0 0
0 0 0 0 0 0 0 100 0 0 127 127 78 0 93 90 127 0 19 127 127 0 0 0 70
0 0 0 127 127 34 0 74.9807 53.3768 47.7488 82.2126 115.326 36.5507
86.9614 42.2029 33.4686 109.947 24.9778 0 15.4493 39.7536 2.45411 127
81.8066 1 0 0 0 0 0 0 0 16 16 0 0 0 0 0 0 127 51 0;
egregore_data 0 0 127 0 0 127 0 0 0 0 0 0 0 0 0 127 38 0 127 0 0 0
0 0 0 0 0 0 0 100 0 0 127 127 78 0 93 90 127 0 19 127 127 0 0 0 70
0 0 0 127 127 34 0 74.9807 53.3768 47.7488 82.2126 115.326 36.5507
86.9614 42.2029 33.4686 109.947 24.9778 0 15.4493 39.7536 2.45411 127
81.8066 1 0 0 0 0 0 0 0 16 16 0 0 0 0 0 0 127 51 0;
egregore_data 0 0 127 0 0 127 0 0 0 0 0 0 0 0 0 127 38 0 127 0 0 0
0 0 0 0 0 0 0 100 0 0 127 127 78 0 93 90 127 0 19 127 127 0 0 0 70
0 0 0 127 127 34 0 74.9807 53.3768 47.7488 82.2126 115.326 36.5507
86.9614 42.2029 33.4686 109.947 24.9778 0 15.4493 39.7536 2.45411 127
81.8066 1 0 0 0 0 0 0 0 16 16 0 0 0 0 0 0 127 51 0;
egregore_data 0 0 127 0 0 127 0 0 0 0 0 0 0 0 0 127 38 0 127 0 0 0
0 0 0 0 0 0 0 100 0 0 127 127 78 0 93 90 127 0 19 127 127 0 0 0 70
0 0 0 127 127 34 0 74.9807 53.3768 47.7488 82.2126 115.326 36.5507
86.9614 42.2029 33.4686 109.947 24.9778 0 15.4493 39.7536 2.45411 127
81.8066 1 0 0 0 0 0 0 0 16 16 0 0 0 0 0 0 127 51 0;
egregore_data 0 0 127 0 0 127 0 0 0 0 0 0 0 0 0 127 38 0 127 0 0 0
0 0 0 0 0 0 0 100 0 0 127 127 78 0 93 90 127 0 19 127 127 0 0 0 70
0 0 0 127 127 34 0 74.9807 53.3768 47.7488 82.2126 115.326 36.5507
86.9614 42.2029 33.4686 109.947 24.9778 0 15.4493 39.7536 2.45411 127
81.8066 1 0 0 0 0 0 0 0 16 16 0 0 0 0 0 0 127 51 0;
egregore_data 0 0 127 0 0 127 0 0 0 0 0 0 0 0 0 127 38 0 127 0 0 0
0 0 0 0 0 0 0 100 0 0 127 127 78 0 93 90 127 0 19 127 127 0 0 0 70
0 0 0 127 127 34 0 74.9807 53.3768 47.7488 82.2126 115.326 36.5507
86.9614 42.2029 33.4686 109.947 24.9778 0 15.4493 39.7536 2.45411 127
81.8066 1 0 0 0 0 0 0 0 16 16 0 0 0 0 0 0 127 51 0;
egregore_data 0 0 127 0 0 127 0 0 0 0 0 0 0 0 0 127 38 0 127 0 0 0
0 0 0 0 0 0 0 100 0 0 127 127 78 0 93 90 127 0 19 127 127 0 0 0 70
0 0 0 127 127 34 0 74.9807 53.3768 47.7488 82.2126 115.326 36.5507
86.9614 42.2029 33.4686 109.947 24.9778 0 15.4493 39.7536 2.45411 127
81.8066 1 0 0 0 0 0 0 0 16 16 0 0 0 0 0 0 127 51 0;
egregore_data 0 0 127 0 0 127 0 0 0 0 0 0 0 0 0 127 38 0 127 0 0 0
0 0 0 0 0 0 0 100 0 0 127 127 78 0 93 90 127 0 19 127 127 0 0 0 70
0 0 0 127 127 34 0 74.9807 53.3768 47.7488 82.2126 115.326 36.5507
86.9614 42.2029 33.4686 109.947 24.9778 0 15.4493 39.7536 2.45411 127
81.8066 1 0 0 0 0 0 0 0 16 16 0 0 0 0 0 0 127 51 0;
egregore_data 0 0 127 0 0 127 0 0 0 0 0 0 0 0 0 127 38 0 127 0 0 0
0 0 0 0 0 0 0 100 0 0 127 127 78 0 93 90 127 0 19 127 127 0 0 0 70
0 0 0 127 127 34 0 75.0922 53.6359 47.9029 81.9951 115.371 36.2573
87.267 41.8641 33.6311 110.068 24.8078 0 15.3252 39.7427 2.46602 127
81.8066 1 0 0 0 0 0 0 0 16 16 0 0 0 0 0 0 127 51 0;
egregore_data 0 0 127 0 0 127 0 0 0 0 0 0 0 0 0 127 38 0 127 0 0 0
0 0 0 0 0 0 0 100 0 0 127 127 78 0 93 90 127 0 19 127 127 0 0 0 70
0 0 0 127 127 34 0 75.3186 54.1618 48.2157 81.5539 115.463 35.6618
87.8873 41.1765 33.9608 110.314 24.4628 0 15.0735 39.7206 2.4902 127
81.8066 1 0 0 0 0 0 0 0 16 16 0 0 0 0 0 0 127 51 0;
egregore_data 0 0 127 0 0 127 0 0 0 0 0 0 0 0 0 127 38 0 127 0 0 0
0 0 0 0 0 0 0 100 0 0 127 127 78 0 93 90 127 0 19 127 127 0 0 0 70
0 0 0 127 127 34 0 75.4335 54.4286 48.3744 81.33 115.51 35.3596 88.202
40.8276 34.1281 110.438 24.2877 0 14.9458 39.7094 2.50246 127 81.8066
1 0 0 0 0 0 0 0 16 16 0 0 0 0 0 0 127 51 0;
egregore_data 0 0 127 0 0 127 0 0 0 0 0 0 0 0 0 127 38 0 127 0 0 0
0 0 0 0 0 0 0 100 0 0 127 127 78 0 93 90 127 0 19 127 127 0 0 0 70
0 0 0 127 127 34 0 75.4335 54.4286 48.3744 81.33 115.51 35.3596 88.202
40.8276 34.1281 110.438 24.2877 0 14.9458 39.7094 2.50246 127 81.8066
1 0 0 0 0 0 0 0 16 16 0 0 0 0 0 0 127 51 0;
egregore_data 0 0 127 0 0 127 0 0 0 0 0 0 0 0 0 127 38 0 127 0 0 0
0 0 0 0 0 0 0 100 0 0 127 127 78 0 93 90 127 0 19 127 127 0 0 0 70
0 0 0 127 127 34 0 75.5495 54.698 48.5347 81.104 115.557 35.0545 88.5198
40.4753 34.297 110.564 24.1109 0 14.8168 39.698 2.51485 127 81.8066
1 0 0 0 0 0 0 0 16 16 0 0 0 0 0 0 127 51 0;
egregore_data 0 0 127 0 0 127 0 0 0 0 0 0 0 0 0 127 38 0 127 0 0 0
0 0 0 0 0 0 0 100 0 0 127 127 78 0 93 90 127 0 19 127 127 0 0 0 70
0 0 0 127 127 34 0 75.5495 54.698 48.5347 81.104 115.557 35.0545 88.5198
40.4753 34.297 110.564 24.1109 0 14.8168 39.698 2.51485 127 81.8066
1 0 0 0 0 0 0 0 16 16 0 0 0 0 0 0 127 51 0;
egregore_data 0 0 127 0 0 127 0 0 0 0 0 0 0 0 0 127 38 0 127 0 0 0
0 0 0 0 0 0 0 100 0 0 127 127 78 0 93 90 127 0 19 127 127 0 0 0 70
0 0 0 127 127 34 0 75.5495 54.698 48.5347 81.104 115.557 35.0545 88.5198
40.4753 34.297 110.564 24.1109 0 14.8168 39.698 2.51485 127 81.8066
1 0 0 0 0 0 0 0 16 16 0 0 0 0 0 0 127 51 0;
egregore_data 0 0 127 0 0 127 0 0 0 0 0 0 0 0 0 127 38 0 127 0 0 0
0 0 0 0 0 0 0 100 0 0 127 127 78 0 93 90 127 0 19 127 127 0 0 0 70
0 0 0 127 127 34 0 75.5495 54.698 48.5347 81.104 115.557 35.0545 88.5198
40.4753 34.297 110.564 24.1109 0 14.8168 39.698 2.51485 127 81.8066
1 0 0 0 0 0 0 0 16 16 0 0 0 0 0 0 127 51 0;
egregore_data 0 0 127 0 0 127 0 0 0 0 0 0 0 0 0 127 38 0 127 0 0 0
0 0 0 0 0 0 0 100 0 0 127 127 78 0 93 90 127 0 19 127 127 0 0 0 70
0 0 0 127 127 34 0 75.5495 54.698 48.5347 81.104 115.557 35.0545 88.5198
40.4753 34.297 110.564 24.1109 0 14.8168 39.698 2.51485 127 81.8066
1 0 0 0 0 0 0 0 16 16 0 0 0 0 0 0 127 51 0;
egregore_data 0 0 127 0 0 127 0 0 0 0 0 0 0 0 0 127 38 0 127 0 0 0
0 0 0 0 0 0 0 100 0 0 127 127 78 0 93 90 127 0 19 127 127 0 0 0 70
0 0 0 127 127 34 0 75.5495 54.698 48.5347 81.104 115.557 35.0545 88.5198
40.4753 34.297 110.564 24.1109 0 14.8168 39.698 2.51485 127 81.8066
1 0 0 0 0 0 0 0 16 16 0 0 0 0 0 0 127 51 0;
egregore_data 0 0 127 0 0 127 0 0 0 0 0 0 0 0 0 127 38 0 127 0 0 0
0 0 0 0 0 0 0 100 0 0 127 127 78 0 93 90 127 0 19 127 127 0 0 0 70
0 0 0 127 127 34 0 75.5495 54.698 48.5347 81.104 115.557 35.0545 88.5198
40.4753 34.297 110.564 24.1109 0 14.8168 39.698 2.51485 127 81.8066
1 0 0 0 0 0 0 0 16 16 0 0 0 0 0 0 127 51 0;
egregore_data 0 0 127 0 0 127 0 0 0 0 0 0 0 0 0 127 38 0 127 0 0 0
0 0 0 0 0 0 0 100 0 0 127 127 78 0 93 90 127 0 19 127 127 0 0 0 70
0 0 0 127 127 34 0 75.5495 54.698 48.5347 81.104 115.557 35.0545 88.5198
40.4753 34.297 110.564 24.1109 0 14.8168 39.698 2.51485 127 81.8066
1 0 0 0 0 0 0 0 16 16 0 0 0 0 0 0 127 51 0;
egregore_data 0 0 127 0 0 127 0 0 0 0 0 0 0 0 0 127 38 0 127 0 0 0
0 0 0 0 0 0 0 100 0 0 127 127 78 0 93 90 127 0 19 127 127 0 0 0 70
0 0 0 127 127 34 0 75.5495 54.698 48.5347 81.104 115.557 35.0545 88.5198
40.4753 34.297 110.564 24.1109 0 14.8168 39.698 2.51485 127 81.8066
1 0 0 0 0 0 0 0 16 16 0 0 0 0 0 0 127 51 0;
egregore_data 0 0 127 0 0 127 0 0 0 0 0 0 0 0 0 127 38 0 127 0 0 0
0 0 0 0 0 0 0 100 0 0 127 127 78 0 93 90 127 0 19 127 127 0 0 0 70
0 0 0 127 127 34 0 75.5495 54.698 48.5347 81.104 115.557 35.0545 88.5198
40.4753 34.297 110.564 24.1109 0 14.8168 39.698 2.51485 127 81.8066
1 0 0 0 0 0 0 0 16 16 0 0 0 0 0 0 127 51 0;
egregore_data 0 0 127 0 0 127 0 0 0 0 0 0 0 0 0 127 38 0 127 0 0 0
0 0 0 0 0 0 0 100 0 0 127 127 78 0 93 90 127 0 19 127 127 0 0 0 70
0 0 0 127 127 34 0 75.5495 54.698 48.5347 81.104 115.557 35.0545 88.5198
40.4753 34.297 110.564 24.1109 0 14.8168 39.698 2.51485 127 81.8066
1 0 0 0 0 0 0 0 16 16 0 0 0 0 0 0 127 51 0;
egregore_data 0 0 127 0 0 127 0 0 0 0 0 0 0 0 0 127 38 0 127 0 0 0
0 0 0 0 0 0 0 100 0 0 127 127 78 0 93 90 127 0 19 127 127 0 0 0 70
0 0 0 127 127 34 0 75.5495 54.698 48.5347 81.104 115.557 35.0545 88.5198
40.4753 34.297 110.564 24.1109 0 14.8168 39.698 2.51485 127 81.8066
1 0 0 0 0 0 0 0 16 16 0 0 0 0 0 0 127 51 0;
egregore_data 0 0 127 0 0 127 0 0 0 0 0 0 0 0 0 127 38 0 127 0 0 0
0 0 0 0 0 0 0 100 0 0 127 127 78 0 93 90 127 0 19 127 127 0 0 0 70
0 0 0 127 127 34 0 75.5495 54.698 48.5347 81.104 115.557 35.0545 88.5198
40.4753 34.297 110.564 24.1109 0 14.8168 39.698 2.51485 127 81.8066
1 0 0 0 0 0 0 0 16 16 0 0 0 0 0 0 127 51 0;
egregore_data 0 0 127 0 0 127 0 0 0 0 0 0 0 0 0 127 38 0 127 0 0 0
0 0 0 0 0 0 0 100 0 0 127 127 78 0 93 90 127 0 19 127 127 0 0 0 70
0 0 0 127 127 34 0 75.5495 54.698 48.5347 81.104 115.557 35.0545 88.5198
40.4753 34.297 110.564 24.1109 0 14.8168 39.698 2.51485 127 81.8066
1 0 0 0 0 0 0 0 16 16 0 0 0 0 0 0 127 51 0;
egregore_data 0 0 127 0 0 127 0 0 0 0 0 0 0 0 0 127 38 0 127 0 0 0
0 0 0 0 0 0 0 100 0 0 127 127 78 0 93 90 127 0 19 127 127 0 0 0 70
0 0 0 127 127 34 0 75.6667 54.9701 48.6965 80.8756 115.604 34.7463
88.8408 40.1194 34.4677 110.692 23.9324 0 14.6866 39.6866 2.52736 127
81.8066 1 0 0 0 0 0 0 0 16 16 0 0 0 0 0 0 127 51 0;
egregore_data 0 0 127 0 0 127 0 0 0 0 0 0 0 0 0 127 38 0 127 0 0 0
0 0 0 0 0 0 0 100 0 0 127 127 78 0 93 90 127 0 19 127 127 0 0 0 70
0 0 0 127 127 34 0 75.785 55.245 48.86 80.645 115.652 34.435 89.165
39.76 34.64 110.82 23.752 0 14.555 39.675 2.54 127 81.8066 1 0 0 0
0 0 0 0 16 16 0 0 0 0 0 0 127 51 0;
egregore_data 0 0 127 0 0 127 0 0 0 0 0 0 0 0 0 127 38 0 127 0 0 0
0 0 0 0 0 0 0 100 0 0 127 127 78 0 93 90 127 0 19 127 127 0 0 0 70
0 0 0 127 127 34 0 75.785 55.245 48.86 80.645 115.652 34.435 89.165
39.76 34.64 110.82 23.752 0 14.555 39.675 2.54 127 81.8066 1 0 0 0
0 0 0 0 16 16 0 0 0 0 0 0 127 51 0;
egregore_data 0 0 127 0 0 127 0 0 0 0 0 0 0 0 0 127 38 0 127 0 0 0
0 0 0 0 0 0 0 100 0 0 127 127 78 0 93 90 127 0 19 127 127 0 0 0 70
0 0 0 127 127 34 0 75.9045 55.5226 49.0251 80.4121 115.701 34.1206
89.4925 39.397 34.8141 110.95 23.5699 0 14.4221 39.6633 2.55276 127
81.8066 1 0 0 0 0 0 0 0 16 16 0 0 0 0 0 0 127 51 0;
egregore_data 0 0 127 0 0 127 0 0 0 0 0 0 0 0 0 127 38 0 127 0 0 0
0 0 0 0 0 0 0 100 0 0 127 127 78 0 93 90 127 0 19 127 127 0 0 0 70
0 0 0 127 127 34 0 75.9045 55.5226 49.0251 80.4121 115.701 34.1206
89.4925 39.397 34.8141 110.95 23.5699 0 14.4221 39.6633 2.55276 127
81.8066 1 0 0 0 0 0 0 0 16 16 0 0 0 0 0 0 127 51 0;
egregore_data 0 0 127 0 0 127 0 0 0 0 0 0 0 0 0 127 38 0 127 0 0 0
0 0 0 0 0 0 0 100 0 0 127 127 78 0 93 90 127 0 19 127 127 0 0 0 70
0 0 0 127 127 34 0 75.9045 55.5226 49.0251 80.4121 115.701 34.1206
89.4925 39.397 34.8141 110.95 23.5699 0 14.4221 39.6633 2.55276 127
81.8066 1 0 0 0 0 0 0 0 16 16 0 0 0 0 0 0 127 51 0;
egregore_data 0 0 127 0 0 127 0 0 0 0 0 0 0 0 0 127 38 0 127 0 0 0
0 0 0 0 0 0 0 100 0 0 127 127 78 0 93 90 127 0 19 127 127 0 0 0 70
0 0 0 127 127 34 0 75.9045 55.5226 49.0251 80.4121 115.701 34.1206
89.4925 39.397 34.8141 110.95 23.5699 0 14.4221 39.6633 2.55276 127
81.8066 1 0 0 0 0 0 0 0 16 16 0 0 0 0 0 0 127 51 0;
egregore_data 0 0 127 0 0 127 0 0 0 0 0 0 0 0 0 127 38 0 127 0 0 0
0 0 0 0 0 0 0 100 0 0 127 127 78 0 93 90 127 0 19 127 127 0 0 0 70
0 0 0 127 127 34 0 75.9045 55.5226 49.0251 80.4121 115.701 34.1206
89.4925 39.397 34.8141 110.95 23.5699 0 14.4221 39.6633 2.55276 127
81.8066 1 0 0 0 0 0 0 0 16 16 0 0 0 0 0 0 127 51 0;
egregore_data 0 0 127 0 0 127 0 0 0 0 0 0 0 0 0 127 38 0 127 0 0 0
0 0 0 0 0 0 0 100 0 0 127 127 78 0 93 90 127 0 19 127 127 0 0 0 70
0 0 0 127 127 34 0 75.9045 55.5226 49.0251 80.4121 115.701 34.1206
89.4925 39.397 34.8141 110.95 23.5699 0 14.4221 39.6633 2.55276 127
81.8066 1 0 0 0 0 0 0 0 16 16 0 0 0 0 0 0 127 51 0;
egregore_data 0 0 127 0 0 127 0 0 0 0 0 0 0 0 0 127 38 0 127 0 0 0
0 0 0 0 0 0 0 100 0 0 127 127 78 0 93 90 127 0 19 127 127 0 0 0 70
0 0 0 127 127 34 0 75.9045 55.5226 49.0251 80.4121 115.701 34.1206
89.4925 39.397 34.8141 110.95 23.5699 0 14.4221 39.6633 2.55276 127
81.8066 1 0 0 0 0 0 0 0 16 16 0 0 0 0 0 0 127 51 0;
egregore_data 0 0 127 0 0 127 0 0 0 0 0 0 0 0 0 127 38 0 127 0 0 0
0 0 0 0 0 0 0 100 0 0 127 127 78 0 93 90 127 0 19 127 127 0 0 0 70
0 0 0 127 127 34 0 75.9045 55.5226 49.0251 80.4121 115.701 34.1206
89.4925 39.397 34.8141 110.95 23.5699 0 14.4221 39.6633 2.55276 127
81.8066 1 0 0 0 0 0 0 0 16 16 0 0 0 0 0 0 127 51 0;
egregore_data 0 0 127 0 0 127 0 0 0 0 0 0 0 0 0 127 38 0 127 0 0 0
0 0 0 0 0 0 0 100 0 0 127 127 78 0 93 90 127 0 19 127 127 0 0 0 70
0 0 0 127 127 34 0 75.9045 55.5226 49.0251 80.4121 115.701 34.1206
89.4925 39.397 34.8141 110.95 23.5699 0 14.4221 39.6633 2.55276 127
81.8066 1 0 0 0 0 0 0 0 16 16 0 0 0 0 0 0 127 51 0;
egregore_data 0 0 127 0 0 127 0 0 0 0 0 0 0 0 0 127 38 0 127 0 0 0
0 0 0 0 0 0 0 100 0 0 127 127 78 0 93 90 127 0 19 127 127 0 0 0 70
0 0 0 127 127 34 0 75.9045 55.5226 49.0251 80.4121 115.701 34.1206
89.4925 39.397 34.8141 110.95 23.5699 0 14.4221 39.6633 2.55276 127
81.8066 1 0 0 0 0 0 0 0 16 16 0 0 0 0 0 0 127 51 0;
egregore_data 0 0 127 0 0 127 0 0 0 0 0 0 0 0 0 127 38 0 127 0 0 0
0 0 0 0 0 0 0 100 0 0 127 127 78 0 93 90 127 0 19 127 127 0 0 0 70
0 0 0 127 127 34 0 75.9045 55.5226 49.0251 80.4121 115.701 34.1206
89.4925 39.397 34.8141 110.95 23.5699 0 14.4221 39.6633 2.55276 127
81.8066 1 0 0 0 0 0 0 0 16 16 0 0 0 0 0 0 127 51 0;
egregore_data 0 0 127 0 0 127 0 0 0 0 0 0 0 0 0 127 38 0 127 0 0 0
0 0 0 0 0 0 0 100 0 0 127 127 78 0 93 90 127 0 19 127 127 0 0 0 70
0 0 0 127 127 34 0 75.9045 55.5226 49.0251 80.4121 115.701 34.1206
89.4925 39.397 34.8141 110.95 23.5699 0 14.4221 39.6633 2.55276 127
81.8066 1 0 0 0 0 0 0 0 16 16 0 0 0 0 0 0 127 51 0;
egregore_data 0 0 127 0 0 127 0 0 0 0 0 0 0 0 0 127 38 0 127 0 0 0
0 0 0 0 0 0 0 100 0 0 127 127 78 0 93 90 127 0 19 127 127 0 0 0 70
0 0 0 127 127 34 0 75.9045 55.5226 49.0251 80.4121 115.701 34.1206
89.4925 39.397 34.8141 110.95 23.5699 0 14.4221 39.6633 2.55276 127
81.8066 1 0 0 0 0 0 0 0 16 16 0 0 0 0 0 0 127 51 0;
END;
